2022-12-30	0.002469	-0.007746	0.004154	-0.015319	0.319504	77034200.000000
2022-12-29	0.028324	0.017022	0.036807	0.014956	3.564560	75703700.000000
2022-12-28	-0.030685	-0.001246	0.009229	-0.030515	-3.983917	85438400.000000
2022-12-27	-0.013878	-0.002119	-0.001891	-0.022323	-1.827209	69007800.000000
2022-12-23	-0.002798	-0.008395	0.002966	-0.018090	-0.369431	63814900.000000
2022-12-22	-0.023773	-0.006607	-0.005054	-0.036553	-3.215088	77852100.000000
2022-12-21	0.023809	0.006674	0.035668	0.004933	3.145187	85928000.000000
2022-12-20	-0.000529	-0.005888	0.008185	-0.017237	-0.069885	77432800.000000
2022-12-19	-0.015910	0.005994	0.006664	-0.022225	-2.136734	79592600.000000
2022-12-16	-0.014579	0.002921	0.009965	-0.018797	-1.986969	160156900.000000
2022-12-15	-0.046854	-0.013159	-0.008334	-0.048686	-6.699783	98931900.000000
2022-12-14	-0.015536	0.000701	0.009720	-0.028146	-2.256546	82291200.000000
2022-12-13	0.006782	0.036253	0.039511	-0.000206	0.978500	93886200.000000
2022-12-12	0.016390	0.005331	0.018012	-0.006223	2.326447	70462700.000000
2022-12-09	-0.003435	-0.000650	0.022028	-0.010760	-0.489243	76097000.000000
2022-12-08	0.012133	0.011617	0.019860	0.002664	1.707382	62128300.000000
2022-12-07	-0.013785	-0.003519	0.004750	-0.018867	-1.966995	69721100.000000
2022-12-06	-0.025370	0.004532	0.006103	-0.030644	-3.714325	64727200.000000
2022-12-05	-0.007983	0.001256	0.022600	-0.012296	-1.178192	68826400.000000
2022-12-02	-0.003371	-0.014342	-0.000567	-0.016436	-0.499237	65447400.000000
2022-12-01	0.001891	0.002745	0.008969	-0.008080	0.279572	71250400.000000
2022-11-30	0.048594	0.003158	0.055090	-0.002872	6.849533	111380900.000000
2022-11-29	-0.021148	0.002013	0.005624	-0.025348	-3.045349	83763800.000000
2022-11-28	-0.026264	-0.018556	-0.008413	-0.030458	-3.884064	69246000.000000
2022-11-25	-0.019594	-0.016771	-0.012992	-0.024660	-2.955505	35195900.000000
2022-11-23	0.005926	-0.003341	0.012531	-0.004075	0.888672	58301400.000000
2022-11-22	0.014661	0.002339	0.017834	-0.005781	2.166687	51804100.000000
2022-11-21	-0.021680	-0.005954	-0.004564	-0.022106	-3.275009	58724100.000000
2022-11-18	0.003782	0.012092	0.014684	-0.003457	0.569122	74829600.000000
2022-11-17	0.012971	-0.014359	0.019634	-0.016243	1.927078	80389400.000000
2022-11-16	-0.008331	-0.004547	0.000392	-0.016830	-1.248093	64218300.000000
2022-11-15	0.011869	0.028139	0.037392	0.003418	1.757309	89868300.000000
2022-11-14	-0.009486	-0.003357	0.005407	-0.013660	-1.417831	73374100.000000
2022-11-11	0.019269	-0.005633	0.022939	-0.015521	2.825684	93979700.000000
2022-11-10	0.088975	0.048830	0.090637	0.035909	11.981705	118854000.000000
2022-11-09	-0.033190	-0.005653	-0.005294	-0.033724	-4.622955	74917800.000000
2022-11-08	0.004175	0.012269	0.019622	-0.008782	0.579132	89908500.000000
2022-11-07	0.003902	-0.007665	0.007100	-0.018087	0.539169	83374600.000000
2022-11-04	-0.001947	0.026375	0.030565	-0.029317	-0.269592	140814800.000000
2022-11-03	-0.042405	-0.017356	-0.012237	-0.040251	-6.130447	97918500.000000
2022-11-02	-0.037305	-0.008132	0.013310	-0.034435	-5.602142	93604600.000000
2022-11-01	-0.017543	0.014572	0.016992	-0.024355	-2.681458	80379300.000000
2022-10-31	-0.015410	-0.013431	-0.006474	-0.021418	-2.392380	97943200.000000
2022-10-28	0.075553	0.026744	0.091175	0.024111	10.905243	164762400.000000
2022-10-27	-0.030465	-0.005410	0.001173	-0.031875	-4.535538	109180200.000000
2022-10-26	-0.019627	-0.005899	0.000883	-0.025128	-2.980499	88194300.000000
2022-10-25	0.019338	0.007484	0.023594	0.002584	2.880829	74732300.000000
2022-10-24	0.014803	0.002643	0.023351	-0.005463	2.173065	75981900.000000
2022-10-21	0.027059	-0.000450	0.034391	-0.001989	3.867661	86548600.000000
2022-10-20	-0.003267	-0.002669	0.017344	-0.005250	-0.468506	64522000.000000
2022-10-19	0.000765	-0.011188	0.011563	-0.012514	0.109650	61758300.000000
2022-10-18	0.009409	0.024885	0.033409	-0.009492	1.335739	99136600.000000
2022-10-17	0.029123	0.022689	0.035956	0.016890	4.017197	85250900.000000
2022-10-14	-0.032240	0.012449	0.013922	-0.030488	-4.595352	88598000.000000
2022-10-13	0.033613	-0.021105	0.041259	-0.025601	4.635239	113224000.000000
2022-10-12	-0.004605	0.004271	0.013149	-0.002731	-0.637970	70433700.000000
2022-10-11	-0.010255	-0.000527	0.009832	-0.012529	-1.435440	77033700.000000
2022-10-10	0.002356	0.005551	0.016078	-0.007696	0.328964	74899000.000000
2022-10-07	-0.036719	-0.016747	-0.012884	-0.038062	-5.323029	85925600.000000
2022-10-06	-0.006626	-0.000855	0.011000	-0.004898	-0.966919	68402200.000000
2022-10-05	0.002053	-0.010751	0.011977	-0.018029	0.299042	79471000.000000
2022-10-04	0.025623	0.021358	0.029738	0.015935	3.638397	87830100.000000
2022-10-03	0.030753	0.003261	0.038540	-0.000514	4.236511	114311700.000000
2022-09-30	-0.030039	-0.005261	0.007554	-0.028355	-4.266403	124925300.000000
2022-09-29	-0.049119	-0.021851	-0.017700	-0.058139	-7.336609	128138200.000000
2022-09-28	-0.012652	-0.024046	-0.004215	-0.042556	-1.913910	146691400.000000
2022-09-27	0.006566	0.016296	0.029471	-0.002268	0.986847	84442700.000000
2022-09-26	0.002260	-0.001947	0.025462	-0.002080	0.338928	93339400.000000
2022-09-23	-0.015124	-0.006992	-0.005153	-0.024266	-2.302673	96029900.000000
2022-09-22	-0.006375	-0.005557	0.008083	-0.015150	-0.976868	86652500.000000
2022-09-21	-0.020268	0.006002	0.014953	-0.017911	-3.169891	101696800.000000
2022-09-20	0.015665	-0.003825	0.026567	-0.005903	2.412308	107689800.000000
2022-09-19	0.025083	-0.006065	0.028884	-0.007463	3.767975	81474200.000000
2022-09-16	-0.010960	-0.004449	-0.003527	-0.023147	-1.664688	162278800.000000
2022-09-15	-0.018930	-0.001075	0.002736	-0.022197	-2.930649	90481100.000000
2022-09-14	0.009555	0.009383	0.024447	0.001688	1.465332	87965400.000000
2022-09-13	-0.058680	-0.018480	-0.014552	-0.058563	-9.559525	122656600.000000
2022-09-12	0.038508	0.017340	0.047110	0.015491	6.040741	104956000.000000
2022-09-09	0.018840	0.009748	0.025011	0.005072	2.900742	68028800.000000
2022-09-08	-0.009618	-0.005303	0.005761	-0.017910	-1.495239	84923800.000000
2022-09-07	0.009254	0.005071	0.017081	-0.002784	1.425461	87449600.000000
2022-09-06	-0.008215	0.007438	0.011430	-0.010461	-1.275925	73714800.000000
2022-09-02	-0.013611	0.014556	0.018430	-0.015801	-2.143173	76957800.000000
2022-09-01	0.004707	-0.000513	0.010845	-0.013083	0.737656	74229900.000000
2022-08-31	-0.010635	0.012026	0.013731	-0.007986	-1.684631	87991100.000000
2022-08-30	-0.015305	0.007851	0.010524	-0.019563	-2.462143	77906200.000000
2022-08-29	-0.013690	-0.011956	-0.001226	-0.020110	-2.232895	73314000.000000
2022-08-26	-0.037699	0.006374	0.009206	-0.034985	-6.389618	78961000.000000
2022-08-25	0.014923	0.010673	0.018817	0.008099	2.492050	51218200.000000
2022-08-24	0.001794	0.003728	0.008467	-0.002691	0.299057	53841500.000000
2022-08-23	-0.002029	0.000255	0.010013	-0.002320	-0.338928	54147100.000000
2022-08-22	-0.023029	-0.007515	-0.006521	-0.022430	-3.937439	69026800.000000
2022-08-19	-0.015102	-0.003263	0.000827	-0.013172	-2.621643	70346300.000000
2022-08-18	-0.002292	-0.001410	0.005200	-0.005030	-0.398743	62290100.000000
2022-08-17	0.008785	0.001681	0.021277	0.000521	1.515167	79542000.000000
2022-08-16	-0.000924	0.000813	0.006200	-0.005674	-0.159485	56377100.000000
2022-08-15	0.006334	-0.000193	0.010708	-0.001184	1.086533	54091700.000000
2022-08-12	0.021426	0.011107	0.025099	0.008606	3.598526	68039400.000000
2022-08-11	-0.004432	0.008049	0.013562	-0.003036	-0.747620	57149200.000000
2022-08-10	0.026195	0.019977	0.030074	0.015232	4.306274	70170500.000000
2022-08-09	0.000303	-0.001984	0.008969	-0.006669	0.049850	63135500.000000
2022-08-08	-0.002903	0.009377	0.018113	-0.003789	-0.478485	60276900.000000
2022-08-05	-0.001389	-0.011171	0.004824	-0.012443	-0.229263	56697000.000000
2022-08-04	-0.001926	0.003856	0.010991	-0.005698	-0.318558	55474100.000000
2022-08-03	0.038248	0.009793	0.045893	0.009228	6.092117	82507500.000000
2022-08-02	-0.009287	-0.004188	0.010180	-0.007112	-1.493164	59907000.000000
2022-08-01	-0.006153	-0.004691	0.011258	-0.005433	-0.995438	67829400.000000
2022-07-29	0.032793	0.029417	0.044676	0.018308	5.136444	101786900.000000
2022-07-28	0.003572	0.005799	0.010028	-0.010667	0.557465	81378700.000000
2022-07-27	0.034235	0.011076	0.042552	0.008292	5.166306	78620700.000000
2022-07-26	-0.008826	0.000050	0.005501	-0.009540	-1.343826	55138700.000000
2022-07-25	-0.007398	0.004060	0.010775	-0.007218	-1.134796	53623900.000000
2022-07-22	-0.008111	0.004840	0.010596	-0.007963	-1.254257	66675400.000000
2022-07-21	0.015094	0.014165	0.021189	-0.002639	2.299469	65086600.000000
2022-07-20	0.013510	0.005380	0.022677	0.000390	2.030685	64823400.000000
2022-07-19	0.026722	0.010388	0.032997	0.003489	3.912079	82982400.000000
2022-07-18	-0.020643	0.008395	0.013947	-0.018631	-3.085846	81420900.000000
2022-07-15	0.011450	0.013445	0.020753	0.002755	1.692230	76259900.000000
2022-07-14	0.020483	-0.005154	0.028472	-0.010885	2.966415	78140700.000000
2022-07-13	-0.002537	-0.015185	0.008645	-0.021177	-0.368317	71185600.000000
2022-07-12	0.006834	0.010753	0.029407	0.005830	0.985504	77588800.000000
2022-07-11	-0.014758	-0.004778	0.001849	-0.017691	-2.160110	63141600.000000
2022-07-08	0.004715	-0.002900	0.012819	-0.004685	0.686844	64547800.000000
2022-07-07	0.024000	0.007182	0.030097	0.007112	3.414368	66253700.000000
2022-07-06	0.009607	0.003092	0.022749	0.001175	1.353790	74064300.000000
2022-07-05	0.018930	-0.003806	0.023960	-0.009880	2.618011	73353800.000000
2022-07-01	0.016164	-0.000415	0.021628	-0.003207	2.199921	71051600.000000
2022-06-30	-0.018028	-0.014221	-0.006177	-0.039216	-2.509995	98964500.000000
2022-06-29	0.013024	0.000146	0.023501	-0.005602	1.789993	66242400.000000
2022-06-28	-0.029790	0.003318	0.012424	-0.030637	-4.220001	67083400.000000
2022-06-27	0.000000	0.007341	0.012918	-0.004871	0.000000	70207900.000000
2022-06-24	0.024517	0.011788	0.026325	0.010848	3.389999	89116800.000000
2022-06-23	0.021574	0.010861	0.023938	0.002069	2.919998	72433800.000000
2022-06-22	-0.003827	-0.007949	0.013910	-0.014425	-0.519989	73409200.000000
2022-06-21	0.032761	0.014138	0.041806	0.013378	4.309998	81000500.000000
2022-06-17	0.011533	0.000077	0.023220	-0.001922	1.500000	134520300.000000
2022-06-16	-0.039651	-0.024736	-0.022447	-0.047183	-5.369995	108123900.000000
2022-06-15	0.020111	0.011525	0.034498	-0.004519	2.669998	91533000.000000
2022-06-14	0.006673	0.009478	0.015241	-0.003033	0.879990	84784300.000000
2022-06-13	-0.038285	-0.031065	-0.014074	-0.041493	-5.250000	122207100.000000
2022-06-10	-0.038629	-0.016545	-0.013180	-0.039119	-5.509995	91437900.000000
2022-06-09	-0.035956	-0.005948	-0.000068	-0.036699	-5.320007	69473000.000000
2022-06-08	-0.005043	-0.000874	0.007800	-0.008406	-0.750000	53950200.000000
2022-06-07	0.017586	-0.012248	0.019570	-0.013959	2.570007	67808200.000000
2022-06-06	0.005228	0.011350	0.021943	-0.003302	0.759995	71598400.000000
2022-06-03	-0.038556	-0.028503	-0.021427	-0.044640	-5.830002	88570300.000000
2022-06-02	0.016811	-0.005918	0.017215	-0.012440	2.500000	72348100.000000
2022-06-01	-0.000873	0.007122	0.019484	-0.007794	-0.129990	74286600.000000
2022-05-31	-0.005346	-0.003809	0.006816	-0.018712	-0.800003	103718400.000000
2022-05-27	0.040757	0.011198	0.041035	0.010293	5.860001	90978500.000000
2022-05-26	0.023200	-0.022274	0.027185	-0.024054	3.259995	90601500.000000
2022-05-25	0.001140	-0.013750	0.010188	-0.014392	0.160004	92482700.000000
2022-05-24	-0.019216	-0.016072	-0.007966	-0.040389	-2.750000	104132700.000000
2022-05-23	0.040119	0.001454	0.041209	0.000436	5.520004	117726300.000000
2022-05-20	0.001747	0.012668	0.024390	-0.034510	0.239990	137426100.000000
2022-05-19	-0.024641	-0.006675	0.005965	-0.029967	-3.470001	136095600.000000
2022-05-18	-0.056419	-0.016014	-0.012597	-0.062584	-8.419998	109742900.000000
2022-05-17	0.025423	0.022812	0.029064	0.007833	3.700012	78336300.000000
2022-05-16	-0.010672	-0.010604	0.002787	-0.019917	-1.570007	86643800.000000
2022-05-13	0.031916	0.014240	0.038861	0.003858	4.550003	113990900.000000
2022-05-12	-0.026894	-0.025461	-0.002048	-0.052560	-3.940002	182602000.000000
2022-05-11	-0.051841	-0.006537	0.006084	-0.056307	-8.009995	142689800.000000
2022-05-10	0.016112	0.022754	0.030777	0.005721	2.449997	115366700.000000
2022-05-09	-0.033189	-0.014942	-0.009219	-0.036813	-5.220001	131577900.000000
2022-05-06	0.003253	-0.004848	0.017031	-0.016521	0.509995	116124600.000000
2022-05-05	-0.055716	-0.013071	-0.011685	-0.066679	-9.250000	130525300.000000
2022-05-04	0.041008	0.001191	0.043893	-0.001379	6.540009	108256500.000000
2022-05-03	0.009623	0.001203	0.017409	-0.010382	1.519989	88966500.000000
2022-05-02	0.001966	-0.005962	0.003679	-0.027783	0.310013	123055300.000000
2022-04-29	-0.036605	-0.011000	0.015644	-0.039049	-5.990005	131747600.000000
2022-04-28	0.045155	0.017117	0.050776	0.015073	7.069992	130216800.000000
2022-04-27	-0.001467	-0.005676	0.019069	-0.009056	-0.229996	88063200.000000
2022-04-26	-0.037328	-0.003868	-0.003315	-0.037819	-6.080002	95623200.000000
2022-04-25	0.006737	-0.004141	0.008530	-0.020582	1.090012	96046400.000000
2022-04-22	-0.027821	0.000240	0.008713	-0.029564	-4.630005	84882400.000000
2022-04-21	-0.004844	0.010046	0.025713	-0.007893	-0.809998	87227800.000000
2022-04-20	-0.001016	0.008124	0.008841	-0.007766	-0.169998	67929800.000000
2022-04-19	0.014115	-0.000303	0.016660	-0.007027	2.329987	67723800.000000
2022-04-18	-0.001331	-0.008288	0.007926	-0.010406	-0.219986	69023900.000000
2022-04-14	-0.029988	0.001291	0.005106	-0.031455	-5.110001	75329400.000000
2022-04-13	0.016343	-0.001610	0.020160	-0.005308	2.739990	70618900.000000
2022-04-12	0.011523	0.013695	0.024857	0.005370	1.910004	79265200.000000
2022-04-11	-0.025516	-0.008113	-0.006232	-0.026986	-4.339996	72246700.000000
2022-04-08	-0.011909	-0.002091	-0.002091	-0.017079	-2.050003	76575500.000000
2022-04-07	0.001804	-0.003899	0.008904	-0.011523	0.309998	77594700.000000
2022-04-06	-0.018451	-0.015423	-0.008169	-0.028162	-3.229996	89058800.000000
2022-04-05	-0.018942	-0.005268	-0.000785	-0.022529	-3.380005	73401800.000000
2022-04-04	0.023693	0.001492	0.023980	0.000746	4.130005	76468400.000000
2022-04-01	-0.001718	-0.003322	0.001546	-0.015291	-0.300003	78751300.000000
2022-03-31	-0.017776	0.000394	0.001463	-0.018957	-3.160004	103049300.000000
2022-03-30	-0.006650	-0.002291	0.003632	-0.012629	-1.190002	92633200.000000
2022-03-29	0.019134	0.006207	0.019419	0.004214	3.360001	100589400.000000
2022-03-28	0.005037	-0.014595	0.005781	-0.015568	0.880005	90371900.000000
2022-03-25	0.003734	-0.001092	0.006951	-0.007583	0.649994	80546200.000000
2022-03-24	0.022678	0.004994	0.023089	0.000000	3.860001	90131400.000000
2022-03-23	0.008234	-0.004916	0.022628	-0.006931	1.389999	98062700.000000
2022-03-22	0.020801	0.000786	0.024429	-0.002842	3.440002	81532000.000000
2022-03-21	0.008538	-0.002866	0.014453	-0.005915	1.400009	95811400.000000
2022-03-18	0.020919	-0.000685	0.024032	-0.005354	3.360001	123511700.000000
2022-03-17	0.006454	-0.006141	0.008835	-0.012281	1.029999	75615400.000000
2022-03-16	0.029015	0.012638	0.031659	-0.004062	4.500000	102300200.000000
2022-03-15	0.029677	0.001859	0.032864	-0.001593	4.470001	92964300.000000
2022-03-14	-0.026562	-0.021198	-0.003942	-0.029923	-4.110001	108732100.000000
2022-03-11	-0.023909	0.002586	0.004794	-0.025360	-3.790009	96970100.000000
2022-03-10	-0.027186	-0.016876	-0.015710	-0.042774	-4.429993	105342000.000000
2022-03-09	0.034997	0.025661	0.037919	0.012513	5.509995	91454900.000000
2022-03-08	-0.011676	-0.003013	0.022473	-0.021971	-1.860001	131148300.000000
2022-03-07	-0.023718	0.001164	0.011338	-0.025311	-3.869995	96418800.000000
2022-03-04	-0.018408	-0.010467	-0.004091	-0.024845	-3.059998	83737200.000000
2022-03-03	-0.001981	0.011467	0.014109	-0.006064	-0.330002	76678400.000000
2022-03-02	0.020588	0.007292	0.025490	-0.001532	3.360001	79724800.000000
2022-03-01	-0.011628	-0.002544	0.008963	-0.019077	-1.919998	83474400.000000
2022-02-28	0.001638	-0.010858	0.003458	-0.014680	0.269989	95056600.000000
2022-02-25	0.012965	0.006759	0.014624	-0.011491	2.110001	91974200.000000
2022-02-24	0.016680	-0.046792	0.017367	-0.050415	2.669998	141147500.000000
2022-02-23	-0.025864	0.007424	0.011137	-0.027812	-4.250000	90009200.000000
2022-02-22	-0.017812	-0.013867	-0.003646	-0.030783	-2.979996	91162800.000000
2022-02-18	-0.009356	0.005566	0.009829	-0.015928	-1.580002	82772700.000000
2022-02-17	-0.021269	-0.008809	-0.003709	-0.023645	-3.669998	69589300.000000
2022-02-16	-0.001389	-0.005440	0.003183	-0.015857	-0.239990	61177400.000000
2022-02-15	0.023152	0.012376	0.024100	0.008112	3.909988	62527400.000000
2022-02-14	0.001423	-0.007531	0.005574	-0.012334	0.240005	86185500.000000
2022-02-11	-0.020218	0.001220	0.005578	-0.023704	-3.479996	98670700.000000
2022-02-10	-0.023599	-0.012140	-0.004538	-0.026832	-4.160004	90865900.000000
2022-02-09	0.008294	0.006978	0.010410	0.000400	1.449997	71285000.000000
2022-02-08	0.018467	0.000408	0.021496	-0.001340	3.169998	74829200.000000
2022-02-07	-0.004235	0.002726	0.009049	-0.008353	-0.729996	77251200.000000
2022-02-04	-0.002950	-0.007056	0.006940	-0.012840	-0.509995	82465400.000000
2022-02-03	-0.016720	-0.007734	0.002275	-0.021156	-2.940002	89418100.000000
2022-02-02	0.007044	0.000802	0.007273	-0.007331	1.229996	84914300.000000
2022-02-01	-0.000973	-0.004406	0.000343	-0.014132	-0.169998	86213900.000000
2022-01-31	0.026126	-0.000998	0.027417	-0.004814	4.449997	115541600.000000
2022-01-28	0.069778	0.040761	0.069903	0.022485	11.110001	179935700.000000
2022-01-27	-0.002943	0.017283	0.025988	-0.008830	-0.470001	121954600.000000
2022-01-26	-0.000563	0.023282	0.028852	-0.012267	-0.089996	108275300.000000
2022-01-25	-0.011385	-0.016335	0.007054	-0.028462	-1.839996	115798400.000000
2022-01-24	-0.004864	-0.014716	-0.000677	-0.047472	-0.790009	162294600.000000
2022-01-21	-0.012765	-0.000547	0.011063	-0.013434	-2.099991	122848900.000000
2022-01-20	-0.010347	0.004512	0.020754	-0.012332	-1.720001	91420500.000000
2022-01-19	-0.021025	0.001178	0.007538	-0.022733	-3.570007	94815000.000000
2022-01-18	-0.018894	-0.009014	-0.003062	-0.021148	-3.270004	90956700.000000
2022-01-14	0.005111	-0.004936	0.009234	-0.006388	0.880005	80440800.000000
2022-01-13	-0.019028	0.001424	0.006210	-0.021307	-3.339996	84505800.000000
2022-01-12	0.002570	0.005940	0.011994	-0.001485	0.449997	74805200.000000
2022-01-11	0.016784	0.000755	0.017364	-0.007956	2.889999	76138300.000000
2022-01-10	0.000116	-0.017947	0.001917	-0.023233	0.020004	106765600.000000
2022-01-07	0.000988	0.005174	0.012442	-0.005640	0.169998	86709100.000000
2022-01-06	-0.016693	-0.012692	0.002172	-0.018751	-2.919998	96904000.000000
2022-01-05	-0.026600	-0.000501	0.002615	-0.028158	-4.779999	94537600.000000
2022-01-04	-0.012692	0.003406	0.005110	-0.015878	-2.309998	99310400.000000
2022-01-03	0.025004	0.001464	0.029904	0.000788	4.439987	104487900.000000
2021-12-31	-0.003535	-0.000617	0.005780	-0.005275	-0.629990	64062300.000000
2021-12-30	-0.006578	0.000502	0.006634	-0.007191	-1.180008	59773000.000000
2021-12-29	0.000502	0.000223	0.007474	-0.006414	0.090012	62348900.000000
2021-12-28	-0.005767	-0.000943	0.005545	-0.009982	-1.040009	79144300.000000
2021-12-27	0.022975	0.004595	0.023485	0.004482	4.050003	74919600.000000
2021-12-23	0.003644	0.001196	0.006889	-0.002107	0.639999	68356600.000000
2021-12-22	0.015319	0.000289	0.016591	-0.004856	2.649994	92135300.000000
2021-12-21	0.019087	0.010663	0.020324	-0.003711	3.240005	91185900.000000
2021-12-20	-0.008122	-0.016711	-0.003272	-0.021503	-1.389999	107499100.000000
2021-12-17	-0.006502	-0.013526	0.007024	-0.014919	-1.119995	195432700.000000
2021-12-16	-0.039264	-0.000112	0.010262	-0.047685	-7.040009	150185800.000000
2021-12-15	0.028509	0.004474	0.029656	-0.011587	4.970001	131063300.000000
2021-12-14	-0.008023	-0.002788	0.011380	-0.020086	-1.410004	139380400.000000
2021-12-13	-0.020674	0.009306	0.014935	-0.021845	-3.709991	153237000.000000
2021-12-10	0.028013	0.003724	0.029044	0.000745	4.889999	115402700.000000
2021-12-09	-0.002970	-0.000971	0.009538	-0.006626	-0.520004	108923700.000000
2021-12-08	0.022783	0.005550	0.027924	-0.002804	3.900009	116998900.000000
2021-12-07	0.035446	0.022744	0.037866	0.018268	5.859985	120405400.000000
2021-12-06	0.021503	0.015138	0.037321	0.015077	3.480011	107497000.000000
2021-12-03	-0.011724	0.001588	0.007328	-0.024670	-1.919998	118023100.000000
2021-12-02	-0.006130	-0.036596	-0.003459	-0.042301	-1.010010	136739200.000000
2021-12-01	-0.003206	0.013188	0.030248	-0.004658	-0.529999	152052500.000000
2021-11-30	0.031578	-0.001560	0.032951	-0.001997	5.059998	174048100.000000
2021-11-29	0.021874	0.016325	0.027932	0.012627	3.430008	88748200.000000
2021-11-26	-0.031678	-0.014635	-0.009201	-0.034457	-5.130005	76959800.000000
2021-11-24	0.003284	-0.004089	0.004523	-0.010966	0.529999	69463600.000000
2021-11-23	0.002422	0.000621	0.004844	-0.012172	0.389999	96041900.000000
2021-11-22	0.002927	0.007038	0.032077	0.002803	0.470001	117467900.000000
2021-11-19	0.016976	-0.001394	0.019953	-0.008488	2.680008	117305600.000000
2021-11-18	0.028536	0.001433	0.033748	-0.002867	4.379990	137827700.000000
2021-11-17	0.016490	0.000000	0.026490	-0.000066	2.490005	88807000.000000
2021-11-16	0.006667	-0.000400	0.009933	-0.004400	1.000000	59256200.000000
2021-11-15	0.000067	0.002533	0.012601	-0.003734	0.009995	59222800.000000
2021-11-12	0.014337	0.003787	0.017110	-0.002637	2.120010	63804000.000000
2021-11-11	-0.000338	0.007031	0.010208	-0.001623	-0.050003	41000000.000000
2021-11-10	-0.019163	-0.005238	-0.004509	-0.019627	-2.889999	65187100.000000
2021-11-09	0.002459	-0.001595	0.006581	-0.002526	0.369995	56787900.000000
2021-11-08	-0.005553	0.000859	0.001917	-0.007403	-0.839996	55020900.000000
2021-11-05	0.002120	0.006161	0.008214	-0.005962	0.319992	65463900.000000
2021-11-04	-0.003499	0.000594	0.006205	-0.005611	-0.529999	60394600.000000
2021-11-03	0.009799	0.002466	0.012998	-0.001333	1.470001	54511500.000000
2021-11-02	0.007116	-0.002014	0.017521	-0.002081	1.059998	69122000.000000
2021-11-01	-0.005607	-0.005407	-0.000668	-0.013351	-0.839996	74588300.000000
2021-10-29	-0.018156	-0.035066	-0.017238	-0.040375	-2.770004	124953200.000000
2021-10-28	0.024992	0.006517	0.029022	0.005845	3.720001	100077900.000000
2021-10-27	-0.003148	0.000268	0.002746	-0.005559	-0.470001	56094900.000000
2021-10-26	0.004575	0.004642	0.014801	0.002489	0.680008	60893400.000000
2021-10-25	-0.000336	-0.000067	0.004573	-0.007196	-0.050003	50720600.000000
2021-10-22	-0.005285	0.001405	0.004683	-0.005619	-0.789993	58883400.000000
2021-10-21	0.001474	-0.003015	0.002546	-0.009313	0.220001	61421000.000000
2021-10-20	0.003361	-0.000403	0.006655	-0.004302	0.500000	58418800.000000
2021-10-19	0.015080	0.003139	0.017878	0.000000	2.209991	76378900.000000
2021-10-18	0.011806	-0.009597	0.013808	-0.011599	1.710007	85589200.000000
2021-10-15	0.007513	0.000070	0.007930	-0.001739	1.080002	67940300.000000
2021-10-14	0.020226	0.008516	0.021077	0.004258	2.849991	69907100.000000
2021-10-13	-0.004240	-0.001908	-0.000777	-0.016324	-0.599991	78762700.000000
2021-10-12	-0.009103	0.002941	0.003081	-0.012394	-1.300003	73035900.000000
2021-10-11	-0.000630	-0.004409	0.013366	-0.007628	-0.089996	64452200.000000
2021-10-08	-0.002722	0.005164	0.006211	-0.005095	-0.389999	58773200.000000
2021-10-07	0.009084	0.007465	0.015634	0.005070	1.289993	61732700.000000
2021-10-06	0.006307	-0.011622	0.007370	-0.019418	0.889999	83221100.000000
2021-10-05	0.014158	0.002515	0.022280	0.001581	1.970001	80861100.000000
2021-10-04	-0.024606	-0.006239	-0.003084	-0.030704	-3.509995	98322000.000000
2021-10-01	0.008127	0.002827	0.010035	-0.016890	1.149994	94639600.000000
2021-09-30	-0.009312	0.005811	0.010852	-0.010852	-1.330002	89056700.000000
2021-09-29	0.006483	0.003946	0.017899	0.000846	0.919998	74602000.000000
2021-09-28	-0.023801	-0.014583	-0.004265	-0.025315	-3.459991	108972300.000000
2021-09-27	-0.010550	-0.009869	-0.006534	-0.021100	-1.550003	74150700.000000
2021-09-24	0.000613	-0.007968	0.004359	-0.008649	0.089996	53477900.000000
2021-09-23	0.006719	0.005485	0.008433	-0.001440	0.979996	64838200.000000
2021-09-22	0.016872	0.007112	0.020916	0.001882	2.420013	76404300.000000
2021-09-21	0.003428	0.006926	0.011613	-0.001119	0.489990	75834000.000000
2021-09-20	-0.021361	-0.015473	-0.008353	-0.032795	-3.119995	123478900.000000
2021-09-17	-0.018348	0.000202	0.000202	-0.020364	-2.729996	129868800.000000
2021-09-16	-0.001610	-0.003959	-0.000403	-0.012145	-0.240005	68034100.000000
2021-09-15	0.006144	0.002971	0.008912	-0.011815	0.910004	83281300.000000
2021-09-14	-0.009562	0.005349	0.010164	-0.017653	-1.430008	109296300.000000
2021-09-13	0.003893	0.011143	0.016446	-0.001477	0.580002	102404300.000000
2021-09-10	-0.033102	0.006036	0.009152	-0.034854	-5.100006	140893200.000000
2021-09-09	-0.006705	0.002450	0.006447	-0.007479	-1.039993	57305700.000000
2021-09-08	-0.010084	0.001851	0.002234	-0.017295	-1.580002	74420200.000000
2021-09-07	0.015489	0.004342	0.019183	0.000583	2.389999	82278300.000000
2021-09-03	0.004230	0.000716	0.006378	-0.003645	0.650009	57808700.000000
2021-09-02	0.007475	0.008917	0.014491	-0.000721	1.139999	71115500.000000
2021-09-01	0.004479	0.006586	0.020747	0.003359	0.679993	80313700.000000
2021-08-31	-0.008425	-0.003004	-0.002090	-0.011951	-1.289993	86453100.000000
2021-08-30	0.030417	0.002692	0.032907	0.000067	4.519989	90956700.000000
2021-08-27	0.007185	-0.000407	0.008201	-0.004812	1.060013	55802400.000000
2021-08-26	-0.005527	-0.000067	0.005123	-0.005729	-0.820007	48597200.000000
2021-08-25	-0.008421	0.001270	0.004679	-0.012164	-1.259995	58991300.000000
2021-08-24	-0.000601	-0.001737	0.007681	-0.003741	-0.090012	48606400.000000
2021-08-23	0.010257	0.000810	0.013496	-0.002024	1.520004	60131800.000000
2021-08-20	0.010157	0.005044	0.012270	0.000545	1.490005	60549600.000000
2021-08-19	0.002323	-0.009087	0.011205	-0.012708	0.339996	86960300.000000
2021-08-18	-0.025501	-0.002597	0.003529	-0.026899	-3.830002	86326000.000000
2021-08-17	-0.006154	-0.005889	0.003706	-0.013433	-0.929993	92229700.000000
2021-08-16	0.013548	-0.003756	0.014017	-0.017639	2.019989	103296000.000000
2021-08-13	0.001410	0.000537	0.003694	-0.004164	0.210007	59375000.000000
2021-08-12	0.020773	0.002262	0.021870	-0.000137	3.029999	72282600.000000
2021-08-11	0.001786	0.003091	0.007692	-0.000481	0.259995	48493500.000000
2021-08-10	-0.003354	0.002396	0.011089	-0.005408	-0.489990	69023100.000000
2021-08-09	-0.000342	0.000411	0.003832	-0.004242	-0.050003	48908700.000000
2021-08-06	-0.006256	-0.004828	0.000340	-0.009724	-0.919998	54126800.000000
2021-08-05	0.000749	0.000204	0.006056	-0.005308	0.110001	46397700.000000
2021-08-04	-0.002782	-0.000611	0.002918	-0.007329	-0.410004	56368300.000000
2021-08-03	0.012644	0.001993	0.017317	-0.002337	1.839996	64786600.000000
2021-08-02	-0.002331	0.003428	0.007473	-0.004182	-0.339996	62880000.000000
2021-07-30	0.001511	-0.008651	0.004738	-0.010505	0.220001	70440600.000000
2021-07-29	0.004552	-0.002000	0.010829	-0.002759	0.660004	56699500.000000
2021-07-28	-0.012196	-0.013354	0.001363	-0.028821	-1.790009	118931200.000000
2021-07-27	-0.014900	0.000872	0.001477	-0.023089	-2.220001	104818600.000000
2021-07-26	0.002895	-0.001952	0.008549	-0.005789	0.430008	72434100.000000
2021-07-23	0.011989	0.005109	0.013079	0.000817	1.759995	71447400.000000
2021-07-22	0.009629	0.003714	0.019257	0.002820	1.400009	77338200.000000
2021-07-21	-0.005132	-0.004242	-0.000137	-0.010400	-0.750000	74993500.000000
2021-07-20	0.025974	0.007090	0.032643	0.003580	3.699997	96350000.000000
2021-07-19	-0.026914	-0.018034	-0.015848	-0.032243	-3.940002	121434600.000000
2021-07-16	-0.014076	-0.000135	0.008621	-0.017511	-2.089996	93251400.000000
2021-07-15	-0.004492	0.000603	0.005699	-0.013812	-0.669998	106820300.000000
2021-07-14	0.024100	0.016891	0.026984	0.014007	3.509995	127050800.000000
2021-07-13	0.007889	-0.003253	0.020484	-0.006021	1.139999	100827100.000000
2021-07-12	-0.004204	0.007580	0.008339	-0.007649	-0.610001	76299700.000000
2021-07-09	0.013055	-0.003421	0.016825	-0.004119	1.869995	99890800.000000
2021-07-08	-0.009200	-0.020682	-0.003528	-0.026977	-1.330002	105575500.000000
2021-07-07	0.017955	0.010703	0.020208	0.004506	2.550003	104911600.000000
2021-07-06	0.014718	0.000786	0.022792	0.000786	2.059998	108181800.000000
2021-07-02	0.019596	0.004589	0.019888	0.003497	2.690002	78852600.000000
2021-07-01	0.002263	-0.002629	0.002701	-0.008762	0.309998	52485800.000000
2021-06-30	0.004621	-0.001174	0.007922	-0.003374	0.630005	63261400.000000
2021-06-29	0.011500	0.000148	0.012687	-0.003190	1.550003	64556100.000000
2021-06-28	0.012546	0.002254	0.016077	0.001803	1.669998	62111300.000000
2021-06-25	-0.002249	0.000375	0.003598	-0.004497	-0.300003	70783700.000000
2021-06-24	-0.002169	0.005610	0.007031	-0.005759	-0.289993	68711000.000000
2021-06-23	-0.002090	-0.001567	0.002538	-0.005598	-0.279999	60214200.000000
2021-06-22	0.012698	-0.001285	0.013454	-0.005140	1.679993	74783600.000000
2021-06-21	0.014104	-0.001226	0.014947	-0.009581	1.839996	79663300.000000
2021-06-18	-0.010092	-0.008195	-0.002125	-0.011761	-1.329987	108953300.000000
2021-06-17	0.012601	-0.002689	0.018440	-0.003842	1.639999	96721700.000000
2021-06-16	0.003934	0.005631	0.009642	-0.009102	0.509995	91815000.000000
2021-06-15	-0.006438	-0.004139	0.000920	-0.008354	-0.839996	62746300.000000
2021-06-14	0.024578	0.003691	0.025049	-0.002199	3.129997	96906500.000000
2021-06-11	0.009833	0.003330	0.010546	-0.000079	1.239998	53522400.000000
2021-06-10	-0.008023	-0.000865	0.008338	-0.009360	-1.019997	71186400.000000
2021-06-09	0.003077	0.003708	0.007969	-0.001736	0.389999	56877900.000000
2021-06-08	0.006672	0.005560	0.020334	0.002462	0.839996	74403800.000000
2021-06-07	0.000079	0.002224	0.003416	-0.008420	0.010002	71057600.000000
2021-06-04	0.019022	0.004290	0.021208	0.002509	2.349998	75169300.000000
2021-06-03	-0.012154	-0.003039	-0.001679	-0.015433	-1.519997	76229200.000000
2021-06-02	0.006276	0.000000	0.007724	-0.001851	0.779999	59278900.000000
2021-06-01	-0.002648	0.003772	0.005939	-0.005377	-0.330002	67637100.000000
2021-05-28	-0.005348	0.002315	0.004151	-0.005827	-0.669998	71311100.000000
2021-05-27	-0.012377	-0.003232	0.006228	-0.013953	-1.570000	94625600.000000
2021-05-26	-0.000394	0.000473	0.003861	-0.003783	-0.050003	56575900.000000
2021-05-25	-0.001574	0.005665	0.009599	-0.006137	-0.199997	72009500.000000
2021-05-24	0.013314	0.004624	0.020011	0.004066	1.669998	63092900.000000
2021-05-21	-0.014767	0.004006	0.005420	-0.016495	-1.879997	79295400.000000
2021-05-20	0.021012	0.004331	0.024300	0.003288	2.619995	76857100.000000
2021-05-19	-0.001282	-0.013536	0.000561	-0.015939	-0.159996	92612000.000000
2021-05-18	-0.011246	0.002297	0.005702	-0.011800	-1.419998	63342900.000000
2021-05-17	-0.009259	-0.004943	-0.004080	-0.017889	-1.180000	74244600.000000
2021-05-14	0.019845	0.010242	0.023366	0.007042	2.479996	81918000.000000
2021-05-13	0.017920	0.014743	0.027531	0.012137	2.200005	105861300.000000
2021-05-12	-0.024939	-0.019935	-0.010087	-0.029068	-3.140007	112172300.000000
2021-05-11	-0.007410	-0.026409	-0.004572	-0.032164	-0.939995	126142800.000000
2021-05-10	-0.025805	-0.006144	-0.005146	-0.026112	-3.360008	88071200.000000
2021-05-07	0.005327	0.010269	0.013434	-0.000309	0.690002	78973300.000000
2021-05-06	0.012802	0.000056	0.014601	-0.005887	1.637215	78128300.000000
2021-05-05	0.001956	0.012276	0.022069	0.002639	0.249588	84000900.000000
2021-05-04	-0.035386	-0.008504	-0.006237	-0.042438	-4.682045	137564700.000000
2021-05-03	0.008215	0.006118	0.021586	0.004518	1.078156	75135100.000000
2021-04-30	-0.015133	-0.011059	0.002299	-0.016387	-2.016571	109839500.000000
2021-04-29	-0.000749	0.023370	0.027870	-0.006775	-0.099823	151101000.000000
2021-04-28	-0.006027	0.001102	0.006394	-0.008066	-0.808624	107760100.000000
2021-04-27	-0.002450	0.003855	0.006829	-0.002837	-0.329453	66015800.000000
2021-04-26	0.002978	0.005502	0.007217	-0.003969	0.399323	66905100.000000
2021-04-23	0.018038	0.003369	0.025841	0.003369	2.375961	78657500.000000
2021-04-22	-0.011685	-0.001753	0.006576	-0.013983	-1.557343	84566500.000000
2021-04-21	0.002930	-0.003945	0.006515	-0.011922	0.389328	68847100.000000
2021-04-20	-0.012830	0.003036	0.006825	-0.020811	-1.727051	94812300.000000
2021-04-19	0.005068	-0.003155	0.011480	-0.004424	0.678833	94264200.000000
2021-04-16	-0.002528	0.000209	0.002965	-0.007387	-0.339417	84922400.000000
2021-04-15	0.018708	0.015279	0.024232	0.013913	2.465805	89347100.000000
2021-04-14	-0.017853	0.005499	0.005946	-0.018942	-2.395920	87222800.000000
2021-04-13	0.024307	0.010858	0.027802	0.006965	3.184586	91266500.000000
2021-04-12	-0.013233	-0.001917	0.000569	-0.016151	-1.757019	91420000.000000
2021-04-09	0.020252	-0.002604	0.022292	-0.005140	2.635529	106686700.000000
2021-04-08	0.019234	0.009922	0.021200	0.006554	2.455826	88844600.000000
2021-04-07	0.013390	-0.001317	0.015270	-0.006794	1.687134	83466700.000000
2021-04-06	0.002462	0.006472	0.011485	-0.000291	0.309471	80171300.000000
2021-04-05	0.023577	0.008784	0.027433	0.002269	2.895088	88651200.000000
2021-04-01	0.006959	0.014081	0.018346	0.004487	0.848557	75089100.000000
2021-03-31	0.018766	0.016319	0.031942	0.012142	2.246185	118323800.000000
2021-03-30	-0.012274	-0.008864	-0.006471	-0.019179	-1.487473	85671900.000000
2021-03-29	0.001485	0.005335	0.013021	-0.002268	0.179695	80819200.000000
2021-03-26	0.005141	-0.000295	0.009092	-0.012174	0.618950	94071200.000000
2021-03-25	0.004164	-0.002889	0.014794	-0.007393	0.499153	98844700.000000
2021-03-24	-0.019994	0.003987	0.004641	-0.018492	-2.445854	88530500.000000
2021-03-23	-0.006889	0.001211	0.008599	-0.008449	-0.848557	95467100.000000
2021-03-22	0.028336	0.004537	0.034090	0.003953	3.394241	111912300.000000
2021-03-19	-0.004480	-0.003537	0.009178	-0.005366	-0.539085	185549500.000000
2021-03-18	-0.033905	-0.013396	-0.010987	-0.033950	-4.222832	121229700.000000
2021-03-17	-0.006451	-0.010427	0.004012	-0.024068	-0.808624	111932600.000000
2021-03-16	0.012743	0.015513	0.027793	0.007596	1.577324	115227900.000000
2021-03-15	0.024457	0.004844	0.026280	-0.003350	2.954979	92403800.000000
2021-03-12	-0.007625	-0.011114	-0.004790	-0.021299	-0.928421	88105100.000000
2021-03-11	0.016503	0.023072	0.028665	0.012385	1.976631	103026500.000000
2021-03-10	-0.009167	0.006662	0.010633	-0.011868	-1.108109	111943300.000000
2021-03-09	0.040650	0.024684	0.050768	0.022618	4.721977	129525800.000000
2021-03-08	-0.041673	-0.002344	-0.001766	-0.041283	-5.051414	154376600.000000
2021-03-05	0.010738	0.008786	0.016791	-0.019648	1.287811	153766600.000000
2021-03-04	-0.015812	-0.000845	0.014337	-0.026532	-1.926727	178155000.000000
2021-03-03	-0.024457	-0.000783	0.006422	-0.024561	-3.054817	112966300.000000
2021-03-02	-0.020894	0.006559	0.008988	-0.020093	-2.665474	102260900.000000
2021-03-01	0.053851	0.022268	0.056798	0.014338	6.518929	116307900.000000
2021-02-26	0.002232	0.014945	0.033656	0.003437	0.269547	164560400.000000
2021-02-25	-0.034783	-0.003656	0.010569	-0.036739	-4.352608	148199500.000000
2021-02-24	-0.004052	-0.005624	-0.000689	-0.027192	-0.509140	111039900.000000
2021-02-23	-0.001111	-0.016109	0.007343	-0.058801	-0.139763	158273000.000000
2021-02-22	-0.029799	-0.012648	0.000542	-0.031236	-3.863434	103916400.000000
2021-02-19	0.001234	0.005792	0.009421	-0.005329	0.159729	87668800.000000
2021-02-18	-0.008636	-0.010857	-0.004732	-0.024561	-1.128082	96856700.000000
2021-02-17	-0.017644	-0.012892	-0.005597	-0.026279	-2.346024	97918500.000000
2021-02-16	-0.016104	0.002587	0.006434	-0.017393	-2.176285	80576300.000000
2021-02-12	0.001776	-0.004083	0.004664	-0.008976	0.239578	60145100.000000
2021-02-11	-0.001920	0.005472	0.009097	-0.010287	-0.259552	64280000.000000
2021-02-10	-0.004558	0.005160	0.008916	-0.010159	-0.618942	73046600.000000
2021-02-09	-0.006574	-0.000423	0.008796	-0.006057	-0.898483	76774200.000000
2021-02-08	0.001097	-0.003648	0.003164	-0.011778	0.149750	71297200.000000
2021-02-05	-0.003098	0.002903	0.003414	-0.007976	-0.424286	75693800.000000
2021-02-04	0.025758	0.020871	0.029110	0.008064	3.438995	84183100.000000
2021-02-03	-0.007778	0.008918	0.008992	-0.007060	-1.046646	89880900.000000
2021-02-02	0.006337	0.015087	0.019424	0.006710	0.847305	83305400.000000
2021-02-01	0.016520	0.016804	0.029195	-0.004635	2.173050	106239800.000000
2021-01-29	-0.037421	-0.006025	0.000634	-0.047151	-5.113663	177523800.000000
2021-01-28	-0.034985	-0.014742	0.002701	-0.034656	-4.954178	142621100.000000
2021-01-27	-0.007684	0.005087	0.011184	-0.016075	-1.096497	140843800.000000
2021-01-26	0.001679	0.007969	0.012882	-0.007685	0.239243	98390600.000000
2021-01-25	0.027684	0.032050	0.046621	-0.015055	3.837738	157611700.000000
2021-01-22	0.016074	-0.001129	0.025038	-0.010364	2.193008	114459400.000000
2021-01-21	0.036658	0.016644	0.061246	0.015049	4.824570	120150900.000000
2021-01-20	0.032856	0.009709	0.039767	0.008846	4.186623	104319500.000000
2021-01-19	0.005427	0.008245	0.015584	0.001617	0.687805	90757300.000000
2021-01-15	-0.013731	0.002184	0.013390	-0.011669	-1.764381	111598500.000000
2021-01-14	-0.015127	0.002506	0.004039	-0.013130	-1.973679	90221800.000000
2021-01-13	0.016227	0.002884	0.023836	0.000781	2.083344	88636800.000000
2021-01-12	-0.001396	-0.000538	0.008718	-0.013294	-0.179428	91951100.000000
2021-01-11	-0.023249	-0.018532	-0.011087	-0.023774	-3.060211	100384500.000000
2021-01-08	0.008631	0.014766	0.016299	-0.002092	1.126389	105158200.000000
2021-01-07	0.034123	0.017142	0.043054	0.013180	4.306244	109578200.000000
2021-01-06	-0.033662	-0.021997	0.003502	-0.032258	-4.395950	155088000.000000
2021-01-05	0.012364	-0.000836	0.021258	-0.004402	1.594894	97664900.000000
2021-01-04	-0.024719	0.009471	0.010151	-0.041638	-3.269547	143301900.000000
2020-12-31	-0.007703	0.005896	0.010848	-0.011809	-1.026718	99116600.000000
2020-12-30	-0.008527	0.008477	0.011526	-0.007739	-1.146332	96452100.000000
2020-12-29	-0.013315	0.013177	0.018608	-0.014052	-1.814209	121047300.000000
2020-12-28	0.035766	0.018551	0.044017	0.014902	4.704971	124486200.000000
2020-12-24	0.007712	0.005953	0.022346	0.004268	1.006775	54930100.000000
2020-12-23	-0.006976	0.005325	0.007379	-0.005172	-0.917068	88223700.000000
2020-12-22	0.028465	0.029639	0.051544	0.014305	3.638382	168904800.000000
2020-12-21	0.012395	-0.009794	0.016264	-0.022229	1.564987	121251600.000000
2020-12-18	-0.015851	0.005222	0.006313	-0.016915	-2.033493	192541500.000000
2020-12-17	0.006963	0.011751	0.017088	0.005001	0.887161	94359800.000000
2020-12-16	-0.000547	-0.000492	0.007039	-0.007160	-0.069771	98208600.000000
2020-12-15	0.050090	0.024284	0.053611	0.022554	6.080566	157243700.000000
2020-12-14	-0.005147	0.004753	0.010899	-0.003935	-0.627998	79184500.000000
2020-12-11	-0.006735	-0.003398	-0.000712	-0.018702	-0.827354	86939800.000000
2020-12-10	0.011989	-0.007349	0.020412	-0.010232	1.455353	81312200.000000
2020-12-09	-0.020904	0.004405	0.015858	-0.024066	-2.591721	115089200.000000
2020-12-08	0.005091	0.008222	0.013167	-0.002155	0.627991	82225500.000000
2020-12-07	0.012270	0.003688	0.022234	0.003195	1.495216	86712000.000000
2020-12-04	-0.005612	0.000421	0.002543	-0.008392	-0.687798	78260400.000000
2020-12-03	-0.001137	0.006782	0.008901	-0.003896	-0.139549	78967600.000000
2020-12-02	0.002933	-0.002527	0.008509	-0.011764	0.358849	89004200.000000
2020-12-01	0.030827	0.019712	0.040441	0.011285	3.658310	127728200.000000
2020-11-30	0.021100	0.006465	0.040883	0.005088	2.452171	169410200.000000
2020-11-27	0.004826	0.007864	0.015819	0.004838	0.558212	46691300.000000
2020-11-25	0.007467	0.006505	0.016958	0.003195	0.857262	76499200.000000
2020-11-24	0.011594	0.003724	0.020819	-0.007907	1.315796	113874200.000000
2020-11-23	-0.029743	0.001828	0.005589	-0.027497	-3.478882	127959300.000000
2020-11-20	-0.010958	0.003195	0.004295	-0.008220	-1.295868	73604300.000000
2020-11-19	0.005168	-0.000544	0.011950	-0.007174	0.608063	74113000.000000
2020-11-18	-0.011391	-0.003359	0.006809	-0.008484	-1.355667	76322100.000000
2020-11-17	-0.007564	-0.003059	0.006281	-0.007979	-0.907104	74271000.000000
2020-11-16	0.008720	0.000335	0.017748	-0.006142	1.036690	91183000.000000
2020-11-13	0.000419	0.005131	0.007066	-0.008081	0.049843	81581900.000000
2020-11-12	-0.002343	0.004287	0.011927	-0.004529	-0.279106	103162300.000000
2020-11-11	0.030353	0.013749	0.034856	0.007261	3.508781	112295000.000000
2020-11-10	-0.003009	-0.003445	0.014148	-0.015692	-0.348885	138023400.000000
2020-11-09	-0.019968	0.018494	0.031088	-0.019119	-2.362457	154515300.000000
2020-11-06	-0.001136	-0.001068	0.006361	-0.019557	-0.134560	114457900.000000
2020-11-05	0.035494	0.031153	0.045753	0.021711	4.059998	126387100.000000
2020-11-04	0.040837	0.038594	0.051788	0.022306	4.487892	138235500.000000
2020-11-03	0.015353	0.013149	0.030056	0.004557	1.661812	107624400.000000
2020-11-02	-0.000827	0.007234	0.021727	-0.009290	-0.089554	122866900.000000
2020-10-30	-0.056018	-0.032197	-0.024092	-0.061302	-6.428337	190272600.000000
2020-10-29	0.037050	0.015500	0.056709	0.013963	4.099808	146129200.000000
2020-10-28	-0.046312	-0.008433	-0.005158	-0.042476	-5.373535	143937800.000000
2020-10-27	0.013472	0.008769	0.024405	0.000471	1.542404	92276800.000000
2020-10-26	0.000087	-0.004071	0.018117	-0.013942	0.009949	111850700.000000
2020-10-23	-0.006134	0.010483	0.011872	-0.007836	-0.706512	82572600.000000
2020-10-22	-0.009583	0.009913	0.014987	-0.014679	-1.114517	101988000.000000
2020-10-21	-0.005446	-0.002257	0.015188	-0.004139	-0.636864	89946000.000000
2020-10-20	0.013192	0.006832	0.030920	0.001894	1.522507	124423700.000000
2020-10-19	-0.025542	0.012863	0.016747	-0.023443	-3.025093	120639300.000000
2020-10-16	-0.014001	0.009672	0.011919	-0.010892	-1.681717	115393800.000000
2020-10-15	-0.003961	-0.015555	0.005009	-0.020282	-0.477654	112559200.000000
2020-10-14	0.000743	0.004096	0.020942	-0.007355	0.089569	150712000.000000
2020-10-13	-0.026527	0.011954	0.012924	-0.033445	-3.283836	262330500.000000
2020-10-12	0.063521	0.031473	0.075461	0.024772	7.393585	240226800.000000
2020-10-09	0.017396	0.007636	0.022670	0.004489	1.990196	100506900.000000
2020-10-08	-0.000956	0.015143	0.016453	0.000647	-0.109467	83477200.000000
2020-10-07	0.016967	0.017892	0.026151	0.013540	1.910591	96849000.000000
2020-10-06	-0.028669	-0.001975	0.001648	-0.031734	-3.323624	161498200.000000
2020-10-05	0.030791	0.012840	0.037203	0.009639	3.462936	106243800.000000
2020-10-02	-0.032280	-0.028632	-0.007292	-0.034397	-3.751518	144712000.000000
2020-10-01	0.008462	0.020806	0.021500	0.005100	0.975197	116120400.000000
2020-09-30	0.015076	0.002284	0.032848	0.000786	1.711571	142675200.000000
2020-09-29	-0.007568	0.001342	0.007986	-0.007224	-0.865730	99382200.000000
2020-09-28	0.023869	0.029360	0.032135	0.009401	2.666862	137672400.000000
2020-09-25	0.037516	0.006876	0.044113	-0.000181	4.040085	149981400.000000
2020-09-24	0.010269	-0.013367	0.034290	-0.014962	1.094604	167743300.000000
2020-09-23	-0.041946	0.003219	0.007623	-0.040372	-4.666992	150718700.000000
2020-09-22	0.015716	0.028662	0.030305	-0.003472	1.721512	183055400.000000
2020-09-21	0.030326	-0.016707	0.036436	-0.030252	3.224121	195713800.000000
2020-09-18	-0.031720	0.005473	0.009844	-0.033781	-3.482849	287104900.000000
2020-09-17	-0.015964	-0.016673	0.005554	-0.025724	-1.781219	178011000.000000
2020-09-16	-0.029514	0.002230	0.008927	-0.025516	-3.393295	154679000.000000
2020-09-15	0.001560	0.030799	0.035154	-0.010318	0.179123	184642000.000000
2020-09-14	0.030000	0.029332	0.040188	0.012104	3.343529	140150100.000000
2020-09-11	-0.013129	0.014489	0.020333	-0.025977	-1.482697	180860300.000000
2020-09-10	-0.032646	0.030966	0.032165	-0.036360	-3.811218	182274400.000000
2020-09-09	0.039886	0.044475	0.061221	0.026660	4.477936	176940500.000000
2020-09-08	-0.067295	-0.053312	-0.011440	-0.063863	-8.100098	231366600.000000
2020-09-04	0.000662	-0.001808	0.028370	-0.078125	0.079613	332607200.000000
2020-09-03	-0.080061	-0.029413	-0.014652	-0.078435	-10.468437	257599600.000000
2020-09-02	-0.020718	0.030465	0.033386	-0.048848	-2.766373	200119000.000000
2020-09-01	0.039833	0.033896	0.049783	0.016530	5.114807	151948100.000000
2020-08-31	0.033912	0.027250	0.054787	0.014528	4.211746	225702700.000000
2020-08-28	-0.001620	0.012985	0.016442	0.001449	-0.201508	187630000.000000
2020-08-27	-0.011954	0.009851	0.012571	-0.016440	-1.505081	155552400.000000
2020-08-26	0.013599	0.015835	0.022376	0.006999	1.689178	163022400.000000
2020-08-25	-0.008204	-0.004336	-0.000483	-0.017471	-1.027435	211495600.000000
2020-08-24	0.011960	0.039893	0.040600	0.001431	1.480202	345937600.000000
2020-08-21	0.051532	0.013316	0.060939	0.013210	6.065125	338054800.000000
2020-08-20	0.022190	0.005295	0.028246	0.005143	2.554916	126907200.000000
2020-08-19	0.001255	0.008578	0.018840	0.005339	0.144287	145538000.000000
2020-08-18	0.008333	0.002690	0.017136	-0.000335	0.950325	105633600.000000
2020-08-17	-0.002611	0.015027	0.015246	-0.003338	-0.298538	119561600.000000
2020-08-14	-0.000891	0.003353	0.004839	-0.012243	-0.101990	165565200.000000
2020-08-13	0.017697	0.017553	0.031892	0.013085	1.990189	210082000.000000
2020-08-12	0.033234	0.015240	0.040759	0.013402	3.617188	165598000.000000
2020-08-11	-0.029740	-0.001827	0.002742	-0.027345	-3.336075	187902400.000000
2020-08-10	0.014535	0.018379	0.029006	-0.005136	1.607079	212403600.000000
2020-08-07	-0.022736	0.000573	0.004727	-0.025169	-2.572319	198045600.000000
2020-08-06	0.034889	0.009871	0.046527	0.004314	3.814301	202428800.000000
2020-08-05	0.003625	0.004099	0.013417	-0.000308	0.394836	121776800.000000
2020-08-04	0.006678	0.008540	0.023858	0.001655	0.722626	173071600.000000
2020-08-03	0.025198	0.025118	0.057686	0.022205	2.659584	308151200.000000
2020-07-31	0.104689	0.076809	0.113754	0.055249	10.002602	374336800.000000
2020-07-30	0.012100	-0.002292	0.020059	-0.006741	1.142311	158130000.000000
2020-07-29	0.019168	0.012109	0.028087	0.011704	1.775528	90329200.000000
2020-07-28	-0.016427	0.002039	0.003977	-0.009853	-1.547066	103625600.000000
2020-07-27	0.023700	0.018641	0.031631	0.016141	2.180305	121214000.000000
2020-07-24	-0.002477	-0.013403	0.008094	-0.033382	-0.228462	185438800.000000
2020-07-23	-0.045516	0.003892	0.004720	-0.047727	-4.397865	197004400.000000
2020-07-22	0.002809	0.003547	0.016857	0.002613	0.270668	89001600.000000
2020-07-21	-0.013802	0.015080	0.015873	-0.009792	-1.348404	103433200.000000
2020-07-20	0.021074	0.007679	0.029443	0.003969	2.016411	90318000.000000
2020-07-17	-0.002020	0.011588	0.013257	-0.000380	-0.193695	92186800.000000
2020-07-16	-0.012305	-0.005238	0.003441	-0.012011	-1.194458	110577600.000000
2020-07-15	0.006877	0.026783	0.029454	0.000852	0.663033	153198000.000000
2020-07-14	0.016548	0.000016	0.025480	-0.010133	1.569427	170989200.000000
2020-07-13	-0.004613	0.020855	0.049088	-0.000215	-0.439545	191649200.000000
2020-07-10	0.001749	0.002348	0.009130	-0.004275	0.166374	90257200.000000
2020-07-09	0.004300	0.016453	0.017033	-0.000336	0.407272	125642800.000000
2020-07-08	0.023290	0.017624	0.030536	0.016652	2.155479	117092000.000000
2020-07-07	-0.003103	0.010939	0.019583	0.002376	-0.288071	112424400.000000
2020-07-06	0.026750	0.023024	0.039005	0.022664	2.418709	118655600.000000
2020-07-02	0.000000	0.017079	0.024323	0.005439	0.000000	114041600.000000
2020-07-01	-0.001891	0.007621	0.013803	0.004282	-0.171349	110737200.000000
2020-06-30	0.008348	0.002007	0.018426	0.001785	0.749947	140223200.000000
2020-06-29	0.023047	0.005656	0.031050	0.000048	2.023865	130646000.000000
2020-06-26	-0.030726	0.005552	0.008063	-0.025878	-2.783745	205256800.000000
2020-06-25	0.013276	0.008528	0.020550	-0.000224	1.186996	137522400.000000
2020-06-24	-0.017652	0.002536	0.012946	-0.015263	-1.606667	192623200.000000
2020-06-23	0.021345	0.021129	0.044638	0.016276	1.902176	212155600.000000
2020-06-22	0.026164	0.011402	0.034777	0.010855	2.272194	135445200.000000
2020-06-19	-0.005715	0.015067	0.020563	-0.012096	-0.499146	264476000.000000
2020-06-18	0.000398	0.006223	0.012064	-0.000048	0.034775	96820400.000000
2020-06-17	-0.001392	0.015516	0.016231	0.003907	-0.121681	114406400.000000
2020-06-16	0.026502	0.031599	0.036706	0.011816	2.257301	165428800.000000
2020-06-15	0.012367	-0.009754	0.027182	-0.011744	1.040489	138808800.000000
2020-06-12	0.008633	0.033173	0.042404	0.001703	0.720131	200146000.000000
2020-06-11	-0.048010	-0.003334	0.001659	-0.042794	-4.206650	201662400.000000
2020-06-10	0.025728	0.018181	0.038287	0.012884	2.197693	166651600.000000
2020-06-09	0.031578	0.002753	0.043420	0.002360	2.614883	147712400.000000
2020-06-08	0.005912	0.002942	0.013116	-0.005956	0.486710	95654400.000000
2020-06-05	0.028481	0.009955	0.036192	0.009580	2.279648	137250400.000000
2020-06-04	-0.008612	0.004478	0.008286	-0.006701	-0.695312	87560400.000000
2020-06-03	0.005505	0.010848	0.015643	0.003500	0.442024	104491200.000000
2020-06-02	0.004629	0.003297	0.011712	-0.002396	0.370003	87642800.000000
2020-06-01	0.012298	0.006136	0.020702	0.004426	0.970947	80791200.000000
2020-05-29	-0.000974	0.009902	0.015912	0.001107	-0.076965	153532400.000000
2020-05-28	0.000440	0.002497	0.023606	-0.001110	0.034760	133560800.000000
2020-05-27	0.004357	0.004863	0.013031	-0.004832	0.342682	112945200.000000
2020-05-26	-0.006773	0.021292	0.023628	-0.000807	-0.536385	125522000.000000
2020-05-22	0.006439	0.003307	0.014300	0.001972	0.506599	81803200.000000
2020-05-21	-0.007456	0.004940	0.011973	-0.003858	-0.591026	102688800.000000
2020-05-20	0.019448	0.018119	0.027250	0.017605	1.512314	111504800.000000
2020-05-19	-0.005779	0.006962	0.018117	0.000505	-0.451958	101729600.000000
2020-05-18	0.023561	0.024602	0.035496	0.015277	1.800377	135178400.000000
2020-05-15	-0.005912	-0.023151	0.001404	-0.023607	-0.454445	166348400.000000
2020-05-14	0.006143	-0.003537	0.013741	-0.013289	0.469345	158929200.000000
2020-05-13	-0.012074	0.009130	0.021415	-0.019771	-0.933716	200622400.000000
2020-05-12	-0.011428	0.015750	0.021695	-0.006365	-0.893974	162301200.000000
2020-05-11	0.015735	0.000148	0.029202	-0.002643	1.211830	145946400.000000
2020-05-08	0.023802	0.015778	0.031431	0.011291	1.790443	133838400.000000
2020-05-07	0.010345	0.018160	0.024708	0.013963	0.770210	115215200.000000
2020-05-06	0.010317	0.019301	0.028732	0.013907	0.760300	142333600.000000
2020-05-05	0.015009	0.016006	0.036459	0.013940	1.089691	147751200.000000
2020-05-04	0.014149	0.009812	0.025597	-0.000140	1.012901	133568000.000000
2020-05-01	-0.016099	-0.016478	0.027330	-0.017852	-1.171402	240616800.000000
2020-04-30	0.021096	0.017287	0.033320	0.011638	1.503273	183064000.000000
2020-04-29	0.032845	0.031748	0.049649	0.028705	2.266045	137280800.000000
2020-04-28	-0.016209	0.016272	0.018946	-0.008254	-1.136734	112004800.000000
2020-04-27	0.000707	0.005289	0.015064	-0.001310	0.049538	117087600.000000
2020-04-24	0.028870	0.017428	0.038753	0.016694	1.966393	126161200.000000
2020-04-23	-0.003876	0.008622	0.030121	0.004966	-0.264999	124814400.000000
2020-04-22	0.028804	0.029173	0.045310	0.023870	1.914383	116862400.000000
2020-04-21	-0.030910	0.007094	0.010630	-0.032456	-2.119934	180991600.000000
2020-04-20	-0.020757	-0.007849	0.005465	-0.011775	-1.453743	130015200.000000
2020-04-17	-0.013569	0.002421	0.010379	-0.025149	-0.963387	215250000.000000
2020-04-16	0.007946	0.019933	0.022843	0.002081	0.559708	157125200.000000
2020-04-15	-0.009127	-0.006889	0.006931	-0.013114	-0.648849	131154400.000000
2020-04-14	0.050503	0.034400	0.064878	0.027196	3.417648	194994800.000000
2020-04-13	0.019628	0.010669	0.030972	0.001327	1.302681	131022800.000000
2020-04-09	0.007216	0.019441	0.024639	0.004266	0.475487	161834800.000000
2020-04-08	0.025595	0.022343	0.040358	0.016467	1.644440	168895200.000000
2020-04-07	-0.011582	0.041501	0.044962	-0.003882	-0.752869	202887200.000000
2020-04-06	0.087237	0.049146	0.100202	0.042790	5.215633	201820400.000000
2020-04-03	-0.014371	0.000685	0.012637	-0.015100	-0.871746	129880000.000000
2020-04-02	0.016687	0.007075	0.027230	-0.007340	0.995575	165934000.000000
2020-04-01	-0.052617	-0.021461	-0.012648	-0.050718	-3.313637	176218400.000000
2020-03-31	-0.002041	0.012593	0.039889	-0.001669	-0.128780	197002000.000000
2020-03-30	0.028538	0.021687	0.041164	0.016227	1.750927	167976400.000000
2020-03-27	-0.041402	-0.012762	-0.000575	-0.035026	-2.649925	204216800.000000
2020-03-26	0.052623	0.013575	0.063571	0.012917	3.199722	252087200.000000
2020-03-25	-0.005509	0.025287	0.055954	-0.001086	-0.336819	303602000.000000
2020-03-24	0.100325	0.063407	0.114382	0.054139	5.574749	287531200.000000
2020-03-23	-0.021244	0.004355	0.006205	-0.063767	-1.206089	336752800.000000
2020-03-20	-0.063485	0.019361	0.038537	-0.059737	-3.848572	401693200.000000
2020-03-19	-0.007662	0.012410	0.034713	-0.007152	-0.468075	271857200.000000
2020-03-18	-0.024480	-0.042794	-0.001954	-0.053374	-1.532993	300233600.000000
2020-03-17	0.043970	0.031552	0.073646	-0.006416	2.637543	324056000.000000
2020-03-16	-0.128647	-0.121345	-0.059137	-0.128427	-8.856190	322423600.000000
2020-03-13	0.119808	0.077214	0.138335	0.028658	7.365295	370732000.000000
2020-03-12	-0.098755	-0.061968	-0.010438	-0.091069	-6.736252	418474000.000000
2020-03-11	-0.034731	-0.018662	-0.005112	-0.038226	-2.454277	255598800.000000
2020-03-10	0.072022	0.051068	0.086338	0.021599	4.747574	285290000.000000
2020-03-09	-0.079092	-0.078829	-0.028746	-0.081449	-5.661430	286744800.000000
2020-03-06	-0.013280	-0.028169	0.002226	-0.030823	-0.963371	226176800.000000
2020-03-05	-0.032437	-0.014611	-0.001173	-0.028316	-2.431984	187572800.000000
2020-03-04	0.046385	0.034306	0.058590	0.022757	3.323547	219178400.000000
2020-03-03	-0.031759	0.025882	0.026997	-0.034488	-2.350266	319475600.000000
2020-03-02	0.093101	0.042403	0.113157	0.025564	6.302856	341397200.000000
2020-02-28	-0.000585	-0.050546	0.027511	-0.053831	-0.039627	426510000.000000
2020-02-27	-0.065368	-0.030377	-0.013475	-0.058455	-4.737663	320605600.000000
2020-02-26	0.015864	0.004032	0.043804	0.003927	1.131790	198054800.000000
2020-02-25	-0.033872	0.018841	0.024190	-0.031331	-2.501320	230673600.000000
2020-02-24	-0.047500	-0.041453	-0.019139	-0.067347	-3.682648	222195200.000000
2020-02-21	-0.022635	0.004169	0.009936	-0.021423	-1.795525	129554000.000000
2020-02-20	-0.010259	0.006375	0.012676	-0.007412	-0.822212	100566000.000000
2020-02-19	0.014483	0.012628	0.027089	0.012628	1.144165	93984000.000000
2020-02-18	-0.018311	-0.020328	-0.006691	-0.022658	-1.473557	152531200.000000
2020-02-14	0.000246	0.009059	0.012912	0.003187	0.019821	80113600.000000
2020-02-13	-0.007121	0.000177	0.006440	-0.002415	-0.577049	94747600.000000
2020-02-12	0.023748	0.015338	0.033499	0.015338	1.879723	113730400.000000
2020-02-11	-0.006033	0.015899	0.016841	0.000547	-0.480461	94323200.000000
2020-02-10	0.004750	-0.008989	0.014258	-0.010030	0.376434	109348800.000000
2020-02-07	-0.013593	0.003023	0.006227	-0.010574	-1.092163	117684000.000000
2020-02-06	0.011697	0.015385	0.023726	0.008113	0.928986	105425600.000000
2020-02-05	0.008154	0.026679	0.030614	0.012176	0.642380	118826800.000000
2020-02-04	0.033014	0.033659	0.047854	0.028152	2.517639	136616400.000000
2020-02-03	-0.002746	-0.005174	0.024871	-0.011974	-0.210007	173788400.000000
2020-01-31	-0.044339	0.002674	0.008141	-0.036817	-3.547920	199588400.000000
2020-01-30	-0.001449	0.000004	0.011079	-0.005580	-0.116119	126743200.000000
2020-01-29	0.020932	0.033390	0.044219	0.023612	1.643005	216229200.000000
2020-01-28	0.028289	0.023813	0.042809	0.022471	2.159393	162234000.000000
2020-01-27	-0.029405	-0.014367	-0.008931	-0.030833	-2.312576	161940000.000000
2020-01-24	-0.002882	0.015092	0.024855	0.006439	-0.227303	146537600.000000
2020-01-23	0.004816	0.012560	0.017783	0.005330	0.378014	104472000.000000
2020-01-22	0.003570	0.018284	0.022790	0.014224	0.279190	101832400.000000
2020-01-21	-0.006777	0.006970	0.012780	0.003192	-0.533669	110843200.000000
2020-01-17	0.011071	0.015165	0.023093	0.011089	0.862282	137816400.000000
2020-01-16	0.012526	0.019171	0.026029	0.014296	0.963562	108829200.000000
2020-01-15	-0.004285	0.009173	0.020985	0.001730	-0.331062	121923600.000000
2020-01-14	-0.013503	0.011029	0.013807	-0.003432	-1.057457	161954400.000000
2020-01-13	0.021364	0.016131	0.033835	0.014533	1.638069	121532000.000000
2020-01-10	0.002261	0.015029	0.021794	0.007349	0.172951	140644800.000000
2020-01-09	0.021241	0.025375	0.036022	0.021905	1.591125	170108400.000000
2020-01-08	0.016086	0.007688	0.032375	0.007688	1.185936	132079200.000000
2020-01-07	-0.004703	0.011994	0.015572	0.004029	-0.348366	108872000.000000
2020-01-06	0.007968	-0.000524	0.020466	-0.004062	0.585556	118387200.000000
2020-01-03	-0.009722	0.001078	0.012634	-0.001111	-0.721443	146322800.000000
2020-01-02	0.022816	0.020784	0.035807	0.017166	1.655373	135480400.000000
