2022-12-30	-0.005844	0.007457	0.011307	-0.007509	-0.941055	3680400.000000
2022-12-29	0.002034	0.014049	0.019774	0.009257	0.326889	3112500.000000
2022-12-28	-0.004663	0.013904	0.020035	0.004056	-0.752853	2944500.000000
2022-12-27	-0.000674	0.011920	0.013901	0.001336	-0.108963	2669200.000000
2022-12-23	-0.001041	0.010248	0.012907	0.003694	-0.168396	2685100.000000
2022-12-22	0.006535	0.007390	0.016850	0.005274	1.050018	3606000.000000
2022-12-21	0.010151	0.014975	0.023022	0.008123	1.614655	3707200.000000
2022-12-20	-0.005635	0.010256	0.011757	0.000629	-0.901428	4221000.000000
2022-12-19	0.006294	0.011393	0.020515	0.006864	1.000488	4033400.000000
2022-12-16	-0.016064	0.003007	0.010868	-0.006710	-2.595337	18905500.000000
2022-12-15	-0.010676	0.003566	0.007975	-0.008313	-1.743423	5268300.000000
2022-12-14	0.000425	0.008342	0.016796	-0.002501	0.069351	4485400.000000
2022-12-13	-0.003206	0.019459	0.022818	0.005537	-0.525024	5050400.000000
2022-12-12	0.013860	0.010435	0.024550	0.007587	2.238724	4109400.000000
2022-12-09	-0.017652	0.014189	0.020210	-0.009834	-2.902405	4644800.000000
2022-12-08	0.003567	0.009506	0.014572	0.002670	0.584442	4274400.000000
2022-12-07	0.010261	0.009321	0.020667	0.006670	1.664185	4637800.000000
2022-12-06	-0.001342	0.010060	0.012277	-0.005211	-0.217941	5480400.000000
2022-12-05	0.001711	0.004756	0.018944	0.004756	0.277374	4859400.000000
2022-12-02	0.012560	0.003822	0.022810	0.002511	2.010880	4304900.000000
2022-12-01	0.002792	0.008379	0.022158	0.001990	0.445770	5827800.000000
2022-11-30	0.018837	0.013271	0.028522	-0.001597	2.951935	12342500.000000
2022-11-29	-0.001452	0.008741	0.015878	0.001732	-0.227829	3689000.000000
2022-11-28	-0.007455	0.011909	0.016526	-0.001815	-1.178802	3902800.000000
2022-11-25	0.001443	0.010773	0.018120	0.008556	0.227844	1661900.000000
2022-11-23	-0.002503	0.010517	0.016771	0.003378	-0.396240	3221100.000000
2022-11-22	0.017058	0.013233	0.027305	0.012398	2.654770	5351100.000000
2022-11-21	0.013744	0.012242	0.033281	0.005923	2.109940	6492100.000000
2022-11-18	0.018533	0.019524	0.032594	0.019524	2.793442	5691100.000000
2022-11-17	0.001910	0.003524	0.017483	-0.003123	0.287277	5069500.000000
2022-11-16	-0.007645	0.012145	0.033583	-0.002433	-1.158981	7358700.000000
2022-11-15	0.008567	0.020483	0.020683	-0.002336	1.287750	5909500.000000
2022-11-14	0.010522	0.015019	0.038952	0.015019	1.565109	7077100.000000
2022-11-11	0.002939	0.008292	0.014900	-0.017262	0.435867	6786400.000000
2022-11-10	0.014226	0.030295	0.030295	0.010395	2.080231	5607700.000000
2022-11-09	-0.006127	0.009914	0.023371	-0.000621	-0.901428	4573700.000000
2022-11-08	0.002903	0.014482	0.033568	0.008552	0.425934	4637500.000000
2022-11-07	0.019411	0.009506	0.033966	0.005476	2.793457	4304000.000000
2022-11-04	0.005955	0.016007	0.017615	0.000139	0.851898	4623700.000000
2022-11-03	-0.000692	0.005874	0.015793	-0.000902	-0.099060	3850700.000000
2022-11-02	-0.016268	0.010331	0.017546	-0.007192	-2.367493	5345000.000000
2022-11-01	0.003484	0.011299	0.018470	-0.003251	0.505203	6351200.000000
2022-10-31	-0.008197	-0.007181	0.003830	-0.014636	-1.198608	8604800.000000
2022-10-28	-0.038371	-0.040279	-0.020220	-0.063889	-5.834534	10812200.000000
2022-10-27	0.006491	0.017780	0.019303	0.006527	0.980682	6850400.000000
2022-10-26	0.017955	0.017524	0.030192	0.015436	2.664658	4727900.000000
2022-10-25	-0.007091	-0.009628	0.007566	-0.014579	-1.059921	5229400.000000
2022-10-24	0.026044	0.020833	0.040191	0.020764	3.793930	5139700.000000
2022-10-21	0.028895	0.012402	0.043620	0.005975	4.091125	5419400.000000
2022-10-20	-0.001397	0.009718	0.015924	0.004569	-0.198135	3880100.000000
2022-10-19	-0.010166	0.010902	0.015440	-0.006481	-1.456161	3333300.000000
2022-10-18	0.001316	0.015238	0.019712	0.003354	0.188217	3540400.000000
2022-10-17	0.010284	0.007458	0.023560	0.003574	1.456161	4016200.000000
2022-10-14	0.000140	0.007246	0.020525	0.004491	0.019821	5290500.000000
2022-10-13	0.031392	-0.004117	0.043091	-0.007250	4.309036	5066200.000000
2022-10-12	-0.010812	0.020715	0.030948	0.008392	-1.500336	4528000.000000
2022-10-11	0.023137	0.017640	0.059372	0.017640	3.137955	5675100.000000
2022-10-10	-0.003243	0.021762	0.025878	0.005888	-0.441284	3830800.000000
2022-10-07	-0.010906	0.010474	0.018034	-0.000139	-1.500320	4648800.000000
2022-10-06	-0.021210	0.015936	0.017359	-0.004626	-2.981049	5124800.000000
2022-10-05	0.009437	0.016044	0.037590	0.013458	1.314011	4777900.000000
2022-10-04	0.026533	0.026340	0.052218	0.015649	3.598816	6612300.000000
2022-10-03	0.030624	0.032467	0.054655	0.028136	4.030289	7437500.000000
2022-09-30	-0.059627	0.016063	0.016920	-0.041886	-8.344940	15359000.000000
2022-09-29	-0.013001	0.021541	0.024362	0.000243	-1.843552	5509400.000000
2022-09-28	0.020322	0.037768	0.045683	0.026254	2.824158	5226700.000000
2022-09-27	0.003612	0.029744	0.051048	0.020356	0.500092	5598000.000000
2022-09-26	-0.012932	0.012793	0.017925	-0.001250	-1.814102	5697800.000000
2022-09-23	0.000350	0.013075	0.022702	0.005089	0.049026	5751600.000000
2022-09-22	0.019243	0.019052	0.049941	0.017525	2.647644	6161000.000000
2022-09-21	-0.010298	0.022512	0.033158	0.009132	-1.431702	5076100.000000
2022-09-20	-0.006239	0.013774	0.018563	0.003408	-0.872742	4532900.000000
2022-09-19	-0.009718	0.016805	0.018362	0.001161	-1.372833	5042500.000000
2022-09-16	0.010876	0.026147	0.036523	0.011549	1.519928	13887500.000000
2022-09-15	0.021211	0.022994	0.051566	0.018609	2.902603	6416900.000000
2022-09-14	0.007363	0.024490	0.033839	0.017864	1.000214	4673600.000000
2022-09-13	-0.026083	0.007662	0.017556	-0.014276	-3.638046	6195900.000000
2022-09-12	0.005798	0.016822	0.030234	0.011846	0.804092	4938400.000000
2022-09-09	0.006405	0.018907	0.031752	0.016730	0.882538	4427000.000000
2022-09-08	0.013049	0.026615	0.033453	0.019337	1.774887	3988300.000000
2022-09-07	0.008140	0.019482	0.030525	0.003102	1.098297	4141700.000000
2022-09-06	0.009613	0.027411	0.042751	0.019479	1.284592	4810600.000000
2022-09-02	-0.015674	0.021325	0.026776	0.000333	-2.127914	3601600.000000
2022-09-01	0.029674	0.021143	0.051101	0.017048	3.912613	4521000.000000
2022-08-31	-0.008041	0.020831	0.023465	0.009396	-1.068863	5789600.000000
2022-08-30	-0.001179	0.015495	0.025639	0.013616	-0.156891	4337100.000000
2022-08-29	-0.004694	0.018656	0.022545	0.007886	-0.627594	3835800.000000
2022-08-26	-0.021388	0.016558	0.023584	-0.002765	-2.922195	3838800.000000
2022-08-25	0.010297	0.026138	0.031979	0.018003	1.392456	3301200.000000
2022-08-24	-0.007984	0.019998	0.023006	0.010095	-1.088470	5018900.000000
2022-08-23	-0.009406	0.014764	0.023484	0.006044	-1.294403	3768100.000000
2022-08-22	-0.010645	0.020641	0.025601	0.006191	-1.480713	4023500.000000
2022-08-19	0.003964	0.023315	0.034719	0.021005	0.549149	4530700.000000
2022-08-18	-0.001061	0.020139	0.020788	0.008098	-0.147095	3525200.000000
2022-08-17	-0.007787	0.011694	0.021280	0.005470	-1.088486	3605200.000000
2022-08-16	0.001827	0.018488	0.031890	0.018273	0.254974	3852300.000000
2022-08-15	-0.002174	0.023425	0.024641	0.004188	-0.304001	4513200.000000
2022-08-12	0.003660	0.018414	0.027027	0.006787	0.509918	5208700.000000
2022-08-11	0.008089	0.014641	0.033743	0.010517	1.117905	5972800.000000
2022-08-10	0.004920	0.024577	0.025668	0.010689	0.676605	4075300.000000
2022-08-09	-0.000641	0.022249	0.033585	0.016436	-0.088257	3819700.000000
2022-08-08	0.016662	0.019778	0.040168	0.017784	2.255402	4854600.000000
2022-08-05	-0.006335	0.020733	0.027046	0.012658	-0.862930	5371100.000000
2022-08-04	-0.016147	0.026206	0.029745	0.001651	-2.235779	7071700.000000
2022-08-03	0.005770	0.029439	0.038882	0.021667	0.794281	5474200.000000
2022-08-02	0.001212	0.026760	0.038833	0.018906	0.166702	5197100.000000
2022-08-01	-0.022925	0.005566	0.015017	-0.011204	-3.226181	8523900.000000
2022-07-29	-0.041670	-0.009572	-0.003716	-0.053087	-6.118988	17754700.000000
2022-07-28	-0.009262	0.021735	0.028279	-0.010785	-1.372849	6572300.000000
2022-07-27	0.001856	0.010518	0.024037	0.006665	0.274582	4145800.000000
2022-07-26	0.004327	0.026092	0.042452	0.020525	0.637390	4900600.000000
2022-07-25	0.011787	0.020259	0.036744	0.020053	1.716064	4347000.000000
2022-07-22	0.004873	0.024748	0.030407	0.018605	0.706024	3639700.000000
2022-07-21	0.000406	0.016671	0.020814	0.008247	0.058838	4066800.000000
2022-07-20	-0.013690	0.018348	0.024613	0.003433	-2.010254	5315700.000000
2022-07-19	0.001137	0.022710	0.024278	0.014528	0.166702	5647100.000000
2022-07-18	-0.026364	0.020973	0.025421	-0.011621	-3.971436	6838400.000000
2022-07-15	0.021138	0.029268	0.043029	0.026489	3.118317	4873000.000000
2022-07-14	-0.001990	0.007263	0.021605	0.004557	-0.294174	7576900.000000
2022-07-13	-0.002033	0.026211	0.038566	0.021485	-0.301178	5221200.000000
2022-07-12	-0.005025	0.027772	0.038319	0.021458	-0.748062	5319500.000000
2022-07-11	0.002486	0.025479	0.040428	0.025479	0.369171	4491000.000000
2022-07-08	0.005592	0.029317	0.051325	0.027895	0.825790	4078400.000000
2022-07-07	-0.003475	0.013593	0.029654	0.012311	-0.514908	6516100.000000
2022-07-06	-0.009095	0.033864	0.036405	0.014338	-1.360123	5113600.000000
2022-07-05	0.000845	0.016601	0.030990	0.001610	0.126297	5478800.000000
2022-07-01	0.004179	0.028779	0.034021	0.017892	0.621765	4620000.000000
2022-06-30	-0.006358	-0.006293	-0.000649	-0.021215	-0.979996	7289500.000000
2022-06-29	0.010820	0.009246	0.027084	0.005640	1.649994	6140900.000000
2022-06-28	-0.004244	0.000196	0.012929	-0.011427	-0.649994	5735700.000000
2022-06-27	0.005251	0.004332	0.020415	0.002691	0.800003	5377300.000000
2022-06-24	0.019338	0.009635	0.022014	0.001137	2.889999	8527600.000000
2022-06-23	0.012808	0.007861	0.021957	-0.000136	1.889999	7795000.000000
2022-06-22	0.028508	0.001743	0.046212	0.000976	4.089996	7995700.000000
2022-06-21	0.037533	0.012077	0.041148	0.010269	5.190002	7160500.000000
2022-06-17	-0.006252	-0.011139	0.002731	-0.014085	-0.869995	10425700.000000
2022-06-16	0.007676	-0.011225	0.008690	-0.016873	1.059998	6963400.000000
2022-06-15	0.003415	-0.007630	0.010682	-0.010100	0.470001	5981800.000000
2022-06-14	-0.012911	0.000143	0.008894	-0.022235	-1.800003	5861800.000000
2022-06-13	-0.026397	-0.016341	-0.007891	-0.030866	-3.779999	5997000.000000
2022-06-10	-0.015334	-0.007495	-0.005501	-0.022554	-2.229996	5464700.000000
2022-06-09	-0.025595	0.003149	0.008509	-0.026466	-3.820007	5642900.000000
2022-06-08	0.000738	-0.001609	0.004761	-0.005968	0.110001	4835200.000000
2022-06-07	0.017812	0.002662	0.019245	-0.004504	2.610001	4991200.000000
2022-06-06	-0.004349	-0.001155	0.004417	-0.010260	-0.639999	3912400.000000
2022-06-03	0.002862	0.000000	0.009949	0.000000	0.419998	4891300.000000
2022-06-02	0.004999	0.004314	0.007191	-0.021367	0.729996	5998900.000000
2022-06-01	-0.009161	0.002850	0.003529	-0.020696	-1.349991	5597900.000000
2022-05-31	-0.017533	-0.009067	-0.007467	-0.022200	-2.630005	11227800.000000
2022-05-27	-0.003786	-0.006974	-0.003454	-0.018729	-0.570007	8405000.000000
2022-05-26	-0.009147	-0.002172	0.007305	-0.010332	-1.389999	6659300.000000
2022-05-25	0.019113	0.008383	0.026021	0.004560	2.850006	5042600.000000
2022-05-24	0.007296	-0.006755	0.022428	-0.009593	1.080002	6367200.000000
2022-05-23	-0.019734	0.004238	0.006556	-0.025296	-2.979996	6886400.000000
2022-05-20	-0.004680	0.004021	0.011864	-0.025771	-0.710007	6746400.000000
2022-05-19	-0.004658	-0.008069	-0.000197	-0.020665	-0.709991	5994800.000000
2022-05-18	-0.015183	0.000065	0.005944	-0.019576	-2.350006	6498100.000000
2022-05-17	-0.004438	-0.000579	0.002058	-0.016852	-0.690002	6032200.000000
2022-05-16	0.012834	0.002801	0.022085	-0.001498	1.970001	6565600.000000
2022-05-13	-0.005120	-0.005639	0.000648	-0.015490	-0.789993	6398500.000000
2022-05-12	0.015333	0.009345	0.015728	-0.011911	2.329987	6914800.000000
2022-05-11	-0.000855	-0.007035	0.017555	-0.007561	-0.129990	5630000.000000
2022-05-10	0.007485	0.002054	0.023649	-0.002981	1.129990	6525200.000000
2022-05-09	-0.012236	-0.007917	0.004646	-0.025519	-1.869995	6969000.000000
2022-05-06	0.004271	-0.016428	0.008805	-0.020831	0.650009	6145600.000000
2022-05-05	0.003892	0.007784	0.011412	-0.010225	0.589996	6869300.000000
2022-05-04	0.013302	-0.009492	0.018516	-0.013436	1.989990	5791500.000000
2022-05-03	0.011700	0.001217	0.019409	0.000541	1.730011	6163400.000000
2022-05-02	0.006740	-0.001566	0.013753	-0.023420	0.989990	9690800.000000
2022-04-29	-0.060329	-0.043183	-0.041264	-0.104792	-9.429993	25155900.000000
2022-04-28	-0.008311	0.004695	0.005202	-0.020810	-1.309998	7465000.000000
2022-04-27	0.009220	0.002433	0.021258	-0.010373	1.440002	6039100.000000
2022-04-26	-0.000768	0.000896	0.021689	-0.003071	-0.120010	6787800.000000
2022-04-25	0.008452	-0.000968	0.010646	-0.013872	1.309998	6932600.000000
2022-04-22	-0.022268	-0.007822	-0.001262	-0.026369	-3.529999	7938300.000000
2022-04-21	0.011615	0.001915	0.023484	-0.008615	1.820007	7903300.000000
2022-04-20	0.002239	0.000064	0.011193	-0.005309	0.349991	6250000.000000
2022-04-19	-0.018888	0.006526	0.007154	-0.035454	-3.009995	9359900.000000
2022-04-18	-0.018175	-0.002156	0.002957	-0.021933	-2.949997	6500200.000000
2022-04-14	0.021139	-0.006920	0.030953	-0.013400	3.360001	11074800.000000
2022-04-13	-0.049967	-0.013807	-0.013807	-0.064909	-8.360001	18312600.000000
2022-04-12	-0.014838	-0.003062	0.004298	-0.021315	-2.520004	8279700.000000
2022-04-11	-0.029321	-0.000343	0.000457	-0.032236	-5.130005	8163200.000000
2022-04-08	0.009695	-0.001616	0.015178	-0.004501	1.680008	7204200.000000
2022-04-07	0.025872	-0.007341	0.033627	-0.008111	4.369995	7469000.000000
2022-04-06	0.033531	0.006486	0.035734	0.002264	5.480011	8810800.000000
2022-04-05	0.009513	0.000000	0.025141	-0.000309	1.539993	6683300.000000
2022-04-04	-0.004856	-0.001106	0.007131	-0.007499	-0.789993	6892400.000000
2022-04-01	0.003516	0.000247	0.005922	-0.012399	0.569992	5703300.000000
2022-03-31	-0.010015	-0.005008	0.005557	-0.010076	-1.639999	8670100.000000
2022-03-30	0.009681	-0.002836	0.013380	-0.002836	1.570007	5151800.000000
2022-03-29	0.001296	0.006297	0.008088	-0.004198	0.209991	6154100.000000
2022-03-28	0.003967	-0.004463	0.004339	-0.011157	0.639999	4516500.000000
2022-03-25	0.006551	0.001685	0.010606	-0.000312	1.050003	5129400.000000
2022-03-24	0.011741	0.005050	0.014581	0.002714	1.860001	4638100.000000
2022-03-23	-0.009937	0.000000	0.007312	-0.010312	-1.589996	6300600.000000
2022-03-22	-0.000250	0.000000	0.001562	-0.012684	-0.040009	5756600.000000
2022-03-21	0.005339	0.004711	0.010992	-0.001319	0.850006	5825000.000000
2022-03-18	0.003846	-0.003720	0.005360	-0.009143	0.610001	9912800.000000
2022-03-17	0.016277	0.007177	0.016405	0.001025	2.539993	7227900.000000
2022-03-16	0.001091	0.003977	0.006030	-0.015140	0.169998	7178900.000000
2022-03-15	0.024852	0.001052	0.028468	0.000394	3.779999	8384300.000000
2022-03-14	0.020395	0.011204	0.026231	-0.000268	3.040009	8647200.000000
2022-03-11	-0.000737	0.001140	0.008246	-0.001274	-0.110001	5171400.000000
2022-03-10	0.002217	-0.005173	0.006114	-0.007659	0.330002	4635700.000000
2022-03-09	0.011485	0.007543	0.020116	0.004145	1.690002	5368900.000000
2022-03-08	-0.015390	-0.003011	0.002944	-0.020676	-2.300003	8817500.000000
2022-03-07	-0.007372	-0.010361	0.001262	-0.015741	-1.110001	7137700.000000
2022-03-04	0.000997	-0.012034	0.001795	-0.015358	0.149994	5389500.000000
2022-03-03	0.005616	0.001605	0.008157	-0.004814	0.839996	5408400.000000
2022-03-02	0.012729	0.000068	0.024105	-0.003182	1.880005	8247200.000000
2022-03-01	-0.000541	-0.000677	0.011707	-0.010557	-0.080002	7489900.000000
2022-02-28	-0.011836	-0.019326	-0.009763	-0.025278	-1.769989	11090600.000000
2022-02-25	0.029393	0.005920	0.035038	0.005369	4.269989	8320700.000000
2022-02-24	-0.010153	-0.021464	-0.007223	-0.022418	-1.489990	12070200.000000
2022-02-23	0.008244	0.004534	0.019167	-0.001374	1.199997	9271000.000000
2022-02-22	0.010623	-0.019302	0.016108	-0.019302	1.529999	11576800.000000
2022-02-18	-0.006484	-0.001931	0.005242	-0.011037	-0.940002	7585900.000000
2022-02-17	-0.006170	-0.007335	-0.002742	-0.015699	-0.899994	5486600.000000
2022-02-16	0.007668	-0.000138	0.016994	-0.004145	1.110001	8028900.000000
2022-02-15	0.012308	0.002448	0.017203	0.001399	1.759995	9530100.000000
2022-02-14	0.006971	-0.001620	0.008309	-0.018097	0.990005	9931900.000000
2022-02-11	-0.004905	0.001051	0.006306	-0.008199	-0.700012	6475200.000000
2022-02-10	-0.003422	-0.000349	0.008520	-0.006215	-0.489990	7333400.000000
2022-02-09	-0.002160	0.003275	0.003275	-0.004669	-0.309998	5989100.000000
2022-02-08	0.006876	-0.003508	0.007507	-0.008981	0.979996	7559500.000000
2022-02-07	0.013367	0.003697	0.016779	-0.002275	1.880005	9597800.000000
2022-02-04	-0.000568	-0.004121	0.014709	-0.010659	-0.080002	6921500.000000
2022-02-03	0.015221	0.006348	0.022291	0.003030	2.110001	10272700.000000
2022-02-02	0.011825	-0.011606	0.017591	-0.028832	1.619995	11363100.000000
2022-02-01	0.000804	0.003506	0.006940	-0.006209	0.110001	7413900.000000
2022-01-31	-0.007468	-0.007976	-0.005438	-0.016676	-1.029999	10300000.000000
2022-01-28	0.014341	0.000147	0.014783	-0.010076	1.949997	8014400.000000
2022-01-27	0.012963	0.009461	0.030321	0.008418	1.740005	8869100.000000
2022-01-26	0.008566	0.001503	0.017958	-0.001954	1.139999	8040300.000000
2022-01-25	0.007037	-0.005070	0.016344	-0.010366	0.929993	10296500.000000
2022-01-24	0.001364	0.006365	0.009623	-0.028186	0.180008	13733800.000000
2022-01-21	-0.007893	0.000226	0.009171	-0.010223	-1.050003	7583000.000000
2022-01-20	-0.016123	-0.005251	-0.003032	-0.018194	-2.180008	6612800.000000
2022-01-19	-0.011478	-0.002705	0.005264	-0.014183	-1.569992	6196700.000000
2022-01-18	0.006698	-0.002650	0.015530	-0.004342	0.910004	12341900.000000
2022-01-14	0.017600	-0.001273	0.018948	-0.009212	2.349991	10484500.000000
2022-01-13	-0.017368	-0.006476	-0.005593	-0.021931	-2.359985	8386400.000000
2022-01-12	0.002336	0.007057	0.013475	0.003443	0.316696	6589300.000000
2022-01-11	0.004253	0.006377	0.015562	-0.001402	0.574051	7159400.000000
2022-01-10	0.011195	0.011875	0.025508	0.008055	1.494492	9794400.000000
2022-01-07	-0.002588	0.010526	0.014934	0.002158	-0.346405	8630300.000000
2022-01-06	-0.004710	0.014318	0.016252	0.005097	-0.633423	4667000.000000
2022-01-05	0.005253	0.009181	0.032728	0.009181	0.702698	7724900.000000
2022-01-04	-0.001920	0.009705	0.016346	0.002617	-0.257324	6298300.000000
2022-01-03	0.000148	0.010452	0.012616	-0.003727	0.019806	6839800.000000
2021-12-31	-0.003899	0.011194	0.012458	0.005694	-0.524567	3963400.000000
2021-12-30	0.004211	0.013288	0.021349	0.012392	0.564148	6354300.000000
2021-12-29	0.007218	0.012031	0.021504	0.008046	0.960037	5594300.000000
2021-12-28	-0.000149	0.011429	0.016766	0.005340	-0.019806	4237200.000000
2021-12-27	0.009918	0.011136	0.020929	0.010908	1.306458	4436800.000000
2021-12-23	0.007876	0.012519	0.023537	0.011295	1.029312	5702300.000000
2021-12-22	0.016160	0.010066	0.030825	0.009055	2.078430	7070900.000000
2021-12-21	-0.006954	0.013234	0.014160	-0.002826	-0.900650	6085900.000000
2021-12-20	0.010268	0.002420	0.024885	0.000236	1.316345	7119200.000000
2021-12-17	-0.017074	0.003170	0.004550	-0.008101	-2.226898	12631100.000000
2021-12-16	0.011902	0.009368	0.034040	0.007894	1.534088	9569000.000000
2021-12-15	0.023097	0.017997	0.038079	0.012837	2.909798	9585600.000000
2021-12-14	0.006166	0.003908	0.021079	0.001352	0.771988	6381400.000000
2021-12-13	0.008289	0.008203	0.028656	0.008203	1.029320	7834200.000000
2021-12-10	0.010632	0.006877	0.025514	0.006877	1.306442	7059500.000000
2021-12-09	0.018708	0.013196	0.031849	0.012284	2.256584	8082300.000000
2021-12-08	0.002963	0.014119	0.018110	0.004057	0.356308	5278100.000000
2021-12-07	0.001318	0.015622	0.016954	0.007463	0.158356	6123300.000000
2021-12-06	0.021035	0.017008	0.040981	0.013437	2.474327	8939900.000000
2021-12-03	0.016942	0.017898	0.028791	0.011501	1.959656	6428100.000000
2021-12-02	0.008282	0.013341	0.025108	0.007675	0.950142	4919800.000000
2021-12-01	0.005465	0.014759	0.042806	0.013269	0.623535	6287500.000000
2021-11-30	-0.013774	0.008562	0.009512	-0.005096	-1.593468	8172100.000000
2021-11-29	0.003262	0.013152	0.022604	0.010984	0.376099	4372500.000000
2021-11-26	-0.018119	0.001436	0.005694	-0.013720	-2.127922	5016700.000000
2021-11-24	-0.001851	0.008677	0.013436	0.003578	-0.217735	5792800.000000
2021-11-23	0.027929	0.018327	0.042527	0.014745	3.196823	8948300.000000
2021-11-22	-0.005076	0.007856	0.019938	-0.000315	-0.583939	3975800.000000
2021-11-19	-0.007090	0.015210	0.016677	-0.000066	-0.821472	5885800.000000
2021-11-18	-0.002386	0.010893	0.019159	0.004264	-0.277122	3160300.000000
2021-11-17	0.007988	0.011939	0.020791	0.008901	0.920448	4361500.000000
2021-11-16	-0.003595	0.008388	0.015825	0.006053	-0.415688	3476400.000000
2021-11-15	-0.001111	0.010204	0.017546	0.003898	-0.128670	3941000.000000
2021-11-12	0.002915	0.017047	0.017047	0.008644	0.336510	2740300.000000
2021-11-11	-0.001028	0.012021	0.016781	0.006396	-0.118767	3120900.000000
2021-11-10	0.009861	0.008541	0.023399	0.008454	1.128288	4981100.000000
2021-11-09	-0.003877	0.011944	0.014991	0.004718	-0.445374	3146800.000000
2021-11-08	-0.009558	0.010549	0.012705	-0.001695	-1.108498	7015000.000000
2021-11-05	0.001025	0.007529	0.012621	-0.003088	0.118767	4635800.000000
2021-11-04	-0.004338	0.010377	0.011666	-0.000280	-0.504761	4912200.000000
2021-11-03	0.008925	0.010377	0.019741	0.007862	1.029320	6186900.000000
2021-11-02	0.014981	0.014249	0.035722	0.013457	1.702332	10357800.000000
2021-11-01	0.001221	0.015487	0.019629	0.000685	0.138565	7096800.000000
2021-10-29	0.045591	0.032672	0.058744	0.026499	4.948647	16545000.000000
2021-10-28	0.011716	0.010284	0.024358	0.008513	1.256958	5193300.000000
2021-10-27	-0.009955	0.011207	0.012499	-0.001804	-1.078804	4875300.000000
2021-10-26	0.009124	0.013264	0.020434	0.007583	0.979828	5047400.000000
2021-10-25	-0.005864	0.009821	0.010377	-0.002491	-0.633423	5697400.000000
2021-10-22	0.003494	0.009541	0.014650	0.006196	0.376091	4614400.000000
2021-10-21	0.003228	0.010377	0.015410	-0.001366	0.346405	4811800.000000
2021-10-20	0.008934	0.010847	0.025986	0.010847	0.950150	5626800.000000
2021-10-19	0.000186	0.013386	0.016396	0.005016	0.019791	4614900.000000
2021-10-18	-0.017379	0.007235	0.007235	-0.010324	-1.880486	7949400.000000
2021-10-15	0.003856	0.012603	0.020118	0.011954	0.415680	4634500.000000
2021-10-14	0.015667	0.017255	0.026960	0.015748	1.662758	7289500.000000
2021-10-13	-0.000369	0.022814	0.027053	0.017257	-0.039124	5471100.000000
2021-10-12	-0.016041	0.020587	0.021885	0.002422	-1.730835	6305800.000000
2021-10-11	-0.007555	0.022258	0.024650	0.014348	-0.821411	4613800.000000
2021-10-08	0.002796	0.024286	0.030743	0.020505	0.303139	5019800.000000
2021-10-07	0.014179	0.026929	0.045732	0.024871	1.515701	7842600.000000
2021-10-06	-0.001735	0.020665	0.024120	0.009926	-0.185791	5710300.000000
2021-10-05	0.007174	0.028834	0.040026	0.026106	0.762741	7146900.000000
2021-10-04	-0.003300	0.020283	0.033031	0.009502	-0.352036	9779200.000000
2021-10-01	0.011310	0.026229	0.039880	0.013146	1.193001	8611500.000000
2021-09-30	-0.008912	0.026009	0.037471	0.012667	-0.948524	7886400.000000
2021-09-29	0.013974	0.027485	0.043967	0.023960	1.466812	6270100.000000
2021-09-28	-0.003528	0.021677	0.031170	0.016171	-0.371605	6445600.000000
2021-09-27	0.006071	0.023199	0.037621	0.022148	0.635620	4969600.000000
2021-09-24	-0.002701	0.017959	0.029199	0.013863	-0.283577	5836100.000000
2021-09-23	0.008928	0.028200	0.040501	0.024933	0.928978	5847800.000000
2021-09-22	-0.006906	0.021290	0.026730	0.010983	-0.723633	6319100.000000
2021-09-21	0.007049	0.021184	0.032333	0.020704	0.733406	6400400.000000
2021-09-20	-0.012346	0.007153	0.020348	0.002027	-1.300568	7103400.000000
2021-09-17	-0.003238	0.017138	0.024235	0.013354	-0.342255	14157200.000000
2021-09-16	0.002877	0.027086	0.031925	0.010860	0.303146	5821800.000000
2021-09-15	0.012115	0.023682	0.044907	0.018304	1.261444	7444300.000000
2021-09-14	-0.009304	0.027478	0.028240	0.010923	-0.977875	6102700.000000
2021-09-13	0.007499	0.029432	0.042661	0.023872	0.782303	7398900.000000
2021-09-10	-0.005500	0.024628	0.032636	0.013951	-0.576935	7620100.000000
2021-09-09	-0.027999	0.014101	0.016881	-0.006655	-3.021645	10337100.000000
2021-09-08	0.012199	0.013528	0.040165	0.010339	1.300583	10823200.000000
2021-09-07	-0.023204	0.011907	0.022168	-0.007607	-2.532707	12694200.000000
2021-09-03	-0.003571	0.014958	0.023083	0.013497	-0.391136	5364800.000000
2021-09-02	-0.002227	0.034285	0.036016	0.009419	-0.244476	14719200.000000
2021-09-01	-0.070459	0.024489	0.028976	-0.101667	-8.321709	50943200.000000
2021-08-31	0.001742	0.024831	0.027715	0.018046	0.205353	6021800.000000
2021-08-30	0.008279	0.024849	0.033914	0.022284	0.968086	3260900.000000
2021-08-27	-0.006811	0.022116	0.024665	0.014302	-0.801849	4279900.000000
2021-08-26	0.000000	0.026533	0.029846	0.020503	0.000000	5035400.000000
2021-08-25	0.006016	0.024164	0.037323	0.015705	0.704071	5241100.000000
2021-08-24	0.002681	0.025710	0.025710	0.014573	0.312912	3831500.000000
2021-08-23	0.004545	0.031060	0.036655	0.026069	0.528053	4748300.000000
2021-08-20	0.007547	0.024100	0.035980	0.020198	0.870308	4112500.000000
2021-08-19	0.005457	0.013210	0.037186	0.013210	0.625847	6145200.000000
2021-08-18	-0.019806	0.018438	0.024848	0.001432	-2.317566	5586900.000000
2021-08-17	0.010557	0.019776	0.034112	0.019085	1.222343	6551700.000000
2021-08-16	0.016569	0.027191	0.041414	0.024645	1.887291	8180500.000000
2021-08-13	0.007264	0.024218	0.032531	0.023157	0.821426	4416400.000000
2021-08-12	0.016884	0.024784	0.040701	0.024335	1.877518	4863600.000000
2021-08-11	-0.009580	0.025654	0.027257	0.011315	-1.075661	6840400.000000
2021-08-10	0.006663	0.023881	0.031323	0.012405	0.743187	5120800.000000
2021-08-09	-0.003408	0.023788	0.029238	0.016282	-0.381371	5277900.000000
2021-08-06	-0.005820	0.023870	0.026446	0.016497	-0.655182	5340400.000000
2021-08-05	0.000348	0.023070	0.026891	0.017028	0.039116	5132400.000000
2021-08-04	-0.010065	0.018492	0.025001	0.010838	-1.144112	4602000.000000
2021-08-03	0.006929	0.024575	0.030244	0.017666	0.782303	5902700.000000
2021-08-02	-0.007309	0.027814	0.030891	0.014800	-0.831200	9245500.000000
2021-07-30	-0.021620	0.023744	0.025035	-0.001032	-2.513138	9017200.000000
2021-07-29	0.002699	0.026767	0.027629	0.019176	0.312920	4632200.000000
2021-07-28	0.005002	0.019765	0.031035	0.016904	0.576950	5650400.000000
2021-07-27	0.001443	0.022626	0.027054	0.013684	0.166237	3773100.000000
2021-07-26	-0.003384	0.022107	0.025049	0.014666	-0.391159	3730100.000000
2021-07-23	0.005530	0.026454	0.032457	0.022887	0.635620	4411100.000000
2021-07-22	0.004701	0.019567	0.030668	0.017381	0.537842	6257000.000000
2021-07-21	0.008100	0.027825	0.031614	0.020335	0.919197	4133800.000000
2021-07-20	0.005458	0.023778	0.043093	0.022981	0.616066	5581400.000000
2021-07-19	-0.017702	0.015402	0.018275	-0.010098	-2.033981	6762000.000000
2021-07-16	0.002731	0.028997	0.032662	0.020357	0.312920	6826100.000000
2021-07-15	-0.001534	0.017834	0.023759	0.008597	-0.176018	4544600.000000
2021-07-14	0.006432	0.024906	0.030870	0.020697	0.733398	6543400.000000
2021-07-13	0.002380	0.033675	0.038070	0.025764	0.270798	6540300.000000
2021-07-12	0.009007	0.035978	0.049726	0.034381	1.015442	8148400.000000
2021-07-09	0.001977	0.033582	0.042736	0.031894	0.222435	4823400.000000
2021-07-08	-0.003426	0.025259	0.034558	0.024550	-0.386833	3948800.000000
2021-07-07	0.008814	0.035635	0.045106	0.030274	0.986427	6695100.000000
2021-07-06	0.004862	0.034027	0.040581	0.030435	0.541580	7172100.000000
2021-07-02	0.007964	0.036379	0.045158	0.030678	0.880043	5719500.000000
2021-07-01	0.014382	0.036872	0.051560	0.036322	1.566696	5306900.000000
2021-06-30	0.003028	0.033198	0.039735	0.027857	0.328812	5042600.000000
2021-06-29	-0.006195	0.030824	0.031739	0.021307	-0.676964	5795100.000000
2021-06-28	0.000177	0.036589	0.044369	0.032745	0.019341	5141800.000000
2021-06-25	-0.015339	0.017445	0.023663	0.010596	-1.702080	11709400.000000
2021-06-24	0.006491	0.037836	0.053891	0.036385	0.715645	7712300.000000
2021-06-23	-0.006103	0.032674	0.037002	0.027265	-0.676964	3837300.000000
2021-06-22	-0.000261	0.031864	0.038984	0.026366	-0.029015	4359900.000000
2021-06-21	0.014233	0.039237	0.053497	0.030827	1.557014	4666100.000000
2021-06-18	-0.015492	0.022687	0.027727	0.017378	-1.721413	7415400.000000
2021-06-17	-0.005453	0.029104	0.037249	0.020601	-0.609268	4172300.000000
2021-06-16	-0.002590	0.037508	0.040276	0.028135	-0.290138	6670200.000000
2021-06-15	0.003726	0.033668	0.038865	0.026141	0.415855	3590500.000000
2021-06-14	-0.000173	0.030891	0.034564	0.023007	-0.019341	4427600.000000
2021-06-11	-0.007054	0.034027	0.035094	0.021840	-0.793022	4471400.000000
2021-06-10	0.019649	0.037292	0.061147	0.035387	2.166290	6263800.000000
2021-06-09	0.014777	0.038997	0.053172	0.037708	1.605377	4884000.000000
2021-06-08	-0.005929	0.031007	0.034758	0.023138	-0.647964	4114200.000000
2021-06-07	0.005785	0.037248	0.050131	0.033751	0.628616	5570100.000000
2021-06-04	0.001337	0.035777	0.042320	0.033566	0.145065	4255400.000000
2021-06-03	0.007271	0.031428	0.043402	0.027065	0.783348	6286100.000000
2021-06-02	-0.007219	0.035870	0.038173	0.021494	-0.783348	8100700.000000
2021-06-01	-0.008746	0.038594	0.041243	0.023431	-0.957420	6846200.000000
2021-05-28	0.007835	0.043325	0.053912	0.038998	0.851051	7104300.000000
2021-05-27	-0.020750	0.037813	0.038534	0.009866	-2.301689	26406000.000000
2021-05-26	0.001222	0.033756	0.035651	0.026806	0.135391	5802600.000000
2021-05-25	-0.011647	0.034562	0.034829	0.018683	-1.305580	6574200.000000
2021-05-24	-0.001808	0.038212	0.040171	0.029307	-0.203087	4821300.000000
2021-05-21	-0.008454	0.037647	0.044357	0.024756	-0.957413	5577800.000000
2021-05-20	0.010876	0.029475	0.047326	0.027511	1.218529	5526100.000000
2021-05-19	-0.011603	0.027410	0.027763	0.009060	-1.315239	6433600.000000
2021-05-18	0.002738	0.027127	0.042961	0.020138	0.309464	8174900.000000
2021-05-17	0.003951	0.037046	0.045394	0.035181	0.444862	6183200.000000
2021-05-14	-0.001458	0.040766	0.042806	0.032076	-0.164406	6268500.000000
2021-05-13	0.014266	0.039333	0.054175	0.034476	1.586029	6558200.000000
2021-05-12	0.000609	0.033667	0.044017	0.029977	0.067696	6208300.000000
2021-05-11	-0.011444	0.027443	0.037141	0.017656	-1.286232	5784600.000000
2021-05-10	0.004060	0.039655	0.046980	0.035992	0.454536	7093300.000000
2021-05-07	-0.002843	0.036699	0.041598	0.024050	-0.319145	6808200.000000
2021-05-06	0.002591	0.027060	0.037599	0.019558	0.290131	5803800.000000
2021-05-05	0.016506	0.037749	0.055633	0.034480	1.818130	7021400.000000
2021-05-04	-0.006801	0.033486	0.045388	0.019330	-0.754326	8151400.000000
2021-05-03	0.028520	0.042373	0.067412	0.034861	3.075363	9138200.000000
2021-04-30	0.005501	0.039435	0.047268	0.026753	0.589920	10575400.000000
2021-04-29	-0.009292	0.038184	0.040309	0.019246	-1.005775	6766700.000000
2021-04-28	0.004397	0.036253	0.044512	0.032913	0.473869	5116000.000000
2021-04-27	0.000449	0.032727	0.038297	0.026507	0.048363	3522900.000000
2021-04-26	0.000090	0.035698	0.040154	0.029106	0.009666	5202300.000000
2021-04-23	0.012085	0.030832	0.050188	0.029329	1.286232	4611000.000000
2021-04-22	-0.006769	0.032627	0.036733	0.022921	-0.725319	5046000.000000
2021-04-21	0.016234	0.041234	0.056883	0.037062	1.711761	6181100.000000
2021-04-20	0.003867	0.029362	0.043071	0.028695	0.406166	5411800.000000
2021-04-19	0.006487	0.034602	0.041884	0.026457	0.676971	4542900.000000
2021-04-16	0.009543	0.039831	0.050085	0.036445	0.986435	8207700.000000
2021-04-15	0.009348	0.034905	0.044279	0.031293	0.957420	5730500.000000
2021-04-14	-0.009540	0.027257	0.031609	0.021067	-0.986443	7766700.000000
2021-04-13	-0.000277	0.044472	0.047662	0.034804	-0.028656	6165100.000000
2021-04-12	0.006602	0.049324	0.056623	0.044847	0.678391	5647500.000000
2021-04-09	0.013572	0.049460	0.062579	0.046106	1.375885	5977500.000000
2021-04-08	0.008459	0.048489	0.063609	0.047992	0.850365	5881800.000000
2021-04-07	-0.001613	0.048089	0.054048	0.034582	-0.162430	8037300.000000
2021-04-06	-0.007160	0.043739	0.047979	0.034175	-0.726166	8522500.000000
2021-04-05	-0.021931	0.052000	0.052000	0.016509	-2.274025	10584400.000000
2021-04-01	0.002772	0.053369	0.053949	0.037895	0.286636	5091700.000000
2021-03-31	0.013391	0.047481	0.070022	0.046697	1.366333	9048000.000000
2021-03-30	0.000562	0.047874	0.049541	0.038166	0.057335	5354100.000000
2021-03-29	0.007077	0.044426	0.056672	0.041760	0.716606	5472700.000000
2021-03-26	0.020216	0.046498	0.069167	0.046196	2.006500	6596900.000000
2021-03-25	0.007957	0.044974	0.057668	0.036342	0.783493	6281500.000000
2021-03-24	-0.016978	0.046399	0.051491	0.028730	-1.700752	9420100.000000
2021-03-23	-0.010009	0.041361	0.046994	0.032862	-1.012810	6111600.000000
2021-03-22	0.023980	0.047408	0.076756	0.041134	2.369583	7627200.000000
2021-03-19	-0.003373	0.048213	0.053256	0.038026	-0.334404	10899100.000000
2021-03-18	-0.012091	0.036237	0.046101	0.030458	-1.213463	8675100.000000
2021-03-17	-0.052328	-0.020253	-0.007695	-0.029318	-5.541756	19445600.000000
2021-03-16	0.005260	0.043656	0.054382	0.043182	0.554169	5570200.000000
2021-03-15	0.018850	0.050951	0.067295	0.047953	1.949165	6642200.000000
2021-03-12	0.003245	0.045920	0.053488	0.041748	0.334427	5341200.000000
2021-03-11	-0.001204	0.047859	0.052704	0.040203	-0.124214	4671400.000000
2021-03-10	0.011331	0.052479	0.061986	0.049147	1.156120	5762600.000000
2021-03-09	0.006409	0.050248	0.072046	0.049854	0.649734	6857500.000000
2021-03-08	-0.005530	0.048070	0.060920	0.037771	-0.563744	6049400.000000
2021-03-05	0.009939	0.050165	0.059873	0.030947	1.003258	7277800.000000
2021-03-04	-0.009933	0.044539	0.056799	0.029337	-1.012794	7503700.000000
2021-03-03	-0.010570	0.036992	0.039709	0.023406	-1.089249	7218700.000000
2021-03-02	-0.005166	0.050847	0.055963	0.040806	-0.535072	5487000.000000
2021-03-01	0.006219	0.054273	0.060879	0.049805	0.640167	4709500.000000
2021-02-26	0.003820	0.050012	0.058788	0.027389	0.391739	9250000.000000
2021-02-25	-0.012513	0.044577	0.052473	0.031000	-1.299438	6237600.000000
2021-02-24	0.022772	0.043940	0.077819	0.040000	2.312256	7626200.000000
2021-02-23	-0.007379	0.045719	0.051878	0.035846	-0.754829	7058600.000000
2021-02-22	0.019522	0.043111	0.073210	0.038825	1.958725	10272500.000000
2021-02-19	-0.009900	0.048277	0.052914	0.035251	-1.003242	6702400.000000
2021-02-18	-0.002164	0.037048	0.049750	0.035964	-0.219772	5386600.000000
2021-02-17	0.020058	0.051621	0.072212	0.046097	1.996956	6940400.000000
2021-02-16	-0.002298	0.055518	0.064136	0.042390	-0.229324	5637300.000000
2021-02-12	0.006651	0.046700	0.054871	0.040546	0.659279	3738400.000000
2021-02-11	-0.002883	0.051829	0.052936	0.039256	-0.286644	5090100.000000
2021-02-10	-0.012808	0.052358	0.053848	0.029917	-1.289886	7446000.000000
2021-02-09	-0.013478	0.038370	0.043268	0.029652	-1.375877	5506900.000000
2021-02-08	-0.017383	0.048139	0.049005	0.018492	-1.805855	9199100.000000
2021-02-05	0.001843	0.057207	0.063379	0.045731	0.191101	7251000.000000
2021-02-04	0.014773	0.045816	0.065486	0.029963	1.509651	9077800.000000
2021-02-03	0.033633	0.074213	0.088070	0.052061	3.325043	12101900.000000
2021-02-02	0.011437	0.052533	0.067163	0.048645	1.117905	10481300.000000
2021-02-01	-0.001756	0.051910	0.060999	0.040267	-0.171982	7518200.000000
2021-01-29	-0.016601	0.044490	0.049411	0.022495	-1.652969	9380400.000000
2021-01-28	0.013815	0.058919	0.070526	0.049857	1.356773	8534300.000000
2021-01-27	-0.055239	0.022358	0.026398	-0.013138	-5.742409	11887900.000000
2021-01-26	-0.015385	0.054176	0.054176	0.028224	-1.624306	5554600.000000
2021-01-25	-0.003247	0.035931	0.050092	0.031022	-0.343971	6928200.000000
2021-01-22	-0.003595	0.040861	0.049797	0.029855	-0.382195	5185500.000000
2021-01-21	-0.012076	0.046692	0.047807	0.029314	-1.299446	5417000.000000
2021-01-20	0.003922	0.053410	0.055182	0.039975	0.420410	6554600.000000
2021-01-19	0.015020	0.053512	0.063550	0.044137	1.586090	7723800.000000
2021-01-15	-0.009943	0.042567	0.045943	0.026441	-1.060570	9196200.000000
2021-01-14	0.004318	0.042362	0.061100	0.031062	0.458618	8268800.000000
2021-01-13	0.024321	0.059033	0.093852	0.058068	2.521622	9821300.000000
2021-01-12	0.006971	0.060782	0.075933	0.059811	0.717766	6106900.000000
2021-01-11	0.016314	0.056866	0.081444	0.056866	1.652771	6334200.000000
2021-01-08	0.005248	0.060130	0.066976	0.049413	0.528877	5345900.000000
2021-01-07	0.010703	0.064155	0.073682	0.058740	1.067200	8196000.000000
2021-01-06	-0.008639	0.041441	0.065700	0.035774	-0.868881	11017500.000000
2021-01-05	0.010341	0.058840	0.075012	0.051005	1.029427	6823800.000000
2021-01-04	-0.016239	0.059136	0.060816	0.026329	-1.643303	9523400.000000
2020-12-31	0.017859	0.058739	0.079057	0.054615	1.775528	6148100.000000
2020-12-30	0.005444	0.062986	0.074313	0.062885	0.538338	5328400.000000
2020-12-29	0.012083	0.063957	0.078492	0.063957	1.180519	5096400.000000
2020-12-28	0.001840	0.062839	0.065197	0.053303	0.179443	3948900.000000
2020-12-24	-0.000194	0.057097	0.059968	0.051868	-0.018890	1378600.000000
2020-12-23	0.004669	0.061518	0.070479	0.059973	0.453331	3659100.000000
2020-12-22	-0.008774	0.055777	0.056696	0.041484	-0.859428	4002900.000000
2020-12-21	-0.007085	0.041708	0.053467	0.029442	-0.698875	6664600.000000
2020-12-18	-0.004195	0.060253	0.060556	0.041780	-0.415550	13906800.000000
2020-12-17	0.002389	0.061066	0.067542	0.053477	0.236107	6360600.000000
2020-12-16	0.017701	0.055545	0.085512	0.049366	1.718864	9182100.000000
2020-12-15	-0.013244	0.071440	0.071542	0.039736	-1.303307	12101000.000000
2020-12-14	-0.020124	0.069693	0.076066	0.036436	-2.021088	8272700.000000
2020-12-11	-0.010699	0.054112	0.058150	0.040025	-1.086090	5205200.000000
2020-12-10	-0.010859	0.062640	0.062737	0.039353	-1.114441	6285700.000000
2020-12-09	0.009100	0.060905	0.073195	0.058250	0.925545	7350700.000000
2020-12-08	0.017479	0.057439	0.083950	0.056439	1.747200	6688200.000000
2020-12-07	-0.013423	0.056471	0.058149	0.035942	-1.359978	6532500.000000
2020-12-04	0.024251	0.061670	0.084821	0.061670	2.398857	7235800.000000
2020-12-03	-0.002381	0.058941	0.066000	0.051881	-0.236122	4693600.000000
2020-12-02	0.009131	0.058433	0.072477	0.051512	0.897217	5492200.000000
2020-12-01	-0.005164	0.063598	0.077064	0.053373	-0.509995	7623500.000000
2020-11-30	-0.002955	0.061162	0.064190	0.046322	-0.292770	20726500.000000
2020-11-27	0.006622	0.066766	0.075099	0.059856	0.651665	4418800.000000
2020-11-25	0.002308	0.057414	0.063932	0.053034	0.226654	6368100.000000
2020-11-24	0.017420	0.066094	0.086197	0.062985	1.681084	9322200.000000
2020-11-23	0.013289	0.070390	0.079000	0.061255	1.265549	7541500.000000
2020-11-20	0.011739	0.061814	0.081787	0.047685	1.104973	9682500.000000
2020-11-19	0.009623	0.059269	0.074178	0.057445	0.897202	7550300.000000
2020-11-18	-0.004939	0.067271	0.070366	0.053183	-0.462769	8880600.000000
2020-11-17	0.008642	0.069712	0.079293	0.062930	0.802765	11593500.000000
2020-11-16	-0.006866	0.068676	0.074876	0.051249	-0.642204	8611300.000000
2020-11-13	0.014754	0.056779	0.079995	0.056670	1.359978	6888600.000000
2020-11-12	-0.005604	0.051828	0.054525	0.038666	-0.519440	7646600.000000
2020-11-11	-0.007282	0.061839	0.069549	0.047060	-0.679985	9476500.000000
2020-11-10	0.039424	0.068747	0.103478	0.064517	3.541603	12267200.000000
2020-11-09	0.024448	0.091797	0.105595	0.079595	2.143860	11028900.000000
2020-11-06	-0.008966	0.050816	0.058388	0.036463	-0.793320	7006900.000000
2020-11-05	-0.008571	0.068476	0.070269	0.042033	-0.764992	8013000.000000
2020-11-04	0.074352	0.121195	0.173560	0.115538	6.176582	25849000.000000
2020-11-03	-0.003286	0.069518	0.072518	0.049001	-0.273888	8518800.000000
2020-11-02	0.037015	0.070411	0.101641	0.070038	2.974945	10781400.000000
2020-10-30	0.054915	0.092047	0.130637	0.089422	4.183823	18089100.000000
2020-10-29	0.002236	0.058971	0.070416	0.040686	0.170006	8876700.000000
2020-10-28	-0.026841	0.041429	0.052439	0.027219	-2.096642	11480200.000000
2020-10-27	-0.014418	0.059849	0.063130	0.043194	-1.142754	6705600.000000
2020-10-26	-0.004980	0.055701	0.058589	0.039631	-0.396667	7986300.000000
2020-10-23	0.000356	0.062984	0.069389	0.054193	0.028336	4238700.000000
2020-10-22	0.017131	0.060501	0.084388	0.059223	1.341103	8080100.000000
2020-10-21	-0.016143	0.050419	0.057457	0.037600	-1.284439	9776900.000000
2020-10-20	-0.000712	0.057333	0.065370	0.047662	-0.056664	6932100.000000
2020-10-19	-0.022719	0.062767	0.065222	0.032574	-1.851082	10288000.000000
2020-10-16	0.012202	0.067039	0.082693	0.065424	0.982208	5358500.000000
2020-10-15	-0.009759	0.050721	0.054780	0.045185	-0.793320	6190900.000000
2020-10-14	-0.006694	0.061039	0.064461	0.049675	-0.547768	5863900.000000
2020-10-13	-0.005548	0.069492	0.079092	0.062930	-0.456551	7851700.000000
2020-10-12	0.007069	0.079011	0.084273	0.068609	0.577675	7314900.000000
2020-10-09	0.004122	0.074119	0.089971	0.073382	0.335426	6005800.000000
2020-10-08	0.003101	0.075724	0.091872	0.071410	0.251564	5535100.000000
2020-10-07	0.013739	0.076633	0.090878	0.075009	1.099464	5899700.000000
2020-10-06	-0.023200	0.073747	0.074846	0.046162	-1.900757	8743800.000000
2020-10-05	0.021017	0.077870	0.098932	0.074381	1.686447	5984200.000000
2020-10-02	-0.011705	0.065377	0.075846	0.059834	-0.950371	5554300.000000
2020-10-01	-0.005138	0.080366	0.080366	0.062721	-0.419281	8777300.000000
2020-09-30	0.008056	0.074618	0.092405	0.072271	0.652222	8209300.000000
2020-09-29	-0.004468	0.071169	0.073259	0.061331	-0.363388	5508900.000000
2020-09-28	0.012177	0.086453	0.097779	0.081225	0.978340	6306900.000000
2020-09-25	0.003725	0.074383	0.085127	0.067637	0.298149	9935600.000000
2020-09-24	-0.014115	0.071535	0.071535	0.050843	-1.146042	9980800.000000
2020-09-23	-0.016478	0.078105	0.081375	0.055331	-1.360336	6253000.000000
2020-09-22	-0.005500	0.070970	0.071573	0.059285	-0.456551	5306100.000000
2020-09-21	-0.011320	0.061706	0.065160	0.038242	-0.950386	7328300.000000
2020-09-18	0.005356	0.071583	0.083677	0.064039	0.447250	10076300.000000
2020-09-17	-0.001671	0.067521	0.085572	0.066087	-0.139763	5604700.000000
2020-09-16	-0.012430	0.074558	0.077509	0.058856	-1.052887	6304400.000000
2020-09-15	0.004642	0.084052	0.090931	0.075038	0.391342	3851300.000000
2020-09-14	0.008807	0.077447	0.091925	0.070388	0.736084	5212300.000000
2020-09-11	0.000558	0.075175	0.081520	0.065957	0.046585	8385800.000000
2020-09-10	-0.021609	0.066700	0.070682	0.048076	-1.844856	10403600.000000
2020-09-09	0.015629	0.080873	0.099549	0.076709	1.313759	5373500.000000
2020-09-08	-0.017960	0.069170	0.073142	0.044988	-1.537384	8563900.000000
2020-09-04	0.000000	0.075712	0.087979	0.058189	0.000000	9444800.000000
2020-09-03	-0.022139	0.072460	0.077372	0.040587	-1.938004	8921900.000000
2020-09-02	0.018538	0.071281	0.096530	0.069303	1.593262	9139200.000000
2020-09-01	-0.036859	0.070457	0.074940	0.023053	-3.289047	15783600.000000
2020-08-31	0.016991	0.072690	0.094230	0.071436	1.490807	9932300.000000
2020-08-28	-0.001379	0.075763	0.077243	0.064496	-0.121140	4938300.000000
2020-08-27	-0.000530	0.073032	0.081335	0.065524	-0.046600	5271500.000000
2020-08-26	0.003083	0.066869	0.077253	0.060480	0.270218	5682800.000000
2020-08-25	-0.004761	0.069852	0.076439	0.066446	-0.419281	6710000.000000
2020-08-24	-0.003690	0.073712	0.077558	0.065565	-0.326118	4103600.000000
2020-08-21	-0.003571	0.073259	0.074612	0.063338	-0.316780	5269000.000000
2020-08-20	-0.009365	0.066447	0.072477	0.057400	-0.838577	6798000.000000
2020-08-19	0.004705	0.089641	0.093120	0.075503	0.419281	7672000.000000
2020-08-18	-0.007265	0.076267	0.077158	0.059892	-0.652206	4557400.000000
2020-08-17	0.013464	0.075743	0.097982	0.075404	1.192619	7251400.000000
2020-08-14	0.004119	0.081194	0.084481	0.071672	0.363380	5488100.000000
2020-08-13	-0.008690	0.069101	0.073147	0.056403	-0.773346	6004200.000000
2020-08-12	0.030646	0.082293	0.106961	0.080903	2.646149	7705600.000000
2020-08-11	0.003139	0.072446	0.083831	0.070355	0.270195	7208400.000000
2020-08-10	-0.005811	0.069910	0.081922	0.064365	-0.503128	7623600.000000
2020-08-07	0.003781	0.074651	0.078245	0.068969	0.326111	5226600.000000
2020-08-06	-0.007292	0.074065	0.077863	0.056340	-0.633591	7269300.000000
2020-08-05	-0.011030	0.075308	0.079064	0.060055	-0.969009	6918900.000000
2020-08-04	-0.017198	0.073035	0.074266	0.052228	-1.537376	7865100.000000
2020-08-03	0.010852	0.076425	0.098815	0.074955	0.959686	6919000.000000
2020-07-31	-0.011766	0.067672	0.086781	0.045433	-1.052856	14613000.000000
2020-07-30	-0.009999	0.065515	0.070272	0.055558	-0.903793	6411500.000000
2020-07-29	0.003102	0.075035	0.080917	0.072482	0.279526	5512000.000000
2020-07-28	-0.004632	0.071492	0.078340	0.065527	-0.419289	5941800.000000
2020-07-27	0.000515	0.064860	0.081880	0.063865	0.046593	5030700.000000
2020-07-24	-0.009385	0.073478	0.075011	0.056070	-0.857201	5169400.000000
2020-07-23	0.003378	0.079191	0.086661	0.070513	0.307480	5127200.000000
2020-07-22	0.003080	0.077667	0.082956	0.068080	0.279518	4441800.000000
2020-07-21	-0.021499	0.076170	0.076170	0.047705	-1.993927	8239000.000000
2020-07-20	-0.012794	0.072514	0.077730	0.056548	-1.201958	4823300.000000
2020-07-17	0.009107	0.077233	0.087867	0.073259	0.847893	6890900.000000
2020-07-16	-0.005573	0.064821	0.070589	0.055421	-0.521774	4269200.000000
2020-07-15	0.016284	0.085526	0.090736	0.072716	1.500099	5661600.000000
2020-07-14	0.022652	0.076479	0.100124	0.065044	2.040520	6765600.000000
2020-07-13	0.010637	0.092305	0.116987	0.087368	0.948105	8507400.000000
2020-07-10	-0.011333	0.087690	0.090684	0.068833	-1.021744	6202500.000000
2020-07-09	-0.013497	0.084170	0.091830	0.059331	-1.233482	5817300.000000
2020-07-08	-0.000705	0.090732	0.099699	0.077611	-0.064438	6154400.000000
2020-07-07	0.003434	0.082738	0.104792	0.081421	0.312965	6345600.000000
2020-07-06	0.001315	0.094708	0.096466	0.076141	0.119675	7039000.000000
2020-07-02	-0.002623	0.089755	0.095673	0.072332	-0.239342	6158800.000000
2020-07-01	0.009778	0.089899	0.102735	0.078834	0.883698	6522900.000000
2020-06-30	0.018042	0.081064	0.113844	0.079487	1.601677	8112500.000000
2020-06-29	0.003225	0.090540	0.099920	0.081273	0.285355	6676400.000000
2020-06-26	-0.008867	0.085238	0.086806	0.064517	-0.791634	14568400.000000
2020-06-25	0.019445	0.086815	0.108396	0.076995	1.702934	6411700.000000
2020-06-24	-0.022300	0.076869	0.084684	0.053313	-1.997498	9025100.000000
2020-06-23	0.000411	0.099202	0.106797	0.083902	0.036835	6715600.000000
2020-06-22	0.005790	0.085572	0.092986	0.076361	0.515472	6004300.000000
2020-06-19	0.004988	0.103179	0.108598	0.080940	0.441841	9210900.000000
2020-06-18	0.005118	0.084316	0.094415	0.080912	0.451057	4571600.000000
2020-06-17	-0.003331	0.095293	0.098120	0.077424	-0.294563	6212200.000000
2020-06-16	0.032015	0.107133	0.122773	0.091027	2.743103	9366100.000000
2020-06-15	0.006706	0.072376	0.104805	0.066619	0.570709	7120200.000000
2020-06-12	0.002168	0.103785	0.115560	0.071875	0.184105	8010100.000000
2020-06-11	-0.047884	0.072793	0.086246	0.031760	-4.271149	12584800.000000
2020-06-10	0.007591	0.095621	0.122280	0.093475	0.671967	11138300.000000
2020-06-09	0.016704	0.090493	0.110132	0.088311	1.454407	9555900.000000
2020-06-08	0.007885	0.075478	0.099786	0.074320	0.681175	6621400.000000
2020-06-05	0.008706	0.091729	0.115549	0.083673	0.745598	9630100.000000
2020-06-04	0.023655	0.079067	0.117315	0.078709	1.979095	9525700.000000
2020-06-03	-0.001648	0.091490	0.091848	0.069175	-0.138069	8588400.000000
2020-06-02	0.003749	0.089593	0.098336	0.078573	0.312981	9413300.000000
2020-06-01	-0.021258	0.079090	0.090930	0.063147	-1.813408	8486500.000000
2020-05-29	0.029324	0.098063	0.120869	0.081170	2.430138	13758800.000000
2020-05-28	0.000556	0.097104	0.100967	0.086600	0.046013	8765900.000000
2020-05-27	-0.008047	0.084323	0.089832	0.060610	-0.671959	12529500.000000
2020-05-26	-0.015092	0.102282	0.103698	0.065245	-1.279503	11869800.000000
2020-05-22	-0.009890	0.084607	0.086242	0.071293	-0.846863	5507000.000000
2020-05-21	0.020068	0.087431	0.109470	0.076351	1.684509	10393200.000000
2020-05-20	-0.000110	0.097436	0.102320	0.070873	-0.009201	10661500.000000
2020-05-19	-0.002952	0.083864	0.088496	0.063674	-0.248543	9892500.000000
2020-05-18	0.008379	0.101808	0.121688	0.093544	0.699600	16300200.000000
2020-05-15	0.008561	0.087204	0.100974	0.080078	0.708794	14071200.000000
2020-05-14	0.012040	0.071078	0.106039	0.068756	0.984940	13379500.000000
2020-05-13	-0.017577	0.089721	0.107735	0.053573	-1.463593	23562600.000000
2020-05-12	0.029124	0.112312	0.139873	0.093403	2.356483	23492300.000000
2020-05-11	0.046927	0.100850	0.144584	0.086617	3.626793	19219800.000000
2020-05-08	-0.003087	0.088938	0.092034	0.063527	-0.239342	20188100.000000
2020-05-07	-0.014048	0.100348	0.104418	0.062703	-1.104607	11941800.000000
2020-05-06	0.000586	0.097938	0.121735	0.084831	0.046028	17042600.000000
2020-05-05	0.042878	0.100824	0.147670	0.096179	3.230988	10927000.000000
2020-05-04	-0.011830	0.078228	0.086358	0.063803	-0.902100	6833000.000000
2020-05-01	0.007786	0.083054	0.113187	0.063891	0.589127	12705300.000000
2020-04-30	-0.018625	0.076112	0.079874	0.053545	-1.435997	15535800.000000
2020-04-29	0.012083	0.098960	0.112481	0.078220	0.920517	8231700.000000
2020-04-28	-0.022789	0.099314	0.102778	0.056599	-1.776581	8341000.000000
2020-04-27	0.013160	0.092077	0.103644	0.088828	1.012566	9209700.000000
2020-04-24	0.018893	0.097349	0.107943	0.090463	1.426765	6770700.000000
2020-04-23	0.006997	0.095826	0.117828	0.092892	0.524696	7869600.000000
2020-04-22	0.013813	0.098120	0.114612	0.091360	1.021759	7033300.000000
2020-04-21	-0.043219	0.067216	0.073165	0.035009	-3.341438	9627500.000000
2020-04-20	0.006471	0.087530	0.110833	0.075684	0.497086	9126300.000000
2020-04-17	0.019423	0.114758	0.125242	0.094852	1.463600	10734800.000000
2020-04-16	0.000489	0.098441	0.111586	0.083172	0.036812	10326900.000000
2020-04-15	-0.003774	0.064930	0.098396	0.053158	-0.285339	8977300.000000
2020-04-14	0.038043	0.106954	0.137573	0.102423	2.770706	11072700.000000
2020-04-13	0.006897	0.115142	0.124404	0.087491	0.498848	9293500.000000
2020-04-09	0.015147	0.102560	0.123893	0.102560	1.079292	9425900.000000
2020-04-08	0.042048	0.117917	0.155063	0.093639	2.875137	12218500.000000
2020-04-07	-0.004490	0.141142	0.144054	0.095572	-0.308380	11591700.000000
2020-04-06	0.032166	0.138175	0.161017	0.112478	2.140465	10266500.000000
2020-04-03	-0.023426	0.095516	0.107110	0.064698	-1.596268	8062700.000000
2020-04-02	0.023291	0.092950	0.133796	0.073127	1.550941	8077800.000000
2020-04-01	-0.036357	0.043663	0.070724	0.033678	-2.512352	12948000.000000
2020-03-31	0.012626	0.104905	0.141833	0.090837	0.861641	20474400.000000
2020-03-30	0.035365	0.115457	0.156725	0.114698	2.330933	10671600.000000
2020-03-27	-0.015712	0.069706	0.120929	0.055967	-1.052101	12293300.000000
2020-03-26	0.087174	0.117335	0.206468	0.116361	5.369316	15979400.000000
2020-03-25	0.006223	0.109585	0.154674	0.070867	0.380939	20017300.000000
2020-03-24	0.046357	0.165124	0.227688	0.146834	2.711868	18376300.000000
2020-03-23	-0.062772	0.079490	0.085418	0.002109	-3.918152	19219000.000000
2020-03-20	-0.031523	0.132661	0.132661	0.036618	-2.031635	18844500.000000
2020-03-19	0.000422	0.072602	0.161856	0.014083	0.027214	19739900.000000
2020-03-18	-0.027253	0.056960	0.077948	-0.023218	-1.804901	23712800.000000
2020-03-17	-0.016830	0.123938	0.153628	0.039023	-1.133705	23205000.000000
2020-03-16	-0.130022	0.020291	0.061361	-0.049708	-10.067490	20916000.000000
2020-03-13	0.085994	0.169182	0.210699	0.131734	6.131180	21867700.000000
2020-03-12	-0.073541	0.024595	0.056301	0.001335	-5.659546	19935700.000000
2020-03-11	-0.030618	0.080769	0.091350	0.052679	-2.430710	10382200.000000
2020-03-10	0.026504	0.140317	0.140705	0.083036	2.049774	12965800.000000
2020-03-09	-0.039968	0.042728	0.084189	0.023239	-3.219765	15806200.000000
2020-03-06	-0.019755	0.079684	0.092218	0.061797	-1.623505	12664600.000000
2020-03-05	-0.012425	0.082252	0.102080	0.074681	-1.033966	9688400.000000
2020-03-04	0.047733	0.123965	0.156574	0.119936	3.791191	16590400.000000
2020-03-03	-0.012628	0.111884	0.130034	0.064893	-1.015823	12660900.000000
2020-03-02	0.034768	0.106291	0.142052	0.074775	2.702797	12171100.000000
2020-02-28	0.003395	0.068614	0.106304	0.052996	0.263023	18450000.000000
2020-02-27	-0.033820	0.074875	0.115530	0.050058	-2.711868	14184100.000000
2020-02-26	-0.008634	0.095637	0.127287	0.090321	-0.698372	9786900.000000
2020-02-25	-0.042517	0.104691	0.106349	0.043017	-3.591629	11366400.000000
2020-02-24	-0.019166	0.070166	0.089905	0.069934	-1.650703	10705100.000000
2020-02-21	0.007747	0.099401	0.117654	0.092615	0.662086	6676000.000000
2020-02-20	0.000956	0.100101	0.105489	0.084407	0.081642	5446200.000000
2020-02-19	0.005662	0.104445	0.116459	0.095611	0.480682	6349100.000000
2020-02-18	-0.004678	0.098106	0.107836	0.093299	-0.399078	9406300.000000
2020-02-14	-0.013634	0.101173	0.101982	0.084291	-1.179054	11175800.000000
2020-02-13	-0.024952	0.091962	0.097712	0.073697	-2.213043	10613000.000000
2020-02-12	0.018646	0.102331	0.123923	0.099230	1.623505	10591000.000000
2020-02-11	0.013193	0.108495	0.129674	0.105586	1.133720	10682800.000000
2020-02-10	0.026655	0.103397	0.140909	0.100410	2.231163	13998300.000000
2020-02-07	0.058614	0.134937	0.175913	0.124060	4.634674	19090300.000000
2020-02-06	0.006349	0.118597	0.119488	0.097342	0.498833	7769700.000000
2020-02-05	0.026909	0.111709	0.138894	0.109357	2.058846	10020600.000000
2020-02-04	0.025030	0.119842	0.134847	0.119842	1.868370	8251500.000000
2020-02-03	0.015799	0.106507	0.124062	0.101200	1.160950	10143700.000000
2020-01-31	-0.009293	0.099325	0.101752	0.084090	-0.689308	13870100.000000
2020-01-30	-0.017067	0.094344	0.097127	0.075792	-1.287903	10870000.000000
2020-01-29	-0.006805	0.102955	0.105588	0.094137	-0.516998	5703200.000000
2020-01-28	-0.002975	0.115290	0.115290	0.097574	-0.226723	8614400.000000
2020-01-27	0.005745	0.122489	0.134104	0.108631	0.435326	13832000.000000
2020-01-24	-0.020288	0.104629	0.105276	0.070106	-1.569069	13215400.000000
2020-01-23	-0.022245	0.100538	0.100791	0.074494	-1.759537	12266800.000000
2020-01-22	-0.008865	0.103062	0.104816	0.092035	-0.707443	6438900.000000
2020-01-21	-0.000114	0.098551	0.109201	0.097173	-0.009071	13552000.000000
2020-01-17	-0.014116	0.100955	0.102684	0.084403	-1.142792	10122300.000000
2020-01-16	0.000000	0.103178	0.109231	0.098361	0.000000	7073200.000000
2020-01-15	0.012018	0.102311	0.123562	0.102311	0.961403	8490100.000000
2020-01-14	0.009847	0.099531	0.116447	0.095365	0.780014	8876900.000000
2020-01-13	-0.006063	0.122977	0.122977	0.103153	-0.483253	9292200.000000
2020-01-10	-0.012748	0.117704	0.118448	0.100362	-1.029129	8581400.000000
2020-01-09	0.007708	0.123573	0.126320	0.111590	0.617493	7518000.000000
2020-01-08	0.007087	0.120725	0.132165	0.117205	0.563766	7696800.000000
2020-01-07	-0.005705	0.111582	0.119207	0.103207	-0.456390	7242500.000000
2020-01-06	0.007892	0.111409	0.129047	0.108386	0.626419	6786600.000000
2020-01-03	-0.009492	0.100236	0.115460	0.096867	-0.760674	5988500.000000
2020-01-02	0.011407	0.124272	0.130456	0.117078	0.903847	5639200.000000
