2022-12-30	-0.011041	0.008112	0.010004	-0.011125	-1.050270	1405300.000000
2022-12-29	0.006816	0.015301	0.023027	0.012549	0.644028	1415900.000000
2022-12-28	-0.009658	0.011365	0.015243	-0.001108	-0.921455	1391800.000000
2022-12-27	0.006270	0.012222	0.017390	0.004522	0.594490	1327300.000000
2022-12-23	0.012914	0.006918	0.022730	0.005102	1.208794	1406200.000000
2022-12-22	-0.009125	0.005140	0.005775	-0.015820	-0.862007	3310100.000000
2022-12-21	0.017829	0.013471	0.027478	0.010346	1.654663	2399200.000000
2022-12-20	-0.003511	0.009591	0.013134	0.001645	-0.326973	1975400.000000
2022-12-19	-0.006027	0.004253	0.015352	-0.002471	-0.564766	3337000.000000
2022-12-16	-0.010464	0.002404	0.002404	-0.019878	-0.990814	6084100.000000
2022-12-15	-0.029648	0.007731	0.009576	-0.023216	-2.893181	6069100.000000
2022-12-14	-0.001318	0.013055	0.026257	0.002719	-0.128815	3048300.000000
2022-12-13	0.000710	0.021763	0.027395	-0.001382	0.069359	4842800.000000
2022-12-12	0.020398	0.017002	0.030273	0.006970	1.951912	2132700.000000
2022-12-09	-0.011666	0.009785	0.011437	-0.004881	-1.129532	2552300.000000
2022-12-08	0.010862	0.007807	0.026182	0.005928	1.040359	3735000.000000
2022-12-07	0.003113	0.020789	0.033042	0.008221	0.297241	6140700.000000
2022-12-06	0.019573	0.007347	0.031906	0.005958	1.833015	4255100.000000
2022-12-05	-0.006308	0.003008	0.007253	-0.001448	-0.594490	2496000.000000
2022-12-02	-0.014096	-0.003389	-0.002029	-0.011444	-1.347511	3492000.000000
2022-12-01	-0.003306	0.019069	0.023970	0.000719	-0.317062	2846500.000000
2022-11-30	0.022715	0.008416	0.033047	0.002018	2.130257	4346800.000000
2022-11-29	-0.005986	0.002697	0.005665	-0.003557	-0.564766	2044500.000000
2022-11-28	-0.002619	0.027135	0.028403	-0.006377	-0.247704	4529100.000000
2022-11-25	0.003574	0.011603	0.016483	0.007359	0.336884	1252000.000000
2022-11-23	0.015153	0.009269	0.025424	0.006253	1.406952	3323000.000000
2022-11-22	0.006012	0.014253	0.026063	0.008077	0.554855	3286800.000000
2022-11-21	0.020486	0.010817	0.031935	0.009932	1.852829	3150700.000000
2022-11-18	0.024812	0.016181	0.037823	0.016181	2.189705	4318800.000000
2022-11-17	-0.007466	0.001509	0.006907	-0.004565	-0.663841	2587800.000000
2022-11-16	0.005828	0.015038	0.024879	0.012549	0.515221	3294700.000000
2022-11-15	0.006316	0.021335	0.031125	0.002325	0.554855	4912300.000000
2022-11-14	-0.014670	0.013194	0.016111	-0.007781	-1.307877	3045700.000000
2022-11-11	-0.019826	0.003442	0.010698	-0.019866	-1.803291	3966700.000000
2022-11-10	0.045320	0.038115	0.057077	0.022140	3.943459	4114900.000000
2022-11-09	-0.006786	0.008013	0.013606	0.000251	-0.594498	2932000.000000
2022-11-08	0.014205	0.019437	0.037497	0.018743	1.227005	2959600.000000
2022-11-07	-0.017528	0.021813	0.021813	-0.014127	-1.541115	3038600.000000
2022-11-04	0.010036	0.020351	0.030230	0.007714	0.873627	3304300.000000
2022-11-03	0.005328	0.013661	0.034565	0.007425	0.461349	4020800.000000
2022-11-02	-0.003615	0.018512	0.043023	0.014600	-0.314110	3166600.000000
2022-11-01	0.006938	0.020828	0.033574	0.015266	0.598778	4169800.000000
2022-10-31	-0.016555	0.018173	0.018629	-0.004504	-1.452774	4104000.000000
2022-10-28	0.025465	0.023183	0.046554	0.023183	2.179153	2633900.000000
2022-10-27	-0.003087	0.003831	0.040527	0.003598	-0.265030	2740500.000000
2022-10-26	0.000343	0.025502	0.032610	0.016645	0.029449	2197600.000000
2022-10-25	0.016512	0.019335	0.037222	0.018624	1.393875	2580000.000000
2022-10-24	0.004321	0.028855	0.034922	0.014222	0.363190	2141900.000000
2022-10-21	0.020255	0.020927	0.045810	0.012431	1.668724	2278600.000000
2022-10-20	-0.022934	0.023368	0.023368	-0.009246	-1.933754	3165500.000000
2022-10-19	-0.007854	0.005682	0.015919	0.000740	-0.667488	1806500.000000
2022-10-18	0.017989	0.029643	0.040423	0.022216	1.501846	2612300.000000
2022-10-17	0.018319	0.034356	0.049724	0.033502	1.501862	3606400.000000
2022-10-14	-0.014862	0.025472	0.035445	-0.000964	-1.236824	4001200.000000
2022-10-13	0.037191	0.007027	0.059871	0.000796	2.984070	4047100.000000
2022-10-12	-0.036880	0.018743	0.018743	-0.019669	-3.072411	2552800.000000
2022-10-11	0.004973	0.017054	0.039733	0.015486	0.412270	3921000.000000
2022-10-10	0.017593	0.021934	0.043294	0.021566	1.433144	4127900.000000
2022-10-07	-0.017986	0.019225	0.023203	-0.004644	-1.492043	3717000.000000
2022-10-06	-0.036374	0.016187	0.018278	-0.022030	-3.131310	4211100.000000
2022-10-05	-0.032650	0.005371	0.007281	-0.018002	-2.905548	3296800.000000
2022-10-04	0.027542	0.022668	0.052805	0.020359	2.385300	5094100.000000
2022-10-03	0.020590	0.033473	0.050324	0.026874	1.747253	6209900.000000
2022-09-30	-0.029415	0.025376	0.029379	-0.015456	-2.571800	5127200.000000
2022-09-29	-0.047991	0.020485	0.020485	-0.032761	-4.407387	3429200.000000
2022-09-28	0.007538	0.030042	0.033005	0.016439	0.687111	3419200.000000
2022-09-27	-0.028966	0.021406	0.022152	-0.012684	-2.719032	2924100.000000
2022-09-26	-0.021588	0.014678	0.019576	-0.017529	-2.071182	3504700.000000
2022-09-23	-0.011529	0.011222	0.012664	-0.005881	-1.119026	2096800.000000
2022-09-22	0.003145	0.015952	0.028458	0.013265	0.304298	1939500.000000
2022-09-21	-0.011929	0.025687	0.032631	0.006386	-1.168106	2853200.000000
2022-09-20	-0.013352	0.015418	0.015619	-0.006043	-1.325165	2273600.000000
2022-09-19	0.007473	0.016611	0.026762	0.012043	0.736198	2873400.000000
2022-09-16	0.001697	0.020573	0.027385	0.016506	0.166870	5319700.000000
2022-09-15	-0.030294	0.015094	0.015094	-0.014782	-3.072411	3097500.000000
2022-09-14	0.010959	0.018743	0.035689	0.018743	1.099403	1430600.000000
2022-09-13	-0.028332	0.010607	0.015934	-0.013704	-2.925179	3093400.000000
2022-09-12	0.004489	0.018743	0.027402	0.015143	0.461349	1772500.000000
2022-09-09	0.007020	0.025307	0.033537	0.015313	0.716560	2000000.000000
2022-09-08	-0.007256	0.011934	0.022439	0.006585	-0.746010	2929900.000000
2022-09-07	0.031312	0.024962	0.052747	0.024962	3.121498	2845600.000000
2022-09-06	0.004649	0.019851	0.040510	0.019347	0.461357	2740800.000000
2022-09-02	-0.012600	0.022325	0.032375	0.001827	-1.266273	2320800.000000
2022-09-01	0.021756	0.019251	0.047007	0.018844	2.139893	2828600.000000
2022-08-31	-0.011249	0.019748	0.024272	0.005272	-1.119026	3253700.000000
2022-08-30	-0.015447	0.018347	0.018644	-0.000755	-1.560753	1826200.000000
2022-08-29	0.010902	0.015041	0.036152	0.007837	1.089584	1663500.000000
2022-08-26	-0.015090	0.020812	0.022192	0.002680	-1.531296	2004700.000000
2022-08-25	0.007013	0.023208	0.026781	0.013185	0.706741	1466200.000000
2022-08-24	-0.000389	0.018147	0.019536	0.010807	-0.039253	1382500.000000
2022-08-23	-0.006866	0.019531	0.019531	0.007118	-0.696945	1169500.000000
2022-08-22	-0.014580	0.019325	0.019325	0.001948	-1.501846	2612400.000000
2022-08-19	0.005461	0.017864	0.028308	0.014936	0.559509	2426200.000000
2022-08-18	0.000383	0.021281	0.029972	0.017766	0.039268	2151200.000000
2022-08-17	-0.001245	0.012501	0.025472	0.012501	-0.127609	1877000.000000
2022-08-16	-0.000956	0.012117	0.027414	0.012117	-0.098160	2063200.000000
2022-08-15	0.007516	0.018743	0.027086	0.016877	0.765648	2056700.000000
2022-08-12	0.025494	0.028004	0.045419	0.023877	2.532539	3186600.000000
2022-08-11	-0.001382	0.018341	0.030203	0.012711	-0.137428	2214200.000000
2022-08-10	0.007656	0.024213	0.027252	0.015906	0.755836	2311400.000000
2022-08-09	0.012789	0.020794	0.034542	0.020794	1.246628	1867100.000000
2022-08-08	0.006234	0.036862	0.044501	0.027364	0.603859	2050400.000000
2022-08-05	-0.004903	0.026642	0.029005	0.013596	-0.477242	2699300.000000
2022-08-04	0.003615	0.025508	0.034580	0.021281	0.350624	2864500.000000
2022-08-03	0.011477	0.025806	0.041031	0.008704	1.100571	2099000.000000
2022-08-02	-0.006458	0.026745	0.033479	0.019078	-0.623329	2139300.000000
2022-08-01	0.005479	0.023828	0.033516	0.019661	0.525925	2643200.000000
2022-07-29	0.009629	0.024115	0.042942	0.021696	0.915520	5858500.000000
2022-07-28	0.013812	0.035382	0.042633	0.022906	1.295357	2805200.000000
2022-07-27	-0.001348	0.009813	0.028023	0.004596	-0.126617	2757600.000000
2022-07-26	0.006472	0.025887	0.038534	0.025137	0.603851	2492400.000000
2022-07-25	0.015368	0.028595	0.043830	0.023480	1.412239	2626800.000000
2022-07-22	0.016812	0.035044	0.044117	0.031171	1.519356	1870100.000000
2022-07-21	0.000863	0.023976	0.028295	0.019546	0.077919	2061600.000000
2022-07-20	-0.009403	0.029707	0.031572	0.011386	-0.857071	2293300.000000
2022-07-19	0.002356	0.036862	0.036862	0.026965	0.214256	2568900.000000
2022-07-18	-0.019429	0.024049	0.024049	0.005610	-1.801804	2354100.000000
2022-07-15	0.010077	0.028923	0.037636	0.016942	0.925247	2376900.000000
2022-07-14	0.003940	0.010890	0.032759	0.007391	0.360359	2043200.000000
2022-07-13	-0.004980	0.016735	0.030662	0.014233	-0.457748	2071100.000000
2022-07-12	-0.006736	0.025664	0.036579	0.015506	-0.623329	1945100.000000
2022-07-11	0.007102	0.025874	0.038826	0.020868	0.652557	1699200.000000
2022-07-08	-0.001904	0.030329	0.031307	0.019250	-0.175323	1979100.000000
2022-07-07	-0.002954	0.031835	0.036709	0.022521	-0.272713	2604500.000000
2022-07-06	0.013037	0.028720	0.050883	0.023344	1.188232	2574100.000000
2022-07-05	-0.044615	0.023286	0.025173	-0.028916	-4.256165	3654900.000000
2022-07-01	0.020950	0.027387	0.049005	0.020859	1.957634	2833600.000000
2022-06-30	0.005977	-0.007969	0.013421	-0.009227	0.570000	3046800.000000
2022-06-29	0.003050	0.001683	0.006731	-0.002945	0.290001	1700100.000000
2022-06-28	0.001053	0.001158	0.012740	-0.002106	0.099998	2318500.000000
2022-06-27	0.014744	-0.001816	0.015171	-0.004167	1.380005	2910900.000000
2022-06-24	0.012877	0.001082	0.016016	0.000108	1.189995	3647200.000000
2022-06-23	0.023253	0.008969	0.025579	0.005758	2.100006	2991900.000000
2022-06-22	0.004002	-0.005225	0.013452	-0.005336	0.360001	2632500.000000
2022-06-21	0.017419	0.001584	0.023866	0.000452	1.539993	3197400.000000
2022-06-17	-0.008745	0.010203	0.012333	-0.017491	-0.779999	8000800.000000
2022-06-16	-0.016106	-0.016988	-0.008274	-0.026365	-1.459999	3908000.000000
2022-06-15	0.002322	0.007408	0.016254	-0.019350	0.209999	3954800.000000
2022-06-14	-0.027631	0.001183	0.008494	-0.039243	-2.570000	3482800.000000
2022-06-13	-0.053430	-0.011805	-0.006920	-0.057501	-5.250000	4241100.000000
2022-06-10	0.000000	-0.008345	0.009159	-0.012721	0.000000	3003000.000000
2022-06-09	-0.022580	-0.000597	0.006466	-0.023476	-2.269997	2279800.000000
2022-06-08	-0.018549	-0.002343	-0.002343	-0.021283	-1.900002	1814500.000000
2022-06-07	0.003625	0.001764	0.004703	-0.009308	0.370003	1461700.000000
2022-06-06	0.001079	0.003924	0.008239	-0.004120	0.110001	1499000.000000
2022-06-03	-0.002934	-0.003325	0.002347	-0.006064	-0.300003	1682400.000000
2022-06-02	0.002058	0.004704	0.006664	-0.019894	0.209999	2261200.000000
2022-06-01	0.000098	0.006077	0.008527	-0.011271	0.010002	2234500.000000
2022-05-31	-0.014869	-0.007628	-0.004055	-0.022980	-1.540001	3319500.000000
2022-05-27	0.009651	-0.001560	0.010236	-0.006629	0.989998	2713400.000000
2022-05-26	0.000976	0.006050	0.009856	0.000000	0.099998	2574800.000000
2022-05-25	0.002544	0.001272	0.007533	-0.004598	0.260002	2393000.000000
2022-05-24	0.019448	0.004388	0.022938	-0.003590	1.950005	2534300.000000
2022-05-23	0.005717	0.008626	0.017152	-0.001103	0.570000	2485500.000000
2022-05-20	0.006664	0.000101	0.009087	-0.008582	0.659996	2925600.000000
2022-05-19	-0.008410	-0.004105	-0.002903	-0.023128	-0.839996	2749800.000000
2022-05-18	-0.005179	0.004681	0.011355	-0.008367	-0.520004	3580900.000000
2022-05-17	0.010162	0.002817	0.010665	-0.013482	1.010002	2521200.000000
2022-05-16	-0.003009	0.001705	0.005918	-0.007022	-0.300003	2142200.000000
2022-05-13	0.011773	0.002233	0.013092	-0.006495	1.160004	2270400.000000
2022-05-12	-0.012528	-0.002806	0.004710	-0.026057	-1.250000	2905400.000000
2022-05-11	0.007065	-0.001514	0.022406	-0.003028	0.699997	3331400.000000
2022-05-10	-0.006119	0.005718	0.019260	-0.017354	-0.610001	3174300.000000
2022-05-09	0.000401	-0.007526	0.010938	-0.018565	0.040001	3170300.000000
2022-05-06	-0.000100	-0.001706	0.004515	-0.010034	-0.010002	3291000.000000
2022-05-05	-0.010524	-0.005659	0.003376	-0.019857	-1.059998	2680400.000000
2022-05-04	0.021708	0.003956	0.023636	0.000101	2.139999	2987900.000000
2022-05-03	0.004586	0.006318	0.020483	-0.000611	0.450005	2844800.000000
2022-05-02	-0.009888	0.003632	0.012814	-0.021390	-0.980003	2652900.000000
2022-04-29	-0.032412	-0.004881	-0.001855	-0.035244	-3.320000	3589200.000000
2022-04-28	0.029137	0.005325	0.032453	-0.010851	2.900002	4355000.000000
2022-04-27	0.002922	0.002116	0.016727	-0.010480	0.290001	3436000.000000
2022-04-26	-0.012537	-0.002388	0.010149	-0.012935	-1.260002	2050800.000000
2022-04-25	0.002494	0.002394	0.007880	-0.017157	0.250000	3140100.000000
2022-04-22	-0.018312	-0.001175	0.000294	-0.019585	-1.870003	2426500.000000
2022-04-21	-0.006905	-0.002820	0.006613	-0.008558	-0.709999	3004600.000000
2022-04-20	0.003905	0.005467	0.008884	-0.001660	0.400002	2335100.000000
2022-04-19	0.007574	0.001574	0.009640	-0.001279	0.769997	1892100.000000
2022-04-18	-0.003724	0.001666	0.005096	-0.009310	-0.379997	1818200.000000
2022-04-14	-0.002054	0.004694	0.004988	-0.003716	-0.209999	2188300.000000
2022-04-13	-0.000586	0.003128	0.005180	-0.009970	-0.059998	1737400.000000
2022-04-12	0.008974	0.000690	0.016075	-0.003748	0.909996	2493900.000000
2022-04-11	-0.015438	0.002525	0.007185	-0.017963	-1.589996	3621200.000000
2022-04-08	-0.003676	0.002032	0.007449	-0.006482	-0.380005	2180400.000000
2022-04-07	-0.010719	-0.001148	-0.000574	-0.018758	-1.119995	3226300.000000
2022-04-06	0.031389	0.001777	0.034547	-0.000395	3.180000	3364500.000000
2022-04-05	0.006557	-0.000099	0.020368	-0.000099	0.659996	2235300.000000
2022-04-04	-0.008472	-0.006502	-0.004138	-0.023052	-0.860001	2580800.000000
2022-04-01	0.017440	0.000401	0.018543	-0.009923	1.740005	2569100.000000
2022-03-31	0.003520	0.003923	0.012573	0.001006	0.349998	3670600.000000
2022-03-30	0.007397	0.000000	0.007600	-0.005269	0.729996	2164100.000000
2022-03-29	0.011064	-0.001537	0.012294	-0.002664	1.080002	2943100.000000
2022-03-28	0.007951	-0.000620	0.008055	-0.008984	0.770004	2465400.000000
2022-03-25	0.004148	-0.000933	0.009851	-0.000933	0.399994	2032200.000000
2022-03-24	0.004479	0.002916	0.012290	-0.003645	0.430000	3036600.000000
2022-03-23	0.007979	-0.000525	0.012913	-0.002205	0.760002	2989400.000000
2022-03-22	0.005914	0.000422	0.009610	-0.004224	0.559998	3653900.000000
2022-03-21	0.006591	-0.000744	0.014138	-0.001169	0.620003	2426000.000000
2022-03-18	-0.009164	0.000000	0.004213	-0.016326	-0.870003	5719000.000000
2022-03-17	-0.001367	0.001578	0.009467	-0.003261	-0.129997	2863600.000000
2022-03-16	-0.010821	-0.001977	-0.001145	-0.028301	-1.040001	2880000.000000
2022-03-15	0.014461	0.008444	0.014988	0.001267	1.370003	3673700.000000
2022-03-14	-0.008373	-0.001465	0.008478	-0.010467	-0.800003	2948400.000000
2022-03-11	-0.004688	0.003750	0.008751	-0.008126	-0.449997	2254900.000000
2022-03-10	0.010315	-0.004210	0.012735	-0.010736	0.979996	2897900.000000
2022-03-09	-0.002520	0.006824	0.006824	-0.011024	-0.239998	3006200.000000
2022-03-08	-0.020666	0.003187	0.008431	-0.021386	-2.010002	3689900.000000
2022-03-07	0.009654	-0.003322	0.018893	-0.012250	0.930000	4111300.000000
2022-03-04	0.025005	-0.003299	0.025644	-0.009470	2.349998	4675100.000000
2022-03-03	0.030031	0.001973	0.037812	0.001973	2.740005	4173700.000000
2022-03-02	0.011418	-0.003436	0.014189	-0.003436	1.029999	3146500.000000
2022-03-01	-0.004854	-0.003309	0.011362	-0.010921	-0.440002	4013000.000000
2022-02-28	0.013302	-0.008048	0.015985	-0.011402	1.190002	5547300.000000
2022-02-25	0.033503	0.007278	0.034774	0.003928	2.900002	4073700.000000
2022-02-24	0.022684	0.029891	0.030364	0.002717	1.919998	6582000.000000
2022-02-23	-0.015699	0.000000	0.002210	-0.018142	-1.349998	3615400.000000
2022-02-22	0.003267	0.000000	0.010967	-0.006534	0.279999	2481200.000000
2022-02-18	0.002573	-0.002222	0.010294	-0.005615	0.220001	3909500.000000
2022-02-17	0.000937	-0.003981	0.005503	-0.014167	0.079994	3155000.000000
2022-02-16	-0.000351	0.002224	0.005735	-0.012523	-0.029999	2622900.000000
2022-02-15	-0.008587	0.002553	0.007310	-0.014156	-0.739998	3790700.000000
2022-02-14	-0.016771	0.003195	0.004564	-0.025328	-1.470001	2659100.000000
2022-02-11	0.002975	0.001945	0.014418	0.001488	0.260002	3340500.000000
2022-02-10	-0.022264	-0.008839	-0.004251	-0.024502	-1.989998	3065100.000000
2022-02-09	-0.000447	0.006710	0.007828	-0.004026	-0.040001	2828700.000000
2022-02-08	0.004342	0.011643	0.016922	0.007600	0.386627	2415300.000000
2022-02-07	0.007177	0.004311	0.022411	0.004311	0.634468	3011400.000000
2022-02-04	-0.011310	-0.001567	0.009841	-0.011074	-1.011185	3439600.000000
2022-02-03	0.003449	0.010070	0.016803	0.005693	0.307320	2529800.000000
2022-02-02	0.017317	0.009750	0.027447	0.002557	1.516769	3518800.000000
2022-02-01	-0.022677	0.003255	0.005710	-0.019062	-2.032272	4817000.000000
2022-01-31	0.002996	-0.000119	0.012752	-0.002693	0.267670	5909000.000000
2022-01-28	0.008165	0.005902	0.018765	-0.001771	0.723679	4460800.000000
2022-01-27	0.006417	0.011562	0.027914	0.010653	0.565071	3239000.000000
2022-01-26	-0.001461	0.006455	0.018248	0.001466	-0.128868	3561600.000000
2022-01-25	-0.001795	-0.000898	0.014835	-0.003388	-0.158623	2837900.000000
2022-01-24	-0.009448	0.013544	0.022289	-0.023679	-0.842651	4777200.000000
2022-01-21	0.000556	0.017024	0.028242	0.006592	0.049576	3969900.000000
2022-01-20	-0.004208	0.010510	0.016877	0.003361	-0.376724	2361500.000000
2022-01-19	-0.000221	0.010175	0.017099	0.001128	-0.019821	2535000.000000
2022-01-18	-0.007254	0.003512	0.006949	-0.011013	-0.654297	2558800.000000
2022-01-14	0.001321	0.011720	0.013719	0.002284	0.118965	4088400.000000
2022-01-13	0.006313	0.008388	0.023135	0.004478	0.565071	2937700.000000
2022-01-12	0.005793	0.007936	0.015914	-0.000379	0.515511	2244200.000000
2022-01-11	-0.008066	0.006159	0.010172	-0.005990	-0.723694	2231600.000000
2022-01-10	-0.003304	0.009945	0.015722	0.003613	-0.297409	3206500.000000
2022-01-07	0.018166	0.006574	0.032363	0.001710	1.605995	3109600.000000
2022-01-06	-0.003241	0.009061	0.018193	0.002409	-0.287491	3296300.000000
2022-01-05	0.009250	0.008837	0.027384	0.008837	0.812904	3343300.000000
2022-01-04	0.000451	0.007471	0.023863	0.007471	0.039658	2349200.000000
2022-01-03	-0.004046	0.004868	0.006455	-0.007604	-0.356888	2661600.000000
2021-12-31	0.003157	0.008154	0.014751	0.004287	0.277580	1520800.000000
2021-12-30	0.001242	0.009406	0.010773	0.002004	0.109047	1288900.000000
2021-12-29	0.004195	0.010553	0.014098	0.007465	0.366806	1170700.000000
2021-12-28	0.012977	0.010692	0.022855	0.010692	1.120224	1507500.000000
2021-12-27	0.006473	0.008490	0.016534	0.005808	0.555161	1609800.000000
2021-12-23	-0.001155	0.007558	0.013032	0.005346	-0.099144	1553100.000000
2021-12-22	-0.001498	0.003490	0.012211	0.002560	-0.128868	1776400.000000
2021-12-21	-0.005503	0.013464	0.014852	-0.002379	-0.475853	2813500.000000
2021-12-20	0.007973	0.000797	0.017931	-0.002933	0.684036	3349500.000000
2021-12-17	-0.016591	0.004023	0.011474	-0.009618	-1.447380	5325600.000000
2021-12-16	0.008827	0.007682	0.022137	0.006294	0.763344	3521600.000000
2021-12-15	0.024668	0.011093	0.035858	0.009908	2.081848	3894500.000000
2021-12-14	0.001765	0.011809	0.015489	0.004093	0.148697	2341100.000000
2021-12-13	0.011787	0.007882	0.026618	0.007642	0.981438	3664800.000000
2021-12-10	0.005627	0.015849	0.017540	0.009568	0.465942	1955900.000000
2021-12-09	-0.005951	0.008123	0.009923	-0.001602	-0.495682	2441400.000000
2021-12-08	0.001311	0.007280	0.016777	0.003313	0.109047	2343100.000000
2021-12-07	0.005031	0.005098	0.015126	-0.001184	0.416374	3601900.000000
2021-12-06	0.013966	0.016441	0.037267	0.014848	1.140053	3864700.000000
2021-12-03	0.012668	0.017159	0.024354	0.005249	1.021095	2809100.000000
2021-12-02	0.012830	0.016011	0.032848	0.011361	1.021088	3442200.000000
2021-12-01	-0.009500	0.015195	0.027142	-0.001607	-0.763344	3494100.000000
2021-11-30	-0.027127	0.007512	0.007512	-0.023121	-2.240448	4122300.000000
2021-11-29	0.009206	0.010678	0.023508	0.004324	0.753418	2899200.000000
2021-11-26	-0.015151	0.005113	0.010287	-0.009690	-1.259010	1636800.000000
2021-11-24	-0.005812	0.014107	0.014107	0.001425	-0.485764	2539200.000000
2021-11-23	0.000119	0.010518	0.015543	0.000227	0.009911	2166000.000000
2021-11-22	0.011034	0.007876	0.029047	0.003642	0.912048	3014900.000000
2021-11-19	0.006762	0.011159	0.019197	0.006409	0.555153	2477700.000000
2021-11-18	-0.005046	0.008602	0.010177	-0.000366	-0.416367	2123000.000000
2021-11-17	0.008237	0.006890	0.017886	0.003347	0.674126	2146900.000000
2021-11-16	-0.003861	0.008966	0.012374	0.002881	-0.317238	1881200.000000
2021-11-15	0.010485	0.011552	0.019546	0.006140	0.852570	2099100.000000
2021-11-12	-0.007142	0.006647	0.008357	0.000053	-0.584908	2061000.000000
2021-11-11	-0.018650	0.008723	0.008723	-0.015962	-1.556419	2882700.000000
2021-11-10	0.013728	0.014918	0.024272	0.014068	1.130142	4234900.000000
2021-11-09	-0.000963	0.011999	0.018674	0.006781	-0.079315	3267300.000000
2021-11-08	-0.013405	0.019625	0.019985	0.000349	-1.119637	4155000.000000
2021-11-05	0.013709	0.023772	0.038579	0.021951	1.129463	1940100.000000
2021-11-04	-0.012245	0.018189	0.021426	-0.007347	-1.021423	2690200.000000
2021-11-03	-0.004338	0.018189	0.024993	0.006968	-0.363396	2067900.000000
2021-11-02	0.001997	0.019146	0.023093	0.008381	0.166969	2071400.000000
2021-11-01	0.004958	0.018069	0.025521	0.014583	0.412498	2079500.000000
2021-10-29	0.000000	0.018189	0.024679	0.011217	0.000000	2897600.000000
2021-10-28	0.004864	0.018189	0.026643	0.008768	0.402672	2523700.000000
2021-10-27	-0.001421	0.034109	0.034109	0.014088	-0.117851	3768600.000000
2021-10-26	-0.002953	0.019872	0.026246	0.014942	-0.245537	2829300.000000
2021-10-25	-0.010633	0.018070	0.019141	0.006291	-0.893745	1814100.000000
2021-10-22	0.004460	0.022013	0.025957	0.017591	0.373215	1770500.000000
2021-10-21	0.003534	0.016870	0.022986	0.014471	0.294640	1736700.000000
2021-10-20	0.013126	0.023049	0.036657	0.022077	1.080345	2330900.000000
2021-10-19	0.009760	0.023464	0.030457	0.020642	0.795532	2224000.000000
2021-10-18	-0.005989	0.015262	0.015994	0.004164	-0.491066	2002000.000000
2021-10-15	-0.006663	0.017583	0.022429	0.008013	-0.549995	1849000.000000
2021-10-14	0.007069	0.023679	0.028070	0.018921	0.579460	2252200.000000
2021-10-13	0.011024	0.020532	0.030153	0.009555	0.893738	2131300.000000
2021-10-12	0.000485	0.018806	0.023495	0.013623	0.039284	2898800.000000
2021-10-11	-0.012802	0.017458	0.018189	0.001621	-1.050880	2221100.000000
2021-10-08	-0.006655	0.017826	0.017947	0.010202	-0.549988	1879300.000000
2021-10-07	-0.004967	0.021319	0.026497	0.010964	-0.412506	2263700.000000
2021-10-06	0.018550	0.015859	0.038425	0.011934	1.512497	2697800.000000
2021-10-05	-0.000241	0.017330	0.022112	0.013652	-0.019646	2587000.000000
2021-10-04	0.020398	0.017688	0.042711	0.017188	1.630348	3370400.000000
2021-10-01	0.002464	0.025840	0.029351	0.014426	0.196426	3181500.000000
2021-09-30	-0.012048	0.017817	0.021163	0.005178	-0.972313	2935600.000000
2021-09-29	0.010950	0.018815	0.036227	0.015558	0.874092	2177100.000000
2021-09-28	-0.000983	0.021568	0.023320	0.012557	-0.078568	3483700.000000
2021-09-27	-0.008409	0.017320	0.027992	0.008509	-0.677673	2713700.000000
2021-09-24	-0.003159	0.017570	0.024003	0.012251	-0.255348	2527100.000000
2021-09-23	-0.004957	0.016712	0.025574	0.011050	-0.402687	2565300.000000
2021-09-22	-0.003253	0.021747	0.023832	0.011564	-0.265175	2326300.000000
2021-09-21	-0.003721	0.020022	0.026989	0.014155	-0.304459	3267900.000000
2021-09-20	-0.009512	0.018189	0.020489	-0.004088	-0.785706	4842800.000000
2021-09-17	-0.021866	0.018189	0.019965	-0.010588	-1.846420	6934700.000000
2021-09-16	-0.015459	0.014808	0.021453	0.000350	-1.325882	3650400.000000
2021-09-15	-0.005693	0.014363	0.021435	0.011349	-0.491074	2565800.000000
2021-09-14	-0.005548	0.025221	0.025221	0.009081	-0.481239	1884000.000000
2021-09-13	-0.005741	0.026671	0.028963	0.006039	-0.500893	2408200.000000
2021-09-10	-0.017367	0.017738	0.018639	-0.000395	-1.541954	2067900.000000
2021-09-09	-0.003088	0.016055	0.019873	0.013697	-0.274994	1474000.000000
2021-09-08	0.019908	0.019219	0.042810	0.016814	1.738373	3047800.000000
2021-09-07	-0.016591	0.016612	0.016612	-0.001407	-1.473206	1967800.000000
2021-09-03	-0.005719	0.013262	0.019980	0.010798	-0.510712	1407500.000000
2021-09-02	0.004751	0.017739	0.023814	0.015939	0.422318	1512000.000000
2021-09-01	0.010383	0.023077	0.032398	0.017620	0.913391	2532400.000000
2021-08-31	-0.000558	0.017280	0.023642	0.013758	-0.049110	1933400.000000
2021-08-30	0.003696	0.017276	0.025829	0.014996	0.324112	2222000.000000
2021-08-27	0.000448	0.018987	0.024463	0.016477	0.039284	1840100.000000
2021-08-26	-0.000896	0.017619	0.019101	0.011236	-0.078568	1626900.000000
2021-08-25	0.001121	0.018189	0.022411	0.010201	0.098206	2754900.000000
2021-08-24	-0.009876	0.017172	0.017172	0.002145	-0.874100	1690300.000000
2021-08-23	-0.010540	0.020984	0.021319	0.003991	-0.942848	3053700.000000
2021-08-20	0.007522	0.013120	0.030466	0.010305	0.667854	2681000.000000
2021-08-19	0.007242	0.025903	0.034298	0.021252	0.638390	2702800.000000
2021-08-18	-0.008725	0.015602	0.018751	0.006606	-0.775894	3398300.000000
2021-08-17	0.002658	0.015144	0.021571	0.013679	0.235718	2079600.000000
2021-08-16	0.006801	0.020119	0.036012	0.018075	0.599098	1930200.000000
2021-08-13	0.008319	0.026202	0.029063	0.018761	0.726791	4169800.000000
2021-08-12	-0.002467	0.020358	0.021729	0.014192	-0.216072	1789100.000000
2021-08-11	0.004732	0.023351	0.028743	0.018189	0.412491	3565800.000000
2021-08-10	-0.000113	0.017271	0.023466	0.012453	-0.009819	2468800.000000
2021-08-09	0.001806	0.020257	0.022556	0.012902	0.157143	1823400.000000
2021-08-06	-0.003569	0.024059	0.030472	0.020166	-0.311684	2106900.000000
2021-08-05	0.009344	0.028658	0.037673	0.021607	0.808426	2972700.000000
2021-08-04	-0.002918	0.025656	0.025886	0.013671	-0.253235	3502600.000000
2021-08-03	0.008490	0.031109	0.041685	0.025414	0.730499	2143500.000000
2021-08-02	0.002496	0.028207	0.035548	0.021333	0.214272	2309300.000000
2021-07-30	-0.011443	0.027038	0.035792	0.012296	-0.993477	3601700.000000
2021-07-29	0.001686	0.026116	0.032692	0.024847	0.146095	1950400.000000
2021-07-28	-0.004475	0.028645	0.031517	0.013714	-0.389587	2936800.000000
2021-07-27	0.019503	0.025053	0.051166	0.022477	1.665527	3547100.000000
2021-07-26	0.019772	0.023469	0.048664	0.019767	1.655800	4389600.000000
2021-07-23	0.012960	0.025362	0.041450	0.024274	1.071411	3368500.000000
2021-07-22	0.001888	0.025360	0.056383	0.025360	0.155830	2972400.000000
2021-07-21	-0.011896	0.025136	0.030405	0.013162	-0.993469	2973500.000000
2021-07-20	-0.000350	0.032798	0.039262	0.025376	-0.029228	3070100.000000
2021-07-19	-0.019659	0.027866	0.033382	-0.002527	-1.675270	3906300.000000
2021-07-16	0.003556	0.024691	0.037881	0.022806	0.301933	2199200.000000
2021-07-15	0.011604	0.023834	0.039559	0.018830	0.974007	2662400.000000
2021-07-14	0.011028	0.031029	0.042471	0.021634	0.915558	2156800.000000
2021-07-13	-0.001990	0.025491	0.030419	0.019480	-0.165581	2067000.000000
2021-07-12	0.000234	0.026092	0.027655	0.019358	0.019478	1651700.000000
2021-07-09	0.000938	0.024045	0.029100	0.016343	0.077919	2122900.000000
2021-07-08	-0.003621	0.027772	0.032569	0.020457	-0.301941	2495300.000000
2021-07-07	0.004458	0.028018	0.031993	0.021875	0.370125	2147100.000000
2021-07-06	0.000470	0.026331	0.028862	0.012473	0.038963	1863400.000000
2021-07-02	-0.000704	0.030546	0.030546	0.021635	-0.058449	2487100.000000
2021-07-01	0.007921	0.028392	0.039194	0.025115	0.652580	2217300.000000
2021-06-30	0.007864	0.027671	0.036479	0.025347	0.642845	2687500.000000
2021-06-29	-0.011425	0.025363	0.033465	0.011577	-0.944778	2753700.000000
2021-06-28	0.001534	0.027541	0.036019	0.024513	0.126625	2674100.000000
2021-06-25	0.023174	0.026693	0.052840	0.023595	1.870071	3458600.000000
2021-06-24	0.002420	0.024829	0.033525	0.020357	0.194801	2694400.000000
2021-06-23	-0.007327	0.025090	0.029406	0.015718	-0.594147	2674000.000000
2021-06-22	0.000841	0.030642	0.035579	0.026569	0.068176	2659400.000000
2021-06-21	0.010200	0.028937	0.040532	0.023825	0.818169	2431400.000000
2021-06-18	-0.024173	0.024138	0.025355	-0.000194	-1.986961	4480800.000000
2021-06-17	-0.000119	0.025841	0.036303	0.021584	-0.009743	2559900.000000
2021-06-16	-0.009854	0.031872	0.035486	0.014769	-0.818153	2668100.000000
2021-06-15	0.001292	0.029949	0.031999	0.023678	0.107147	2239200.000000
2021-06-14	0.004365	0.026330	0.031901	0.025482	0.360374	1933700.000000
2021-06-11	0.000354	0.025602	0.031540	0.022694	0.029205	3335100.000000
2021-06-10	0.003316	0.031434	0.033987	0.024140	0.272728	2386600.000000
2021-06-09	0.017838	0.032014	0.048595	0.028054	1.441521	3277100.000000
2021-06-08	-0.031516	0.028371	0.028371	-0.018009	-2.629799	6890000.000000
2021-06-07	-0.004185	0.029915	0.029915	0.020368	-0.350639	2206300.000000
2021-06-04	0.000814	0.026812	0.030634	0.022632	0.068184	1984800.000000
2021-06-03	0.003619	0.020340	0.035803	0.018542	0.301933	5428000.000000
2021-06-02	0.006463	0.028502	0.036948	0.024521	0.535698	1817700.000000
2021-06-01	-0.010465	0.028722	0.029797	0.014516	-0.876595	2137200.000000
2021-05-28	0.005260	0.032093	0.037134	0.029813	0.438293	2297800.000000
2021-05-27	-0.002332	0.028728	0.029207	0.023460	-0.194794	2452700.000000
2021-05-26	-0.002095	0.028724	0.029919	0.022391	-0.175323	1985700.000000
2021-05-25	-0.007393	0.027642	0.029065	0.015189	-0.623360	1845700.000000
2021-05-24	-0.000923	0.031551	0.032262	0.024205	-0.077919	1551200.000000
2021-05-21	0.004521	0.030859	0.033953	0.025979	0.379852	2015900.000000
2021-05-20	0.003957	0.025976	0.039240	0.024064	0.331161	2196700.000000
2021-05-19	0.001983	0.024777	0.030644	0.015079	0.165588	2498900.000000
2021-05-18	0.003511	0.031859	0.034142	0.023088	0.292198	3130700.000000
2021-05-17	-0.015099	0.023261	0.028349	0.007640	-1.275948	4317800.000000
2021-05-14	0.002774	0.031439	0.037847	0.027880	0.233772	2193500.000000
2021-05-13	0.018122	0.026934	0.052427	0.023310	1.499954	3025800.000000
2021-05-12	-0.016549	0.025267	0.029307	0.008157	-1.392830	3702200.000000
2021-05-11	-0.013134	0.026927	0.033025	0.006408	-1.120087	6084100.000000
2021-05-10	0.004244	0.030932	0.039881	0.028106	0.360374	4291800.000000
2021-05-07	-0.002174	0.023050	0.034565	0.020935	-0.185059	2617000.000000
2021-05-06	0.007431	0.038229	0.046870	0.031600	0.627785	1644200.000000
2021-05-05	-0.010296	0.034333	0.034450	0.015706	-0.878899	1906200.000000
2021-05-04	-0.003383	0.032352	0.039824	0.024296	-0.289742	2747100.000000
2021-05-03	-0.000338	0.039589	0.044608	0.032470	-0.028976	2071000.000000
2021-04-30	0.007038	0.037268	0.043733	0.028923	0.598808	2817900.000000
2021-04-29	0.015681	0.033836	0.052101	0.033358	1.313507	2592900.000000
2021-04-28	-0.005390	0.038000	0.040137	0.025414	-0.453926	4908700.000000
2021-04-27	-0.004566	0.032315	0.039052	0.029242	-0.386330	2173400.000000
2021-04-26	-0.001140	0.039520	0.039520	0.027596	-0.096581	1743600.000000
2021-04-23	-0.002842	0.040685	0.040685	0.028442	-0.241447	3093200.000000
2021-04-22	-0.015669	0.015572	0.033186	0.013139	-1.352158	2755900.000000
2021-04-21	-0.008764	0.031712	0.038948	0.022753	-0.763000	2662700.000000
2021-04-20	0.016808	0.039475	0.058396	0.035972	1.439072	3333200.000000
2021-04-19	0.001129	0.035388	0.040649	0.029775	0.096588	2753000.000000
2021-04-16	0.008427	0.039868	0.048240	0.034916	0.714699	2378400.000000
2021-04-15	0.008499	0.036815	0.045495	0.032534	0.714714	3004300.000000
2021-04-14	0.004036	0.031567	0.039805	0.026552	0.338036	2563300.000000
2021-04-13	0.008372	0.031896	0.046584	0.023348	0.695389	2460600.000000
2021-04-12	0.001281	0.037196	0.045393	0.033459	0.106247	3324800.000000
2021-04-09	-0.002091	0.035388	0.042966	0.032380	-0.173843	2952800.000000
2021-04-08	-0.007152	0.036940	0.038971	0.027146	-0.598824	2814800.000000
2021-04-07	-0.000922	0.037178	0.040041	0.029660	-0.077248	1883100.000000
2021-04-06	0.005563	0.036588	0.041747	0.027828	0.463585	1733300.000000
2021-04-05	0.008768	0.031514	0.049671	0.030667	0.724365	1702300.000000
2021-04-01	0.009917	0.037833	0.046145	0.030498	0.811295	2180000.000000
2021-03-31	-0.000354	0.032821	0.039787	0.028056	-0.028984	3250700.000000
2021-03-30	-0.012931	0.031528	0.031528	0.009575	-1.072052	2428300.000000
2021-03-29	0.010001	0.030393	0.049276	0.026494	0.820946	2639800.000000
2021-03-26	0.003187	0.032088	0.039298	0.022677	0.260765	3074500.000000
2021-03-25	-0.003177	0.041966	0.045743	0.027469	-0.260765	3383500.000000
2021-03-24	0.004135	0.030128	0.045541	0.025112	0.338043	2895100.000000
2021-03-23	0.012077	0.039968	0.054330	0.033778	0.975471	2652000.000000
2021-03-22	-0.000478	0.041327	0.043802	0.028829	-0.038635	2854300.000000
2021-03-19	0.012954	0.038772	0.054691	0.027491	1.033432	9525500.000000
2021-03-18	0.005845	0.037405	0.042574	0.024292	0.463593	2349800.000000
2021-03-17	-0.016527	0.033776	0.037992	0.016416	-1.332832	3034900.000000
2021-03-16	0.014827	0.029347	0.051369	0.029347	1.178299	5104300.000000
2021-03-15	0.015301	0.035643	0.051869	0.035515	1.197617	3209500.000000
2021-03-12	0.013000	0.040823	0.054413	0.031375	1.004456	2637900.000000
2021-03-11	-0.014778	0.030797	0.043166	0.019831	-1.158981	3129900.000000
2021-03-10	0.007444	0.043481	0.047977	0.032690	0.579491	3518600.000000
2021-03-09	0.001367	0.040276	0.044263	0.033072	0.106239	2869000.000000
2021-03-08	0.020152	0.034469	0.062421	0.032763	1.535660	3215800.000000
2021-03-05	0.021359	0.038738	0.062730	0.035388	1.593605	4182700.000000
2021-03-04	0.012186	0.035523	0.059807	0.033624	0.898216	4102500.000000
2021-03-03	-0.001700	0.032408	0.035523	0.015208	-0.125557	2936800.000000
2021-03-02	-0.003389	0.037412	0.041326	0.024320	-0.251114	3851900.000000
2021-03-01	0.024850	0.043272	0.073428	0.042996	1.796432	3091300.000000
2021-02-26	-0.019004	0.038102	0.049365	0.015033	-1.400452	4432500.000000
2021-02-25	-0.010376	0.048280	0.048280	0.017124	-0.772652	4283700.000000
2021-02-24	-0.012678	0.036448	0.037509	0.018947	-0.956154	3507500.000000
2021-02-23	0.017194	0.042401	0.062226	0.037680	1.274872	3660500.000000
2021-02-22	-0.029211	0.032638	0.035126	-0.012533	-2.231049	3651600.000000
2021-02-19	-0.017396	0.030885	0.035388	0.012745	-1.352150	3658400.000000
2021-02-18	0.025354	0.035651	0.064409	0.035651	1.921989	3468100.000000
2021-02-17	0.003837	0.039360	0.050748	0.035785	0.289742	2152000.000000
2021-02-16	-0.005343	0.034861	0.037758	0.026168	-0.405640	2233100.000000
2021-02-12	-0.004307	0.034863	0.040371	0.025289	-0.328384	1917700.000000
2021-02-11	-0.013248	0.037070	0.038364	0.019341	-1.023773	2284100.000000
2021-02-10	0.002129	0.037333	0.043298	0.030200	0.164192	2767300.000000
2021-02-09	-0.004985	0.035388	0.038355	0.019387	-0.386330	2148200.000000
2021-02-08	-0.014722	0.047225	0.047479	0.022179	-1.157959	2047300.000000
2021-02-05	-0.000243	0.048495	0.052690	0.042394	-0.019142	1584900.000000
2021-02-04	0.011442	0.045708	0.057535	0.042622	0.890007	1783200.000000
2021-02-03	-0.010108	0.044809	0.049899	0.033355	-0.794312	2162700.000000
2021-02-02	0.011456	0.046738	0.068749	0.040302	0.890007	2584300.000000
2021-02-01	0.003337	0.047390	0.055785	0.033313	0.258392	1901700.000000
2021-01-29	0.004345	0.040137	0.058685	0.035208	0.334946	3261000.000000
2021-01-28	0.001492	0.051561	0.068708	0.045846	0.114838	2118400.000000
2021-01-27	-0.016866	0.037018	0.055792	0.022842	-1.320648	2528400.000000
2021-01-26	-0.009323	0.040002	0.044430	0.021909	-0.736893	3134700.000000
2021-01-25	0.006213	0.038571	0.057921	0.035643	0.488060	2481900.000000
2021-01-22	0.013709	0.042871	0.064165	0.042355	1.062271	3789500.000000
2021-01-21	0.002724	0.048171	0.056065	0.039113	0.210541	3227000.000000
2021-01-20	0.000496	0.040534	0.049338	0.030177	0.038284	2588700.000000
2021-01-19	0.002982	0.051169	0.054026	0.030782	0.229675	2816400.000000
2021-01-15	0.020804	0.020148	0.069592	0.020148	1.569473	4258200.000000
2021-01-14	0.008701	0.043733	0.056836	0.031432	0.650757	8042700.000000
2021-01-13	0.003983	0.047890	0.053662	0.038895	0.296669	7424900.000000
2021-01-12	-0.011932	0.032601	0.039366	0.018939	-0.899559	3122500.000000
2021-01-11	-0.005052	0.044012	0.045464	0.027120	-0.382812	2359600.000000
2021-01-08	-0.008887	0.042059	0.046637	0.028194	-0.679466	3059800.000000
2021-01-07	-0.026681	0.049646	0.049646	0.016801	-2.095833	2764400.000000
2021-01-06	0.007982	0.040958	0.061747	0.034542	0.622055	2713900.000000
2021-01-05	-0.001349	0.048268	0.051472	0.037632	-0.105263	2212300.000000
2021-01-04	-0.020776	0.045689	0.047070	0.019086	-1.655609	3232900.000000
2020-12-31	0.021592	0.045193	0.068653	0.043911	1.684311	1778400.000000
2020-12-30	0.004065	0.043263	0.051630	0.043005	0.315811	1846300.000000
2020-12-29	-0.001230	0.047122	0.056507	0.041722	-0.095695	1720800.000000
2020-12-28	-0.001720	0.049043	0.051096	0.035311	-0.133987	1617200.000000
2020-12-24	0.008797	0.046619	0.056200	0.041052	0.679474	758000.000000
2020-12-23	-0.008477	0.051226	0.056104	0.035950	-0.660332	2435100.000000
2020-12-22	-0.008768	0.042646	0.044046	0.029412	-0.689034	2896200.000000
2020-12-21	-0.014047	0.037660	0.041674	0.014450	-1.119690	3056600.000000
2020-12-18	-0.006797	0.042320	0.054157	0.029485	-0.545479	14359200.000000
2020-12-17	0.012435	0.050487	0.069032	0.049856	0.985703	2585200.000000
2020-12-16	-0.017321	0.044068	0.051631	0.023985	-1.397217	2290300.000000
2020-12-15	0.025301	0.051164	0.073154	0.044301	1.990555	2334800.000000
2020-12-14	-0.006646	0.058067	0.066527	0.037108	-0.526352	2756400.000000
2020-12-11	0.003395	0.039489	0.050004	0.037335	0.267960	1884400.000000
2020-12-10	-0.013397	0.049936	0.050311	0.027562	-1.071823	2449500.000000
2020-12-09	0.001317	0.044936	0.049442	0.036676	0.105263	2491800.000000
2020-12-08	-0.004175	0.042818	0.048052	0.030603	-0.334946	2077200.000000
2020-12-07	0.005396	0.038170	0.054209	0.037543	0.430641	2545700.000000
2020-12-04	-0.015931	0.043087	0.048512	0.019041	-1.291939	3094200.000000
2020-12-03	-0.013160	0.041529	0.042746	0.024858	-1.081413	2590300.000000
2020-12-02	0.007746	0.040644	0.054011	0.031079	0.631615	1858700.000000
2020-12-01	0.003770	0.049121	0.062046	0.041490	0.306244	3362600.000000
2020-11-30	-0.000353	0.043706	0.048997	0.033739	-0.028702	3484500.000000
2020-11-27	-0.005271	0.043712	0.045426	0.029758	-0.430664	1154600.000000
2020-11-25	0.006484	0.048509	0.053806	0.038284	0.526352	2276400.000000
2020-11-24	0.016904	0.053580	0.064479	0.043934	1.349365	2864000.000000
2020-11-23	0.011153	0.054183	0.061911	0.043796	0.880432	4275400.000000
2020-11-20	0.000485	0.036572	0.049245	0.024152	0.038292	5841200.000000
2020-11-19	-0.019969	0.035000	0.039471	0.018232	-1.607765	4399200.000000
2020-11-18	-0.029978	0.051442	0.051563	0.012647	-2.488190	2861600.000000
2020-11-17	-0.027799	0.041305	0.044585	0.013076	-2.373337	3052600.000000
2020-11-16	-0.007344	0.037960	0.044239	0.023310	-0.631622	4201000.000000
2020-11-13	0.002566	0.049366	0.054612	0.039807	0.220108	1936200.000000
2020-11-12	-0.016566	0.036224	0.041841	0.018455	-1.445068	1687500.000000
2020-11-11	0.003965	0.050576	0.067955	0.044246	0.344521	2094200.000000
2020-11-10	0.005872	0.042389	0.062070	0.034864	0.507210	2587100.000000
2020-11-09	0.000887	0.066025	0.091633	0.043198	0.076561	3674500.000000
2020-11-06	0.002315	0.058156	0.067448	0.050723	0.199333	2145700.000000
2020-11-05	0.006212	0.064379	0.084830	0.058536	0.531555	3012400.000000
2020-11-04	-0.008142	0.050729	0.067884	0.043079	-0.702415	2401700.000000
2020-11-03	-0.003727	0.063442	0.063442	0.044504	-0.322723	2886700.000000
2020-11-02	0.014456	0.064054	0.068857	0.051636	1.233963	3171400.000000
2020-10-30	-0.006737	0.054209	0.060492	0.032683	-0.579018	2415000.000000
2020-10-29	0.002436	0.050478	0.067041	0.036248	0.208832	2215600.000000
2020-10-28	-0.023884	0.048273	0.063872	0.026755	-2.097755	2916300.000000
2020-10-27	-0.011326	0.047770	0.055875	0.035163	-1.006149	2485800.000000
2020-10-26	0.018611	0.048695	0.080227	0.048695	1.623146	3753500.000000
2020-10-23	-0.003471	0.052940	0.054768	0.045741	-0.303749	3525700.000000
2020-10-22	0.019912	0.050830	0.080315	0.046402	1.708572	3507900.000000
2020-10-21	-0.003088	0.050374	0.061527	0.046540	-0.265785	2604500.000000
2020-10-20	-0.006573	0.060667	0.060667	0.038969	-0.569519	3647000.000000
2020-10-19	-0.002622	0.052475	0.057540	0.046834	-0.227806	2229600.000000
2020-10-16	0.022113	0.056099	0.078807	0.051393	1.879417	1966600.000000
2020-10-15	0.002239	0.044313	0.068605	0.044313	0.189842	1674800.000000
2020-10-14	0.001233	0.057053	0.063192	0.045954	0.104416	2283300.000000
2020-10-13	-0.013815	0.046641	0.047456	0.029758	-1.186508	3103100.000000
2020-10-12	0.007348	0.052103	0.070401	0.042837	0.626472	2301800.000000
2020-10-09	0.004923	0.060229	0.060229	0.043846	0.417656	2734600.000000
2020-10-08	0.008690	0.057315	0.067897	0.050657	0.730888	1626200.000000
2020-10-07	0.002035	0.057919	0.068045	0.049460	0.170853	2257000.000000
2020-10-06	0.015853	0.048307	0.085340	0.045160	1.309898	4369600.000000
2020-10-05	0.020516	0.052893	0.078583	0.040543	1.661125	3397300.000000
2020-10-02	0.026968	0.049325	0.085854	0.042856	2.126213	3883000.000000
2020-10-01	0.016273	0.052995	0.071041	0.047968	1.262459	2365600.000000
2020-09-30	0.009386	0.060927	0.068213	0.057024	0.721390	2594900.000000
2020-09-29	0.003968	0.058214	0.065398	0.051290	0.303757	1688800.000000
2020-09-28	0.000000	0.058867	0.065006	0.051029	0.000000	1707900.000000
2020-09-25	0.001988	0.051155	0.058746	0.044611	0.151871	3252500.000000
2020-09-24	0.016544	0.052845	0.072005	0.045528	1.243454	3551500.000000
2020-09-23	-0.008391	0.053379	0.057733	0.041505	-0.635963	3406000.000000
2020-09-22	0.006174	0.048334	0.070636	0.046608	0.465111	1773700.000000
2020-09-21	0.007362	0.047627	0.063674	0.040272	0.550537	3135200.000000
2020-09-18	-0.015742	0.051537	0.052326	0.033373	-1.195992	3160200.000000
2020-09-17	-0.005220	0.047619	0.048404	0.035835	-0.398666	1562700.000000
2020-09-16	0.005750	0.051404	0.066416	0.048375	0.436623	2111300.000000
2020-09-15	-0.004232	0.057051	0.066624	0.041053	-0.322723	1667400.000000
2020-09-14	0.015035	0.055774	0.078268	0.054310	1.129562	1979500.000000
2020-09-11	0.008023	0.052974	0.062500	0.048144	0.597992	1824100.000000
2020-09-10	-0.017395	0.046787	0.049292	0.030175	-1.319412	2424100.000000
2020-09-09	0.011775	0.060447	0.082190	0.056312	0.882782	2124500.000000
2020-09-08	-0.000886	0.053911	0.057909	0.035119	-0.066452	1821800.000000
2020-09-04	-0.006410	0.053378	0.057881	0.031662	-0.484093	1710200.000000
2020-09-03	-0.009339	0.058102	0.066236	0.032785	-0.711891	2230000.000000
2020-09-02	0.031997	0.053375	0.089927	0.052022	2.363503	3201300.000000
2020-09-01	-0.012812	0.050303	0.050972	0.033063	-0.958687	3172100.000000
2020-08-31	0.006126	0.058889	0.078924	0.045846	0.455612	4966700.000000
2020-08-28	-0.000255	0.053645	0.054452	0.039396	-0.018990	2894300.000000
2020-08-27	-0.003053	0.056057	0.063562	0.048016	-0.227798	2159800.000000
2020-08-26	-0.014542	0.044134	0.049153	0.032380	-1.101074	2532000.000000
2020-08-25	-0.012503	0.054424	0.054554	0.035383	-0.958702	1685000.000000
2020-08-24	0.021497	0.055776	0.078690	0.048848	1.613647	2519800.000000
2020-08-21	-0.004156	0.050725	0.057226	0.034672	-0.313240	3090600.000000
2020-08-20	-0.018660	0.050517	0.055073	0.030727	-1.433296	2412200.000000
2020-08-19	-0.007725	0.054027	0.054544	0.042142	-0.598007	2021000.000000
2020-08-18	0.003939	0.055197	0.059217	0.038336	0.303734	3340900.000000
2020-08-17	-0.020735	0.057575	0.058210	0.031412	-1.632614	2988700.000000
2020-08-14	-0.008487	0.050740	0.054896	0.042555	-0.673950	2874900.000000
2020-08-13	-0.005823	0.046250	0.051758	0.040491	-0.465103	2059600.000000
2020-08-12	0.010325	0.059329	0.076532	0.059076	0.816322	5597400.000000
2020-08-11	-0.030836	0.044439	0.045297	0.015877	-2.515404	6387000.000000
2020-08-10	-0.007621	0.057647	0.057647	0.040129	-0.626472	2774100.000000
2020-08-07	0.022794	0.048285	0.084368	0.048285	1.831963	2230700.000000
2020-08-06	0.006366	0.051953	0.071862	0.036426	0.508369	2313300.000000
2020-08-05	-0.008300	0.065946	0.069423	0.049306	-0.668411	2233400.000000
2020-08-04	-0.002682	0.059248	0.074853	0.054914	-0.216530	2162700.000000
2020-08-03	-0.012776	0.059042	0.059042	0.038624	-1.044975	2088500.000000
2020-07-31	0.009411	0.058148	0.073328	0.050990	0.762550	2797300.000000
2020-07-30	0.014976	0.058212	0.078129	0.051197	1.195602	2684100.000000
2020-07-29	0.000708	0.065480	0.068739	0.050939	0.056496	2950500.000000
2020-07-28	0.017775	0.063751	0.087609	0.063751	1.393295	5519400.000000
2020-07-27	-0.054401	0.052328	0.054620	-0.044182	-4.509422	22455700.000000
2020-07-24	-0.007440	0.066531	0.076829	0.049528	-0.621338	2085900.000000
2020-07-23	-0.006384	0.060555	0.064243	0.047587	-0.536598	2707400.000000
2020-07-22	0.019644	0.055912	0.084300	0.047906	1.619240	3059300.000000
2020-07-21	0.009686	0.069080	0.084268	0.062221	0.790794	1908700.000000
2020-07-20	-0.009028	0.062585	0.072781	0.051296	-0.743736	2159100.000000
2020-07-17	0.028441	0.070959	0.095427	0.063469	2.278267	2812100.000000
2020-07-16	0.004842	0.063600	0.073134	0.060590	0.385979	2510300.000000
2020-07-15	-0.007850	0.070683	0.083253	0.050646	-0.630760	2914200.000000
2020-07-14	0.006961	0.060215	0.078512	0.058210	0.555450	3150100.000000
2020-07-13	0.007249	0.059065	0.073960	0.054394	0.574272	3378200.000000
2020-07-10	0.025969	0.062609	0.093561	0.062609	2.005226	3023200.000000
2020-07-09	-0.004853	0.055777	0.062349	0.037218	-0.376572	2034400.000000
2020-07-08	0.000364	0.059513	0.068796	0.053454	0.028236	1809400.000000
2020-07-07	0.003288	0.051614	0.068041	0.043077	0.254189	2944900.000000
2020-07-06	-0.004847	0.069815	0.077667	0.044199	-0.376564	2250100.000000
2020-07-02	0.006341	0.070900	0.078931	0.066107	0.489540	1645300.000000
2020-07-01	0.029633	0.063821	0.100500	0.063154	2.221756	2378100.000000
2020-06-30	0.000880	0.063956	0.078373	0.055279	0.065903	2586900.000000
2020-06-29	0.020128	0.072026	0.083601	0.064808	1.478043	2377000.000000
2020-06-26	-0.016393	0.062355	0.074678	0.033421	-1.223854	4365200.000000
2020-06-25	-0.017470	0.058272	0.060904	0.036557	-1.327423	3559400.000000
2020-06-24	-0.002965	0.052773	0.062352	0.046737	-0.225922	3337500.000000
2020-06-23	0.004093	0.073815	0.080008	0.054842	0.310661	3444900.000000
2020-06-22	0.011416	0.060755	0.081543	0.057023	0.856697	2741500.000000
2020-06-19	-0.025193	0.073262	0.073262	0.034811	-1.939331	5708900.000000
2020-06-18	-0.005836	0.057184	0.064029	0.045819	-0.451889	1896600.000000
2020-06-17	0.007966	0.070682	0.077191	0.053239	0.611931	1888300.000000
2020-06-16	-0.001957	0.085086	0.091582	0.054815	-0.150635	3505700.000000
2020-06-15	-0.000489	0.040924	0.067025	0.034951	-0.037666	3115900.000000
2020-06-12	0.000489	0.078331	0.078720	0.047410	0.037666	2389400.000000
2020-06-11	-0.042286	0.046170	0.049529	0.007847	-3.398537	3910100.000000
2020-06-10	-0.006286	0.061231	0.074461	0.054678	-0.508385	2059700.000000
2020-06-09	-0.022750	0.054971	0.055454	0.024884	-1.882843	2041700.000000
2020-06-08	0.028067	0.061227	0.094642	0.056134	2.259422	2179500.000000
2020-06-05	0.013152	0.069646	0.096202	0.066248	1.044983	2670600.000000
2020-06-04	-0.029773	0.054894	0.056726	0.018140	-2.438278	2252900.000000
2020-06-03	0.011747	0.066297	0.086682	0.063950	0.950829	1868100.000000
2020-06-02	-0.001857	0.070483	0.070852	0.051369	-0.150627	1672300.000000
2020-06-01	0.010440	0.060102	0.077297	0.057361	0.837868	1711500.000000
2020-05-29	0.001763	0.060848	0.071582	0.052360	0.141220	3445400.000000
2020-05-28	0.044941	0.077611	0.116740	0.077611	3.445595	3752100.000000
2020-05-27	0.019019	0.077107	0.083088	0.066872	1.430977	3547600.000000
2020-05-26	0.014471	0.071929	0.089187	0.069367	1.073227	2952100.000000
2020-05-22	0.018224	0.062495	0.082402	0.061946	1.327400	2186400.000000
2020-05-21	-0.004888	0.060034	0.063177	0.050471	-0.357750	2108400.000000
2020-05-20	0.007908	0.075164	0.081774	0.062771	0.574280	2160200.000000
2020-05-19	-0.034301	0.054375	0.055439	0.025652	-2.579498	2781100.000000
2020-05-18	0.018488	0.073733	0.092964	0.072514	1.365067	3470500.000000
2020-05-15	0.004225	0.054060	0.067117	0.042636	0.310669	8018100.000000
2020-05-14	0.004760	0.056208	0.075476	0.041722	0.348320	3766800.000000
2020-05-13	-0.002310	0.056494	0.061403	0.045860	-0.169449	3673700.000000
2020-05-12	-0.015915	0.066648	0.069600	0.039948	-1.186203	3699100.000000
2020-05-11	-0.008640	0.055437	0.063285	0.037614	-0.649582	2496900.000000
2020-05-08	0.016031	0.069789	0.086816	0.067626	1.186195	2409200.000000
2020-05-07	0.006144	0.071739	0.096758	0.064260	0.451889	3833200.000000
2020-05-06	-0.053895	0.083960	0.084861	0.009217	-4.189445	5099800.000000
2020-05-05	0.003130	0.066448	0.092257	0.058318	0.242584	2982800.000000
2020-05-04	0.020396	0.069105	0.096494	0.059492	1.548882	2419300.000000
2020-05-01	-0.020696	0.062454	0.065936	0.045174	-1.604874	2742100.000000
2020-04-30	-0.000241	0.071352	0.077540	0.055494	-0.018661	3253600.000000
2020-04-29	-0.017724	0.085922	0.086555	0.049450	-1.399582	3387600.000000
2020-04-28	0.012078	0.085837	0.109548	0.079172	0.942383	2129700.000000
2020-04-27	0.004686	0.078821	0.086676	0.074829	0.363899	1956200.000000
2020-04-24	0.002530	0.068511	0.079484	0.066188	0.195946	2828700.000000
2020-04-23	-0.023294	0.069469	0.074134	0.044756	-1.847466	2426400.000000
2020-04-22	0.030678	0.085774	0.113324	0.079536	2.360649	2512400.000000
2020-04-21	-0.005307	0.057002	0.070834	0.045886	-0.410545	3013900.000000
2020-04-20	-0.040171	0.083402	0.083402	0.027693	-3.237709	2331300.000000
2020-04-17	0.027721	0.089590	0.108972	0.078497	2.174011	2323500.000000
2020-04-16	0.005263	0.080583	0.085711	0.061099	0.410553	1802900.000000
2020-04-15	-0.030609	0.057200	0.062419	0.034958	-2.463280	2558800.000000
2020-04-14	0.032934	0.097794	0.108704	0.086499	2.565918	2187800.000000
2020-04-13	-0.032557	0.063419	0.075340	0.025174	-2.621910	2076600.000000
2020-04-09	0.036135	0.080616	0.135940	0.080616	2.808525	4003700.000000
2020-04-08	0.057778	0.078679	0.141419	0.075141	4.245430	2912800.000000
2020-04-07	0.002036	0.100240	0.106786	0.062875	0.149292	4037600.000000
2020-04-06	0.084000	0.106773	0.179356	0.102634	5.682358	3610300.000000
2020-04-03	-0.055867	0.058340	0.070762	-0.006280	-4.002853	3963900.000000
2020-04-02	0.029771	0.058229	0.114999	0.040407	2.071411	4959900.000000
2020-04-01	-0.067642	0.037836	0.057401	-0.010806	-5.047874	3570100.000000
2020-03-31	-0.044559	0.058552	0.068922	0.014509	-3.480324	6247300.000000
2020-03-30	0.003717	0.090629	0.110933	0.025862	0.289246	5390500.000000
2020-03-27	0.019560	0.045404	0.134497	0.036756	1.492905	3255200.000000
2020-03-26	0.116114	0.074517	0.211976	0.071154	7.940369	3903500.000000
2020-03-25	0.017210	0.061772	0.135106	0.031576	1.156998	5448600.000000
2020-03-24	0.029286	0.097154	0.129613	0.042496	1.912788	4937500.000000
2020-03-23	-0.020294	0.065289	0.077589	-0.022910	-1.352951	5499800.000000
2020-03-20	-0.115827	0.073596	0.075585	-0.068180	-8.733459	5611000.000000
2020-03-19	-0.084617	0.068339	0.069068	-0.034003	-6.969994	4741700.000000
2020-03-18	-0.032017	-0.000886	0.091246	-0.048009	-2.724533	5517900.000000
2020-03-17	0.116825	0.097725	0.256924	0.095756	8.901398	6641800.000000
2020-03-16	-0.055626	-0.026177	0.068144	-0.036216	-4.488014	5564600.000000
2020-03-13	0.047613	0.122248	0.131597	0.060962	3.666939	5127500.000000
2020-03-12	-0.080027	-0.008534	0.026944	-0.121657	-6.699402	7534000.000000
2020-03-11	-0.052787	0.051259	0.051825	-0.003844	-4.665314	4213600.000000
2020-03-10	-0.002527	0.109660	0.109773	0.029641	-0.223938	5729000.000000
2020-03-09	-0.028045	0.018097	0.090277	0.014916	-2.556595	6660600.000000
2020-03-06	-0.011033	0.040386	0.060131	0.018146	-1.017029	5815300.000000
2020-03-05	-0.010319	0.056170	0.075604	0.049192	-0.961067	5285700.000000
2020-03-04	0.045783	0.082069	0.130126	0.082069	4.077492	4027200.000000
2020-03-03	0.003786	0.070724	0.102282	0.060017	0.335899	6823000.000000
2020-03-02	0.065315	0.075221	0.144381	0.072699	5.439758	4936200.000000
2020-02-28	-0.028304	0.050388	0.050388	0.008270	-2.425964	6763800.000000
2020-02-27	-0.057169	0.070419	0.072619	0.009698	-5.197159	5865600.000000
2020-02-26	-0.007538	0.074250	0.081018	0.063223	-0.690468	3258500.000000
2020-02-25	-0.018693	0.073774	0.077952	0.049241	-1.744835	3356500.000000
2020-02-24	-0.016419	0.070896	0.077956	0.054036	-1.558197	3279600.000000
2020-02-21	-0.006544	0.068284	0.079694	0.063678	-0.625168	3361300.000000
2020-02-20	-0.010821	0.066043	0.076813	0.056620	-1.045021	3344500.000000
2020-02-19	-0.007956	0.069890	0.072355	0.062596	-0.774445	1910000.000000
2020-02-18	0.005493	0.075044	0.080725	0.072565	0.531837	2121900.000000
2020-02-14	0.008848	0.074865	0.082472	0.072468	0.849098	1377000.000000
2020-02-13	0.010414	0.076056	0.086374	0.070370	0.989044	2555100.000000
2020-02-12	-0.004207	0.067125	0.073102	0.062617	-0.401222	1503500.000000
2020-02-11	0.002944	0.072580	0.076996	0.070056	0.279922	1498000.000000
2020-02-10	0.005723	0.075229	0.078507	0.070364	0.541176	1541000.000000
2020-02-07	-0.002068	0.076910	0.078493	0.068467	-0.195961	2260700.000000
2020-02-06	0.001273	0.077647	0.085467	0.077647	0.120476	2752700.000000
2020-02-05	-0.007291	0.077658	0.081539	0.069685	-0.695007	4064600.000000
2020-02-04	-0.012953	0.074985	0.086892	0.064941	-1.251007	3203200.000000
2020-02-03	0.000000	0.081715	0.084096	0.075399	0.000000	3671500.000000
2020-01-31	0.001153	0.078090	0.082547	0.074047	0.111214	2457800.000000
2020-01-30	0.012547	0.078287	0.092981	0.074928	1.195396	1952900.000000
2020-01-29	0.006067	0.080710	0.089158	0.075641	0.574539	1643600.000000
2020-01-28	0.004028	0.079656	0.087290	0.078384	0.379936	1572400.000000
2020-01-27	-0.003720	0.078809	0.085358	0.073105	-0.352135	2294900.000000
2020-01-24	0.011786	0.079126	0.093982	0.077203	1.102753	3189000.000000
2020-01-23	0.009700	0.079450	0.090241	0.079234	0.898865	2402200.000000
2020-01-22	0.006644	0.086296	0.090641	0.084123	0.611618	2985100.000000
2020-01-21	0.007914	0.081864	0.093251	0.078579	0.722816	4731400.000000
2020-01-17	0.012845	0.080346	0.094097	0.076354	1.158333	4554800.000000
2020-01-16	0.007350	0.080132	0.089515	0.079573	0.657936	2175900.000000
2020-01-15	0.017056	0.087307	0.098327	0.085261	1.501205	4114400.000000
2020-01-14	0.003699	0.078214	0.083118	0.072512	0.324356	2717500.000000
2020-01-13	0.003074	0.079698	0.087820	0.079698	0.268730	2383800.000000
2020-01-10	0.004900	0.082805	0.088092	0.080736	0.426270	1452800.000000
2020-01-09	0.005031	0.077509	0.087560	0.077393	0.435524	2141900.000000
2020-01-08	-0.002988	0.075901	0.082927	0.073252	-0.259460	2245400.000000
2020-01-07	0.000213	0.074633	0.080970	0.070716	0.018532	2608100.000000
2020-01-06	0.003320	0.079011	0.086408	0.078086	0.287270	1253200.000000
2020-01-03	-0.001070	0.077048	0.085823	0.074969	-0.092674	1939400.000000
2020-01-02	-0.011110	0.079012	0.079697	0.061657	-0.973007	1779700.000000
