2022-12-30	-0.017985	-0.006536	-0.002503	-0.030407	-3.880005	1450400.000000
2022-12-29	0.026844	0.008329	0.031414	0.000143	5.639999	1323900.000000
2022-12-28	-0.003793	0.002134	0.015884	-0.004315	-0.799988	1411700.000000
2022-12-27	0.000047	0.000522	0.003746	-0.010669	0.009995	1550000.000000
2022-12-23	0.008784	0.001705	0.016916	-0.000209	1.836395	1146700.000000
2022-12-22	0.000000	0.001466	0.009789	-0.012693	0.000000	2212200.000000
2022-12-21	0.009152	0.012707	0.030085	0.011259	1.895981	1410200.000000
2022-12-20	-0.004437	-0.000580	0.011290	-0.011153	-0.923157	1307500.000000
2022-12-19	-0.017943	0.005981	0.005981	-0.019457	-3.801880	1401700.000000
2022-12-16	-0.021859	-0.007052	-0.006775	-0.039413	-4.734985	3724100.000000
2022-12-15	-0.007414	-0.004196	0.014454	-0.007770	-1.618027	1693100.000000
2022-12-14	-0.015847	0.004376	0.023542	-0.009063	-3.514008	1902800.000000
2022-12-13	0.034836	0.040484	0.063864	0.030917	7.464798	2179100.000000
2022-12-12	0.009493	0.012297	0.017243	-0.001412	2.015091	1847700.000000
2022-12-09	0.007491	0.006068	0.027047	0.002746	1.578323	1646800.000000
2022-12-08	0.005400	0.003961	0.020377	-0.001622	1.131622	2465300.000000
2022-12-07	-0.006635	0.004600	0.021997	-0.007108	-1.399658	1624800.000000
2022-12-06	-0.014331	0.010481	0.013191	-0.010591	-3.067307	1672200.000000
2022-12-05	-0.017140	-0.008308	0.003356	-0.014600	-3.732376	1454200.000000
2022-12-02	-0.008721	-0.006396	0.005622	-0.015500	-1.915833	1354400.000000
2022-12-01	0.000226	0.021831	0.028888	0.001205	0.049637	1708700.000000
2022-11-30	0.018553	0.001183	0.026504	-0.004429	4.000397	3889200.000000
2022-11-29	0.015521	0.011683	0.023269	0.004666	3.295639	1848100.000000
2022-11-28	-0.028081	0.001126	0.008725	-0.024828	-6.134644	1367200.000000
2022-11-25	0.008385	0.013813	0.021198	0.007997	1.816574	566500.000000
2022-11-23	0.000550	0.007720	0.017973	-0.001239	0.119110	1210500.000000
2022-11-22	-0.008094	0.011154	0.013307	-0.012942	-1.766922	1562400.000000
2022-11-21	0.018432	0.005811	0.027505	0.005811	3.950775	1682400.000000
2022-11-18	-0.001895	0.013404	0.025418	-0.000565	-0.406982	2360400.000000
2022-11-17	-0.012822	0.000824	0.009420	-0.014484	-2.789368	2144600.000000
2022-11-16	-0.001958	0.009737	0.023363	0.000745	-0.426849	2400800.000000
2022-11-15	0.019500	0.007491	0.028164	0.005947	4.169159	2152200.000000
2022-11-14	-0.035295	0.000719	0.002479	-0.028836	-7.822128	1628000.000000
2022-11-11	0.010684	0.016108	0.028102	0.007944	2.342667	1915700.000000
2022-11-10	0.098786	0.067879	0.110322	0.050491	19.714172	2781200.000000
2022-11-09	-0.009753	0.012310	0.025806	-0.005603	-1.965469	1530300.000000
2022-11-08	0.004950	0.007397	0.024701	0.002810	0.992661	2071800.000000
2022-11-07	-0.009317	0.010954	0.017623	-0.003570	-1.886047	1828800.000000
2022-11-04	0.012864	0.015303	0.022659	-0.003561	2.570984	1788100.000000
2022-11-03	-0.018812	-0.002324	0.004304	-0.012781	-3.831665	1703800.000000
2022-11-02	-0.012940	0.001824	0.027411	-0.019401	-2.670242	2655500.000000
2022-11-01	0.003330	0.018191	0.037202	0.004480	0.684937	1907000.000000
2022-10-31	0.012115	-0.007661	0.032839	-0.012336	2.461777	2513500.000000
2022-10-28	0.030350	0.000400	0.056530	0.000400	5.985733	2613600.000000
2022-10-27	0.008938	0.017373	0.043361	0.003611	1.747070	3414500.000000
2022-10-26	0.007109	0.006315	0.026872	0.000596	1.379791	2512300.000000
2022-10-25	0.054639	0.010440	0.065266	0.010223	10.055634	2495200.000000
2022-10-24	-0.011516	0.020073	0.028183	-0.010757	-2.144150	1856400.000000
2022-10-21	-0.002340	0.012595	0.012595	-0.018699	-0.436768	2078000.000000
2022-10-20	-0.015655	0.008241	0.008294	-0.022246	-2.968048	2515600.000000
2022-10-19	-0.031589	-0.003891	0.002136	-0.026877	-6.184250	1824700.000000
2022-10-18	0.024573	0.018021	0.035920	0.016451	4.695267	3253400.000000
2022-10-17	0.036118	0.028979	0.062273	0.023936	6.660736	3040900.000000
2022-10-14	-0.021438	0.016736	0.022361	-0.018020	-4.040131	2466400.000000
2022-10-13	0.032973	-0.014089	0.049329	-0.023407	6.015518	3518100.000000
2022-10-12	-0.028953	0.003725	0.007823	-0.029701	-5.439774	2572500.000000
2022-10-11	-0.001635	0.006653	0.020150	-0.015505	-0.307724	2463100.000000
2022-10-10	-0.025947	0.014488	0.025720	-0.021951	-5.012924	1992300.000000
2022-10-07	-0.034573	-0.004995	0.004549	-0.033528	-6.918823	3165300.000000
2022-10-06	-0.051695	0.012279	0.014838	-0.039089	-10.909164	2908700.000000
2022-10-05	-0.026990	0.001187	0.003031	-0.025371	-5.853699	1518700.000000
2022-10-04	0.013400	0.023060	0.048245	0.018481	2.867722	2032800.000000
2022-10-03	0.011504	0.025093	0.036011	0.003636	2.434128	2102200.000000
2022-09-30	0.004585	0.024904	0.031836	0.006719	0.965759	2501700.000000
2022-09-29	-0.033204	0.002257	0.010657	-0.029692	-7.233368	2096500.000000
2022-09-28	0.002085	0.028497	0.030061	0.011109	0.453323	1988800.000000
2022-09-27	-0.003478	0.026248	0.038258	0.006033	-0.758820	1900800.000000
2022-09-26	-0.032516	0.016206	0.016206	-0.032622	-7.331894	2146900.000000
2022-09-23	-0.017055	0.006591	0.010819	-0.016426	-3.912338	1907000.000000
2022-09-22	-0.005851	0.008502	0.024754	0.006335	-1.350082	1446000.000000
2022-09-21	-0.015763	0.023572	0.034108	-0.001679	-3.695511	1942400.000000
2022-09-20	-0.038788	0.005928	0.007978	-0.026954	-9.460541	2093000.000000
2022-09-19	0.006548	0.008594	0.022542	-0.003044	1.586609	1249300.000000
2022-09-16	0.003387	0.012134	0.025467	0.010229	0.817932	3287400.000000
2022-09-15	-0.026845	0.013816	0.015428	-0.014392	-6.661789	1561400.000000
2022-09-14	-0.011036	0.001990	0.016576	-0.004585	-2.769165	2087000.000000
2022-09-13	-0.039458	-0.002636	0.003718	-0.027862	-10.308029	1711400.000000
2022-09-12	0.013380	0.016566	0.030143	0.016178	3.449158	946100.000000
2022-09-09	-0.000306	0.017923	0.020715	0.006987	-0.078857	880000.000000
2022-09-08	0.008362	0.015368	0.024519	0.005984	2.138489	1518700.000000
2022-09-07	0.020930	0.017737	0.038177	0.012627	5.242706	1095800.000000
2022-09-06	0.013275	0.019840	0.037477	0.015350	3.281616	1163700.000000
2022-09-02	-0.026355	0.022226	0.027898	-0.013458	-6.691360	1387400.000000
2022-09-01	0.014131	0.010309	0.029522	0.005037	3.537857	1590500.000000
2022-08-31	0.002565	0.016585	0.025995	0.013021	0.640564	2005100.000000
2022-08-30	-0.024334	0.015446	0.018494	-0.012685	-6.228180	1211100.000000
2022-08-29	-0.005628	0.009342	0.020376	0.003088	-1.448669	1577900.000000
2022-08-26	-0.026282	0.013343	0.015008	-0.012381	-6.947540	1227300.000000
2022-08-25	0.014217	0.019615	0.030013	0.006417	3.705353	1367400.000000
2022-08-24	-0.002828	0.018798	0.020405	0.010419	-0.739136	1372900.000000
2022-08-23	-0.016756	0.009363	0.011545	-0.009445	-4.454285	971000.000000
2022-08-22	-0.016982	0.007014	0.013781	-0.005522	-4.592316	946800.000000
2022-08-19	-0.003920	0.012901	0.022478	0.007008	-1.064301	2110700.000000
2022-08-18	-0.007100	0.014962	0.021106	-0.001861	-1.941376	1139000.000000
2022-08-17	-0.003556	0.008912	0.016674	0.003773	-0.975647	1059000.000000
2022-08-16	-0.010905	0.005119	0.009552	-0.005551	-3.025360	1183500.000000
2022-08-15	0.013683	0.017191	0.032098	0.016241	3.744781	1329100.000000
2022-08-12	0.013762	0.021151	0.029374	0.017299	3.715210	1110000.000000
2022-08-11	-0.013823	0.018871	0.018871	-0.001768	-3.784210	1260400.000000
2022-08-10	0.005830	0.028668	0.028668	0.010664	1.586639	1350800.000000
2022-08-09	0.011648	0.017828	0.030800	0.004893	3.133789	1459800.000000
2022-08-08	0.002976	0.024287	0.032227	0.011537	0.798218	968900.000000
2022-08-05	0.003392	0.003895	0.019082	-0.001080	0.906677	1156400.000000
2022-08-04	0.009076	0.015951	0.025652	0.011610	2.404541	1257800.000000
2022-08-03	0.008251	0.019348	0.027302	0.008044	2.167999	1370200.000000
2022-08-02	-0.007408	0.016556	0.024414	0.004959	-1.961060	1681000.000000
2022-08-01	-0.008160	0.012682	0.018227	-0.002380	-2.177887	1323100.000000
2022-07-29	0.007177	0.020215	0.033800	0.009497	1.901947	1821200.000000
2022-07-28	0.041118	0.027236	0.059060	0.021736	10.465698	2589500.000000
2022-07-27	-0.002703	0.016859	0.023598	0.000637	-0.689819	1505400.000000
2022-07-26	0.006373	0.019553	0.037337	0.016636	1.616165	1579700.000000
2022-07-25	-0.008706	0.013766	0.014977	0.000280	-2.227158	1593300.000000
2022-07-22	0.016445	0.019312	0.034450	0.016173	4.138977	1587500.000000
2022-07-21	0.022664	0.016490	0.040138	0.008445	5.577759	1290300.000000
2022-07-20	-0.028854	0.010165	0.017781	-0.015760	-7.312210	1573500.000000
2022-07-19	0.031735	0.024351	0.047394	0.023903	7.795090	1506300.000000
2022-07-18	-0.030910	0.013599	0.017070	-0.019266	-7.834518	1608200.000000
2022-07-15	0.002690	0.028074	0.031674	0.010075	0.679977	1181100.000000
2022-07-14	0.002306	-0.001792	0.022395	-0.003060	0.581467	1579200.000000
2022-07-13	0.001683	0.002510	0.025546	-0.002415	0.423737	1188500.000000
2022-07-12	-0.009690	0.010652	0.017693	-0.004294	-2.463684	1650900.000000
2022-07-11	0.011686	0.014703	0.028471	0.004715	2.936722	1299500.000000
2022-07-08	-0.008438	0.007404	0.017505	0.001091	-2.138474	936000.000000
2022-07-07	-0.004066	0.015804	0.023977	0.003700	-1.034775	1089600.000000
2022-07-06	0.008947	0.022752	0.033139	0.017756	2.256744	1170900.000000
2022-07-05	-0.009520	0.003315	0.005554	-0.019697	-2.424255	1321600.000000
2022-07-01	0.010994	0.010534	0.028440	0.002237	2.769180	1363200.000000
2022-06-30	0.009599	-0.006123	0.017973	-0.011653	2.429993	1938100.000000
2022-06-29	0.000909	-0.011466	0.003954	-0.022852	0.230011	1863700.000000
2022-06-28	-0.024679	0.002584	0.004435	-0.027802	-6.399994	1601700.000000
2022-06-27	-0.008867	0.002217	0.009325	-0.013415	-2.320007	2018900.000000
2022-06-24	0.012930	0.009485	0.014788	-0.006697	3.339996	3131500.000000
2022-06-23	0.024999	0.004167	0.030911	0.002857	6.300003	2553100.000000
2022-06-22	0.020903	-0.018351	0.048491	-0.018635	5.159988	3130200.000000
2022-06-21	0.045222	0.024686	0.052378	0.024220	10.680008	2502000.000000
2022-06-17	0.008498	-0.002050	0.017465	-0.008797	1.990005	4291800.000000
2022-06-16	-0.029909	-0.027423	-0.018268	-0.037655	-7.220001	1668500.000000
2022-06-15	0.029468	0.003881	0.042688	0.002218	6.909988	2076700.000000
2022-06-14	-0.023080	-0.003541	0.001875	-0.030704	-5.539993	2584900.000000
2022-06-13	-0.043743	-0.023943	-0.015378	-0.047966	-10.979996	2272900.000000
2022-06-10	-0.035319	-0.012260	-0.009070	-0.038778	-9.190018	2188200.000000
2022-06-09	-0.016108	-0.012440	0.012365	-0.016789	-4.259979	2050700.000000
2022-06-08	-0.006350	-0.001916	0.010859	-0.010633	-1.690002	1550400.000000
2022-06-07	-0.004526	-0.004413	-0.001384	-0.030670	-1.209991	2135100.000000
2022-06-06	0.002362	0.011472	0.016346	-0.002099	0.629974	4197100.000000
2022-06-03	0.016657	-0.002058	0.027215	-0.006137	4.370026	7332200.000000
2022-06-02	0.038803	-0.025736	0.042089	-0.027241	9.799988	2781800.000000
2022-06-01	-0.013938	0.000000	0.000000	-0.020615	-3.570007	1418000.000000
2022-05-31	-0.018509	-0.012262	-0.007357	-0.021957	-4.829987	2829600.000000
2022-05-27	0.024618	0.007185	0.030900	0.000550	6.269989	1786300.000000
2022-05-26	-0.021514	0.001652	0.007607	-0.024319	-5.600006	1487200.000000
2022-05-25	0.006847	-0.006692	0.010328	-0.022977	1.770020	2392900.000000
2022-05-24	0.036485	0.000281	0.039652	-0.002927	9.099991	2174400.000000
2022-05-23	0.021041	0.005363	0.022270	-0.003029	5.139999	1697400.000000
2022-05-20	0.047288	0.009432	0.051104	0.004544	11.029999	2853900.000000
2022-05-19	0.011360	-0.002732	0.024108	-0.006157	2.619995	1825900.000000
2022-05-18	-0.010172	-0.001845	0.001288	-0.014979	-2.369995	1623800.000000
2022-05-17	0.012075	0.012944	0.014812	-0.003562	2.779999	1728500.000000
2022-05-16	-0.010487	-0.000215	0.009585	-0.011304	-2.440002	1203100.000000
2022-05-13	0.031752	0.007450	0.032772	0.003060	7.160004	2229500.000000
2022-05-12	0.003471	-0.000223	0.008232	-0.012015	0.779999	2193700.000000
2022-05-11	-0.000133	0.007564	0.020601	-0.003649	-0.029999	2104200.000000
2022-05-10	-0.027435	0.006664	0.013198	-0.037907	-6.339996	2411700.000000
2022-05-09	-0.053182	-0.007949	-0.007949	-0.057811	-12.980011	2423300.000000
2022-05-06	0.010726	-0.009235	0.015074	-0.011098	2.590012	1843000.000000
2022-05-05	-0.016935	-0.002687	0.003379	-0.024182	-4.160004	1375900.000000
2022-05-04	0.019211	-0.001577	0.020870	-0.009709	4.630005	1098500.000000
2022-05-03	0.017134	0.000000	0.025533	-0.006879	4.059998	1367100.000000
2022-05-02	-0.016887	0.001494	0.017675	-0.034396	-4.070007	2127600.000000
2022-04-29	-0.044254	-0.007415	-0.003450	-0.045602	-11.159988	2151900.000000
2022-04-28	-0.002650	-0.000910	0.003994	-0.030216	-0.670013	2417400.000000
2022-04-27	-0.007731	0.004670	0.012479	-0.012833	-1.970001	2049600.000000
2022-04-26	-0.018110	-0.002659	0.006512	-0.019575	-4.699982	1883300.000000
2022-04-25	-0.009087	0.000764	0.004200	-0.025926	-2.380005	1656800.000000
2022-04-22	-0.018182	0.001425	0.001425	-0.018369	-4.850006	1664500.000000
2022-04-21	-0.003139	0.004858	0.014724	-0.005344	-0.839996	1712400.000000
2022-04-20	0.034084	0.003787	0.035476	0.001430	8.820007	1807500.000000
2022-04-19	0.019141	0.003702	0.022213	0.003426	4.859985	1308500.000000
2022-04-18	-0.006379	-0.005479	0.007200	-0.013266	-1.629990	1072500.000000
2022-04-14	-0.006300	0.003033	0.004627	-0.008399	-1.620010	2312200.000000
2022-04-13	-0.000078	0.003461	0.004083	-0.008710	-0.019989	1317800.000000
2022-04-12	-0.023281	-0.016824	-0.012001	-0.029167	-6.130005	1518100.000000
2022-04-11	-0.011636	0.000676	0.004992	-0.014339	-3.100006	2158500.000000
2022-04-08	0.002559	0.001618	0.010386	-0.006398	0.679993	1559100.000000
2022-04-07	-0.010759	-0.009902	-0.002866	-0.017125	-2.889984	1752400.000000
2022-04-06	0.021680	-0.006580	0.023657	-0.009166	5.699982	2749700.000000
2022-04-05	0.019742	-0.001086	0.029205	-0.003064	5.090027	1956200.000000
2022-04-04	0.003425	0.000117	0.009418	-0.003191	0.879974	1989800.000000
2022-04-01	0.022809	0.000000	0.024560	-0.004458	5.730011	1636200.000000
2022-03-31	0.001395	0.004146	0.012756	-0.000678	0.350006	3315600.000000
2022-03-30	0.001277	-0.005588	0.001477	-0.012692	0.319992	1385400.000000
2022-03-29	0.022528	0.010652	0.025303	0.009142	5.520004	1917500.000000
2022-03-28	0.018031	0.004404	0.018696	0.001288	4.339996	1382800.000000
2022-03-25	0.022082	0.008196	0.024799	0.004459	5.199997	1530200.000000
2022-03-24	0.006368	-0.001709	0.006667	-0.014231	1.490005	2081200.000000
2022-03-23	-0.023658	-0.002503	0.002295	-0.024867	-5.669998	1968600.000000
2022-03-22	-0.008153	0.002442	0.006828	-0.010470	-1.970001	1909800.000000
2022-03-21	-0.003670	-0.002969	0.010184	-0.010308	-0.889999	1601400.000000
2022-03-18	-0.010647	0.008281	0.013543	-0.013625	-2.610001	3668100.000000
2022-03-17	0.022994	-0.004757	0.023411	-0.004757	5.509995	1876100.000000
2022-03-16	0.014479	0.006816	0.017823	-0.002286	3.419998	1902000.000000
2022-03-15	0.005448	0.007236	0.014600	-0.003618	1.280014	1422300.000000
2022-03-14	0.000383	0.004812	0.009879	-0.010177	0.089996	1652400.000000
2022-03-11	0.008763	0.010782	0.022466	0.008076	2.039993	1889000.000000
2022-03-10	-0.001330	-0.009352	0.001587	-0.025782	-0.309998	1300300.000000
2022-03-09	0.022547	0.016142	0.037286	0.014388	5.139999	1481200.000000
2022-03-08	-0.017455	0.002155	0.019955	-0.019438	-4.050003	2058000.000000
2022-03-07	-0.026272	-0.004868	-0.001721	-0.030426	-6.259995	1499200.000000
2022-03-04	0.012923	-0.005399	0.016961	-0.005399	3.039993	2396600.000000
2022-03-03	0.018355	0.010736	0.025108	0.002251	4.240005	2702600.000000
2022-03-02	0.010720	-0.001050	0.018464	-0.003544	2.449997	2160300.000000
2022-03-01	0.007405	0.004981	0.017852	-0.000837	1.680008	2467300.000000
2022-02-28	-0.029059	-0.010742	-0.009672	-0.043910	-6.790009	3690400.000000
2022-02-25	0.008242	-0.000216	0.011650	-0.021402	1.910004	2309500.000000
2022-02-24	0.018905	-0.024797	0.022730	-0.032754	4.300003	2699700.000000
2022-02-23	-0.004029	0.006656	0.013487	-0.007181	-0.919998	1934000.000000
2022-02-22	-0.000306	-0.000875	0.010769	-0.017116	-0.070007	2521600.000000
2022-02-18	-0.001006	0.000656	0.011501	-0.008571	-0.229996	2705400.000000
2022-02-17	-0.015753	-0.001377	0.000775	-0.019670	-3.660004	1721100.000000
2022-02-16	-0.004542	0.000043	0.001542	-0.015596	-1.059998	1275700.000000
2022-02-15	-0.003841	0.011823	0.012207	-0.008579	-0.899994	1696300.000000
2022-02-14	-0.011017	0.004221	0.007007	-0.017518	-2.610001	1810100.000000
2022-02-11	-0.023133	0.001856	0.010061	-0.028947	-5.610001	2379600.000000
2022-02-10	-0.029533	-0.013046	-0.001721	-0.034855	-7.380005	1453100.000000
2022-02-09	0.018629	0.011536	0.020952	0.005748	4.569992	1824700.000000
2022-02-08	-0.003817	-0.002721	0.004345	-0.012954	-0.939987	1303800.000000
2022-02-07	-0.000690	-0.002678	0.007832	-0.007832	-0.169998	1171600.000000
2022-02-04	-0.017032	-0.010132	-0.002792	-0.022537	-4.270004	1275900.000000
2022-02-03	-0.006499	-0.005707	0.001387	-0.009828	-1.639999	1367300.000000
2022-02-02	0.008755	0.006916	0.017270	0.005597	2.190002	1446000.000000
2022-02-01	-0.005368	-0.001710	0.003777	-0.015547	-1.350006	1665800.000000
2022-01-31	0.019168	-0.003485	0.019897	-0.007254	4.729996	2665000.000000
2022-01-28	0.043734	0.004822	0.044072	-0.011674	10.340012	2106700.000000
2022-01-27	-0.025433	-0.004328	0.010099	-0.030420	-6.170013	2722300.000000
2022-01-26	-0.031653	0.000399	0.015327	-0.040434	-7.929993	2325000.000000
2022-01-25	0.008575	-0.010507	0.016103	-0.012118	2.130005	2065700.000000
2022-01-24	0.014872	-0.014095	0.018671	-0.023533	3.639999	2708800.000000
2022-01-21	-0.004798	0.015410	0.019680	-0.008864	-1.180008	3504900.000000
2022-01-20	-0.012289	0.003574	0.015502	-0.013896	-3.059998	2120900.000000
2022-01-19	-0.004915	0.003916	0.012109	-0.008592	-1.229996	2200000.000000
2022-01-18	-0.001556	-0.007940	0.001397	-0.011332	-0.389999	2523600.000000
2022-01-14	-0.018869	-0.007047	-0.004854	-0.036604	-4.820007	2549900.000000
2022-01-13	-0.015228	0.002352	0.003238	-0.016693	-3.950012	1728000.000000
2022-01-12	-0.004223	-0.002342	0.015394	-0.006296	-1.099976	1876900.000000
2022-01-11	-0.014826	-0.018910	-0.010590	-0.031428	-3.920013	1884300.000000
2022-01-10	-0.008140	0.002889	0.002889	-0.029897	-2.169983	2113500.000000
2022-01-07	0.006380	-0.003247	0.016422	-0.014685	1.689972	2244300.000000
2022-01-06	0.001210	-0.002495	0.003062	-0.029482	0.320007	2473100.000000
2022-01-05	-0.064363	-0.013438	-0.011776	-0.072638	-18.199982	4486100.000000
2022-01-04	-0.012606	0.002828	0.006530	-0.013688	-3.610016	1813300.000000
2022-01-03	-0.020923	-0.000444	0.000171	-0.041778	-6.119995	1597900.000000
2021-12-31	0.004671	0.000893	0.011197	-0.004122	1.359985	1274100.000000
2021-12-30	0.007823	0.002527	0.010766	-0.005089	2.260010	1370200.000000
2021-12-29	0.001352	-0.005858	0.003501	-0.005858	0.390015	1430600.000000
2021-12-28	0.009553	0.000000	0.011128	-0.003639	2.729980	1065600.000000
2021-12-27	0.025185	0.004736	0.025723	-0.001005	7.020020	1235300.000000
2021-12-23	-0.004002	0.000500	0.002144	-0.012149	-1.119995	1016000.000000
2021-12-22	0.012237	0.008945	0.017590	0.004460	3.383179	914200.000000
2021-12-21	-0.002191	0.011607	0.017887	-0.001818	-0.606964	1381900.000000
2021-12-20	-0.001434	-0.005881	0.007418	-0.008908	-0.398010	1551000.000000
2021-12-17	-0.002183	0.004176	0.020358	-0.000967	-0.607025	3248700.000000
2021-12-16	0.018662	0.006615	0.024454	0.006285	5.094696	1791500.000000
2021-12-15	0.003438	0.007724	0.015185	-0.003451	0.935364	1932500.000000
2021-12-14	-0.009456	-0.000677	0.012540	-0.013274	-2.597076	2225100.000000
2021-12-13	0.012657	0.002865	0.022517	-0.003218	3.432922	1836400.000000
2021-12-10	0.005571	0.004411	0.016534	-0.001002	1.502533	1352400.000000
2021-12-09	-0.017365	0.005076	0.009120	-0.012958	-4.766327	1116100.000000
2021-12-08	-0.003468	0.003442	0.008997	-0.006905	-0.955231	1327600.000000
2021-12-07	0.026857	0.011230	0.033859	0.011230	7.204193	2133000.000000
2021-12-06	0.009777	0.010877	0.027328	0.006397	2.597107	1864800.000000
2021-12-03	0.002704	0.003004	0.016253	-0.005527	0.716461	1804000.000000
2021-12-02	0.028152	0.007994	0.039080	0.006209	7.253937	1902600.000000
2021-12-01	-0.013449	0.010710	0.024340	-0.010233	-3.512543	2629100.000000
2021-11-30	-0.016708	-0.005499	0.009522	-0.012276	-4.437958	2759500.000000
2021-11-29	0.015483	0.009784	0.029587	-0.000309	4.049896	1842900.000000
2021-11-26	-0.009831	0.009131	0.012613	-0.007185	-2.597107	1161800.000000
2021-11-24	0.013282	0.008342	0.020348	-0.000787	3.462799	1320800.000000
2021-11-23	0.016962	0.007424	0.022832	0.001534	4.348389	2070900.000000
2021-11-22	-0.012836	0.001193	0.005275	-0.011784	-3.333435	1835200.000000
2021-11-19	0.007801	0.012496	0.025651	0.007489	2.010040	2036700.000000
2021-11-18	0.005553	0.005240	0.013708	-0.011150	1.422913	2436700.000000
2021-11-17	-0.005829	0.005200	0.010243	-0.011871	-1.502533	3451600.000000
2021-11-16	-0.005605	0.011255	0.012027	-0.002247	-1.452789	2783200.000000
2021-11-15	-0.042631	-0.012651	-0.008182	-0.042899	-11.542664	3467600.000000
2021-11-12	-0.001395	0.012380	0.015072	0.001721	-0.378143	991200.000000
2021-11-11	-0.012324	0.005877	0.007954	-0.015105	-3.383179	1221800.000000
2021-11-10	-0.014433	0.000335	0.010567	-0.010687	-4.020050	925300.000000
2021-11-09	0.004161	0.009041	0.015241	0.005111	1.154266	823300.000000
2021-11-08	0.003348	0.006486	0.009995	-0.010949	0.925446	1014100.000000
2021-11-05	-0.004015	0.012136	0.013937	-0.003139	-1.114502	1214000.000000
2021-11-04	-0.005880	0.009264	0.015174	-0.005634	-1.641846	1381000.000000
2021-11-03	-0.007253	0.008771	0.014816	-0.017042	-2.039856	1133500.000000
2021-11-02	0.001950	0.007496	0.016331	-0.004260	0.547272	1532500.000000
2021-11-01	0.000461	0.008139	0.009208	-0.014850	0.129364	1520500.000000
2021-10-29	-0.014125	-0.001288	0.001172	-0.017416	-4.020020	2532000.000000
2021-10-28	0.002067	0.005248	0.021058	-0.004082	0.587067	1391600.000000
2021-10-27	-0.005297	0.009450	0.019782	-0.000742	-1.512482	1280300.000000
2021-10-26	0.008293	0.009981	0.022553	0.007863	2.348358	1742300.000000
2021-10-25	0.000457	0.005143	0.009312	-0.008565	0.129333	1194700.000000
2021-10-22	0.019388	0.007632	0.027548	0.004823	5.383270	1496300.000000
2021-10-21	0.010868	0.004057	0.017127	-0.005081	2.985168	1269100.000000
2021-10-20	0.011506	0.009386	0.019623	0.009386	3.124481	1109700.000000
2021-10-19	0.018284	0.011417	0.040441	0.008867	4.875793	1816900.000000
2021-10-18	-0.004938	0.001646	0.008400	-0.003988	-1.323425	1354300.000000
2021-10-15	0.005450	0.012170	0.018135	0.002003	1.452789	3091300.000000
2021-10-14	0.013968	0.009798	0.020982	0.008352	3.671753	1370000.000000
2021-10-13	-0.001399	0.000218	0.004359	-0.014901	-0.368164	1646600.000000
2021-10-12	0.011277	0.009461	0.021447	0.004851	2.935394	1352700.000000
2021-10-11	-0.001831	0.004353	0.010297	-0.001015	-0.477600	1074800.000000
2021-10-08	-0.015144	0.004854	0.005080	-0.012783	-4.010071	1064300.000000
2021-10-07	-0.006904	0.009617	0.019293	-0.003847	-1.840881	1185000.000000
2021-10-06	0.012890	0.000522	0.019782	-0.008101	3.393158	1421100.000000
2021-10-05	-0.002564	0.005611	0.011370	-0.006097	-0.676666	1649200.000000
2021-10-04	-0.005176	0.002328	0.007869	-0.011845	-1.373138	1387600.000000
2021-10-01	0.004521	0.011025	0.018636	0.003755	1.194031	1784600.000000
2021-09-30	-0.017036	0.010029	0.013751	-0.012675	-4.577271	2090800.000000
2021-09-29	0.004688	0.009267	0.014839	0.002873	1.253784	1448500.000000
2021-09-28	-0.019518	-0.007132	-0.002769	-0.021908	-5.323547	2317600.000000
2021-09-27	-0.024104	0.005110	0.008473	-0.020795	-6.736542	1776700.000000
2021-09-24	-0.020208	0.009268	0.011162	-0.013624	-5.764343	2318700.000000
2021-09-23	-0.018906	0.009482	0.009482	-0.018274	-5.496918	1634100.000000
2021-09-22	0.005756	0.010450	0.020205	0.003843	1.663940	1172900.000000
2021-09-21	0.002335	0.013329	0.020160	0.007851	0.673462	1161500.000000
2021-09-20	-0.008715	0.002058	0.011029	-0.011450	-2.535522	2374700.000000
2021-09-17	-0.011409	-0.001559	0.011047	-0.002477	-3.357605	2994000.000000
2021-09-16	-0.000404	0.008058	0.012167	-0.005359	-0.118835	906500.000000
2021-09-15	0.002901	0.010403	0.014525	0.002330	0.851776	1044200.000000
2021-09-14	0.006076	0.011984	0.020552	0.010339	1.772888	1109700.000000
2021-09-13	0.002484	0.018690	0.025252	0.007249	0.723022	1270100.000000
2021-09-10	-0.009905	0.008531	0.010776	-0.013341	-2.911896	1488700.000000
2021-09-09	-0.022396	0.005930	0.009953	-0.013391	-6.734985	1243100.000000
2021-09-08	0.014705	0.007764	0.024838	0.006786	4.357941	1512700.000000
2021-09-07	-0.009238	0.004606	0.009420	-0.013447	-2.763306	1535200.000000
2021-09-03	0.003722	0.006835	0.014385	-0.002829	1.109253	1645300.000000
2021-09-02	0.009834	0.010129	0.019888	0.001962	2.902039	1795800.000000
2021-09-01	0.019817	0.012004	0.031321	0.009032	5.734589	1658400.000000
2021-08-31	0.001680	0.003250	0.013289	-0.000315	0.485352	2327100.000000
2021-08-30	0.021646	0.009654	0.031827	0.008664	6.120880	1632600.000000
2021-08-27	0.008193	0.015501	0.019031	0.006196	2.297821	882400.000000
2021-08-26	0.000990	0.007227	0.016685	0.005443	0.277344	960900.000000
2021-08-25	-0.005973	0.009831	0.009973	-0.000563	-1.683777	973400.000000
2021-08-24	-0.013552	0.013083	0.014203	-0.008264	-3.872620	978000.000000
2021-08-23	-0.007943	0.004655	0.007953	-0.002532	-2.287872	1071400.000000
2021-08-20	0.005810	0.010562	0.019012	0.004800	1.663879	1712800.000000
2021-08-19	0.020326	0.003277	0.032279	0.003277	5.704987	1203200.000000
2021-08-18	-0.010994	0.007645	0.012332	-0.001622	-3.119904	1146200.000000
2021-08-17	0.011758	0.002310	0.022239	0.002310	3.298126	922500.000000
2021-08-16	0.000990	0.009654	0.015507	0.005550	0.277344	1066600.000000
2021-08-13	0.010248	0.011024	0.020109	0.006626	2.842590	808000.000000
2021-08-12	0.010208	0.012495	0.021527	0.005757	2.802917	874400.000000
2021-08-11	0.006974	0.013725	0.018456	0.009911	1.901642	871500.000000
2021-08-10	-0.016996	0.015026	0.016576	-0.008588	-4.714478	1293200.000000
2021-08-09	-0.007302	0.009225	0.010728	-0.001691	-2.040283	1093300.000000
2021-08-06	-0.002264	0.004798	0.012082	0.003405	-0.633911	1459900.000000
2021-08-05	-0.007407	0.015183	0.016211	-0.003601	-2.089813	1307700.000000
2021-08-04	0.001829	0.011216	0.014661	0.000280	0.515015	1315100.000000
2021-08-03	0.002574	0.009939	0.017486	0.006770	0.723022	1000000.000000
2021-08-02	0.002900	0.012153	0.021543	0.010975	0.812195	1219300.000000
2021-07-30	-0.000707	0.015683	0.022640	0.008691	-0.198120	1762200.000000
2021-07-29	-0.006948	0.013268	0.025703	0.000017	-1.961060	1768200.000000
2021-07-28	-0.006623	0.009865	0.011132	-0.001362	-1.881866	1636000.000000
2021-07-27	0.007976	0.011073	0.019906	0.007597	2.248352	1229200.000000
2021-07-26	-0.002279	0.002964	0.008486	-0.000150	-0.643829	1174400.000000
2021-07-23	0.012997	0.011984	0.024498	0.006535	3.625000	1144200.000000
2021-07-22	0.004781	0.007637	0.016355	-0.002487	1.327179	1152200.000000
2021-07-21	-0.009682	0.008512	0.010154	-0.001299	-2.713776	1167000.000000
2021-07-20	0.007512	0.017634	0.022414	0.005341	2.089813	1502600.000000
2021-07-19	-0.005558	0.011227	0.017482	-0.004287	-1.554962	2166900.000000
2021-07-16	0.004195	0.013100	0.019812	0.009152	1.168732	2100700.000000
2021-07-15	-0.000320	0.012274	0.016292	0.001257	-0.089172	1082200.000000
2021-07-14	0.010196	0.007733	0.023755	0.004144	2.812836	1198100.000000
2021-07-13	-0.005214	0.002983	0.015532	0.001180	-1.446014	1228200.000000
2021-07-12	0.005530	0.012265	0.017631	0.007079	1.525238	1323500.000000
2021-07-09	0.001907	0.008746	0.012706	0.000208	0.524933	1151700.000000
2021-07-08	-0.000899	0.008856	0.017058	0.002213	-0.247589	1179400.000000
2021-07-07	0.008849	0.007896	0.024045	0.003356	2.416687	1732300.000000
2021-07-06	0.010481	0.009654	0.020792	0.004844	2.832672	1742700.000000
2021-07-02	0.009396	0.013277	0.021494	0.013277	2.515686	1207700.000000
2021-07-01	0.000703	0.004010	0.015634	0.000347	0.188141	1537000.000000
2021-06-30	-0.009714	0.010320	0.017131	-0.000561	-2.624603	1857900.000000
2021-06-29	0.003679	0.008242	0.017047	0.003970	0.990417	1624100.000000
2021-06-28	0.019697	0.016586	0.030336	0.016586	5.199768	1808500.000000
2021-06-25	0.009048	0.010648	0.022306	0.008354	2.367188	1882700.000000
2021-06-24	-0.000265	0.014698	0.017029	0.002432	-0.069336	910600.000000
2021-06-23	-0.008964	0.007344	0.009654	-0.002048	-2.367126	1330600.000000
2021-06-22	-0.004221	0.009805	0.012068	0.004903	-1.119202	1156900.000000
2021-06-21	0.006768	0.009844	0.018044	0.002327	1.782776	1471000.000000
2021-06-18	-0.013246	0.006844	0.009916	-0.003795	-3.535889	2770500.000000
2021-06-17	0.016022	0.006837	0.026173	0.004021	4.209381	1360700.000000
2021-06-16	-0.014567	0.018689	0.019514	-0.003179	-3.883759	1595700.000000
2021-06-15	-0.001735	0.014188	0.015836	0.005801	-0.463257	1166100.000000
2021-06-14	0.009651	0.014790	0.024506	0.010745	2.552979	1152700.000000
2021-06-11	-0.009120	0.010218	0.010630	-0.000459	-2.434692	1335800.000000
2021-06-10	0.014269	0.011980	0.029230	0.009435	3.755554	1312100.000000
2021-06-09	0.003722	0.018073	0.024098	0.016319	0.975891	1239000.000000
2021-06-08	-0.009716	0.016678	0.016678	-0.001676	-2.572723	1424300.000000
2021-06-07	0.012628	0.017586	0.029173	0.013876	3.302155	1810700.000000
2021-06-04	0.007329	0.019265	0.023387	0.013332	1.902466	1789900.000000
2021-06-03	0.001597	0.014102	0.017112	0.006115	0.413971	1544000.000000
2021-06-02	0.016862	0.016175	0.031869	0.013272	4.297714	1912700.000000
2021-06-01	0.012174	0.019174	0.027275	0.012463	3.065598	1722300.000000
2021-05-28	0.005313	0.024070	0.028142	0.019878	1.330734	1494600.000000
2021-05-27	-0.001376	0.012893	0.021186	0.008268	-0.345016	3149500.000000
2021-05-26	0.004302	0.017731	0.027301	0.012006	1.074448	1519900.000000
2021-05-25	0.002334	0.016776	0.022314	0.001083	0.581573	1325000.000000
2021-05-24	0.011322	0.017532	0.030723	0.015665	2.789597	1170100.000000
2021-05-21	-0.003469	0.014407	0.017157	0.006763	-0.857605	1586400.000000
2021-05-20	0.019428	0.016879	0.037949	0.011066	4.711761	1419100.000000
2021-05-19	-0.001258	0.008599	0.018812	0.000404	-0.305588	2177300.000000
2021-05-18	0.001871	0.014364	0.023771	-0.003872	0.453445	2023000.000000
2021-05-17	-0.003526	0.007252	0.017530	0.006636	-0.857574	1443400.000000
2021-05-14	0.011311	0.019353	0.030371	0.017066	2.720581	1714500.000000
2021-05-13	0.008431	0.018848	0.028576	0.009918	2.010864	1474200.000000
2021-05-12	-0.021672	0.009443	0.013298	-0.009672	-5.283478	1621400.000000
2021-05-11	-0.005229	0.009795	0.011958	-0.004364	-1.281418	1779200.000000
2021-05-10	0.004566	0.020678	0.027277	0.013996	1.113876	2134200.000000
2021-05-07	0.014220	0.021264	0.035316	0.018604	3.420425	5548400.000000
2021-05-06	-0.018423	-0.003182	0.007265	-0.011017	-4.514587	5244100.000000
2021-05-05	-0.001125	-0.002551	0.017627	-0.005282	-0.275986	2663500.000000
2021-05-04	-0.014024	0.016618	0.016618	-0.004803	-3.489456	1826700.000000
2021-05-03	-0.009224	0.011223	0.012378	0.004055	-2.316452	1717300.000000
2021-04-30	0.017411	0.012746	0.033083	0.011206	4.297745	1816400.000000
2021-04-29	-0.006112	0.018716	0.018716	-0.012007	-1.518005	1901900.000000
2021-04-28	-0.002139	0.014850	0.023207	0.010149	-0.532303	1389200.000000
2021-04-27	-0.001976	0.017255	0.020744	0.009034	-0.492844	1324400.000000
2021-04-26	-0.004133	0.014728	0.018162	0.007300	-1.035004	1494400.000000
2021-04-23	0.009939	0.015012	0.029572	0.013278	2.464294	1511400.000000
2021-04-22	-0.002538	0.008655	0.021890	0.006080	-0.630844	1222800.000000
2021-04-21	-0.001939	0.020109	0.023963	0.008064	-0.483032	1096400.000000
2021-04-20	0.016617	0.011223	0.036162	0.011223	4.071030	1837300.000000
2021-04-19	-0.000322	0.014570	0.016936	0.005307	-0.078857	1209600.000000
2021-04-16	0.005907	0.019537	0.026227	0.008495	1.439148	1753000.000000
2021-04-15	0.022675	0.015957	0.037911	0.015957	5.401749	2096400.000000
2021-04-14	-0.005473	0.015031	0.020291	0.005513	-1.310989	1637200.000000
2021-04-13	0.006253	0.014488	0.022511	0.011631	1.488419	2242200.000000
2021-04-12	0.009826	0.021063	0.024542	0.013003	2.316422	1463200.000000
2021-04-09	-0.002986	0.018860	0.021186	0.012516	-0.706055	1888200.000000
2021-04-08	-0.014711	0.022082	0.025707	0.003288	-3.530273	1791700.000000
2021-04-07	0.004639	0.019916	0.029335	0.008738	1.108124	2143200.000000
2021-04-06	-0.004780	0.016998	0.017165	0.004874	-1.147354	1771800.000000
2021-04-05	0.019537	0.022807	0.040478	0.020895	4.599182	1716700.000000
2021-04-01	0.004183	0.024014	0.025891	0.011004	0.980637	1726900.000000
2021-03-31	0.008054	0.016523	0.035830	0.013513	1.873032	2143200.000000
2021-03-30	-0.019353	0.012917	0.014857	-0.006396	-4.589401	1657000.000000
2021-03-29	0.012604	0.014325	0.036828	0.009756	2.951706	2211800.000000
2021-03-26	0.051052	0.036129	0.072930	0.028006	11.375381	2705200.000000
2021-03-25	0.000969	0.020422	0.026352	0.015436	0.215744	1859600.000000
2021-03-24	-0.012399	0.008036	0.017130	-0.006605	-2.794830	2440800.000000
2021-03-23	0.017801	0.023180	0.044810	0.018619	3.942184	1771200.000000
2021-03-22	0.017894	0.019748	0.046545	0.017312	3.893097	1917700.000000
2021-03-19	-0.002921	0.021306	0.031389	0.014478	-0.637421	4789700.000000
2021-03-18	-0.002957	0.008919	0.022535	0.001105	-0.647217	2485200.000000
2021-03-17	0.001481	0.012564	0.022677	0.008903	0.323624	2265500.000000
2021-03-16	0.019909	0.025536	0.044578	0.019795	4.265762	1929700.000000
2021-03-15	0.015288	0.022117	0.036760	0.016715	3.226273	1849100.000000
2021-03-12	0.006078	0.019748	0.036911	0.012025	1.274826	2251900.000000
2021-03-11	0.046375	0.029675	0.075569	0.025934	9.296417	3737300.000000
2021-03-10	0.008485	0.019748	0.034740	0.012957	1.686691	3080500.000000
2021-03-09	0.020336	0.026524	0.050547	0.025497	3.961746	2988300.000000
2021-03-08	-0.006700	0.021227	0.043814	0.007001	-1.314041	3155400.000000
2021-03-05	-0.005915	0.028061	0.034346	0.003681	-1.166946	3455700.000000
2021-03-04	-0.008477	0.023517	0.037388	0.007687	-1.686707	3212000.000000
2021-03-03	-0.028255	0.019748	0.020823	-0.009065	-5.785736	3269600.000000
2021-03-02	-0.023202	0.023374	0.024995	-0.004151	-4.863937	2978700.000000
2021-03-01	-0.010919	0.031213	0.035318	0.007434	-2.314301	2733600.000000
2021-02-26	-0.038354	0.019340	0.022970	-0.019862	-8.453079	3211200.000000
2021-02-25	-0.000133	0.014395	0.033857	0.004460	-0.029404	2912200.000000
2021-02-24	0.007214	0.019748	0.034736	0.016230	1.578812	1696400.000000
2021-02-23	-0.008442	0.025457	0.033386	0.004253	-1.863205	1731600.000000
2021-02-22	-0.005743	0.021190	0.023712	0.000918	-1.274811	1774400.000000
2021-02-19	-0.008280	0.021312	0.026718	0.010679	-1.853394	2034300.000000
2021-02-18	0.008616	0.016414	0.029706	0.014927	1.912231	1131600.000000
2021-02-17	0.005912	0.013085	0.027680	0.011000	1.304230	1234800.000000
2021-02-16	-0.009728	0.021543	0.021543	0.001884	-2.167206	1444400.000000
2021-02-12	-0.002765	0.019748	0.022971	0.000635	-0.617798	1632200.000000
2021-02-11	-0.016576	0.015918	0.019484	-0.000369	-3.765640	1412200.000000
2021-02-10	0.000000	0.023094	0.030797	0.014510	0.000000	1539000.000000
2021-02-09	-0.004854	0.013002	0.028290	0.012170	-1.108093	1263200.000000
2021-02-08	-0.000858	0.019880	0.021411	0.001409	-0.196121	1775200.000000
2021-02-05	0.003402	0.021681	0.031913	0.017245	0.774689	1609300.000000
2021-02-04	-0.000474	0.018958	0.032610	0.015227	-0.107880	1934100.000000
2021-02-03	-0.016261	0.013703	0.017071	-0.003484	-3.765625	2503000.000000
2021-02-02	0.002462	0.021956	0.030181	0.015462	0.568741	2045200.000000
2021-02-01	0.036110	0.027866	0.057065	0.013424	8.051025	2172100.000000
2021-01-29	-0.004161	0.013316	0.021847	0.005321	-0.931595	2701200.000000
2021-01-28	-0.003274	0.013738	0.037111	0.008841	-0.735474	2685600.000000
2021-01-27	-0.013905	0.027870	0.027870	-0.000753	-3.167450	2763100.000000
2021-01-26	0.021010	0.021227	0.044311	0.005405	4.687424	2838700.000000
2021-01-25	0.016033	0.020112	0.041653	0.011596	3.520477	2401800.000000
2021-01-22	0.007741	0.019289	0.032598	0.018188	1.686691	2113900.000000
2021-01-21	-0.002603	0.011372	0.021488	-0.000484	-0.568771	1736700.000000
2021-01-20	0.027204	0.023839	0.051345	0.015987	5.785751	2399000.000000
2021-01-19	-0.013689	0.024247	0.027307	0.001523	-2.951706	2536400.000000
2021-01-15	0.022792	0.019748	0.045694	0.016096	4.805084	2404700.000000
2021-01-14	-0.006791	0.022292	0.023423	0.010091	-1.441528	3735000.000000
2021-01-13	0.007212	0.016806	0.030472	0.014956	1.519989	2314800.000000
2021-01-12	-0.000046	0.018325	0.023829	-0.000465	-0.009796	2468900.000000
2021-01-11	-0.032763	0.015434	0.018693	-0.017012	-7.139023	2284700.000000
2021-01-08	0.021609	0.023218	0.049379	0.022608	4.608978	2310400.000000
2021-01-07	0.012146	0.021551	0.041672	0.018752	2.559448	2933800.000000
2021-01-06	-0.026369	0.014158	0.014989	-0.008667	-5.707275	3230900.000000
2021-01-05	0.005055	0.022163	0.033679	0.017380	1.088486	2481600.000000
2021-01-04	-0.021652	0.027063	0.027699	-0.003831	-4.765869	2786400.000000
2020-12-31	0.018698	0.017064	0.039788	0.016323	4.040207	1669300.000000
2020-12-30	-0.000635	0.019887	0.024605	0.014522	-0.137268	1361300.000000
2020-12-29	-0.002669	0.025007	0.030588	0.016750	-0.578613	1283000.000000
2020-12-28	0.011068	0.020774	0.032807	0.014058	2.373169	1842500.000000
2020-12-24	0.011379	0.020927	0.034842	0.019748	2.412338	705700.000000
2020-12-23	-0.014014	0.029083	0.039920	0.010992	-3.013290	1553400.000000
2020-12-22	0.003230	0.023169	0.030448	0.018410	0.692368	1845600.000000
2020-12-21	-0.007855	0.010827	0.020734	0.005180	-1.696793	1963400.000000
2020-12-18	-0.005343	0.023015	0.027850	0.012241	-1.160477	4538000.000000
2020-12-17	0.014070	0.032366	0.044039	0.027837	3.013321	2484400.000000
2020-12-16	0.010909	0.030317	0.037492	0.018045	2.311172	2347600.000000
2020-12-15	0.002445	0.027159	0.033216	0.019919	0.516815	2181200.000000
2020-12-14	-0.014102	0.030820	0.037631	0.009501	-3.023041	2501500.000000
2020-12-11	0.001869	0.018866	0.029008	0.006761	0.399826	2893400.000000
2020-12-10	-0.000137	0.029054	0.037091	0.020969	-0.029266	3028100.000000
2020-12-09	-0.018648	0.021374	0.022842	-0.008434	-4.066467	3413500.000000
2020-12-08	-0.002943	0.020883	0.027742	0.015899	-0.643631	2607300.000000
2020-12-07	-0.019242	0.020926	0.025994	0.001598	-4.290756	2554500.000000
2020-12-04	0.010830	0.027858	0.037604	0.017387	2.389175	3298400.000000
2020-12-03	-0.011708	0.028233	0.033788	0.011523	-2.613449	3702600.000000
2020-12-02	-0.029386	0.020933	0.025456	-0.006026	-6.757980	2755100.000000
2020-12-01	0.020026	0.029004	0.048475	0.027762	4.515060	2471000.000000
2020-11-30	-0.012346	0.025061	0.025675	0.002063	-2.818268	3547200.000000
2020-11-27	0.004678	0.029681	0.030253	0.014805	1.062958	937400.000000
2020-11-25	0.021661	0.030986	0.049332	0.028109	4.817368	2478800.000000
2020-11-24	-0.003713	0.034997	0.038626	0.018646	-0.828903	2635100.000000
2020-11-23	-0.016118	0.029422	0.029643	0.007649	-3.656921	2848400.000000
2020-11-20	-0.024200	0.024423	0.025456	-0.000049	-5.626770	1965500.000000
2020-11-19	0.003071	0.022824	0.030546	0.006776	0.711868	1636400.000000
2020-11-18	-0.006188	0.021726	0.038875	0.017010	-1.443222	1617400.000000
2020-11-17	0.000376	0.025070	0.033090	0.022110	0.087753	1354200.000000
2020-11-16	-0.016455	0.032500	0.036002	0.007569	-3.900726	1433300.000000
2020-11-13	0.021344	0.032995	0.050057	0.024077	4.953918	1476400.000000
2020-11-12	-0.001845	0.030401	0.033412	0.016898	-0.429092	1882600.000000
2020-11-11	0.026121	0.036223	0.065612	0.029604	5.919296	1573700.000000
2020-11-10	-0.023531	0.029549	0.029549	-0.007982	-5.460968	2717400.000000
2020-11-09	-0.017221	0.055142	0.071742	0.003435	-4.066467	2423600.000000
2020-11-06	0.009295	0.025413	0.041142	0.020070	2.174652	1181400.000000
2020-11-05	0.012022	0.039341	0.050198	0.028700	2.779221	1877400.000000
2020-11-04	0.012125	0.027513	0.064901	0.027513	2.769516	2434000.000000
2020-11-03	0.003169	0.034459	0.041881	0.025499	0.721619	1268800.000000
2020-11-02	0.016721	0.038539	0.043094	0.023759	3.744690	1551200.000000
2020-10-30	-0.008634	0.018152	0.029218	0.002658	-1.950348	1621300.000000
2020-10-29	0.006605	0.040339	0.053261	0.027862	1.482269	1693300.000000
2020-10-28	-0.025534	0.015295	0.030493	-0.004549	-5.880325	2449000.000000
2020-10-27	-0.004049	0.033283	0.042149	0.020742	-0.936172	1433200.000000
2020-10-26	-0.002524	0.016138	0.026189	0.006820	-0.585114	1657600.000000
2020-10-23	0.008271	0.029240	0.041113	0.024977	1.901611	1057200.000000
2020-10-22	-0.024696	0.023716	0.024904	-0.002541	-5.821808	1836600.000000
2020-10-21	-0.008449	0.023605	0.034541	0.014982	-2.008850	1100500.000000
2020-10-20	0.017529	0.034358	0.051691	0.029864	4.095718	1407300.000000
2020-10-19	-0.012854	0.029427	0.038046	0.010415	-3.042542	1323600.000000
2020-10-16	0.013022	0.025884	0.044629	0.023572	3.042542	1480000.000000
2020-10-15	0.004612	0.025671	0.041149	0.021156	1.072708	1790900.000000
2020-10-14	-0.016130	0.027444	0.029136	0.007139	-3.812943	2049300.000000
2020-10-13	-0.016113	0.020336	0.026163	0.004812	-3.871460	1622100.000000
2020-10-12	0.006948	0.027845	0.038448	0.023989	1.657822	1430400.000000
2020-10-09	0.004598	0.028445	0.037371	0.023729	1.092178	1538700.000000
2020-10-08	0.007404	0.033896	0.045687	0.030079	1.745560	2501100.000000
2020-10-07	0.003153	0.026221	0.036093	0.026221	0.741135	2048000.000000
2020-10-06	-0.009534	0.027900	0.030007	0.012096	-2.262390	1913500.000000
2020-10-05	0.000123	0.025245	0.026889	0.002654	0.029251	2130300.000000
2020-10-02	0.004749	0.016647	0.032909	0.012074	1.121460	2138100.000000
2020-10-01	0.001737	0.027407	0.039327	0.017905	0.409576	2500800.000000
2020-09-30	0.006705	0.033185	0.040232	0.023619	1.570023	3345600.000000
2020-09-29	0.000500	0.030626	0.034001	0.021696	0.117020	3098400.000000
2020-09-28	0.000792	0.039396	0.045169	0.019469	0.185287	2593500.000000
2020-09-25	0.020294	0.025281	0.050019	0.025150	4.651581	2861500.000000
2020-09-24	0.001994	0.033009	0.049752	0.027763	0.456131	2246600.000000
2020-09-23	-0.025750	0.031665	0.031665	0.001170	-6.046005	2550300.000000
2020-09-22	0.004025	0.034791	0.047021	0.027137	0.941345	1702200.000000
2020-09-21	-0.018452	0.021531	0.025896	0.000167	-4.396255	2848900.000000
2020-09-18	-0.020859	0.021963	0.032607	0.001990	-5.075531	3270500.000000
2020-09-17	-0.047704	0.016066	0.019119	-0.025732	-12.189102	2341500.000000
2020-09-16	-0.001744	0.035313	0.049612	0.026718	-0.446411	2326100.000000
2020-09-15	0.038795	0.037369	0.076370	0.037207	9.559113	2426700.000000
2020-09-14	0.016454	0.035875	0.054768	0.035132	3.988663	1333900.000000
2020-09-11	0.005677	0.036237	0.047770	0.029807	1.368332	1219400.000000
2020-09-10	-0.016005	0.028388	0.028388	0.010508	-3.920700	1256800.000000
2020-09-09	0.022730	0.046336	0.065833	0.041493	5.444351	2202100.000000
2020-09-08	-0.012681	0.025236	0.028987	0.002070	-3.076370	1451200.000000
2020-09-04	-0.009274	0.026264	0.046356	0.008009	-2.270935	1885100.000000
2020-09-03	-0.016296	0.026653	0.031474	0.001264	-4.056564	2094600.000000
2020-09-02	0.034149	0.029100	0.068900	0.026275	8.219894	2034000.000000
2020-09-01	-0.004495	0.027493	0.032911	0.020007	-1.086929	1085000.000000
2020-08-31	-0.001763	0.027994	0.032617	0.021760	-0.426987	1307500.000000
2020-08-28	0.006533	0.033754	0.037743	0.019791	1.572128	1062900.000000
2020-08-27	0.004049	0.032223	0.039316	0.026549	0.970474	1398200.000000
2020-08-26	0.002273	0.027251	0.033315	0.019306	0.543457	1479400.000000
2020-08-25	0.003952	0.034040	0.037734	0.022369	0.941360	1060800.000000
2020-08-24	-0.015641	0.025925	0.026462	0.000840	-3.784805	1201400.000000
2020-08-21	0.006702	0.038792	0.039998	0.021110	1.610962	1139600.000000
2020-08-20	0.009991	0.029463	0.046102	0.022698	2.377670	1017400.000000
2020-08-19	-0.028984	0.033204	0.034632	-0.000947	-7.103851	1496500.000000
2020-08-18	0.006536	0.035604	0.046322	0.032195	1.591537	1896100.000000
2020-08-17	0.003159	0.030306	0.037968	0.027546	0.766708	1435000.000000
2020-08-14	-0.002433	0.030840	0.040745	0.022128	-0.591995	737000.000000
2020-08-13	-0.002268	0.028789	0.037400	0.025837	-0.553162	960900.000000
2020-08-12	0.020715	0.033819	0.058680	0.033778	4.949371	1381000.000000
2020-08-11	-0.028452	0.032625	0.033642	-0.002955	-6.997086	2111800.000000
2020-08-10	-0.016304	0.028829	0.030829	0.007750	-4.075928	1282400.000000
2020-08-07	0.008219	0.026114	0.043334	0.025066	2.037964	1023300.000000
2020-08-06	0.000862	0.028048	0.031438	0.017150	0.213516	1127600.000000
2020-08-05	-0.018757	0.030786	0.031221	0.006864	-4.735901	1069200.000000
2020-08-04	0.013992	0.029225	0.053803	0.027859	3.483994	1782900.000000
2020-08-03	-0.018402	0.021008	0.031888	0.009654	-4.668015	1504600.000000
2020-07-31	-0.004190	0.028310	0.038202	0.009231	-1.067459	1781200.000000
2020-07-30	-0.032438	0.017933	0.017933	-0.021835	-8.540131	1959900.000000
2020-07-29	0.016829	0.035605	0.051285	0.034948	4.357422	1452700.000000
2020-07-28	0.024932	0.031459	0.063641	0.031459	6.298325	1553800.000000
2020-07-27	0.015527	0.023354	0.048961	0.023193	3.862473	1417500.000000
2020-07-24	-0.006088	0.037821	0.040538	0.022239	-1.523636	1391300.000000
2020-07-23	-0.004401	0.030827	0.035799	0.010381	-1.106369	1324900.000000
2020-07-22	-0.000656	0.025937	0.036750	0.021723	-0.164963	1355700.000000
2020-07-21	-0.005067	0.040198	0.040198	0.020344	-1.281021	1161900.000000
2020-07-20	0.005480	0.034684	0.042519	0.022476	1.378067	1422200.000000
2020-07-17	0.006331	0.034511	0.044556	0.019504	1.581863	1291900.000000
2020-07-16	0.000816	0.030149	0.032352	0.013928	0.203812	1475200.000000
2020-07-15	-0.006449	0.043840	0.043959	0.020242	-1.620712	1301000.000000
2020-07-14	0.011761	0.031637	0.046091	0.021652	2.921127	1877500.000000
2020-07-13	-0.031852	0.024154	0.031755	-0.007927	-8.171310	1791700.000000
2020-07-10	-0.004707	0.033921	0.038189	0.020730	-1.213135	911400.000000
2020-07-09	0.003400	0.023734	0.039266	0.013729	0.873413	1143400.000000
2020-07-08	-0.004775	0.033761	0.043602	0.013228	-1.232483	1389000.000000
2020-07-07	0.000000	0.022874	0.044996	0.017334	0.000000	1289800.000000
2020-07-06	0.006661	0.045210	0.048916	0.031833	1.708038	1504600.000000
2020-07-02	-0.004446	0.040757	0.043009	0.019325	-1.145203	1175700.000000
2020-07-01	0.026495	0.033538	0.062991	0.028875	6.647751	1207200.000000
2020-06-30	0.018676	0.032256	0.052028	0.027668	4.600021	1980300.000000
2020-06-29	0.029698	0.045312	0.063790	0.034694	7.103851	1638200.000000
2020-06-26	-0.030980	0.029255	0.045540	-0.011459	-7.647293	3268800.000000
2020-06-25	0.000708	0.030835	0.037564	0.015835	0.174683	2648700.000000
2020-06-24	-0.039017	0.021664	0.025287	-0.025007	-10.015274	3475300.000000
2020-06-23	-0.000378	0.036388	0.039075	0.020343	-0.097046	1941400.000000
2020-06-22	-0.003765	0.024843	0.035240	0.013049	-0.970459	2034300.000000
2020-06-19	0.031056	0.046070	0.063510	0.025709	7.763763	6193100.000000
2020-06-18	-0.020048	0.021178	0.027136	0.005616	-5.114395	1776100.000000
2020-06-17	-0.003059	0.044003	0.048888	0.030833	-0.782776	1380100.000000
2020-06-16	0.008724	0.058748	0.059615	0.028868	2.213089	1837500.000000
2020-06-15	0.017088	0.010805	0.054788	0.010364	4.261963	1532400.000000
2020-06-12	0.026122	0.056176	0.065556	0.044821	6.349411	1436500.000000
2020-06-11	-0.052122	0.024914	0.027917	-0.020907	-13.365646	2548900.000000
2020-06-10	-0.001580	0.037661	0.047473	0.024891	-0.405914	1603500.000000
2020-06-09	-0.004197	0.034043	0.035517	0.024932	-1.082397	2691000.000000
2020-06-08	0.007512	0.035171	0.051265	0.032436	1.923157	2095800.000000
2020-06-05	0.019906	0.050717	0.059403	0.038167	4.996429	2336800.000000
2020-06-04	-0.028685	0.021971	0.032884	-0.007362	-7.412506	1997600.000000
2020-06-03	0.014417	0.040002	0.056960	0.034781	3.672470	1802200.000000
2020-06-02	-0.002724	0.035524	0.039752	0.016850	-0.695801	1809800.000000
2020-06-01	0.023783	0.034180	0.069250	0.024120	5.933807	2035000.000000
2020-05-29	0.000194	0.030893	0.038149	0.018586	0.048325	2138600.000000
2020-05-28	0.024245	0.049564	0.065372	0.040941	5.904861	2190900.000000
2020-05-27	0.033124	0.041868	0.072961	0.025833	7.808701	2311000.000000
2020-05-26	0.006187	0.061033	0.061418	0.024967	1.449661	2833600.000000
2020-05-22	0.062544	0.036465	0.100229	0.031340	13.790878	2812700.000000
2020-05-21	-0.008603	0.031369	0.036270	0.021163	-1.913513	1263200.000000
2020-05-20	0.000739	0.043785	0.046845	0.030017	0.164276	1346600.000000
2020-05-19	-0.025675	0.030577	0.038336	0.006816	-5.856522	1542800.000000
2020-05-18	0.028095	0.063992	0.073322	0.045964	6.233444	1792800.000000
2020-05-15	-0.000174	0.029018	0.036319	0.008650	-0.038635	2246800.000000
2020-05-14	-0.006619	0.026818	0.034070	0.006136	-1.478668	2112500.000000
2020-05-13	-0.002331	0.032821	0.058813	0.024469	-0.521866	2200600.000000
2020-05-12	-0.027452	0.039649	0.043515	0.002209	-6.320419	1852500.000000
2020-05-11	-0.000545	0.024844	0.054580	0.017898	-0.125626	2040700.000000
2020-05-08	0.013220	0.045298	0.056734	0.041031	3.005569	1879700.000000
2020-05-07	-0.008472	0.043115	0.045252	0.025016	-1.942520	2548900.000000
2020-05-06	-0.012486	0.037325	0.043269	0.019797	-2.899277	1441400.000000
2020-05-05	0.015340	0.039333	0.065001	0.039333	3.508118	1421200.000000
2020-05-04	0.010376	0.048835	0.049321	0.007834	2.348419	1642700.000000
2020-05-01	-0.015966	0.014046	0.025611	0.011220	-3.672409	1896800.000000
2020-04-30	0.005025	0.022944	0.044704	0.016826	1.150055	3410300.000000
2020-04-29	-0.027594	0.066566	0.066566	0.001345	-6.494385	3505800.000000
2020-04-28	-0.026736	0.055542	0.057816	0.003726	-6.465378	2091900.000000
2020-04-27	0.022934	0.044851	0.067229	0.037406	5.421631	1557500.000000
2020-04-24	-0.016050	0.041734	0.046770	0.014637	-3.856033	1775600.000000
2020-04-23	-0.017314	0.031510	0.042226	0.014945	-4.232941	1419200.000000
2020-04-22	0.045372	0.052828	0.090797	0.049963	10.611359	2041400.000000
2020-04-21	-0.026862	0.020303	0.023049	-0.005120	-6.455719	1925500.000000
2020-04-20	-0.021176	0.026473	0.030424	0.012137	-5.199387	1281800.000000
2020-04-17	0.009056	0.054386	0.059358	0.019535	2.203476	2328100.000000
2020-04-16	0.017334	0.043521	0.056607	0.034992	4.145935	1640700.000000
2020-04-15	-0.029831	0.025939	0.026142	-0.013487	-7.354492	1909700.000000
2020-04-14	0.021381	0.056782	0.067471	0.046176	5.160736	2011800.000000
2020-04-13	-0.033885	0.027457	0.030058	-0.012329	-8.465881	1830900.000000
2020-04-09	0.041524	0.035937	0.085671	0.034687	9.960861	4331000.000000
2020-04-08	0.094306	0.047595	0.138878	0.040113	20.672455	3329400.000000
2020-04-07	-0.031508	0.065264	0.077502	0.003056	-7.131424	2226100.000000
2020-04-06	0.055566	0.063408	0.101650	0.058651	11.914566	3050300.000000
2020-04-03	0.009287	0.031580	0.053185	0.020566	1.972931	2858000.000000
2020-04-02	0.066580	0.039215	0.109952	0.032136	13.261963	3993100.000000
2020-04-01	-0.049506	-0.017912	0.018307	-0.035949	-10.374741	3772000.000000
2020-03-31	-0.055642	0.029511	0.036450	-0.026999	-12.347656	4629900.000000
2020-03-30	0.055383	0.059039	0.103221	0.052666	11.645111	2581600.000000
2020-03-27	-0.016742	0.010960	0.038316	-0.009896	-3.580154	3367100.000000
2020-03-26	0.115126	0.033276	0.180015	0.032494	22.077576	3413500.000000
2020-03-25	0.047249	0.031582	0.138836	0.015909	8.651993	3201500.000000
2020-03-24	0.062427	0.089541	0.124700	0.039992	10.759705	4221400.000000
2020-03-23	-0.083423	0.042308	0.043744	-0.072984	-15.687180	3890100.000000
2020-03-20	-0.065120	0.029121	0.044036	-0.043614	-13.098358	3940900.000000
2020-03-19	-0.037487	0.041122	0.051697	-0.035681	-7.833969	3847800.000000
2020-03-18	-0.045664	-0.040990	0.077013	-0.058481	-9.999374	4210000.000000
2020-03-17	0.122219	0.077090	0.203828	0.043574	23.848389	4527100.000000
2020-03-16	-0.151638	-0.101542	-0.000848	-0.124498	-34.877563	4093100.000000
2020-03-13	0.097140	0.075793	0.152258	0.049510	20.364471	4220300.000000
2020-03-12	-0.064706	-0.035040	0.033800	-0.089246	-14.503418	4734500.000000
2020-03-11	-0.044983	0.011369	0.019124	-0.025657	-10.557587	3360600.000000
2020-03-10	0.051799	0.060933	0.094410	0.030056	11.558487	2658300.000000
2020-03-09	-0.058704	-0.023747	0.010759	-0.050871	-13.916367	3209200.000000
2020-03-06	-0.002511	0.023201	0.041757	0.001026	-0.596710	2693600.000000
2020-03-05	-0.018755	0.026223	0.035885	0.005497	-4.542526	1969400.000000
2020-03-04	0.037131	0.051611	0.078973	0.050497	8.671219	2350400.000000
2020-03-03	0.007892	0.039064	0.065348	0.030820	1.828598	3502600.000000
2020-03-02	0.061508	0.049280	0.103570	0.044928	13.425537	2718500.000000
2020-02-28	-0.026317	0.011273	0.020239	-0.027403	-5.899536	5188100.000000
2020-02-27	-0.040137	0.027589	0.048570	-0.002769	-9.373795	3168700.000000
2020-02-26	-0.014098	0.039064	0.048436	0.013144	-3.339554	2024600.000000
2020-02-25	0.004202	0.050976	0.076708	0.035037	0.991257	2268600.000000
2020-02-24	-0.007692	0.029852	0.046468	0.024762	-1.828552	2329800.000000
2020-02-21	-0.002141	0.040743	0.043681	0.035958	-0.510071	2570200.000000
2020-02-20	-0.002257	0.038561	0.040865	0.024908	-0.538956	2150300.000000
2020-02-19	-0.019096	0.032121	0.036846	0.018195	-4.648392	2618500.000000
2020-02-18	-0.012956	0.035212	0.036428	0.024588	-3.195221	1998500.000000
2020-02-14	-0.002530	0.039468	0.044807	0.032431	-0.625534	1600700.000000
2020-02-13	0.002811	0.036793	0.044134	0.031966	0.692932	1146600.000000
2020-02-12	0.007512	0.039105	0.048831	0.030115	1.838181	1625400.000000
2020-02-11	0.043416	0.051259	0.102724	0.051259	10.182220	3231900.000000
2020-02-10	0.020691	0.043111	0.061390	0.039238	4.754303	1576800.000000
2020-02-07	0.003953	0.041817	0.046535	0.039064	0.904648	1237500.000000
2020-02-06	0.006050	0.042580	0.048691	0.038932	1.376236	1257100.000000
2020-02-05	-0.004506	0.039283	0.041383	0.029218	-1.029755	1338700.000000
2020-02-04	0.014440	0.040618	0.057486	0.034403	3.252899	1105700.000000
2020-02-03	0.010054	0.044624	0.053860	0.040723	2.242416	1560200.000000
2020-01-31	-0.014711	0.035353	0.037915	0.019847	-3.329895	1700900.000000
2020-01-30	0.007539	0.034524	0.047165	0.029583	1.693802	1271400.000000
2020-01-29	-0.015768	0.040159	0.042043	0.020139	-3.599365	1434400.000000
2020-01-28	-0.001221	0.037489	0.039939	0.034076	-0.279129	1051800.000000
2020-01-27	-0.000210	0.033814	0.041864	0.031015	-0.048111	1197200.000000
2020-01-24	-0.001303	0.039807	0.048501	0.034214	-0.298340	1284800.000000
2020-01-23	0.011354	0.039064	0.053778	0.038401	2.569626	1485400.000000
2020-01-22	-0.006632	0.044243	0.045384	0.028222	-1.510986	1294000.000000
2020-01-21	0.014181	0.041290	0.059096	0.037194	3.185577	1827100.000000
2020-01-17	0.005081	0.041972	0.048773	0.040630	1.135620	2352900.000000
2020-01-16	-0.013340	0.037386	0.038049	0.023878	-3.021942	1782900.000000
2020-01-15	0.006112	0.041507	0.051455	0.041507	1.376236	1152100.000000
2020-01-14	-0.006202	0.037828	0.041403	0.027720	-1.405106	1217100.000000
2020-01-13	0.019974	0.041090	0.059863	0.040640	4.436676	1840600.000000
2020-01-10	0.019120	0.046497	0.059940	0.043514	4.167221	1578900.000000
2020-01-09	0.003767	0.038511	0.046064	0.037867	0.818054	1376700.000000
2020-01-08	0.008673	0.038135	0.052117	0.033675	1.867065	1433900.000000
2020-01-07	-0.021308	0.032608	0.034609	0.007558	-4.686935	1463800.000000
2020-01-06	-0.000262	0.038473	0.045382	0.035791	-0.057739	1526800.000000
2020-01-03	0.000481	0.034789	0.045112	0.032243	0.105865	1598900.000000
2020-01-02	-0.005744	0.038431	0.045077	0.030881	-1.270370	1426000.000000
