2022-12-30	-0.002138	-0.012592	-0.001544	-0.020314	-0.180000	62401200.000000
2022-12-29	0.028844	0.012833	0.033366	0.008922	2.360001	54995900.000000
2022-12-28	-0.014692	-0.002890	0.005299	-0.016257	-1.220001	58228600.000000
2022-12-27	-0.025924	-0.003284	0.001173	-0.026393	-2.209999	57284000.000000
2022-12-23	0.017425	-0.006445	0.023750	-0.010264	1.459999	57433700.000000
2022-12-22	-0.034344	-0.014406	-0.012562	-0.052092	-2.979996	81431300.000000
2022-12-21	0.018547	0.011621	0.023946	0.000235	1.579994	59267200.000000
2022-12-20	0.003180	0.004828	0.019901	-0.006948	0.270004	74348300.000000
2022-12-19	-0.033462	-0.003984	-0.002618	-0.038129	-2.940002	83531500.000000
2022-12-16	-0.006670	-0.002035	0.010175	-0.019446	-0.589996	146144100.000000
2022-12-15	-0.034178	-0.018454	-0.017580	-0.044879	-3.130005	84802900.000000
2022-12-14	-0.009839	0.000108	0.010488	-0.028327	-0.909996	70298000.000000
2022-12-13	0.021425	0.051684	0.062949	-0.000331	1.939995	100212000.000000
2022-12-12	0.016388	0.001347	0.016725	-0.013694	1.460007	61999800.000000
2022-12-09	-0.013946	-0.016049	-0.000553	-0.019037	-1.260002	67398500.000000
2022-12-08	0.021366	0.008818	0.027131	-0.006557	1.889999	73305900.000000
2022-12-07	0.002380	0.001020	0.018584	-0.008725	0.209999	68086900.000000
2022-12-06	-0.030326	-0.005604	0.000330	-0.034172	-2.760002	75503600.000000
2022-12-05	-0.033146	-0.011473	-0.000744	-0.035164	-3.119995	71535500.000000
2022-12-02	-0.014346	-0.010681	-0.001466	-0.018010	-1.370003	72496400.000000
2022-12-01	-0.010773	0.004661	0.007147	-0.016781	-1.040001	68488000.000000
2022-11-30	0.044579	0.000541	0.044579	-0.009630	4.120003	102805800.000000
2022-11-29	-0.016285	0.000958	0.004896	-0.026716	-1.529999	65567300.000000
2022-11-28	0.005781	0.005567	0.032009	0.000214	0.539993	74943100.000000
2022-11-25	-0.007649	-0.003612	0.003187	-0.011261	-0.719994	35088600.000000
2022-11-23	0.009979	0.000429	0.014807	-0.003970	0.930000	59414700.000000
2022-11-22	0.008003	0.001731	0.009626	-0.017197	0.739998	62192000.000000
2022-11-21	-0.017846	-0.001806	0.009348	-0.037710	-1.680000	84330300.000000
2022-11-18	-0.007485	0.011597	0.012019	-0.024987	-0.709999	72428200.000000
2022-11-17	-0.023373	-0.018019	-0.001544	-0.031816	-2.270004	82617900.000000
2022-11-16	-0.018395	-0.021124	-0.004548	-0.034364	-1.820000	87958800.000000
2022-11-15	0.004569	0.047924	0.053813	-0.011676	0.450005	111336300.000000
2022-11-14	-0.022820	-0.020042	-0.006647	-0.034726	-2.300003	99533100.000000
2022-11-11	0.043051	0.012936	0.047190	0.000311	4.160004	111590500.000000
2022-11-10	0.121778	0.078941	0.145693	0.063966	10.489998	173414900.000000
2022-11-09	-0.042676	-0.005668	-0.005557	-0.045677	-3.840004	90796200.000000
2022-11-08	-0.006075	0.002872	0.013145	-0.025406	-0.549995	88703400.000000
2022-11-07	-0.004946	0.010662	0.012310	-0.021323	-0.450005	77495700.000000
2022-11-04	0.018813	0.024524	0.035162	-0.014110	1.680000	129101300.000000
2022-11-03	-0.030612	0.003799	0.014980	-0.033652	-2.820000	136683300.000000
2022-11-02	-0.048249	0.005476	0.009815	-0.049385	-4.669998	135761800.000000
2022-11-01	-0.055154	0.015131	0.020890	-0.062280	-5.650002	153370000.000000
2022-10-31	-0.009380	0.001450	0.014119	-0.025820	-0.970001	99251400.000000
2022-10-28	-0.068042	-0.117610	-0.063086	-0.119863	-7.549995	223133400.000000
2022-10-27	-0.040636	-0.015044	-0.013315	-0.050925	-4.700005	129605400.000000
2022-10-26	-0.040962	-0.038143	-0.010365	-0.048425	-4.939995	68802300.000000
2022-10-25	0.006510	-0.001419	0.012519	-0.007261	0.779999	50934600.000000
2022-10-24	0.004190	0.005531	0.008967	-0.023047	0.500000	49531500.000000
2022-10-21	0.035315	-0.003991	0.037657	-0.006508	4.070000	55660500.000000
2022-10-20	0.001564	-0.010776	0.027548	-0.013557	0.180000	48795100.000000
2022-10-19	-0.011086	-0.014180	0.001977	-0.026985	-1.290001	47198100.000000
2022-10-18	0.022585	0.046313	0.050356	0.008788	2.570000	65607400.000000
2022-10-17	0.064453	0.030028	0.068195	0.029841	6.889999	62782000.000000
2022-10-14	-0.050031	0.013952	0.021594	-0.052697	-5.629997	67737300.000000
2022-10-13	-0.003277	-0.044464	0.004783	-0.066873	-0.370003	86868100.000000
2022-10-12	0.006149	0.002495	0.014437	-0.007219	0.690002	45728700.000000
2022-10-11	-0.012844	-0.008445	0.015923	-0.028855	-1.459999	56432200.000000
2022-10-10	-0.007769	0.004714	0.014752	-0.018593	-0.889999	42339700.000000
2022-10-07	-0.047714	-0.019119	-0.017706	-0.053367	-5.740005	54678000.000000
2022-10-06	-0.005374	-0.001488	0.004795	-0.011988	-0.649994	42253800.000000
2022-10-05	-0.001156	-0.020728	0.005451	-0.028078	-0.139999	48217500.000000
2022-10-04	0.044960	0.034605	0.061443	0.033742	5.209999	62812600.000000
2022-10-03	0.025487	0.005133	0.034602	-0.004867	2.879997	50941900.000000
2022-09-30	-0.015679	-0.006272	0.018467	-0.017073	-1.800003	59479600.000000
2022-09-29	-0.027201	-0.020422	-0.016439	-0.041946	-3.209999	58969700.000000
2022-09-28	0.031466	-0.000262	0.037497	-0.005332	3.599998	55763800.000000
2022-09-27	-0.006426	0.017803	0.027529	-0.018237	-0.739998	60094700.000000
2022-09-26	0.012041	-0.004219	0.031288	-0.005713	1.370003	62723300.000000
2022-09-23	-0.030091	-0.011167	-0.010741	-0.044753	-3.529999	65126700.000000
2022-09-22	-0.010376	-0.012317	0.002109	-0.019234	-1.230003	55229200.000000
2022-09-21	-0.029872	0.002455	0.012849	-0.030608	-3.650002	58498900.000000
2022-09-20	-0.019814	-0.010509	-0.002086	-0.028237	-2.470001	47698400.000000
2022-09-19	0.009148	-0.011090	0.009552	-0.014005	1.130005	47279700.000000
2022-09-16	-0.021777	-0.027716	-0.019085	-0.044188	-2.750000	115667800.000000
2022-09-15	-0.017659	-0.009102	0.014158	-0.023726	-2.270004	52887200.000000
2022-09-14	0.013641	0.004258	0.015928	-0.003864	1.730003	45316800.000000
2022-09-13	-0.070575	-0.039868	-0.037010	-0.074606	-9.629997	72694000.000000
2022-09-12	0.023861	0.006228	0.024161	0.005478	3.179993	53826900.000000
2022-09-09	0.026575	0.008396	0.029810	0.007241	3.449997	49387600.000000
2022-09-08	0.002626	-0.013593	0.006179	-0.018381	0.340012	43988500.000000
2022-09-07	0.026723	0.000079	0.029419	-0.005630	3.369995	47900300.000000
2022-09-06	-0.010980	0.003215	0.008705	-0.021724	-1.400002	43888600.000000
2022-09-02	-0.002425	0.013143	0.027852	-0.011188	-0.309998	57429800.000000
2022-09-01	0.008283	-0.006074	0.009860	-0.024533	1.050003	56636100.000000
2022-08-31	-0.015226	0.005593	0.014449	-0.015459	-1.959999	53648700.000000
2022-08-30	-0.008167	0.011249	0.017567	-0.022652	-1.059998	49203000.000000
2022-08-29	-0.007342	-0.006501	0.009178	-0.015143	-0.960007	48101600.000000
2022-08-26	-0.047567	-0.005318	0.004006	-0.049388	-6.529999	53322700.000000
2022-08-25	0.026009	0.010912	0.027055	0.003587	3.479996	37496300.000000
2022-08-24	0.001347	-0.006511	0.013845	-0.011375	0.180008	38627000.000000
2022-08-23	0.003003	0.001426	0.013286	-0.002027	0.399994	36252100.000000
2022-08-22	-0.036244	-0.018158	-0.013817	-0.038921	-5.009995	50461500.000000
2022-08-19	-0.028602	-0.012860	-0.008363	-0.030850	-4.070007	47792800.000000
2022-08-18	0.001407	-0.005489	0.004715	-0.012104	0.199997	37458700.000000
2022-08-17	-0.018511	-0.014436	-0.009670	-0.027628	-2.679993	48149800.000000
2022-08-16	0.011175	0.005099	0.023677	-0.008241	1.600006	59102900.000000
2022-08-15	-0.002578	-0.005225	0.001463	-0.014350	-0.370010	39014600.000000
2022-08-12	0.020691	0.010026	0.020833	-0.003697	2.910004	47643500.000000
2022-08-11	-0.014367	0.008200	0.012615	-0.020534	-2.050003	44867300.000000
2022-08-10	0.035261	0.036784	0.049119	0.023072	4.860001	54773800.000000
2022-08-09	-0.011333	-0.009755	-0.003300	-0.022954	-1.580002	40434700.000000
2022-08-08	-0.009872	0.008878	0.024361	-0.017827	-1.389999	52229000.000000
2022-08-05	-0.012415	-0.017325	0.002034	-0.020832	-1.770004	50686900.000000
2022-08-04	0.021861	0.007597	0.028956	0.000215	3.050003	70585000.000000
2022-08-03	0.039952	0.015280	0.047182	0.014088	5.360001	71827800.000000
2022-08-02	-0.009085	-0.004949	0.015141	-0.009602	-1.229996	61922400.000000
2022-08-01	0.003260	0.000074	0.028751	-0.010671	0.440002	76846900.000000
2022-07-29	0.103615	0.103206	0.125695	0.082843	12.669998	148892900.000000
2022-07-28	0.010829	0.004960	0.015458	-0.023890	1.309998	82245500.000000
2022-07-27	0.053654	0.021775	0.061754	0.020469	6.160004	61582000.000000
2022-07-26	-0.052254	-0.044164	-0.024682	-0.054565	-6.330002	67075100.000000
2022-07-25	-0.010456	0.002287	0.009966	-0.019523	-1.279999	50221300.000000
2022-07-22	-0.017732	0.003049	0.006981	-0.026318	-2.209999	51463800.000000
2022-07-21	0.015150	0.003502	0.016942	-0.012299	1.860001	60239900.000000
2022-07-20	0.038575	0.003468	0.044582	0.000931	4.559998	71268300.000000
2022-07-19	0.039117	0.017053	0.045622	0.002373	4.449997	60990000.000000
2022-07-18	0.001849	0.012770	0.032497	-0.003523	0.209999	59115400.000000
2022-07-15	0.026394	0.016903	0.044834	0.008678	2.920006	84317800.000000
2022-07-14	0.002083	-0.001449	0.007065	-0.025543	0.229996	51163100.000000
2022-07-13	0.010804	-0.020051	0.023439	-0.029390	1.180000	61353800.000000
2022-07-12	-0.022640	0.003669	0.013244	-0.030515	-2.529999	54280300.000000
2022-07-11	-0.032803	-0.012636	-0.010732	-0.040419	-3.790001	53487600.000000
2022-07-08	-0.006791	-0.014872	0.002149	-0.022694	-0.790001	45719700.000000
2022-07-07	0.017493	-0.004198	0.023266	-0.007347	2.000000	57872300.000000
2022-07-06	0.007313	-0.002555	0.017445	-0.013128	0.830002	66958900.000000
2022-07-05	0.035962	-0.017890	0.041256	-0.029573	3.940002	76583700.000000
2022-07-01	0.031541	0.000753	0.033330	-0.003390	3.349998	73021200.000000
2022-06-30	-0.024881	-0.007437	-0.006794	-0.058759	-2.709999	97679400.000000
2022-06-29	0.014153	-0.000186	0.033426	-0.004562	1.519997	66375300.000000
2022-06-28	-0.051404	0.002473	0.014397	-0.054584	-5.820000	74942900.000000
2022-06-27	-0.027821	0.005410	0.013052	-0.032286	-3.239998	62133200.000000
2022-06-24	0.035752	-0.000534	0.037976	-0.008983	4.019997	69867600.000000
2022-06-23	0.032033	0.013217	0.037173	-0.009362	3.490005	64345300.000000
2022-06-22	0.002484	-0.011502	0.031745	-0.015274	0.269997	60040100.000000
2022-06-21	0.023159	0.018641	0.050932	-0.025042	2.459999	70901200.000000
2022-06-17	0.024696	-0.008296	0.032028	-0.011094	2.559998	99772100.000000
2022-06-16	-0.037243	-0.029720	-0.028699	-0.052568	-4.009995	82186300.000000
2022-06-15	0.052390	0.015150	0.065976	0.011925	5.360001	85011100.000000
2022-06-14	-0.013119	0.005016	0.011672	-0.021607	-1.360001	69728800.000000
2022-06-13	-0.054537	-0.049795	-0.028363	-0.071044	-5.980003	99277700.000000
2022-06-10	-0.055962	-0.023504	-0.014206	-0.061128	-6.500000	87266000.000000
2022-06-09	-0.041508	-0.009820	0.000990	-0.041921	-5.029999	67029800.000000
2022-06-08	-0.014797	-0.003171	0.006098	-0.018293	-1.820000	64926600.000000
2022-06-07	-0.014344	-0.022277	-0.005529	-0.033336	-1.790001	85156700.000000
2022-06-06	0.019943	0.023703	0.054271	0.011933	2.440002	135269000.000000
2022-06-03	-0.025185	-0.010445	-0.008852	-0.035571	-3.161003	97604000.000000
2022-06-02	0.031450	0.000000	0.032264	-0.013469	3.827003	100560000.000000
2022-06-01	0.012266	0.017024	0.041340	0.003436	1.474495	127528000.000000
2022-05-31	0.043970	0.009844	0.059472	0.004590	5.063004	144634000.000000
2022-05-27	0.036632	0.022259	0.036997	0.013959	4.069000	93660000.000000
2022-05-26	0.040295	0.011192	0.055167	0.006354	4.302498	93002000.000000
2022-05-25	0.025696	-0.004270	0.039145	-0.004323	2.675003	93120000.000000
2022-05-24	-0.032141	-0.032838	-0.020054	-0.058546	-3.457001	102934000.000000
2022-05-23	-0.000316	0.008086	0.011414	-0.033841	-0.034004	107798000.000000
2022-05-20	0.002535	0.020961	0.024031	-0.021520	0.272003	99500000.000000
2022-05-19	0.001928	-0.007768	0.027275	-0.008584	0.206497	88142000.000000
2022-05-18	-0.071562	-0.034056	-0.021804	-0.079047	-8.255997	108380000.000000
2022-05-17	0.041133	0.022241	0.045027	0.004205	4.557999	76448000.000000
2022-05-16	-0.019853	0.000398	0.008292	-0.023891	-2.244499	74566000.000000
2022-05-13	0.057276	0.019999	0.058482	0.008132	6.124504	93684000.000000
2022-05-12	0.014790	-0.024883	0.051328	-0.028153	1.558495	132026000.000000
2022-05-11	-0.032032	-0.006940	0.011914	-0.040699	-3.487000	109704000.000000
2022-05-10	0.000643	0.022622	0.035422	-0.014873	0.070000	105434000.000000
2022-05-09	-0.052134	-0.030147	-0.006731	-0.059383	-5.983498	128124000.000000
2022-05-06	-0.014041	-0.013375	0.022709	-0.028568	-1.634499	124260000.000000
2022-05-05	-0.075610	-0.023255	-0.019293	-0.086208	-9.521500	144392000.000000
2022-05-04	0.013480	-0.005259	0.014056	-0.040808	1.674995	110746000.000000
2022-05-03	-0.001980	-0.003586	0.013819	-0.013454	-0.246498	79134000.000000
2022-05-02	0.001758	-0.015131	0.003110	-0.047525	0.218498	148788000.000000
2022-04-29	-0.140494	-0.101991	-0.095683	-0.158866	-20.314995	272662000.000000
2022-04-28	0.046534	0.029030	0.056240	0.015438	6.429489	117316000.000000
2022-04-27	-0.008781	0.005743	0.018348	-0.025881	-1.223999	71336000.000000
2022-04-26	-0.045751	-0.008722	-0.008338	-0.048910	-6.682999	77530000.000000
2022-04-25	0.011943	-0.002265	0.012965	-0.014157	1.723999	61874000.000000
2022-04-22	-0.026609	-0.000310	0.008894	-0.031009	-3.945999	73078000.000000
2022-04-21	-0.037026	0.004649	0.017792	-0.041614	-5.701996	63970000.000000
2022-04-20	-0.026041	-0.003244	-0.003244	-0.028536	-4.117493	59630000.000000
2022-04-19	0.034889	-0.004945	0.038381	-0.008080	5.330490	54926000.000000
2022-04-18	0.007109	-0.001206	0.015378	-0.009597	1.078506	46514000.000000
2022-04-14	-0.024653	-0.000971	0.002289	-0.026160	-3.834503	51598000.000000
2022-04-13	0.031524	-0.005100	0.034734	-0.007875	4.753494	53390000.000000
2022-04-12	-0.002213	0.017010	0.026317	-0.004890	-0.334488	55178000.000000
2022-04-11	-0.021614	-0.011314	-0.002098	-0.025417	-3.338501	52112000.000000
2022-04-08	-0.021067	-0.006556	-0.002637	-0.022521	-3.324005	46002000.000000
2022-04-07	-0.006119	-0.002242	0.008334	-0.026736	-0.971497	68136000.000000
2022-04-06	-0.032300	-0.014657	-0.011307	-0.041453	-5.298996	79056000.000000
2022-04-05	-0.025492	-0.003594	-0.001402	-0.030179	-4.291504	53728000.000000
2022-04-04	0.029264	0.003454	0.029558	-0.002167	4.786499	49882000.000000
2022-04-01	0.003451	0.007068	0.017359	-0.004160	0.562500	57090000.000000
2022-03-31	-0.019865	0.000866	0.001167	-0.020129	-3.303497	59966000.000000
2022-03-30	-0.017801	-0.004757	-0.002153	-0.022532	-3.014008	56168000.000000
2022-03-29	0.001920	0.008246	0.010894	-0.006639	0.324509	66154000.000000
2022-03-28	0.025593	0.001223	0.025878	0.000768	4.216995	59854000.000000
2022-03-25	0.006868	0.002142	0.010504	-0.008552	1.123993	49032000.000000
2022-03-24	0.001478	0.002090	0.004348	-0.020550	0.241501	56798000.000000
2022-03-23	-0.008982	-0.007181	0.008982	-0.013355	-1.481003	55812000.000000
2022-03-22	0.021038	0.001944	0.028952	0.001285	3.397507	64086000.000000
2022-03-21	0.001495	-0.000803	0.011370	-0.010527	0.240997	66538000.000000
2022-03-18	0.025512	-0.002709	0.027697	-0.007810	4.011505	102962000.000000
2022-03-17	0.027008	-0.003027	0.028703	-0.006296	4.134995	72934000.000000
2022-03-16	0.038934	0.007692	0.039246	-0.000088	5.737503	84958000.000000
2022-03-15	0.038868	0.007028	0.043228	0.001036	5.513504	75584000.000000
2022-03-14	-0.025229	0.003137	0.013231	-0.031888	-3.671509	74086000.000000
2022-03-11	-0.008807	0.018778	0.019463	-0.009866	-1.292999	68900000.000000
2022-03-10	0.054125	0.045994	0.067458	0.033738	7.538498	135062000.000000
2022-03-09	0.024001	0.025626	0.031140	0.005981	3.264511	82656000.000000
2022-03-08	-0.010465	-0.005598	0.023619	-0.028232	-1.438507	91662000.000000
2022-03-07	-0.056220	-0.001356	0.003114	-0.056471	-8.188004	86934000.000000
2022-03-04	-0.015264	-0.005000	-0.000328	-0.027664	-2.257492	60934000.000000
2022-03-03	-0.027320	0.009727	0.012341	-0.034176	-4.154007	65198000.000000
2022-03-02	0.006024	-0.001939	0.012290	-0.015826	0.910507	47334000.000000
2022-03-01	-0.015766	-0.005408	0.003490	-0.023352	-2.421005	44874000.000000
2022-02-28	-0.001466	-0.008866	0.004301	-0.019107	-0.225494	57684000.000000
2022-02-25	0.016058	-0.005338	0.017389	-0.014168	2.430496	62396000.000000
2022-02-24	0.045095	-0.034451	0.047795	-0.036782	6.531006	100786000.000000
2022-02-23	-0.035756	0.009674	0.010423	-0.036928	-5.370499	64244000.000000
2022-02-22	-0.015753	-0.013912	0.002497	-0.026972	-2.404007	66128000.000000
2022-02-18	-0.013262	0.005477	0.005477	-0.024309	-2.050995	63604000.000000
2022-02-17	-0.021809	0.000288	0.014222	-0.022773	-3.447998	64032000.000000
2022-02-16	0.010159	-0.004600	0.014846	-0.011347	1.589996	52704000.000000
2022-02-15	0.008658	0.015715	0.018303	-0.003413	1.343491	56440000.000000
2022-02-14	0.012222	-0.010062	0.033628	-0.010721	1.873505	83230000.000000
2022-02-11	-0.035911	-0.005465	-0.000022	-0.039430	-5.709991	77100000.000000
2022-02-10	-0.013562	-0.017616	-0.002934	-0.021338	-2.186005	68268000.000000
2022-02-09	-0.001388	0.009045	0.014999	-0.007208	-0.223999	68786000.000000
2022-02-08	0.022022	-0.007503	0.024421	-0.015101	3.477997	76040000.000000
2022-02-07	0.001878	0.005586	0.032045	-0.002471	0.296005	102624000.000000
2022-02-04	0.135359	0.120717	0.161003	0.084716	18.793991	253456000.000000
2022-02-03	-0.078128	-0.058926	-0.042261	-0.081530	-11.766998	225532000.000000
2022-02-02	-0.003843	0.025510	0.025672	-0.015411	-0.580994	87330000.000000
2022-02-01	0.010831	0.002851	0.014271	-0.013010	1.619995	59220000.000000
2022-01-31	0.038864	0.005362	0.044330	0.002240	5.595505	78308000.000000
2022-01-28	0.031084	0.008758	0.031227	-0.012232	4.340500	74392000.000000
2022-01-27	0.005509	0.013880	0.038676	0.003438	0.764999	77516000.000000
2022-01-26	-0.007954	0.034032	0.037139	-0.019055	-1.113495	95602000.000000
2022-01-25	-0.031534	-0.015923	-0.006531	-0.044270	-4.558014	90824000.000000
2022-01-24	0.013327	-0.025539	0.016138	-0.051114	1.901001	155624000.000000
2022-01-21	-0.059502	-0.011324	-0.005060	-0.063277	-9.024490	163972000.000000
2022-01-20	-0.029632	0.002988	0.010883	-0.031657	-4.631500	71974000.000000
2022-01-19	-0.016477	-0.000979	0.002092	-0.016785	-2.618500	53242000.000000
2022-01-18	-0.019863	-0.018706	-0.014824	-0.027591	-3.220505	67292000.000000
2022-01-14	0.005731	-0.006600	0.006426	-0.008768	0.923996	45974000.000000
2022-01-13	-0.024170	0.000263	0.006141	-0.024914	-3.992996	52188000.000000
2022-01-12	-0.000937	0.007335	0.009168	-0.005715	-0.154999	50030000.000000
2022-01-11	0.024002	0.000087	0.030120	-0.004858	3.876007	62806000.000000
2022-01-10	-0.006570	-0.012110	-0.005490	-0.038446	-1.068008	87798000.000000
2022-01-07	-0.004288	0.003583	0.012187	-0.007491	-0.699997	46606000.000000
2022-01-06	-0.006711	-0.005515	0.002695	-0.014724	-1.102997	51958000.000000
2022-01-05	-0.018893	-0.003814	-0.002361	-0.018893	-3.165009	64302000.000000
2022-01-04	-0.016916	0.000197	0.005842	-0.023796	-2.882492	70726000.000000
2022-01-03	0.022118	0.004997	0.023912	-0.003338	3.687500	63520000.000000
2021-12-31	-0.011429	0.001847	0.004183	-0.012369	-1.927505	47830000.000000
2021-12-30	-0.003289	0.002949	0.009970	-0.004001	-0.556503	37584000.000000
2021-12-29	-0.008555	0.001049	0.003229	-0.012074	-1.459991	35754000.000000
2021-12-28	0.005844	0.003024	0.014773	-0.003147	0.991501	54638000.000000
2021-12-27	-0.008178	-0.000184	0.010958	-0.010832	-1.399002	58688000.000000
2021-12-23	0.000184	-0.003561	0.005484	-0.005186	0.031494	36788000.000000
2021-12-22	0.003638	-0.006731	0.009582	-0.011246	0.619995	55036000.000000
2021-12-21	0.019979	0.004618	0.021771	-0.008568	3.338013	55956000.000000
2021-12-20	-0.017284	-0.018630	-0.012605	-0.025983	-2.938507	57372000.000000
2021-12-17	0.006789	-0.006872	0.012006	-0.019290	1.146500	85542000.000000
2021-12-16	-0.025641	0.000309	0.004910	-0.029741	-4.444000	60876000.000000
2021-12-15	0.024978	-0.002919	0.026663	-0.023044	4.223495	75794000.000000
2021-12-14	-0.002807	-0.011898	-0.000404	-0.018444	-0.475998	55976000.000000
2021-12-13	-0.015356	-0.001231	-0.000650	-0.017897	-2.644501	62170000.000000
2021-12-10	-0.011248	0.007154	0.010082	-0.021077	-1.959000	60690000.000000
2021-12-09	-0.011280	-0.002316	0.004607	-0.011459	-1.987000	46062000.000000
2021-12-08	-0.000037	-0.000080	0.005764	-0.008027	-0.006500	45254000.000000
2021-12-07	0.027987	0.018857	0.035777	0.011472	4.796005	66410000.000000
2021-12-06	0.011086	0.000947	0.024816	-0.015075	1.878998	68860000.000000
2021-12-03	-0.013839	0.005132	0.009458	-0.028731	-2.378494	80712000.000000
2021-12-02	-0.001847	0.004727	0.014223	-0.005799	-0.318008	64726000.000000
2021-12-01	-0.018063	0.010815	0.015058	-0.018668	-3.167496	74916000.000000
2021-11-30	-0.015302	0.000542	0.006795	-0.019531	-2.725006	80022000.000000
2021-11-29	0.016267	0.012293	0.026092	0.007687	2.850510	65312000.000000
2021-11-26	-0.021185	0.006058	0.014828	-0.021299	-3.792496	59826000.000000
2021-11-24	0.000103	-0.004852	0.009385	-0.012064	0.018494	46560000.000000
2021-11-23	0.002091	0.003491	0.013570	-0.012557	0.373505	73804000.000000
2021-11-22	-0.028287	-0.000052	0.010034	-0.029666	-5.200012	96844000.000000
2021-11-19	-0.005273	0.004499	0.017881	-0.005503	-0.974487	98734000.000000
2021-11-18	0.041437	0.004889	0.043731	0.003381	7.352997	114070000.000000
2021-11-17	0.002344	0.006784	0.013147	0.001313	0.414993	51206000.000000
2021-11-16	-0.001404	-0.001884	0.008692	-0.005790	-0.248993	44342000.000000
2021-11-15	0.005824	0.003362	0.019497	0.000187	1.026489	58594000.000000
2021-11-12	0.015162	0.003600	0.019649	-0.007329	2.632507	53788000.000000
2021-11-11	-0.002743	0.008888	0.017573	-0.004187	-0.477493	45288000.000000
2021-11-10	-0.026335	-0.003456	0.008171	-0.031637	-4.709000	80548000.000000
2021-11-09	0.025007	0.007529	0.030035	0.003568	4.362488	85898000.000000
2021-11-08	-0.008528	0.001208	0.017053	-0.008846	-1.500488	61480000.000000
2021-11-05	0.012076	0.000000	0.025669	-0.000006	2.099487	99940000.000000
2021-11-04	0.027482	-0.004137	0.033874	-0.005615	4.650009	107060000.000000
2021-11-03	0.021508	-0.001132	0.024804	-0.004597	3.562500	67944000.000000
2021-11-02	-0.001615	-0.000934	0.003921	-0.010416	-0.268005	52552000.000000
2021-11-01	-0.016107	-0.003152	0.001017	-0.023843	-2.716003	72178000.000000
2021-10-29	-0.021511	-0.042521	-0.020818	-0.050267	-3.707001	129722000.000000
2021-10-28	0.015941	0.002833	0.025500	-0.001913	2.704010	114174000.000000
2021-10-27	0.004864	0.003534	0.018048	-0.001368	0.820999	54044000.000000
2021-10-26	0.016775	0.008776	0.028837	0.007111	2.785004	53966000.000000
2021-10-25	-0.004551	-0.000165	0.003673	-0.011347	-0.759003	44520000.000000
2021-10-22	-0.028955	-0.004079	-0.001505	-0.030192	-4.973007	62782000.000000
2021-10-21	0.005842	-0.000237	0.007385	-0.003531	0.997498	37628000.000000
2021-10-20	-0.008446	0.002471	0.005432	-0.012711	-1.454498	42796000.000000
2021-10-19	-0.000751	-0.003612	0.002306	-0.007178	-0.129501	47722000.000000
2021-10-18	0.011065	-0.006060	0.011778	-0.007017	1.886002	63482000.000000
2021-10-15	0.033080	0.003503	0.033504	0.001255	5.458008	103598000.000000
2021-10-14	0.004744	0.005532	0.008623	0.001979	0.778992	42190000.000000
2021-10-13	0.011379	0.006892	0.012641	0.004237	1.847504	48402000.000000
2021-10-12	0.000317	0.003296	0.006540	-0.003087	0.051498	36392000.000000
2021-10-11	-0.012869	-0.004142	0.001207	-0.015362	-2.115997	40684000.000000
2021-10-08	-0.004182	0.004412	0.005753	-0.004309	-0.690506	39964000.000000
2021-10-07	0.012391	0.009053	0.019540	0.006453	2.021011	48182000.000000
2021-10-06	0.012732	-0.002319	0.013455	-0.006948	2.050491	50660000.000000
2021-10-05	0.009788	0.004615	0.022243	0.003975	1.561005	65384000.000000
2021-10-04	-0.028472	-0.001179	-0.000996	-0.032593	-4.673996	90462000.000000
2021-10-01	-0.000542	0.001209	0.007345	-0.008858	-0.089005	56712000.000000
2021-09-30	-0.004871	0.004508	0.008097	-0.008218	-0.804001	56848000.000000
2021-09-29	-0.004475	0.001855	0.010658	-0.005455	-0.742004	51246000.000000
2021-09-28	-0.026378	-0.014120	-0.010749	-0.033971	-4.491989	88616000.000000
2021-09-27	-0.005757	-0.015770	-0.002905	-0.025079	-0.986008	72690000.000000
2021-09-24	0.002787	-0.004095	0.003882	-0.006616	0.475998	42324000.000000
2021-09-23	0.010636	0.000000	0.014470	0.000000	1.797501	47588000.000000
2021-09-22	0.010892	0.002204	0.013569	-0.000772	1.820999	48228000.000000
2021-09-21	-0.003606	0.005742	0.007143	-0.006955	-0.604996	55618000.000000
2021-09-20	-0.030842	-0.019211	-0.012569	-0.045490	-5.339508	93382000.000000
2021-09-17	-0.007373	0.000049	0.002629	-0.010352	-1.285995	92332000.000000
2021-09-16	0.003582	-0.004554	0.004822	-0.008530	0.622498	51672000.000000
2021-09-15	0.007475	-0.002168	0.010267	-0.013910	1.289505	59150000.000000
2021-09-14	-0.002074	0.005316	0.008573	-0.005629	-0.358505	38738000.000000
2021-09-13	-0.003453	0.003935	0.008305	-0.008979	-0.598999	51380000.000000
2021-09-10	-0.004308	0.005072	0.006972	-0.006099	-0.750488	47946000.000000
2021-09-09	-0.011726	0.000148	0.006947	-0.012801	-2.067001	54384000.000000
2021-09-08	0.004619	0.000673	0.010355	-0.003881	0.810501	61068000.000000
2021-09-07	0.008982	-0.000014	0.014387	-0.000319	1.561996	54758000.000000
2021-09-03	0.004311	-0.003211	0.005645	-0.007704	0.746490	51514000.000000
2021-09-02	-0.004564	0.004530	0.009474	-0.006899	-0.793991	58474000.000000
2021-09-01	0.002365	0.007379	0.016195	0.001282	0.410492	72598000.000000
2021-08-31	0.014385	0.000944	0.014908	-0.007593	2.460999	87128000.000000
2021-08-30	0.021477	0.002329	0.028472	0.001669	3.597000	63844000.000000
2021-08-27	0.010142	0.005196	0.010953	-0.000679	1.681503	48048000.000000
2021-08-26	0.005098	-0.000055	0.009948	-0.000964	0.841003	41976000.000000
2021-08-25	-0.001997	0.001237	0.004604	-0.005938	-0.330002	33606000.000000
2021-08-24	0.012220	0.004327	0.015194	0.002667	1.995499	51036000.000000
2021-08-23	0.020600	0.003734	0.025297	0.003144	3.296005	65362000.000000
2021-08-20	0.003827	0.005057	0.006293	-0.003761	0.610001	67168000.000000
2021-08-19	-0.004208	-0.002249	0.009927	-0.005860	-0.673508	75658000.000000
2021-08-18	-0.012566	0.000009	0.003745	-0.012943	-2.037003	56086000.000000
2021-08-17	-0.017287	-0.006514	-0.005608	-0.022222	-2.851486	67758000.000000
2021-08-16	0.001524	-0.003330	0.001831	-0.025149	0.250992	66394000.000000
2021-08-13	-0.002885	0.000657	0.000778	-0.006206	-0.476501	41134000.000000
2021-08-12	0.003460	-0.000641	0.006804	-0.006816	0.569504	46282000.000000
2021-08-11	-0.008604	0.003243	0.005125	-0.012916	-1.428497	58944000.000000
2021-08-10	-0.006341	0.000940	0.004827	-0.008040	-1.059509	48252000.000000
2021-08-09	-0.000918	-0.000398	0.002972	-0.004909	-0.153488	42964000.000000
2021-08-06	-0.009197	-0.000293	-0.000293	-0.013907	-1.552505	52752000.000000
2021-08-05	0.006340	0.000447	0.010218	-0.004114	1.063507	48670000.000000
2021-08-04	-0.003422	0.003895	0.006726	-0.006143	-0.576004	43678000.000000
2021-08-03	0.010434	0.002773	0.017866	-0.009518	1.737991	83146000.000000
2021-08-02	0.001169	0.007666	0.009415	-0.003182	0.194504	67078000.000000
2021-07-30	-0.075649	-0.069993	-0.064385	-0.081374	-13.616501	199312000.000000
2021-07-29	-0.008374	-0.000708	0.002102	-0.013858	-1.520004	110400000.000000
2021-07-28	0.001084	0.002038	0.008832	-0.007001	0.196503	59988000.000000
2021-07-27	-0.019847	-0.000357	-0.000357	-0.030723	-3.671494	82638000.000000
2021-07-26	0.011809	0.004521	0.015161	-0.002568	2.158997	58002000.000000
2021-07-23	0.005115	0.000541	0.007718	-0.004395	0.930496	48726000.000000
2021-07-22	0.014736	0.000566	0.015291	-0.000817	2.641510	65308000.000000
2021-07-21	0.003361	0.000893	0.003711	-0.008270	0.600494	46380000.000000
2021-07-20	0.006649	0.004995	0.011948	-0.008900	1.179993	65114000.000000
2021-07-19	-0.006727	-0.011487	-0.006554	-0.020839	-1.201996	75692000.000000
2021-07-16	-0.015854	0.000581	0.004092	-0.016727	-2.878494	80874000.000000
2021-07-15	-0.013711	0.003401	0.003727	-0.016503	-2.524002	63706000.000000
2021-07-14	0.001175	0.008563	0.010959	-0.004495	0.216003	65932000.000000
2021-07-13	-0.011077	-0.004424	0.014664	-0.012701	-2.059509	76918000.000000
2021-07-12	-0.000212	0.006630	0.010203	-0.006063	-0.039490	51432000.000000
2021-07-09	-0.003235	-0.002382	0.004446	-0.010186	-0.603500	74964000.000000
2021-07-08	0.009422	-0.014343	0.017154	-0.020413	1.741501	103612000.000000
2021-07-07	0.005670	0.011328	0.015904	0.000862	1.041992	106562000.000000
2021-07-06	0.046927	0.005449	0.049701	0.005132	8.238007	134896000.000000
2021-07-02	0.022724	0.005438	0.022939	0.001151	3.900497	63388000.000000
2021-07-01	-0.002090	-0.001613	0.004895	-0.008936	-0.359497	40742000.000000
2021-06-30	-0.002314	-0.002053	0.006804	-0.003811	-0.399002	48080000.000000
2021-06-29	0.001234	-0.001472	0.003525	-0.006057	0.212494	41968000.000000
2021-06-28	0.012474	0.004275	0.013682	0.003543	2.121506	44856000.000000
2021-06-25	-0.013807	0.004326	0.004564	-0.015917	-2.380997	78820000.000000
2021-06-24	-0.015623	0.001090	0.006005	-0.020826	-2.737000	76640000.000000
2021-06-23	-0.000462	-0.000126	0.004439	-0.006344	-0.081009	56266000.000000
2021-06-22	0.014905	0.001187	0.020214	0.000617	2.574005	66902000.000000
2021-06-21	-0.009447	-0.003006	-0.001405	-0.015171	-1.647003	65542000.000000
2021-06-18	-0.000671	-0.002651	0.005090	-0.004451	-0.117004	104954000.000000
2021-06-17	0.021665	-0.003534	0.023995	-0.004172	3.699509	102730000.000000
2021-06-16	0.009494	0.002622	0.012775	-0.006680	1.606003	84056000.000000
2021-06-15	-0.000219	0.000038	0.003877	-0.006135	-0.037003	48524000.000000
2021-06-14	0.011067	0.000000	0.011405	-0.003385	1.851990	51394000.000000
2021-06-11	-0.000842	0.000000	0.005054	-0.004836	-0.140991	56348000.000000
2021-06-10	0.020877	0.000262	0.021288	0.000000	3.425003	69530000.000000
2021-06-09	0.005220	0.002684	0.010254	0.002019	0.851990	49110000.000000
2021-06-08	0.020669	0.007692	0.025491	0.006254	3.305008	68334000.000000
2021-06-07	-0.002561	-0.002773	0.000555	-0.010611	-0.410507	44316000.000000
2021-06-04	0.006028	0.007841	0.010665	0.003703	0.960510	44994000.000000
2021-06-03	-0.014527	-0.009202	-0.006045	-0.015448	-2.348999	47966000.000000
2021-06-02	0.004766	0.001383	0.005080	-0.003309	0.766998	40290000.000000
2021-06-01	-0.001371	0.006339	0.008659	-0.004347	-0.221008	48600000.000000
2021-05-28	-0.002179	0.003681	0.005535	-0.003223	-0.351990	46596000.000000
2021-05-27	-0.010735	-0.002805	-0.001470	-0.010756	-1.752502	51224000.000000
2021-05-26	0.001875	0.004768	0.011255	-0.000166	0.305496	47680000.000000
2021-05-25	0.004333	0.006681	0.010733	-0.009624	0.703003	65222000.000000
2021-05-24	0.013084	0.003877	0.017130	0.002316	2.095490	48456000.000000
2021-05-21	-0.013733	0.000714	0.002774	-0.015602	-2.229996	82098000.000000
2021-05-20	0.004914	0.003899	0.008627	0.001355	0.794006	52664000.000000
2021-05-19	-0.000149	-0.011534	0.000764	-0.014937	-0.024002	53594000.000000
2021-05-18	-0.011653	0.006785	0.012723	-0.012237	-1.905502	56568000.000000
2021-05-17	0.014735	0.007146	0.021673	0.003627	2.374496	74478000.000000
2021-05-14	0.019431	0.007620	0.021316	0.006810	3.071503	66500000.000000
2021-05-13	0.003024	0.010638	0.016466	-0.006009	0.476501	67018000.000000
2021-05-12	-0.022324	-0.012069	-0.004954	-0.028168	-3.598495	98728000.000000
2021-05-11	0.010475	-0.016991	0.014891	-0.019784	1.670990	92396000.000000
2021-05-10	-0.030721	-0.002822	-0.002616	-0.030869	-5.056000	116772000.000000
2021-05-07	-0.004464	0.003847	0.007416	-0.005232	-0.737991	94206000.000000
2021-05-06	0.010955	-0.000165	0.013411	-0.007136	1.791504	88954000.000000
2021-05-05	-0.012479	0.008149	0.012932	-0.014345	-2.066513	74226000.000000
2021-05-04	-0.022035	-0.008947	-0.005466	-0.033769	-3.730988	108788000.000000
2021-05-03	-0.023340	0.004992	0.005546	-0.027317	-4.046509	117510000.000000
2021-04-30	-0.001121	0.015501	0.023821	-0.002538	-0.194504	140186000.000000
2021-04-29	0.003704	0.013474	0.016178	-0.006795	0.640503	153648000.000000
2021-04-28	0.012018	0.005083	0.021200	0.002215	2.053497	92638000.000000
2021-04-27	0.002473	0.010111	0.014960	-0.003224	0.421509	76542000.000000
2021-04-26	0.020390	0.002131	0.026212	-0.002975	3.405991	97614000.000000
2021-04-23	0.009622	0.003040	0.019933	-0.000163	1.592010	63856000.000000
2021-04-22	-0.015758	0.002873	0.003227	-0.018016	-2.649002	51612000.000000
2021-04-21	0.008196	-0.005605	0.008448	-0.009260	1.366501	44224000.000000
2021-04-20	-0.011068	0.000472	0.003256	-0.016610	-1.865997	52460000.000000
2021-04-19	-0.008069	-0.002680	0.010734	-0.011555	-1.371506	54508000.000000
2021-04-16	0.006022	0.000269	0.008200	-0.006955	1.017502	63720000.000000
2021-04-15	0.013828	0.011401	0.019202	0.005701	2.304504	64672000.000000
2021-04-14	-0.019706	0.001188	0.001215	-0.021765	-3.350006	62904000.000000
2021-04-13	0.006099	0.006350	0.015568	0.004806	1.030502	66316000.000000
2021-04-12	0.002132	-0.005038	0.006773	-0.006242	0.359497	65636000.000000
2021-04-09	0.022096	0.001637	0.022096	-0.003152	3.645004	86830000.000000
2021-04-08	0.006071	0.009608	0.013756	0.003845	0.995499	56242000.000000
2021-04-07	0.017237	0.003096	0.024750	-0.000053	2.778503	66924000.000000
2021-04-06	-0.000902	-0.000924	0.006378	-0.003003	-0.145508	50756000.000000
2021-04-05	0.020794	0.003796	0.023714	0.000076	3.286499	66698000.000000
2021-04-01	0.021628	0.007712	0.022094	0.006939	3.346008	58806000.000000
2021-03-31	0.012696	0.002870	0.020960	0.002360	1.939499	61878000.000000
2021-03-30	-0.006646	-0.001860	-0.000888	-0.013568	-1.022003	46752000.000000
2021-03-29	0.007765	0.001117	0.012850	-0.007726	1.184998	54920000.000000
2021-03-26	0.001894	-0.000722	0.003414	-0.016499	0.288498	66258000.000000
2021-03-25	-0.013220	-0.004561	0.007356	-0.016174	-2.040497	71270000.000000
2021-03-24	-0.016073	0.004316	0.007270	-0.016685	-2.521500	59180000.000000
2021-03-23	0.008560	0.005185	0.022865	0.003208	1.331497	76346000.000000
2021-03-22	0.011678	-0.002312	0.016787	-0.004849	1.795502	58044000.000000
2021-03-19	0.015512	0.000409	0.016281	-0.003752	2.348495	92508000.000000
2021-03-18	-0.034359	-0.011076	-0.006091	-0.035312	-5.386993	72992000.000000
2021-03-17	0.014189	-0.006029	0.026259	-0.006999	2.193497	62372000.000000
2021-03-16	0.003303	0.007558	0.015326	-0.001889	0.509003	50776000.000000
2021-03-15	-0.002528	-0.004829	-0.002347	-0.018579	-0.390503	58272000.000000
2021-03-12	-0.007740	-0.012394	-0.004692	-0.021869	-1.205002	48438000.000000
2021-03-11	0.018298	0.015165	0.024247	0.008271	2.797501	55528000.000000
2021-03-10	-0.001701	0.011623	0.017503	-0.010709	-0.260498	60250000.000000
2021-03-09	0.037568	0.022372	0.047091	0.018022	5.544998	80600000.000000
2021-03-08	-0.016167	0.004846	0.021373	-0.016381	-2.425491	83700000.000000
2021-03-05	0.007687	0.009212	0.010556	-0.032432	1.144501	107772000.000000
2021-03-04	-0.009128	0.002329	0.017680	-0.019824	-1.371506	109632000.000000
2021-03-03	-0.028932	-0.004314	0.004282	-0.032163	-4.476501	79774000.000000
2021-03-02	-0.016404	-0.000849	0.005524	-0.018760	-2.580505	51916000.000000
2021-03-01	0.017204	0.011303	0.018309	0.001636	2.660507	54582000.000000
2021-02-26	0.011700	0.012443	0.021353	-0.006692	1.788498	85518000.000000
2021-02-25	-0.032400	-0.007213	0.005928	-0.035376	-5.118500	90676000.000000
2021-02-24	-0.010947	-0.008687	-0.007284	-0.021637	-1.748505	60226000.000000
2021-02-23	0.004326	-0.016886	0.007542	-0.027396	0.688004	93544000.000000
2021-02-22	-0.021281	-0.012853	-0.005409	-0.023890	-3.457993	70314000.000000
2021-02-19	-0.023535	0.000000	0.001583	-0.024782	-3.916504	86104000.000000
2021-02-18	0.005921	-0.007925	0.008874	-0.010488	0.979492	60548000.000000
2021-02-17	0.012142	-0.001637	0.015895	-0.002891	1.984512	65950000.000000
2021-02-16	-0.002673	-0.007218	0.009333	-0.007359	-0.438004	51494000.000000
2021-02-12	0.004776	-0.003718	0.005555	-0.008835	0.778992	46706000.000000
2021-02-11	-0.007439	0.001649	0.001649	-0.011720	-1.222488	46028000.000000
2021-02-10	-0.005573	0.002723	0.003918	-0.015431	-0.921005	63032000.000000
2021-02-09	-0.005399	-0.003145	0.004532	-0.007554	-0.897003	44070000.000000
2021-02-08	-0.008714	0.001894	0.003833	-0.014364	-1.460495	65148000.000000
2021-02-05	0.006349	-0.003603	0.013810	-0.008493	1.057495	72416000.000000
2021-02-04	0.005576	0.005274	0.010406	-0.010500	0.923508	73414000.000000
2021-02-03	-0.019962	0.013317	0.015976	-0.021118	-3.373505	141776000.000000
2021-02-02	0.011104	0.011104	0.025385	0.005459	1.856003	141972000.000000
2021-02-01	0.042630	0.011278	0.044932	0.008992	6.834000	83204000.000000
2021-01-29	-0.009705	-0.002354	-0.000195	-0.016392	-1.570999	85872000.000000
2021-01-28	0.001559	0.000761	0.021376	-0.001203	0.251999	62984000.000000
2021-01-27	-0.028126	0.004618	0.006130	-0.035792	-4.677505	93204000.000000
2021-01-26	0.009754	0.000716	0.013358	-0.003379	1.606506	59104000.000000
2021-01-25	0.000538	0.011017	0.021766	-0.014908	0.088501	74996000.000000
2021-01-22	-0.004463	-0.000810	0.004512	-0.007206	-0.738007	56438000.000000
2021-01-21	0.013363	0.009076	0.026099	0.008025	2.180496	98722000.000000
2021-01-20	0.045700	0.019620	0.050962	0.017380	7.131012	106196000.000000
2021-01-19	0.005319	0.000886	0.013127	-0.002658	0.825500	66102000.000000
2021-01-15	-0.007425	-0.001423	0.004822	-0.010328	-1.161011	84880000.000000
2021-01-14	-0.012136	0.000515	0.003825	-0.014309	-1.920990	61418000.000000
2021-01-13	0.014438	0.002438	0.022148	0.000401	2.252991	66424000.000000
2021-01-12	0.002126	0.001859	0.008969	-0.009058	0.331009	70292000.000000
2021-01-11	-0.021519	-0.010900	-0.008270	-0.022842	-3.424500	73668000.000000
2021-01-08	0.006496	0.005642	0.009006	-0.006312	1.026993	70754000.000000
2021-01-07	0.007577	0.005933	0.022355	0.005296	1.188995	70290000.000000
2021-01-06	-0.024897	-0.022380	-0.006525	-0.027140	-4.006500	87896000.000000
2021-01-05	0.010004	-0.006471	0.011533	-0.006769	1.594009	53110000.000000
2021-01-04	-0.021585	0.004013	0.004627	-0.034668	-3.514999	88228000.000000
2020-12-31	-0.008801	-0.003302	-0.000892	-0.013589	-1.445999	59144000.000000
2020-12-30	-0.010882	0.005719	0.006051	-0.011899	-1.807510	64186000.000000
2020-12-29	0.011584	0.007911	0.020308	-0.000834	1.902008	97458000.000000
2020-12-28	0.035071	0.006717	0.041388	0.000000	5.563492	113736000.000000
2020-12-24	-0.003949	0.002709	0.005252	-0.005108	-0.628998	29038000.000000
2020-12-23	-0.006627	-0.000474	0.001126	-0.006970	-1.062500	41876000.000000
2020-12-22	0.000106	-0.001042	0.004934	-0.008141	0.016998	47388000.000000
2020-12-21	0.001415	-0.000512	0.007908	-0.011135	0.226501	76736000.000000
2020-12-18	-0.010639	0.002444	0.004122	-0.019925	-1.721497	119914000.000000
2020-12-17	-0.001506	0.002789	0.006958	-0.006159	-0.244003	69486000.000000
2020-12-16	0.023961	0.003441	0.025870	-0.000455	3.792007	88552000.000000
2020-12-15	0.002582	0.007615	0.009987	-0.008388	0.407501	66390000.000000
2020-12-14	0.013012	0.008529	0.023761	0.003074	2.027496	83116000.000000
2020-12-11	0.004814	-0.001557	0.005539	-0.009244	0.746506	61294000.000000
2020-12-10	-0.000873	-0.004900	0.012209	-0.009084	-0.135513	60604000.000000
2020-12-09	-0.023004	-0.002959	-0.000900	-0.028103	-3.654495	82016000.000000
2020-12-08	0.006108	0.000285	0.008274	-0.012027	0.964508	65726000.000000
2020-12-07	-0.001448	-0.001929	0.005748	-0.006605	-0.229004	55026000.000000
2020-12-04	-0.007578	0.003602	0.003602	-0.008777	-1.207504	58272000.000000
2020-12-03	-0.005244	0.000602	0.007838	-0.006936	-0.839996	57840000.000000
2020-12-02	-0.005140	0.000488	0.003702	-0.014540	-0.827499	62586000.000000
2020-12-01	0.016427	0.006458	0.025539	-0.003428	2.602005	90740000.000000
2020-11-30	-0.008544	0.004112	0.010343	-0.021841	-1.365005	81278000.000000
2020-11-27	0.003224	0.008223	0.009771	0.001564	0.513504	47858000.000000
2020-11-25	0.021491	0.007636	0.025638	0.007120	3.350494	75808000.000000
2020-11-24	0.006348	0.000681	0.011574	-0.003915	0.983505	72042000.000000
2020-11-23	-0.000326	0.005582	0.013019	-0.010951	-0.050507	94178000.000000
2020-11-20	-0.005653	0.000000	0.005091	-0.006086	-0.880997	67488000.000000
2020-11-19	0.003722	-0.000048	0.006292	-0.007902	0.578003	60206000.000000
2020-11-18	-0.009631	-0.000529	0.001384	-0.009746	-1.510010	58336000.000000
2020-11-17	0.001469	0.016761	0.018585	0.001341	0.230011	68894000.000000
2020-11-16	0.000719	-0.011381	0.004439	-0.017937	0.112488	76174000.000000
2020-11-13	0.005958	0.003768	0.010108	-0.008003	0.926498	75124000.000000
2020-11-12	-0.008641	0.007191	0.012268	-0.016364	-1.355499	87240000.000000
2020-11-11	0.033730	0.008817	0.034309	0.004936	5.118500	87338000.000000
2020-11-10	-0.034583	-0.015497	-0.009460	-0.039526	-5.435989	131820000.000000
2020-11-09	-0.050623	-0.024262	-0.006756	-0.060174	-8.381500	143808000.000000
2020-11-06	-0.003200	-0.005226	0.000000	-0.027092	-0.531509	92946000.000000
2020-11-05	0.024942	0.024315	0.038764	0.014723	4.042007	115786000.000000
2020-11-04	0.063230	0.036603	0.064440	0.029957	9.637497	136780000.000000
2020-11-03	0.014622	0.004676	0.023438	-0.007822	2.196503	97958000.000000
2020-11-02	-0.010431	0.008429	0.014347	-0.028335	-1.583496	145148000.000000
2020-10-30	-0.054456	-0.016587	-0.013706	-0.059797	-8.743011	167728000.000000
2020-10-29	0.015249	0.012170	0.029869	0.000386	2.411499	131930000.000000
2020-10-28	-0.037595	-0.011268	-0.006789	-0.037689	-6.177490	111766000.000000
2020-10-27	0.024724	0.005581	0.026386	0.001328	3.964493	85820000.000000
2020-10-26	0.000824	-0.001766	0.024523	-0.015947	0.132004	118024000.000000
2020-10-23	0.008815	0.004596	0.009108	-0.011460	1.399994	69334000.000000
2020-10-22	-0.002681	0.001548	0.004336	-0.019781	-0.426987	84240000.000000
2020-10-21	-0.009969	-0.001402	0.005244	-0.017721	-1.603500	91854000.000000
2020-10-20	0.003056	0.004699	0.018331	-0.004739	0.489990	90194000.000000
2020-10-19	-0.020014	0.008219	0.017200	-0.024435	-3.274994	104472000.000000
2020-10-16	-0.019750	0.007362	0.018274	-0.053510	-3.296997	129488000.000000
2020-10-15	-0.007450	-0.021316	-0.002328	-0.024886	-1.253006	104468000.000000
2020-10-14	-0.023208	0.000979	0.006171	-0.030093	-3.996002	116254000.000000
2020-10-13	0.000203	0.007279	0.014363	-0.005434	0.035004	114894000.000000
2020-10-12	0.047550	0.019257	0.063770	0.016095	7.813995	167284000.000000
2020-10-09	0.030120	0.006096	0.030854	0.002282	4.805008	98158000.000000
2020-10-08	-0.001608	0.009169	0.011766	-0.006477	-0.257004	63482000.000000
2020-10-07	0.030881	0.011303	0.032271	0.010461	4.786499	86188000.000000
2020-10-06	-0.031020	-0.010690	-0.005376	-0.034134	-4.962006	101738000.000000
2020-10-05	0.023744	0.006669	0.024810	0.005072	3.710007	75506000.000000
2020-10-02	-0.029883	-0.020995	-0.007904	-0.030504	-4.813004	112262000.000000
2020-10-01	0.023035	0.018823	0.023905	0.007390	3.626511	99438000.000000
2020-09-30	0.001224	-0.001189	0.021622	-0.003463	0.192490	97922000.000000
2020-09-29	-0.009190	0.000422	0.004477	-0.013078	-1.458496	69916000.000000
2020-09-28	0.025498	0.017356	0.025818	0.007121	3.945999	84484000.000000
2020-09-25	0.024949	0.011613	0.027071	-0.006885	3.766998	92304000.000000
2020-09-24	0.006644	-0.007357	0.023148	-0.011621	0.996506	110588000.000000
2020-09-23	-0.041269	-0.002736	-0.000636	-0.043659	-6.456497	113054000.000000
2020-09-22	0.056923	0.024783	0.058612	0.013420	8.425995	138976000.000000
2020-09-21	0.001882	-0.016383	0.002399	-0.028397	0.278000	122358000.000000
2020-09-18	-0.017888	0.007648	0.009662	-0.034297	-2.690994	177852000.000000
2020-09-17	-0.022537	-0.022368	-0.015812	-0.034291	-3.468506	128982000.000000
2020-09-16	-0.024723	0.007560	0.009857	-0.025975	-3.901505	90244000.000000
2020-09-15	0.017132	0.010696	0.023220	0.001918	2.658005	80430000.000000
2020-09-14	-0.004252	0.018202	0.022839	-0.006489	-0.662506	90592000.000000
2020-09-11	-0.018547	0.010576	0.013300	-0.028701	-2.944489	101880000.000000
2020-09-10	-0.028605	0.011812	0.024867	-0.030001	-4.675003	106614000.000000
2020-09-09	0.037707	0.016874	0.048682	0.011162	5.938492	103774000.000000
2020-09-08	-0.043944	-0.045717	-0.013285	-0.049966	-7.238998	121884000.000000
2020-09-04	-0.021787	-0.014846	0.004008	-0.076268	-3.668991	175636000.000000
2020-09-03	-0.046284	-0.013153	-0.012188	-0.064690	-8.172501	163222000.000000
2020-09-02	0.009239	0.013684	0.015184	-0.003552	1.616501	78630000.000000
2020-09-01	0.013955	0.011191	0.018230	0.004648	2.407990	68644000.000000
2020-08-31	0.014451	0.002114	0.027397	0.000941	2.458008	83718000.000000
2020-08-28	0.000529	0.006765	0.009815	-0.003971	0.089996	57940000.000000
2020-08-27	-0.012159	0.002382	0.003240	-0.018551	-2.092499	85296000.000000
2020-08-26	0.028496	0.001381	0.031451	-0.000574	4.768005	130174000.000000
2020-08-25	0.011801	-0.003770	0.015099	-0.012233	1.951492	79856000.000000
2020-08-24	0.006923	0.007742	0.029105	-0.008269	1.137009	93326000.000000
2020-08-21	-0.003836	-0.000719	0.005165	-0.006666	-0.632507	71518000.000000
2020-08-20	0.011314	-0.002601	0.015991	-0.006895	1.844498	66650000.000000
2020-08-19	-0.015701	-0.002862	0.001029	-0.017054	-2.600494	83702000.000000
2020-08-18	0.040875	0.009298	0.043235	0.007356	6.503998	106920000.000000
2020-08-17	0.010924	0.007973	0.014914	0.001957	1.719498	53824000.000000
2020-08-14	-0.004113	0.005429	0.005448	-0.012977	-0.649994	55034000.000000
2020-08-13	-0.000386	0.006562	0.017481	-0.002290	-0.061005	62980000.000000
2020-08-12	0.026478	0.008871	0.030422	0.006736	4.078506	70442000.000000
2020-08-11	-0.021438	-0.011105	0.003513	-0.023874	-3.374512	74362000.000000
2020-08-10	-0.006093	0.000900	0.001594	-0.020818	-0.964996	63346000.000000
2020-08-07	-0.017842	-0.000307	0.004902	-0.026149	-2.876999	78722000.000000
2020-08-06	0.006231	-0.003329	0.013242	-0.012356	0.998505	78812000.000000
2020-08-05	0.021091	0.001574	0.023818	-0.003673	3.309998	78330000.000000
2020-08-04	0.008657	-0.003432	0.017787	-0.003432	1.347000	93886000.000000
2020-08-03	-0.016681	0.005002	0.006105	-0.019174	-2.639496	101494000.000000
2020-07-31	0.036961	0.062951	0.063875	0.032478	5.639999	161710000.000000
2020-07-30	0.006049	-0.006438	0.019275	-0.009405	0.917496	122566000.000000
2020-07-29	0.011065	0.010219	0.012942	-0.001186	1.660004	59482000.000000
2020-07-28	-0.017963	-0.000308	0.007162	-0.019459	-2.744003	62534000.000000
2020-07-27	0.015388	0.017644	0.029609	0.002280	2.315002	83410000.000000
2020-07-24	0.007487	-0.018935	0.015078	-0.032998	1.117996	112648000.000000
2020-07-23	-0.036569	-0.000529	-0.000529	-0.041908	-5.667999	113138000.000000
2020-07-22	-0.012230	-0.004235	0.003731	-0.023271	-1.919006	82084000.000000
2020-07-21	-0.018315	0.011152	0.013682	-0.028503	-2.927490	122426000.000000
2020-07-20	0.079295	0.012907	0.080821	0.010821	11.743500	151964000.000000
2020-07-17	-0.012644	0.003033	0.008034	-0.017151	-1.896500	95226000.000000
2020-07-16	-0.002981	-0.012566	0.007687	-0.030124	-0.448502	127884000.000000
2020-07-15	-0.024361	-0.001222	0.004653	-0.035934	-3.756500	115778000.000000
2020-07-14	-0.006443	-0.004832	0.007532	-0.049613	-1.000000	144638000.000000
2020-07-13	-0.030000	0.015956	0.045091	-0.041128	-4.800003	154408000.000000
2020-07-10	0.005458	0.002869	0.010171	-0.014746	0.868500	109720000.000000
2020-07-09	0.032949	0.011321	0.036600	-0.002308	5.076004	127774000.000000
2020-07-08	0.026996	0.007496	0.027949	0.004103	4.049500	100752000.000000
2020-07-07	-0.018619	0.000494	0.004092	-0.021930	-2.846008	105150000.000000
2020-07-06	0.057690	0.015455	0.058672	0.013736	8.337006	137612000.000000
2020-07-02	0.004030	0.011571	0.026700	-0.002640	0.580002	131868000.000000
2020-07-01	0.043453	-0.000301	0.049362	-0.001747	5.994003	127268000.000000
2020-06-30	0.029264	0.001750	0.033298	-0.001996	3.921997	75394000.000000
2020-06-29	-0.004638	-0.001062	0.001459	-0.023317	-0.624496	84468000.000000
2020-06-26	-0.022403	0.007435	0.010161	-0.024171	-3.085510	130016000.000000
2020-06-25	0.007380	0.001883	0.007983	-0.008141	1.009003	59374000.000000
2020-06-24	-0.010856	0.005640	0.011427	-0.015703	-1.500504	90532000.000000
2020-06-23	0.018642	0.004496	0.025532	0.001555	2.529510	84634000.000000
2020-06-22	0.014508	0.003548	0.014949	-0.002247	1.940491	64176000.000000
2020-06-19	0.007924	0.009081	0.016372	0.001891	1.051498	115540000.000000
2020-06-18	0.004922	0.002283	0.007066	-0.001844	0.650009	49756000.000000
2020-06-17	0.009831	0.012324	0.015192	0.006328	1.285492	59186000.000000
2020-06-16	0.016555	0.018393	0.018393	0.001290	2.129501	71712000.000000
2020-06-15	0.010868	-0.007238	0.015316	-0.014546	1.383003	77302000.000000
2020-06-12	-0.005059	0.016908	0.024832	-0.021349	-0.647003	108722000.000000
2020-06-11	-0.033802	-0.016601	0.009039	-0.042010	-4.474495	116002000.000000
2020-06-10	0.017913	0.016971	0.046711	0.009766	2.329498	98920000.000000
2020-06-09	0.030427	0.002131	0.040558	0.000372	3.839996	103520000.000000
2020-06-08	0.016536	0.006927	0.018929	0.001748	2.053001	79414000.000000
2020-06-05	0.009103	-0.006539	0.011400	-0.009538	1.120003	66128000.000000
2020-06-04	-0.007182	-0.000391	0.011758	-0.011455	-0.889999	58974000.000000
2020-06-03	0.002423	-0.001780	0.006306	-0.004546	0.299500	53420000.000000
2020-06-02	0.000554	-0.001635	0.001008	-0.010413	0.068497	50598000.000000
2020-06-01	0.011739	0.002305	0.014150	0.000737	1.433502	58578000.000000
2020-05-29	0.017188	0.006180	0.017188	-0.001208	2.063499	70198000.000000
2020-05-28	-0.003854	-0.010812	0.011027	-0.013342	-0.464500	63804000.000000
2020-05-27	-0.004736	-0.006966	-0.003419	-0.037930	-0.573502	101138000.000000
2020-05-26	-0.006164	0.008667	0.010308	-0.009364	-0.750999	71364000.000000
2020-05-22	-0.004030	0.003380	0.009445	-0.006789	-0.492996	57342000.000000
2020-05-21	-0.020497	0.000825	0.011013	-0.022178	-2.560005	102288000.000000
2020-05-20	0.019846	0.011652	0.020691	0.007324	2.430504	79962000.000000
2020-05-19	0.009508	0.001471	0.024210	0.001117	1.153496	86410000.000000
2020-05-18	0.006839	-0.002253	0.009636	-0.010694	0.824005	87144000.000000
2020-05-15	0.008762	-0.008510	0.009272	-0.013597	1.046501	84700000.000000
2020-05-14	0.008839	-0.002918	0.009903	-0.006212	1.046494	72962000.000000
2020-05-13	0.004654	0.004179	0.021532	-0.008125	0.548500	95658000.000000
2020-05-12	-0.021606	0.001183	0.004151	-0.022416	-2.602493	61498000.000000
2020-05-11	0.012351	-0.002063	0.016835	-0.003152	1.469498	65184000.000000
2020-05-08	0.005068	0.001913	0.008291	-0.004481	0.599998	64132000.000000
2020-05-07	0.006954	0.010003	0.010522	-0.003466	0.817497	67928000.000000
2020-05-06	0.014436	0.005022	0.017107	0.000949	1.673004	62356000.000000
2020-05-05	0.000782	0.010367	0.015117	-0.003826	0.090500	64850000.000000
2020-05-04	0.013101	-0.012974	0.017909	-0.012974	1.497498	97318000.000000
2020-05-01	-0.075974	-0.055457	-0.045093	-0.087231	-9.397995	195452000.000000
2020-04-30	0.042690	0.019863	0.043111	0.009820	5.064499	190692000.000000
2020-04-29	0.025336	0.006884	0.033625	-0.001763	2.931496	91832000.000000
2020-04-28	-0.026061	-0.001641	-0.001052	-0.029461	-3.096001	105388000.000000
2020-04-27	-0.014198	0.013683	0.014380	-0.019592	-1.710999	112912000.000000
2020-04-24	0.004489	0.007314	0.008744	-0.007273	0.538498	76498000.000000
2020-04-23	0.015215	0.015439	0.025695	0.007865	1.798004	101332000.000000
2020-04-22	0.015193	0.017559	0.028297	0.009828	1.768501	84244000.000000
2020-04-21	-0.027360	0.009609	0.014497	-0.047606	-3.274498	149534000.000000
2020-04-20	0.007836	0.006295	0.029465	0.004653	0.930496	115414000.000000
2020-04-17	-0.013782	-0.014891	-0.003401	-0.038274	-1.659500	158600000.000000
2020-04-16	0.043555	0.016605	0.066439	0.011839	5.025497	240764000.000000
2020-04-15	0.010669	-0.011229	0.021920	-0.016783	1.218002	137332000.000000
2020-04-14	0.052769	0.014570	0.056772	0.007995	5.722504	161744000.000000
2020-04-13	0.061735	-0.001351	0.067184	-0.002330	6.305496	134334000.000000
2020-04-09	-0.000117	0.000636	0.004895	-0.012403	-0.012001	92930000.000000
2020-04-08	0.015609	0.004673	0.016107	-0.000224	1.570000	79546000.000000
2020-04-07	0.007013	0.009772	0.019088	0.000015	0.700500	102280000.000000
2020-04-06	0.047729	0.015425	0.048217	0.012289	4.550003	115464000.000000
2020-04-03	-0.006379	-0.004002	0.003909	-0.015468	-0.612000	72198000.000000
2020-04-02	0.005834	-0.003177	0.010395	-0.009278	0.556496	86720000.000000
2020-04-01	-0.021552	-0.008591	-0.002441	-0.029091	-2.100998	82438000.000000
2020-03-31	-0.007246	0.000204	0.014802	-0.010153	-0.711502	102472000.000000
2020-03-30	0.033604	0.011963	0.038698	0.006442	3.192505	122522000.000000
2020-03-27	-0.028325	-0.012595	-0.008029	-0.028417	-2.769501	107758000.000000
2020-03-26	0.036933	0.008569	0.037463	0.001829	3.482498	124426000.000000
2020-03-25	-0.027968	-0.010005	0.005237	-0.027999	-2.712997	129582000.000000
2020-03-24	0.019587	0.025578	0.027417	-0.001309	1.863495	142942000.000000
2020-03-23	0.030735	-0.009935	0.039711	-0.018466	2.837006	156170000.000000
2020-03-20	-0.018523	0.024126	0.040443	-0.032005	-1.742004	196358000.000000
2020-03-19	0.027831	0.016393	0.062842	0.001448	2.546501	207998000.000000
2020-03-18	0.012258	-0.031994	0.018707	-0.034760	1.108002	192904000.000000
2020-03-17	0.070266	0.051103	0.099831	0.000053	5.934502	218342000.000000
2020-03-16	-0.053698	-0.080387	-0.014314	-0.089059	-4.792503	178346000.000000
2020-03-13	0.064648	0.046755	0.065430	0.002392	5.419502	176194000.000000
2020-03-12	-0.079221	-0.054304	-0.030678	-0.080105	-7.212502	226924000.000000
2020-03-11	-0.037509	-0.017956	-0.010836	-0.047742	-3.548004	112496000.000000
2020-03-10	0.050655	0.039026	0.052016	0.009752	4.560501	142666000.000000
2020-03-09	-0.052854	-0.066925	-0.020157	-0.073537	-5.023994	156264000.000000
2020-03-06	-0.011923	-0.025483	-0.006840	-0.028342	-1.147003	105472000.000000
2020-03-05	-0.026217	-0.021677	-0.007647	-0.033318	-2.589996	94964000.000000
2020-03-04	0.035013	0.019686	0.036150	0.006815	3.341995	95458000.000000
2020-03-03	-0.023010	0.010962	0.021689	-0.033706	-2.248001	150690000.000000
2020-03-02	0.037266	0.012072	0.037563	-0.007299	3.510002	135234000.000000
2020-02-28	-0.000292	-0.036974	0.002898	-0.038831	-0.027496	189620000.000000
2020-02-27	-0.048136	-0.022838	-0.002319	-0.048914	-4.764503	162880000.000000
2020-02-26	0.003472	-0.001247	0.021255	-0.006230	0.342499	104492000.000000
2020-02-25	-0.018190	0.008525	0.012597	-0.025317	-1.827499	124382000.000000
2020-02-24	-0.041356	-0.044271	-0.027038	-0.051527	-4.334000	130940000.000000
2020-02-21	-0.026534	-0.005086	-0.003971	-0.030235	-2.856499	92926000.000000
2020-02-20	-0.007889	0.001313	0.003027	-0.019708	-0.856003	62626000.000000
2020-02-19	0.006750	0.005627	0.013652	0.002528	0.727501	51224000.000000
2020-02-18	0.009743	-0.004614	0.014614	-0.005040	1.040001	58912000.000000
2020-02-14	-0.006977	0.002702	0.004265	-0.011154	-0.750000	52124000.000000
2020-02-13	-0.004690	-0.006949	0.004759	-0.008333	-0.506500	60636000.000000
2020-02-12	0.004277	0.005765	0.013693	0.002088	0.459999	66686000.000000
2020-02-11	0.007915	0.007962	0.024387	0.000979	0.844498	114920000.000000
2020-02-10	0.026274	0.002756	0.027086	0.002732	2.731506	101124000.000000
2020-02-07	0.014169	-0.004019	0.023558	-0.005916	1.452499	101906000.000000
2020-02-06	0.005079	0.000564	0.008054	-0.007388	0.517998	63660000.000000
2020-02-05	-0.004781	0.010416	0.010416	-0.008621	-0.489998	87524000.000000
2020-02-04	0.022687	0.012813	0.027742	0.005573	2.273499	105786000.000000
2020-02-03	-0.002250	0.000936	0.019804	-0.004217	-0.225998	117834000.000000
2020-01-31	0.073791	0.096644	0.098916	0.070343	6.902000	311346000.000000
2020-01-30	0.006824	0.000000	0.008003	-0.003977	0.633995	126548000.000000
2020-01-29	0.002563	0.005801	0.011601	0.000955	0.237503	41760000.000000
2020-01-28	0.013624	0.006651	0.016283	0.000919	1.245499	56160000.000000
2020-01-27	-0.017887	-0.022367	-0.011087	-0.024871	-1.665001	70570000.000000
2020-01-24	-0.012172	0.003603	0.005524	-0.019707	-1.146996	75324000.000000
2020-01-23	-0.001526	-0.001245	0.001335	-0.007788	-0.144005	49692000.000000
2020-01-22	-0.002400	0.002162	0.005550	-0.004577	-0.226997	64326000.000000
2020-01-21	0.014630	0.000150	0.015847	-0.002531	1.363998	74156000.000000
2020-01-17	-0.007040	0.004233	0.004633	-0.011017	-0.661003	79946000.000000
2020-01-16	0.008550	0.011262	0.012658	0.002148	0.796005	53190000.000000
2020-01-15	-0.003969	0.001503	0.005039	-0.007676	-0.371002	57932000.000000
2020-01-14	-0.011558	-0.002866	-0.002215	-0.017316	-1.093002	68818000.000000
2020-01-13	0.004323	0.004328	0.007880	-0.001253	0.407005	55616000.000000
2020-01-10	-0.009411	0.002272	0.003098	-0.011073	-0.894501	57074000.000000
2020-01-09	0.004799	0.009472	0.013663	0.002024	0.453995	63346000.000000
2020-01-08	-0.007809	-0.004625	0.002171	-0.010709	-0.744499	70160000.000000
2020-01-07	0.002092	0.000851	0.005786	-0.005697	0.199005	80898000.000000
2020-01-06	0.014886	-0.007984	0.015318	-0.007984	1.395500	81236000.000000
2020-01-03	-0.012139	-0.017655	-0.006222	-0.017655	-1.152000	75288000.000000
2020-01-02	0.027151	0.014698	0.027151	0.008827	2.508499	80580000.000000
