2022-12-30	-0.004939	-0.004519	-0.000968	-0.016495	-1.529999	534700.000000
2022-12-29	0.005716	0.009645	0.014969	0.007047	1.760803	564400.000000
2022-12-28	-0.008200	0.006195	0.010252	-0.004173	-2.546692	439700.000000
2022-12-27	0.000513	0.009192	0.012188	0.003554	0.159180	1438000.000000
2022-12-23	-0.001791	0.002978	0.005229	-0.003582	-0.557098	544200.000000
2022-12-22	-0.006010	-0.001387	-0.000300	-0.016666	-1.880157	953500.000000
2022-12-21	0.006239	0.011501	0.020057	0.008317	1.939850	860600.000000
2022-12-20	-0.003761	0.007184	0.008978	-0.004063	-1.173859	779100.000000
2022-12-19	-0.008533	-0.000203	0.007199	-0.009257	-2.685974	835300.000000
2022-12-16	0.000569	0.005325	0.009584	-0.009043	0.179108	2425800.000000
2022-12-15	-0.027313	-0.012116	-0.009364	-0.028317	-8.833801	1014800.000000
2022-12-14	-0.000400	0.003406	0.013512	-0.005217	-0.129333	1191700.000000
2022-12-13	0.017965	0.031405	0.033702	0.012465	5.710114	1075400.000000
2022-12-12	0.016221	0.000913	0.023677	0.000913	5.073486	1163000.000000
2022-12-09	-0.017039	0.004852	0.007084	-0.014507	-5.421631	1150000.000000
2022-12-08	0.013562	0.009243	0.022366	0.008797	4.257721	1059100.000000
2022-12-07	0.011150	0.006711	0.017050	0.004907	3.461884	1130700.000000
2022-12-06	-0.009112	0.001368	0.006219	-0.011047	-2.855072	1295700.000000
2022-12-05	-0.010897	-0.003294	0.003840	-0.010807	-3.451935	1192300.000000
2022-12-02	0.020510	0.000687	0.032870	-0.001342	6.366699	1314200.000000
2022-12-01	0.006061	0.005845	0.014596	0.000692	1.870209	995300.000000
2022-11-30	0.026408	0.001238	0.032541	-0.006081	7.938507	1901100.000000
2022-11-29	-0.007489	0.006451	0.010908	-0.006293	-2.268127	954600.000000
2022-11-28	-0.017586	-0.001874	0.003510	-0.016114	-5.421661	932100.000000
2022-11-25	0.005712	0.007089	0.014951	0.003794	1.750854	299700.000000
2022-11-23	-0.003267	0.004709	0.009196	-0.005403	-1.004761	1150800.000000
2022-11-22	0.043015	0.010622	0.049859	0.007807	12.683655	1412700.000000
2022-11-21	-0.000236	-0.001247	0.008891	-0.002569	-0.069641	735300.000000
2022-11-18	0.010842	0.014483	0.017842	0.006120	3.163483	1328200.000000
2022-11-17	-0.006167	-0.007510	-0.000493	-0.011733	-1.810516	721400.000000
2022-11-16	0.001969	0.005229	0.013898	0.000997	0.576965	807400.000000
2022-11-15	-0.001187	0.010411	0.015524	-0.006122	-0.348206	942200.000000
2022-11-14	0.022291	0.003626	0.037673	0.003626	6.396576	1738700.000000
2022-11-11	-0.003902	0.008978	0.015192	-0.000880	-1.124115	1107500.000000
2022-11-10	0.033770	0.039678	0.040109	0.024750	9.410767	1063800.000000
2022-11-09	-0.010141	0.004839	0.013861	-0.006102	-2.855042	1100800.000000
2022-11-08	0.019342	0.010045	0.031118	0.005736	5.342041	1406200.000000
2022-11-07	0.005687	0.011638	0.019831	0.004392	1.561859	1367800.000000
2022-11-04	0.045603	0.025142	0.052632	0.015890	11.977356	2038000.000000
2022-11-03	0.076885	0.019867	0.091619	0.013266	18.751938	2524600.000000
2022-11-02	-0.027566	0.008100	0.015915	-0.023876	-6.913849	1471500.000000
2022-11-01	0.006869	0.015426	0.022813	0.003503	1.711060	872600.000000
2022-10-31	-0.015878	-0.002475	0.003491	-0.015907	-4.018997	1342200.000000
2022-10-28	0.021601	0.005229	0.030859	0.001395	5.352020	921000.000000
2022-10-27	-0.011745	0.004910	0.007942	-0.008292	-2.944611	987100.000000
2022-10-26	0.001829	0.009985	0.018336	0.004830	0.457611	1242200.000000
2022-10-25	0.031322	0.009969	0.036715	0.003169	7.600266	1350900.000000
2022-10-24	0.010900	0.013978	0.024477	0.007687	2.616318	1758000.000000
2022-10-21	0.012462	0.004639	0.021933	-0.005822	2.954529	1157200.000000
2022-10-20	-0.012963	0.006145	0.013764	-0.009425	-3.113708	716200.000000
2022-10-19	-0.003796	0.002326	0.012861	-0.004808	-0.915207	710200.000000
2022-10-18	0.021107	0.036611	0.038517	0.018570	4.983932	823000.000000
2022-10-17	0.020772	0.025504	0.035058	0.021311	4.804871	728500.000000
2022-10-14	-0.022942	0.010974	0.017225	-0.019396	-5.431595	711200.000000
2022-10-13	0.037807	-0.009543	0.047925	-0.014803	8.624893	898900.000000
2022-10-12	-0.008174	0.008360	0.017272	-0.003640	-1.880173	893900.000000
2022-10-11	-0.005292	0.002937	0.010419	-0.006274	-1.223587	618100.000000
2022-10-10	0.002977	0.011475	0.017591	0.002930	0.686401	748700.000000
2022-10-07	-0.028668	-0.006104	-0.001680	-0.030920	-6.804413	1046900.000000
2022-10-06	-0.017339	-0.001519	0.005064	-0.015099	-4.188095	965400.000000
2022-10-05	-0.020810	-0.004095	-0.001338	-0.016216	-5.133163	1097800.000000
2022-10-04	0.040406	0.018347	0.049432	0.015605	9.579910	1334500.000000
2022-10-03	0.024062	0.014646	0.037581	0.007648	5.570877	1027500.000000
2022-09-30	0.011254	0.010689	0.029602	0.006802	2.576538	1520600.000000
2022-09-29	-0.013661	0.003000	0.007696	-0.012467	-3.171005	1114300.000000
2022-09-28	0.018244	0.019105	0.037442	0.013051	4.158844	948500.000000
2022-09-27	-0.003197	0.024462	0.031415	-0.001425	-0.731003	1088500.000000
2022-09-26	-0.023495	0.004705	0.009572	-0.015578	-5.502319	1171700.000000
2022-09-23	-0.006079	0.000719	0.007170	-0.009382	-1.432373	1135000.000000
2022-09-22	-0.012176	0.014276	0.016246	-0.000398	-2.904266	877600.000000
2022-09-21	-0.014006	0.018878	0.025285	-0.002121	-3.388275	573300.000000
2022-09-20	-0.018005	0.000330	0.002644	-0.012213	-4.435440	605900.000000
2022-09-19	0.008166	0.001829	0.021677	0.001706	1.995453	714900.000000
2022-09-16	-0.004467	0.010757	0.011205	-0.005539	-1.096497	1497600.000000
2022-09-15	-0.026295	0.010957	0.011750	-0.015464	-6.628448	706800.000000
2022-09-14	-0.003514	0.010131	0.012582	-0.001333	-0.889038	690100.000000
2022-09-13	-0.028159	-0.008824	0.000358	-0.018237	-7.329819	831300.000000
2022-09-12	0.025411	0.020342	0.040039	0.016915	6.450607	877000.000000
2022-09-09	0.012371	0.018487	0.026344	0.014539	3.101837	704800.000000
2022-09-08	0.000197	0.001815	0.014140	-0.002533	0.049393	549500.000000
2022-09-07	0.030914	0.013416	0.044710	0.012305	7.517502	1037000.000000
2022-09-06	-0.001460	0.018588	0.019491	0.004750	-0.355621	1179100.000000
2022-09-02	-0.013880	0.026802	0.028340	-0.004580	-3.427826	1311700.000000
2022-09-01	-0.009705	0.004526	0.008055	-0.003534	-2.420212	918100.000000
2022-08-31	-0.013289	0.018715	0.019427	-0.001543	-3.358688	1164900.000000
2022-08-30	-0.018604	0.018518	0.018518	-0.007692	-4.791031	864500.000000
2022-08-29	-0.005835	0.003658	0.015316	0.001149	-1.511414	635700.000000
2022-08-26	-0.016355	0.015001	0.017584	-0.004706	-4.306976	1064100.000000
2022-08-25	0.014730	0.016968	0.027564	0.010148	3.822937	619600.000000
2022-08-24	0.005357	0.014126	0.022067	0.010407	1.382965	568300.000000
2022-08-23	0.001571	0.006679	0.017970	0.006291	0.405029	810300.000000
2022-08-22	-0.010580	-0.000708	0.004858	-0.004662	-2.756104	674000.000000
2022-08-19	-0.014574	0.010036	0.012305	-0.007403	-3.852570	932700.000000
2022-08-18	-0.001493	0.015554	0.015932	0.008339	-0.395142	727000.000000
2022-08-17	-0.020253	0.000611	0.007272	-0.012564	-5.472656	1169900.000000
2022-08-16	-0.002079	0.005252	0.014226	0.003442	-0.563049	879100.000000
2022-08-15	0.011924	0.012305	0.027291	0.009615	3.190735	1115300.000000
2022-08-12	0.022922	0.020142	0.038644	0.015134	5.996185	893900.000000
2022-08-11	-0.003087	0.018289	0.022443	0.006703	-0.810028	829400.000000
2022-08-10	0.026550	0.040121	0.049197	0.036795	6.786499	838600.000000
2022-08-09	-0.011499	0.012267	0.012653	-0.000920	-2.973389	826300.000000
2022-08-08	-0.003313	0.017547	0.026990	0.008297	-0.859467	1158100.000000
2022-08-05	0.019051	0.008338	0.032769	0.006139	4.850342	1406400.000000
2022-08-04	0.048919	0.022152	0.071879	0.022152	11.873871	1785800.000000
2022-08-03	0.006513	0.017406	0.021262	0.005671	1.570694	1401100.000000
2022-08-02	-0.012659	0.006123	0.010954	-0.015658	-3.091949	1026900.000000
2022-08-01	-0.003948	0.007289	0.010715	-0.002498	-0.968094	1075500.000000
2022-07-29	0.016378	0.019062	0.034936	0.019020	3.951370	1034300.000000
2022-07-28	0.026651	0.018774	0.039752	0.015923	6.262939	792900.000000
2022-07-27	0.013894	0.012305	0.030469	0.003029	3.220352	782500.000000
2022-07-26	-0.002466	0.006194	0.013252	0.003052	-0.572937	652100.000000
2022-07-25	0.002771	0.015887	0.016751	0.008594	0.642090	581100.000000
2022-07-22	-0.000128	0.017095	0.018476	0.008853	-0.029617	540300.000000
2022-07-21	0.012779	0.014796	0.025897	0.010382	2.924011	853500.000000
2022-07-20	0.007087	0.011029	0.021900	0.006936	1.610184	914900.000000
2022-07-19	0.028807	0.023671	0.041557	0.018645	6.361710	1255500.000000
2022-07-18	-0.007282	0.019273	0.026600	0.001472	-1.620041	1074800.000000
2022-07-15	0.014506	0.029088	0.032645	0.020833	3.180862	1444800.000000
2022-07-14	-0.026361	-0.000971	0.000539	-0.028144	-5.936966	2059600.000000
2022-07-13	-0.016988	-0.003407	0.004885	-0.011788	-3.892090	891700.000000
2022-07-12	-0.009227	0.014857	0.016976	-0.006030	-2.133759	2143400.000000
2022-07-11	0.008096	0.008469	0.026038	0.003717	1.857147	801400.000000
2022-07-08	-0.015308	0.008356	0.012005	-0.006711	-3.566116	1049500.000000
2022-07-07	-0.005902	0.013970	0.023401	-0.001094	-1.382980	1016600.000000
2022-07-06	-0.011460	0.013529	0.013529	-0.011487	-2.716568	1396100.000000
2022-07-05	-0.011452	-0.007503	0.000754	-0.014467	-2.746216	1232700.000000
2022-07-01	0.009439	0.005823	0.022029	0.000435	2.242416	1021300.000000
2022-06-30	-0.004265	-0.015983	0.002070	-0.031841	-1.030014	1199400.000000
2022-06-29	0.002557	0.005130	0.013184	-0.003255	0.615875	794400.000000
2022-06-28	-0.014908	0.005522	0.016195	-0.010713	-3.645538	778700.000000
2022-06-27	-0.023405	0.004072	0.009184	-0.018851	-5.860703	916300.000000
2022-06-24	0.041395	0.018436	0.050543	0.014568	9.953247	1529400.000000
2022-06-23	0.004398	0.004494	0.014143	-0.003693	1.052933	1177300.000000
2022-06-22	-0.000041	-0.012632	0.010300	-0.017394	-0.009933	953400.000000
2022-06-21	0.021359	0.017075	0.029745	0.013320	5.006409	1147400.000000
2022-06-17	0.003701	0.010861	0.018997	-0.012947	0.864212	2127000.000000
2022-06-16	-0.017510	-0.012981	-0.004315	-0.025602	-4.162079	1014600.000000
2022-06-15	0.000293	0.016387	0.028549	-0.006380	0.069534	1085800.000000
2022-06-14	-0.014298	0.003846	0.010897	-0.014655	-3.446884	1097900.000000
2022-06-13	-0.022200	-0.009597	-0.006839	-0.026998	-5.473282	1615400.000000
2022-06-10	-0.021371	-0.011313	0.000198	-0.021078	-5.383881	1584000.000000
2022-06-09	0.004913	-0.002786	0.025814	-0.004142	1.231720	1444600.000000
2022-06-08	-0.032248	-0.001785	0.011649	-0.026297	-8.353958	1647300.000000
2022-06-07	0.012973	0.002719	0.021059	-0.003576	3.317734	1377600.000000
2022-06-06	0.020534	0.017602	0.033564	0.014849	5.145493	1149200.000000
2022-06-03	-0.002294	-0.004401	0.012521	-0.004401	-0.576141	935700.000000
2022-06-02	0.038356	0.018035	0.046148	0.017209	9.277786	941700.000000
2022-06-01	-0.010765	0.011902	0.015173	-0.012882	-2.632355	911900.000000
2022-05-31	-0.017913	-0.005301	0.004298	-0.013294	-4.460068	1407100.000000
2022-05-27	0.033651	0.021072	0.040584	0.015011	8.105621	957200.000000
2022-05-26	0.025675	0.007772	0.036472	0.007772	6.029556	866100.000000
2022-05-25	-0.001689	0.016783	0.018228	-0.005450	-0.397339	884400.000000
2022-05-24	-0.004749	0.010558	0.011235	-0.012331	-1.122467	729700.000000
2022-05-23	0.001515	0.017852	0.021199	-0.003461	0.357605	747600.000000
2022-05-20	0.014388	0.020204	0.021837	-0.006573	3.347534	1032800.000000
2022-05-19	-0.001066	-0.000720	0.016755	-0.005228	-0.248337	725200.000000
2022-05-18	-0.021329	-0.003881	-0.002032	-0.019344	-5.075943	874300.000000
2022-05-17	0.028594	0.029702	0.037049	0.009820	6.615631	893500.000000
2022-05-16	-0.003380	0.003348	0.010714	-0.011944	-0.784744	880900.000000
2022-05-13	0.009939	0.013190	0.022282	0.005229	2.284668	661800.000000
2022-05-12	-0.006355	-0.013177	0.014272	-0.017110	-1.470123	1391500.000000
2022-05-11	0.009580	0.003347	0.029532	-0.003242	2.195267	1276000.000000
2022-05-10	-0.010891	0.013140	0.022247	-0.027566	-2.523071	1504300.000000
2022-05-09	-0.011025	-0.010155	0.009739	-0.013698	-2.582687	1272700.000000
2022-05-06	-0.000678	0.006196	0.013064	-0.017993	-0.158920	1293800.000000
2022-05-05	-0.046507	0.006992	0.033188	-0.049101	-11.433319	1446900.000000
2022-05-04	0.035090	0.002708	0.042033	0.002708	8.334091	1142700.000000
2022-05-03	0.015718	0.006708	0.027877	0.005767	3.675369	1028500.000000
2022-05-02	0.005682	0.013331	0.024255	-0.006840	1.321121	972400.000000
2022-04-29	-0.026655	0.005954	0.011313	-0.023475	-6.367279	1888000.000000
2022-04-28	0.009360	0.013384	0.022849	-0.007743	2.215134	1516400.000000
2022-04-27	0.011119	0.010083	0.031488	0.010083	2.602539	1080700.000000
2022-04-26	-0.029371	0.005090	0.012762	-0.024560	-7.082489	988500.000000
2022-04-25	-0.000659	0.003807	0.012593	-0.014842	-0.158936	1202600.000000
2022-04-22	-0.032731	0.001857	0.002138	-0.027806	-8.165222	1203800.000000
2022-04-21	0.009649	0.017190	0.029575	0.011767	2.384003	1267000.000000
2022-04-20	-0.003326	0.008563	0.015622	-0.006523	-0.824478	1414100.000000
2022-04-19	0.014512	0.007322	0.025287	0.004252	3.546219	1157400.000000
2022-04-18	-0.003403	0.001977	0.006708	-0.011278	-0.834396	1583400.000000
2022-04-14	-0.012324	0.007755	0.014120	-0.006988	-3.059479	1208200.000000
2022-04-13	0.008637	0.008414	0.015727	0.000248	2.125748	729300.000000
2022-04-12	-0.008206	0.009972	0.020046	-0.003245	-2.036346	1417700.000000
2022-04-11	-0.005454	0.006708	0.010876	0.000175	-1.360870	1000500.000000
2022-04-08	-0.000676	0.009231	0.018402	0.004345	-0.168869	905800.000000
2022-04-07	0.005078	0.004816	0.014637	0.000106	1.261536	1062700.000000
2022-04-06	-0.006278	-0.000012	0.005708	-0.012972	-1.569458	1100000.000000
2022-04-05	-0.003839	0.002683	0.011011	0.000532	-0.963547	1132700.000000
2022-04-04	0.014699	0.010710	0.023366	-0.001136	3.635605	1224100.000000
2022-04-01	-0.003681	0.011340	0.020162	-0.002517	-0.913864	1473300.000000
2022-03-31	-0.006480	0.003506	0.010830	-0.003298	-1.619156	1179100.000000
2022-03-30	0.003250	0.008654	0.018010	0.006285	0.809341	1234100.000000
2022-03-29	0.016230	0.024657	0.033430	0.013395	3.977524	1750700.000000
2022-03-28	0.007098	0.013356	0.027204	0.009411	1.727219	1565200.000000
2022-03-25	0.017120	0.014194	0.034090	0.014194	4.095963	1782000.000000
2022-03-24	0.030479	0.020255	0.044202	0.015646	7.076645	1296700.000000
2022-03-23	-0.005496	0.009165	0.025656	0.004111	-1.283066	1393500.000000
2022-03-22	0.009991	0.018599	0.027468	0.016998	2.309540	1192400.000000
2022-03-21	0.010921	0.036502	0.045730	0.017127	2.497055	1642200.000000
2022-03-18	0.013651	0.014167	0.030525	0.005433	3.079376	3187600.000000
2022-03-17	0.017587	0.012289	0.031191	0.007462	3.898575	1431800.000000
2022-03-16	0.008849	0.030212	0.039906	0.002405	1.944351	1498200.000000
2022-03-15	0.019975	0.021361	0.034266	0.004697	4.303223	2133500.000000
2022-03-14	-0.005060	0.016840	0.027000	-0.000525	-1.095535	2595400.000000
2022-03-11	-0.036116	0.023608	0.027748	-0.023802	-8.112976	1488900.000000
2022-03-10	0.002643	-0.002565	0.017431	-0.006716	0.592178	1538800.000000
2022-03-09	0.037619	0.043248	0.063904	0.039497	8.122849	1433800.000000
2022-03-08	-0.012325	0.013237	0.029704	-0.010869	-2.694443	1867300.000000
2022-03-07	-0.030337	0.016961	0.018691	-0.019764	-6.839767	1796000.000000
2022-03-04	-0.014793	0.002878	0.013235	-0.016174	-3.385361	1414300.000000
2022-03-03	-0.006300	0.023092	0.023743	0.000903	-1.450851	1743700.000000
2022-03-02	0.012146	0.020795	0.030859	0.009895	2.763550	2961600.000000
2022-03-01	-0.024418	0.011691	0.015721	-0.017080	-5.694901	2109200.000000
2022-02-28	-0.016973	0.000293	0.007417	-0.014037	-4.026886	1762500.000000
2022-02-25	0.022328	0.018750	0.040166	0.017974	5.181671	1241200.000000
2022-02-24	0.001960	-0.011289	0.018890	-0.013707	0.454010	1634500.000000
2022-02-23	-0.014447	0.018808	0.021233	-0.002510	-3.395218	955500.000000
2022-02-22	-0.015952	0.013066	0.013066	-0.011932	-3.809753	1191100.000000
2022-02-18	0.005652	0.009949	0.029066	0.008517	1.342300	2170700.000000
2022-02-17	-0.019279	0.005551	0.011787	-0.010059	-4.668396	1005000.000000
2022-02-16	-0.010047	0.009675	0.015154	-0.004429	-2.457596	1470600.000000
2022-02-15	0.017824	0.022928	0.035786	0.021181	4.283493	1317400.000000
2022-02-14	-0.003683	0.015969	0.019493	-0.003433	-0.888290	1730500.000000
2022-02-11	-0.031659	0.007691	0.010301	-0.021254	-7.885971	1691500.000000
2022-02-10	-0.026912	0.007996	0.019520	-0.018881	-6.889114	1739100.000000
2022-02-09	0.025909	0.026617	0.042207	0.022770	6.464722	1482800.000000
2022-02-08	-0.006172	0.003712	0.019723	0.000725	-1.549561	2899200.000000
2022-02-07	-0.033070	-0.007644	0.004526	-0.021085	-8.586731	2333700.000000
2022-02-04	-0.063372	-0.031899	-0.029662	-0.059710	-17.568268	2883400.000000
2022-02-03	-0.012203	0.005602	0.013548	-0.002629	-3.424805	1089500.000000
2022-02-02	-0.000984	0.012479	0.019919	0.008279	-0.276367	930000.000000
2022-02-01	0.008897	0.016352	0.023678	0.009923	2.477325	990800.000000
2022-01-31	0.016173	0.009724	0.030927	0.008009	4.431549	1234300.000000
2022-01-28	0.006453	0.009959	0.019803	-0.000729	1.756836	1025200.000000
2022-01-27	-0.002026	0.020742	0.028953	-0.000774	-0.552734	1062100.000000
2022-01-26	-0.010808	0.019972	0.022836	-0.006969	-2.980682	1171100.000000
2022-01-25	-0.011952	-0.001390	0.007423	-0.016114	-3.335999	788100.000000
2022-01-24	0.001204	0.001247	0.018679	-0.017046	0.335602	1351800.000000
2022-01-21	-0.015715	0.013862	0.014392	-0.004532	-4.451294	1503900.000000
2022-01-20	0.004937	0.013156	0.031641	0.013156	1.391632	1073700.000000
2022-01-19	-0.003594	0.015737	0.025176	0.008595	-1.016571	814500.000000
2022-01-18	-0.016303	0.004741	0.004741	-0.011534	-4.688171	1086600.000000
2022-01-14	-0.009990	0.005961	0.007958	-0.004333	-2.901733	1478500.000000
2022-01-13	-0.018215	0.011062	0.014645	-0.006515	-5.388916	788400.000000
2022-01-12	0.007428	0.016597	0.021875	0.008424	2.181244	959700.000000
2022-01-11	0.008268	0.014839	0.021775	0.010136	2.408234	542000.000000
2022-01-10	-0.007767	0.006037	0.010159	-0.000776	-2.279907	1019100.000000
2022-01-07	-0.002047	0.015639	0.015639	0.000034	-0.602081	945000.000000
2022-01-06	-0.020444	0.013091	0.013191	-0.009254	-6.139008	808500.000000
2022-01-05	0.016098	0.022531	0.046590	0.022226	4.757233	926100.000000
2022-01-04	0.012204	0.027543	0.029974	0.021754	3.563019	1667400.000000
2022-01-03	-0.027772	0.014057	0.015655	-0.015247	-8.339996	1130100.000000
2021-12-31	0.006184	0.011784	0.024248	0.011784	1.845612	586600.000000
2021-12-30	-0.004944	0.020218	0.021851	0.006915	-1.482941	433300.000000
2021-12-29	0.004638	0.024883	0.025486	0.018385	1.384766	499700.000000
2021-12-28	0.005857	0.021350	0.025393	0.016836	1.738342	354500.000000
2021-12-27	0.009149	0.024813	0.028009	0.015837	2.690979	413600.000000
2021-12-23	0.007807	0.019039	0.029902	0.019039	2.278473	344700.000000
2021-12-22	0.004768	0.015807	0.023416	0.012881	1.384796	430300.000000
2021-12-21	0.002508	0.025431	0.030987	0.014213	0.726715	636600.000000
2021-12-20	-0.011128	0.006135	0.007568	-0.007176	-3.260559	779400.000000
2021-12-17	-0.015900	0.016941	0.016941	0.000953	-4.733795	1768400.000000
2021-12-16	-0.006326	0.017950	0.024659	0.008505	-1.895416	636800.000000
2021-12-15	0.023072	0.021222	0.049733	0.017944	6.756866	1461000.000000
2021-12-14	0.002151	0.019483	0.024719	0.012605	0.628571	808500.000000
2021-12-13	0.007483	0.016459	0.032490	0.013873	2.170471	1008500.000000
2021-12-10	0.007402	0.027699	0.027699	0.017036	2.131165	695700.000000
2021-12-09	-0.008422	-0.000138	0.012501	-0.000138	-2.445465	1239500.000000
2021-12-08	-0.000879	0.021899	0.022656	0.005796	-0.255341	1098900.000000
2021-12-07	0.010379	0.022215	0.035148	0.020268	2.985626	859100.000000
2021-12-06	0.014794	0.030459	0.039420	0.026049	4.193573	962500.000000
2021-12-03	0.004140	0.019811	0.029801	0.012514	1.168732	1199100.000000
2021-12-02	0.008739	0.021433	0.035727	0.021397	2.445435	1350900.000000
2021-12-01	-0.008697	0.034725	0.042482	0.008830	-2.455261	1184000.000000
2021-11-30	-0.013420	0.011857	0.017064	-0.000061	-3.840057	2396100.000000
2021-11-29	-0.007799	0.023002	0.025464	0.009756	-2.249054	853500.000000
2021-11-26	-0.014101	0.003620	0.006491	-0.006226	-4.124817	619600.000000
2021-11-24	-0.003880	0.015936	0.022202	0.012803	-1.139252	603300.000000
2021-11-23	0.004975	0.021708	0.034987	0.019518	1.453552	1072500.000000
2021-11-22	-0.000739	0.024099	0.026425	0.016029	-0.216064	1099500.000000
2021-11-19	0.005063	0.018217	0.029594	0.012168	1.473145	1091200.000000
2021-11-18	-0.010852	0.022399	0.022399	0.006318	-3.191864	846300.000000
2021-11-17	-0.006667	0.018217	0.020176	0.004269	-1.974060	1404300.000000
2021-11-16	-0.007571	0.021334	0.021502	0.009939	-2.258820	1610600.000000
2021-11-15	-0.020000	0.013290	0.013717	-0.004578	-6.089081	1510000.000000
2021-11-12	-0.001675	0.019365	0.019365	0.013954	-0.510681	1234200.000000
2021-11-11	-0.011932	0.019254	0.025086	0.005646	-3.682922	1297200.000000
2021-11-10	0.001370	0.016400	0.021526	0.014875	0.422302	988700.000000
2021-11-09	0.003967	0.018901	0.026100	0.014569	1.217804	1174000.000000
2021-11-08	0.010637	0.019764	0.033097	0.012259	3.231140	1634200.000000
2021-11-05	0.026892	0.023423	0.047019	0.021158	7.955109	1646700.000000
2021-11-04	-0.003045	-0.008205	0.016330	-0.015855	-0.903595	1121000.000000
2021-11-03	0.013587	0.020062	0.035741	0.018491	3.977600	1270200.000000
2021-11-02	0.000302	0.019926	0.024026	0.014629	0.088348	932400.000000
2021-11-01	-0.006070	0.017538	0.022055	0.011391	-1.787415	653000.000000
2021-10-29	-0.005407	0.013421	0.017744	0.006766	-1.600830	924700.000000
2021-10-28	0.022350	0.019702	0.041044	0.019702	6.472107	1256800.000000
2021-10-27	0.001596	0.017975	0.023820	0.014551	0.461548	748500.000000
2021-10-26	0.001565	0.020226	0.025388	0.017524	0.451782	460100.000000
2021-10-25	0.009237	0.023636	0.033251	0.018672	2.641876	633300.000000
2021-10-22	-0.009051	0.019637	0.026290	0.007685	-2.612457	898500.000000
2021-10-21	0.000647	0.017316	0.019257	0.011387	0.186646	620000.000000
2021-10-20	-0.002683	0.020153	0.022816	0.009850	-0.775848	751100.000000
2021-10-19	0.006666	0.019818	0.028380	0.015398	1.915070	896800.000000
2021-10-18	-0.000547	0.015643	0.022740	0.010042	-0.157104	977100.000000
2021-10-15	0.016425	0.023380	0.042473	0.018677	4.645386	1637300.000000
2021-10-14	0.034301	0.029701	0.055739	0.029701	9.379120	1575100.000000
2021-10-13	0.022100	0.028160	0.045093	0.027487	5.912292	1285100.000000
2021-10-12	0.013657	0.018217	0.036518	0.017876	3.604340	1266500.000000
2021-10-11	0.012433	0.026964	0.044073	0.022782	3.240997	1070200.000000
2021-10-08	0.007898	0.024519	0.029894	0.019918	2.042755	1162300.000000
2021-10-07	0.009971	0.024543	0.040788	0.023255	2.553497	1359600.000000
2021-10-06	0.014513	0.010215	0.034024	-0.001789	3.663269	1310200.000000
2021-10-05	0.004024	0.018694	0.028400	0.012211	1.011551	970900.000000
2021-10-04	-0.005594	0.016279	0.023399	0.002594	-1.414215	1007000.000000
2021-10-01	0.005154	0.024817	0.030900	0.009471	1.296371	877000.000000
2021-09-30	-0.010088	0.024121	0.026639	0.007749	-2.563309	762400.000000
2021-09-29	-0.007968	0.022520	0.027088	0.015649	-2.040756	917100.000000
2021-09-28	0.001527	0.022987	0.032645	0.015753	0.390564	1195500.000000
2021-09-27	0.009054	0.061367	0.061367	0.032367	2.294647	1219600.000000
2021-09-24	-0.003264	0.020306	0.029233	0.017238	-0.830002	738900.000000
2021-09-23	0.009576	0.030235	0.037302	0.028686	2.411835	879200.000000
2021-09-22	0.002137	0.029094	0.035341	0.024876	0.537048	631200.000000
2021-09-21	-0.003060	0.030150	0.032451	0.020352	-0.771378	718300.000000
2021-09-20	-0.013940	0.009140	0.015985	-0.006858	-3.564026	1113200.000000
2021-09-17	-0.017229	0.012858	0.016509	-0.002019	-4.481934	1702700.000000
2021-09-16	-0.011429	0.019446	0.022220	0.010402	-3.007446	1138500.000000
2021-09-15	0.002381	0.025797	0.031434	0.020083	0.624969	1166400.000000
2021-09-14	-0.002375	0.028453	0.029745	0.017926	-0.624969	775600.000000
2021-09-13	0.005597	0.033139	0.039521	0.021369	1.464691	1258900.000000
2021-09-10	0.003294	0.026229	0.033015	0.022894	0.859283	1000300.000000
2021-09-09	-0.002279	0.022705	0.030776	0.019875	-0.595673	752700.000000
2021-09-08	0.002359	0.025654	0.030025	0.020286	0.615173	864200.000000
2021-09-07	-0.004398	0.022479	0.025151	0.015837	-1.152222	666400.000000
2021-09-03	-0.006370	0.023855	0.026358	0.016079	-1.679474	821400.000000
2021-09-02	0.002450	0.026440	0.031725	0.021041	0.644470	453000.000000
2021-09-01	-0.000631	0.024121	0.028224	0.016483	-0.166016	543400.000000
2021-08-31	-0.002554	0.022604	0.030867	0.019838	-0.673737	876900.000000
2021-08-30	0.006332	0.026257	0.034343	0.024655	1.659973	563000.000000
2021-08-27	0.000298	0.028088	0.030111	0.023739	0.078094	551400.000000
2021-08-26	-0.002786	0.024919	0.034698	0.018147	-0.732361	774500.000000
2021-08-25	-0.004990	0.018253	0.020903	0.012688	-1.318146	1305200.000000
2021-08-24	0.000111	0.031428	0.035214	0.020070	0.029297	954500.000000
2021-08-23	0.011404	0.026533	0.037753	0.022819	2.978149	1643100.000000
2021-08-20	-0.014555	0.021630	0.023743	0.000196	-3.856964	1624100.000000
2021-08-19	-0.002793	0.017046	0.026679	0.012982	-0.742096	1131000.000000
2021-08-18	-0.032906	0.021173	0.025358	-0.013109	-9.041931	1184100.000000
2021-08-17	-0.000497	0.021320	0.024412	0.010153	-0.136688	933800.000000
2021-08-16	0.006470	0.025072	0.035067	0.021411	1.767365	1334400.000000
2021-08-13	0.007673	0.023162	0.032126	0.020284	2.079865	604800.000000
2021-08-12	-0.004018	0.027685	0.030110	0.015082	-1.093658	862600.000000
2021-08-11	0.003095	0.024894	0.030828	0.011147	0.839722	978600.000000
2021-08-10	0.007688	0.019812	0.035077	0.019812	2.070099	1301100.000000
2021-08-09	-0.051819	0.022360	0.026515	-0.046485	-14.715057	2273400.000000
2021-08-06	0.007273	0.029725	0.039692	0.023979	2.050507	809500.000000
2021-08-05	0.003650	0.030991	0.039785	0.026363	1.025269	1039100.000000
2021-08-04	-0.010253	0.013832	0.024579	0.013198	-2.909790	595800.000000
2021-08-03	0.006650	0.027135	0.032917	0.021531	1.874786	520500.000000
2021-08-02	-0.007903	0.028836	0.033375	0.014584	-2.245819	550500.000000
2021-07-30	0.004695	0.023696	0.034656	0.023696	1.327972	570600.000000
2021-07-29	0.006393	0.031272	0.034830	0.025081	1.796661	422500.000000
2021-07-28	-0.003704	0.023093	0.026106	0.016216	-1.044800	654400.000000
2021-07-27	-0.000761	0.019126	0.032374	0.009739	-0.214844	680200.000000
2021-07-26	-0.004030	0.026026	0.028354	0.015054	-1.142426	524900.000000
2021-07-23	0.006344	0.029588	0.031470	0.018653	1.786896	635100.000000
2021-07-22	0.006069	0.028514	0.035122	0.024263	1.699005	896900.000000
2021-07-21	0.002693	0.027057	0.031319	0.023655	0.751892	721800.000000
2021-07-20	0.013647	0.027460	0.052292	0.024484	3.759277	1065600.000000
2021-07-19	-0.012047	0.013576	0.017485	0.000664	-3.358917	1102700.000000
2021-07-16	-0.008886	0.026538	0.028564	0.010115	-2.499756	1496200.000000
2021-07-15	-0.000139	0.018825	0.031585	0.018825	-0.039032	733700.000000
2021-07-14	-0.002493	0.023908	0.032665	0.020221	-0.703033	597700.000000
2021-07-13	-0.007525	0.022784	0.026408	0.013353	-2.138428	580300.000000
2021-07-12	-0.002126	0.024015	0.030371	0.021733	-0.605438	1041300.000000
2021-07-09	0.014999	0.030215	0.040016	0.030215	4.208527	734300.000000
2021-07-08	-0.011796	0.010385	0.018133	0.000207	-3.349243	807300.000000
2021-07-07	0.014195	0.025835	0.039801	0.025835	3.974152	639700.000000
2021-07-06	-0.013929	0.027572	0.027713	0.004502	-3.954620	1034800.000000
2021-07-02	0.006821	0.023872	0.034192	0.020113	1.923615	541500.000000
2021-07-01	0.003893	0.030279	0.033590	0.023159	1.093628	619400.000000
2021-06-30	0.003103	0.025299	0.030263	0.022335	0.869049	673500.000000
2021-06-29	-0.002629	0.034463	0.037206	0.021784	-0.738251	984600.000000
2021-06-28	0.001768	0.033259	0.036648	0.024411	0.495392	921100.000000
2021-06-25	-0.004794	0.029122	0.035123	0.024115	-1.350220	1413600.000000
2021-06-24	-0.003095	0.036521	0.040627	0.024097	-0.874207	999800.000000
2021-06-23	-0.024093	0.026472	0.030099	0.004017	-6.974426	936100.000000
2021-06-22	0.004889	0.033018	0.039197	0.030866	1.408508	566400.000000
2021-06-21	0.013187	0.038973	0.048575	0.035140	3.749420	640700.000000
2021-06-18	-0.021365	0.017602	0.025071	0.005073	-6.206970	1702000.000000
2021-06-17	-0.003166	0.027007	0.028654	0.012287	-0.922821	786500.000000
2021-06-16	-0.003454	0.034230	0.042026	0.023391	-1.010193	958800.000000
2021-06-15	0.006552	0.039011	0.040181	0.027137	1.903839	1068600.000000
2021-06-14	-0.004427	0.029477	0.029477	0.019026	-1.291931	567700.000000
2021-06-11	0.006196	0.033166	0.041785	0.031752	1.797028	710400.000000
2021-06-10	0.004204	0.040452	0.042495	0.032870	1.214233	563100.000000
2021-06-09	-0.007576	0.032466	0.036796	0.021196	-2.205017	778600.000000
2021-06-08	-0.007256	0.027465	0.029409	0.015867	-2.127258	807800.000000
2021-06-07	-0.009680	0.030051	0.031504	0.011337	-2.865570	670400.000000
2021-06-04	0.002137	0.031305	0.035300	0.028326	0.631409	820000.000000
2021-06-03	-0.005071	0.022135	0.024762	0.012738	-1.505646	858700.000000
2021-06-02	0.010313	0.034309	0.041455	0.027027	3.030670	1003400.000000
2021-06-01	0.009611	0.043185	0.044250	0.032363	2.797546	736200.000000
2021-05-28	0.004627	0.037243	0.043110	0.030720	1.340485	549300.000000
2021-05-27	0.002959	0.034289	0.039135	0.029996	0.854797	1155300.000000
2021-05-26	-0.012124	0.029819	0.031255	0.008823	-3.545471	748000.000000
2021-05-25	0.004940	0.033670	0.039821	0.025285	1.437622	908900.000000
2021-05-24	0.004628	0.037314	0.037314	0.028200	1.340485	679100.000000
2021-05-21	0.003804	0.033255	0.043790	0.032388	1.097656	672900.000000
2021-05-20	-0.004057	0.028338	0.035759	0.024749	-1.175323	542300.000000
2021-05-19	-0.004539	0.022743	0.028549	0.014703	-1.321106	800200.000000
2021-05-18	-0.006696	0.026883	0.033163	0.020877	-1.962158	817600.000000
2021-05-17	0.001993	0.029306	0.037240	0.024484	0.582825	592500.000000
2021-05-14	0.004236	0.035384	0.041496	0.031847	1.233643	698500.000000
2021-05-13	0.022582	0.029407	0.054726	0.029266	6.430450	850700.000000
2021-05-12	-0.025205	0.021570	0.025540	0.001441	-7.362976	935500.000000
2021-05-11	0.024563	0.026215	0.055641	0.020744	7.003540	1217100.000000
2021-05-10	0.010256	0.054067	0.073058	0.038937	2.894684	1245600.000000
2021-05-07	-0.010557	0.025586	0.035332	0.017908	-3.011230	1214900.000000
2021-05-06	0.003623	0.032362	0.040912	0.024305	1.029663	1178700.000000
2021-05-05	0.007992	0.032563	0.041500	0.025966	2.253540	1131400.000000
2021-05-04	0.000276	0.023659	0.034550	0.023517	0.077759	1178600.000000
2021-05-03	0.005927	0.033724	0.041432	0.029655	1.660980	952300.000000
2021-04-30	-0.013069	0.027822	0.029724	0.013769	-3.710602	906400.000000
2021-04-29	0.009358	0.033814	0.040106	0.031574	2.632416	553600.000000
2021-04-28	-0.000690	0.030543	0.036085	0.026209	-0.194305	543000.000000
2021-04-27	-0.001344	0.027881	0.031286	0.018195	-0.378815	519300.000000
2021-04-26	-0.000413	0.029193	0.038591	0.023094	-0.116547	828800.000000
2021-04-23	0.019527	0.032297	0.052508	0.029369	5.400787	885600.000000
2021-04-22	-0.013477	0.025233	0.029049	0.015495	-3.778595	849200.000000
2021-04-21	0.014374	0.033927	0.048182	0.029730	3.972839	626200.000000
2021-04-20	0.000492	0.027559	0.038056	0.026907	0.136047	755500.000000
2021-04-19	-0.010714	0.031232	0.032843	0.007669	-2.991852	898400.000000
2021-04-16	0.001149	0.037759	0.038834	0.026179	0.320587	1013500.000000
2021-04-15	0.015095	0.035009	0.047382	0.031770	4.147736	778200.000000
2021-04-14	-0.007822	0.028141	0.030344	0.017273	-2.166168	631700.000000
2021-04-13	0.007883	0.028131	0.044762	0.024273	2.166168	893500.000000
2021-04-12	-0.005205	0.025857	0.032699	0.022417	-1.437622	681900.000000
2021-04-09	0.004415	0.029041	0.035768	0.020932	1.214203	953200.000000
2021-04-08	0.002195	0.037895	0.042341	0.030935	0.602264	707000.000000
2021-04-07	-0.019200	0.023830	0.028012	0.005887	-5.371674	853600.000000
2021-04-06	-0.005147	0.028695	0.034633	0.017565	-1.447388	743900.000000
2021-04-05	0.016181	0.035801	0.047797	0.031609	4.478027	780100.000000
2021-04-01	0.012654	0.032624	0.043675	0.021573	3.458069	927700.000000
2021-03-31	0.000818	0.025485	0.040940	0.025485	0.223419	831600.000000
2021-03-30	-0.004789	0.033658	0.043280	0.026551	-1.314056	896200.000000
2021-03-29	-0.011315	0.031907	0.046141	0.022286	-3.140167	1118300.000000
2021-03-26	0.035886	0.044414	0.073044	0.042287	9.613800	1269800.000000
2021-03-25	-0.002662	0.034375	0.038097	0.022462	-0.715027	1340900.000000
2021-03-24	0.012087	0.033689	0.059273	0.032672	3.207886	778700.000000
2021-03-23	-0.014813	0.033448	0.035861	0.016299	-3.990509	1147700.000000
2021-03-22	0.012418	0.033993	0.057030	0.027642	3.304443	1818700.000000
2021-03-19	0.023678	0.036932	0.065900	0.027545	6.154755	2431800.000000
2021-03-18	-0.006059	0.031146	0.039406	0.021166	-1.584595	742700.000000
2021-03-17	-0.013989	0.035762	0.039947	0.019738	-3.710236	735800.000000
2021-03-16	0.005679	0.032809	0.044108	0.026401	1.497711	650200.000000
2021-03-15	-0.001098	0.033001	0.035198	0.023494	-0.289917	721500.000000
2021-03-12	0.002090	0.035350	0.045370	0.032959	0.550720	741500.000000
2021-03-11	0.003939	0.045601	0.054289	0.037409	1.033875	839100.000000
2021-03-10	0.015364	0.041780	0.063948	0.035435	3.971100	806600.000000
2021-03-09	0.002361	0.044743	0.051995	0.036870	0.608704	744400.000000
2021-03-08	0.011599	0.042542	0.061882	0.033872	2.956589	1021800.000000
2021-03-05	0.028819	0.041791	0.068066	0.030854	7.140366	861900.000000
2021-03-04	-0.022528	0.031933	0.037022	-0.000891	-5.710312	1126500.000000
2021-03-03	-0.013760	0.022831	0.033686	0.017539	-3.536392	1193700.000000
2021-03-02	0.018416	0.036991	0.057874	0.035763	4.647507	1158200.000000
2021-03-01	0.021790	0.046226	0.065944	0.046226	5.381805	827700.000000
2021-02-26	-0.018281	0.030956	0.037872	0.015851	-4.599182	1285500.000000
2021-02-25	-0.010940	0.033870	0.040946	0.021053	-2.782654	843300.000000
2021-02-24	-0.000266	0.032809	0.044757	0.030175	-0.067657	971300.000000
2021-02-23	-0.008099	0.035633	0.042806	0.012008	-2.077347	1335600.000000
2021-02-22	0.006063	0.030499	0.041913	0.023871	1.545959	1001500.000000
2021-02-19	0.004683	0.034655	0.046122	0.034655	1.188431	1215500.000000
2021-02-18	0.010153	0.034930	0.050415	0.028840	2.550751	913500.000000
2021-02-17	-0.002761	0.031596	0.038980	0.019291	-0.695633	873800.000000
2021-02-16	0.000691	0.041644	0.046808	0.031634	0.173920	1095700.000000
2021-02-12	0.011099	0.031195	0.057622	0.031195	2.763351	1157500.000000
2021-02-11	0.016208	0.040766	0.057051	0.037419	3.971130	1183800.000000
2021-02-10	-0.003380	0.037533	0.041316	0.021425	-0.830948	1463000.000000
2021-02-09	0.003154	0.035542	0.045457	0.019261	0.772980	1347100.000000
2021-02-08	0.001936	0.062771	0.067023	0.029778	0.473450	2056000.000000
2021-02-05	-0.013830	0.032188	0.038881	0.007473	-3.430084	3167300.000000
2021-02-04	-0.071945	-0.020183	-0.004692	-0.080463	-19.227570	6284200.000000
2021-02-03	0.009673	0.038408	0.057525	0.035613	2.560455	1065700.000000
2021-02-02	0.018591	0.042859	0.063024	0.039088	4.831055	1061400.000000
2021-02-01	0.008209	0.042536	0.052546	0.029655	2.115967	1360400.000000
2021-01-29	-0.032988	0.027204	0.034333	-0.001497	-8.792480	1458600.000000
2021-01-28	0.021779	0.049116	0.069548	0.035047	5.681244	982800.000000
2021-01-27	-0.028814	0.023652	0.023690	-0.007174	-7.739258	1124500.000000
2021-01-26	-0.003691	0.038457	0.045319	0.031002	-0.995178	962500.000000
2021-01-25	-0.016150	0.033766	0.035153	0.008768	-4.425323	1129700.000000
2021-01-22	0.003503	0.030466	0.052366	0.029074	0.956573	791200.000000
2021-01-21	-0.013784	0.034754	0.038040	0.017634	-3.816498	918500.000000
2021-01-20	0.003151	0.041021	0.046274	0.036999	0.869598	692500.000000
2021-01-19	-0.004357	0.045864	0.046081	0.023391	-1.207794	1368200.000000
2021-01-15	0.002306	0.029655	0.042672	0.018447	0.637695	1908600.000000
2021-01-14	-0.015206	0.035683	0.039314	0.018235	-4.270630	1108100.000000
2021-01-13	0.026885	0.037822	0.069048	0.037822	7.352844	1608800.000000
2021-01-12	-0.000247	0.034970	0.037858	0.024443	-0.067657	1097400.000000
2021-01-11	-0.009134	0.030733	0.036999	0.021062	-2.521790	751300.000000
2021-01-08	0.001577	0.038816	0.044185	0.020677	0.434753	1229700.000000
2021-01-07	-0.016140	0.033507	0.036862	0.013091	-4.521851	1147900.000000
2021-01-06	0.026842	0.037206	0.074773	0.036180	7.323883	1883700.000000
2021-01-05	0.052908	0.035163	0.093935	0.035163	13.710541	1882400.000000
2021-01-04	-0.018373	0.043190	0.047281	0.012053	-4.850372	1286200.000000
2020-12-31	0.012826	0.033666	0.049626	0.029369	3.343109	795600.000000
2020-12-30	0.008819	0.044950	0.056638	0.042743	2.278595	611300.000000
2020-12-29	0.000484	0.050063	0.062455	0.035387	0.124969	777200.000000
2020-12-28	0.000931	0.052398	0.056584	0.040305	0.240326	630600.000000
2020-12-24	0.007887	0.039447	0.048354	0.035736	2.019043	227600.000000
2020-12-23	0.008485	0.048109	0.059692	0.044012	2.153610	840500.000000
2020-12-22	-0.001815	0.038224	0.040859	0.028786	-0.461456	1266900.000000
2020-12-21	-0.018772	0.023982	0.028613	0.005615	-4.864853	1387100.000000
2020-12-18	0.003537	0.036316	0.047314	0.027410	0.913330	2605100.000000
2020-12-17	-0.001116	0.044328	0.049898	0.038564	-0.288391	940000.000000
2020-12-16	-0.004111	0.040266	0.044195	0.030057	-1.067200	1154900.000000
2020-12-15	0.017370	0.058531	0.066251	0.050536	4.432175	1655400.000000
2020-12-14	-0.007331	0.046803	0.051666	0.032175	-1.884354	894200.000000
2020-12-11	-0.005431	0.031483	0.039376	0.028040	-1.403717	751800.000000
2020-12-10	-0.006468	0.034883	0.038766	0.025196	-1.682556	1065000.000000
2020-12-09	0.008724	0.044571	0.053218	0.038676	2.249725	1038100.000000
2020-12-08	-0.003529	0.039416	0.043435	0.032074	-0.913269	1358500.000000
2020-12-07	-0.016730	0.042847	0.050256	0.018835	-4.403442	1114200.000000
2020-12-04	0.024359	0.039177	0.065798	0.029915	6.258972	1587100.000000
2020-12-03	-0.024208	0.042010	0.045124	0.010452	-6.374298	2035600.000000
2020-12-02	-0.032841	0.034639	0.037614	0.005916	-8.941376	1373200.000000
2020-12-01	0.010852	0.058156	0.061869	0.036881	2.922791	1259700.000000
2020-11-30	0.008314	0.040748	0.048797	0.032474	2.220917	1312900.000000
2020-11-27	-0.001043	0.043440	0.047030	0.034277	-0.278870	674700.000000
2020-11-25	-0.020773	0.038793	0.048168	0.015356	-5.672455	1177700.000000
2020-11-24	0.031825	0.050465	0.082130	0.043890	8.422211	1921400.000000
2020-11-23	0.017672	0.048917	0.063915	0.041726	4.595612	1265900.000000
2020-11-20	0.000444	0.038496	0.043151	0.020953	0.115448	1102900.000000
2020-11-19	0.009936	0.036420	0.059266	0.024920	2.557373	1340500.000000
2020-11-18	0.005295	0.042182	0.062805	0.039057	1.355652	2028800.000000
2020-11-17	-0.000563	0.032890	0.041009	0.023716	-0.144226	2218700.000000
2020-11-16	0.009740	0.054735	0.063171	0.035894	2.470856	2201800.000000
2020-11-13	-0.005428	0.050775	0.056773	0.028154	-1.384445	2553700.000000
2020-11-12	-0.055298	0.029186	0.036889	-0.023701	-14.931076	4849000.000000
2020-11-11	-0.093977	-0.003410	0.007194	-0.069983	-28.006622	4733200.000000
2020-11-10	-0.008635	0.048128	0.049758	0.029633	-2.595886	1279600.000000
2020-11-09	0.019399	0.081449	0.111901	0.059746	5.720551	1261700.000000
2020-11-06	0.011143	0.040420	0.055336	0.035997	3.249634	745400.000000
2020-11-05	0.048567	0.061576	0.102024	0.060893	13.508148	856400.000000
2020-11-04	0.000865	0.043458	0.050367	0.024278	0.240356	924200.000000
2020-11-03	0.008197	0.052011	0.061952	0.041127	2.259399	842300.000000
2020-11-02	0.037829	0.056980	0.082884	0.050880	10.046967	690200.000000
2020-10-30	-0.001915	0.033159	0.044922	0.020983	-0.509491	827400.000000
2020-10-29	0.013884	0.039464	0.065525	0.033596	3.643799	715600.000000
2020-10-28	-0.037108	0.016264	0.025986	0.000672	-10.114288	903900.000000
2020-10-27	-0.010126	0.042762	0.047157	0.029107	-2.788177	538600.000000
2020-10-26	-0.025850	0.025748	0.030418	0.001337	-7.306946	636200.000000
2020-10-23	0.005988	0.049827	0.052034	0.040040	1.682526	477500.000000
2020-10-22	-0.003444	0.037558	0.043197	0.025038	-0.971008	547400.000000
2020-10-21	-0.004177	0.038522	0.052614	0.035237	-1.182556	429800.000000
2020-10-20	0.001122	0.044885	0.051532	0.039899	0.317291	532000.000000
2020-10-19	-0.013350	0.046461	0.048693	0.022947	-3.826569	922900.000000
2020-10-16	0.007366	0.046191	0.055610	0.040709	2.095947	1398700.000000
2020-10-15	-0.006546	0.036411	0.039274	0.027682	-1.874786	1054300.000000
2020-10-14	-0.010595	0.036277	0.041735	0.028401	-3.066986	975400.000000
2020-10-13	-0.005877	0.038566	0.053642	0.031595	-1.711395	798900.000000
2020-10-12	0.007585	0.051461	0.054851	0.044540	2.192108	706000.000000
2020-10-09	0.003137	0.049240	0.053301	0.038619	0.903748	962600.000000
2020-10-08	-0.008109	0.043244	0.048960	0.029714	-2.355469	745500.000000
2020-10-07	0.019953	0.055913	0.070065	0.052367	5.682037	645800.000000
2020-10-06	-0.013719	0.044302	0.053688	0.024873	-3.961090	1418600.000000
2020-10-05	0.014457	0.048017	0.070432	0.040638	4.114899	1091900.000000
2020-10-02	0.004649	0.028287	0.053525	0.024334	1.317230	1030000.000000
2020-10-01	-0.010710	0.044302	0.053660	0.025131	-3.067017	1316700.000000
2020-09-30	0.018255	0.044200	0.064290	0.042031	5.134064	1152700.000000
2020-09-29	0.004066	0.051873	0.059549	0.041806	1.138855	603100.000000
2020-09-28	0.006742	0.057132	0.063207	0.049980	1.875885	742200.000000
2020-09-25	0.002483	0.031400	0.051001	0.026896	0.689026	566700.000000
2020-09-24	0.015976	0.045169	0.068414	0.040483	4.364197	795400.000000
2020-09-23	-0.027330	0.042633	0.045196	0.013328	-7.675598	885100.000000
2020-09-22	0.009182	0.051632	0.055512	0.040061	2.555389	671700.000000
2020-09-21	-0.017004	0.029193	0.030005	0.005421	-4.813995	762600.000000
2020-09-18	-0.020432	0.037333	0.049443	0.020171	-5.904999	1150800.000000
2020-09-17	-0.001587	0.031887	0.046189	0.026601	-0.459381	739700.000000
2020-09-16	-0.005197	0.045632	0.054224	0.038862	-1.512177	810000.000000
2020-09-15	0.000230	0.051441	0.058488	0.044842	0.066986	700700.000000
2020-09-14	0.012154	0.056218	0.067421	0.048181	3.493256	611000.000000
2020-09-11	0.017241	0.054007	0.069296	0.051494	4.871399	625800.000000
2020-09-10	-0.026511	0.042912	0.054420	0.013282	-7.694672	1181300.000000
2020-09-09	0.029709	0.057861	0.088548	0.057045	8.374176	1025400.000000
2020-09-08	-0.013102	0.032482	0.044456	0.022363	-3.742035	1109400.000000
2020-09-04	0.004206	0.050959	0.057287	0.023358	1.196289	1375400.000000
2020-09-03	-0.042313	0.037030	0.040263	-0.013713	-12.566101	1320600.000000
2020-09-02	0.025039	0.044048	0.072522	0.041735	7.254425	1296600.000000
2020-09-01	0.035824	0.040371	0.083881	0.039263	10.020355	1071700.000000
2020-08-31	-0.015164	0.039912	0.054383	0.028433	-4.306732	601900.000000
2020-08-28	0.013698	0.047125	0.060438	0.046339	3.837799	502700.000000
2020-08-27	-0.004116	0.048217	0.049141	0.038087	-1.158051	426400.000000
2020-08-26	0.015686	0.041302	0.066934	0.039316	4.344971	578000.000000
2020-08-25	0.006154	0.050434	0.057554	0.045603	1.694061	485400.000000
2020-08-24	0.004224	0.056367	0.056950	0.047612	1.158020	466100.000000
2020-08-21	0.001293	0.042575	0.048236	0.033115	0.354065	583500.000000
2020-08-20	-0.003067	0.034425	0.042837	0.032277	-0.842163	430400.000000
2020-08-19	0.002095	0.055312	0.055312	0.045132	0.574249	482800.000000
2020-08-18	-0.011086	0.048485	0.051804	0.031813	-3.072174	763900.000000
2020-08-17	-0.000897	0.051942	0.057458	0.042244	-0.248810	846100.000000
2020-08-14	0.005237	0.045275	0.058430	0.042593	1.445129	1017200.000000
2020-08-13	0.010196	0.040776	0.056189	0.040373	2.785004	758200.000000
2020-08-12	0.013494	0.053781	0.066248	0.048623	3.636780	755400.000000
2020-08-11	0.001280	0.048108	0.057694	0.043427	0.344604	967000.000000
2020-08-10	-0.001598	0.041501	0.045247	0.034527	-0.430725	980600.000000
2020-08-07	-0.004594	0.046131	0.046131	0.030882	-1.244141	861700.000000
2020-08-06	-0.005727	0.041352	0.046161	0.031807	-1.559967	1293700.000000
2020-08-05	0.018027	0.050744	0.076494	0.050482	4.823547	1624700.000000
2020-08-04	0.004202	0.037070	0.054446	0.030427	1.119720	2065300.000000
2020-08-03	-0.028678	0.050162	0.052167	0.014619	-7.866974	1731000.000000
2020-07-31	0.006390	0.047848	0.051957	0.031119	1.741852	1546200.000000
2020-07-30	-0.013987	0.034639	0.039667	0.024366	-3.866516	1042200.000000
2020-07-29	-0.001452	0.044659	0.057374	0.041842	-0.401947	1131200.000000
2020-07-28	-0.018459	0.044096	0.044912	0.025128	-5.206360	775400.000000
2020-07-27	0.010943	0.052511	0.064840	0.047529	3.053009	1077300.000000
2020-07-24	-0.005900	0.040315	0.045232	0.030980	-1.655731	1064000.000000
2020-07-23	-0.007648	0.023414	0.060116	0.023414	-2.162903	1318700.000000
2020-07-22	0.017631	0.045020	0.066069	0.042249	4.900055	820600.000000
2020-07-21	-0.001650	0.045343	0.051342	0.041428	-0.459320	1057500.000000
2020-07-20	-0.010647	0.042957	0.051628	0.023552	-2.995667	1037600.000000
2020-07-17	0.023713	0.051461	0.074637	0.046440	6.517548	1961500.000000
2020-07-16	0.018513	0.049360	0.067221	0.047804	4.995850	2252300.000000
2020-07-15	0.003488	0.051421	0.060903	0.045285	0.937897	1327100.000000
2020-07-14	0.024202	0.043543	0.072297	0.039849	6.354767	1990300.000000
2020-07-13	0.004246	0.055891	0.073600	0.046215	1.110229	1180900.000000
2020-07-10	0.005854	0.047992	0.053494	0.038105	1.521698	951600.000000
2020-07-09	0.006709	0.049640	0.053474	0.029965	1.732269	1504300.000000
2020-07-08	0.017576	0.049881	0.091104	0.048226	4.459839	2793000.000000
2020-07-07	0.065164	0.057218	0.113552	0.056462	15.523407	2682600.000000
2020-07-06	0.006022	0.057165	0.059910	0.034065	1.425980	1131600.000000
2020-07-02	0.015057	0.050963	0.062066	0.049891	3.512405	1333000.000000
2020-07-01	0.009484	0.046780	0.059546	0.035789	2.191620	1049100.000000
2020-06-30	0.017659	0.039988	0.070330	0.039283	4.010056	1544500.000000
2020-06-29	0.010974	0.062308	0.068185	0.049798	2.464844	993300.000000
2020-06-26	-0.005394	0.047500	0.054010	0.038069	-1.218124	1243700.000000
2020-06-25	0.017843	0.049876	0.071104	0.039915	3.958939	860400.000000
2020-06-24	-0.024886	0.041504	0.050338	0.010827	-5.662476	1164400.000000
2020-06-23	0.011080	0.063752	0.067885	0.050955	2.493408	975900.000000
2020-06-22	0.004076	0.048948	0.060236	0.042255	0.913620	667200.000000
2020-06-19	-0.010919	0.067723	0.067723	0.038774	-2.474380	1386600.000000
2020-06-18	0.002780	0.051308	0.060114	0.045423	0.628128	678400.000000
2020-06-17	-0.002479	0.060003	0.061813	0.045083	-0.561478	513900.000000
2020-06-16	0.004346	0.069442	0.076048	0.049004	0.980194	961600.000000
2020-06-15	0.008382	0.028245	0.065798	0.024534	1.874817	709300.000000
2020-06-12	0.008409	0.076925	0.082019	0.039732	1.865280	854300.000000
2020-06-11	-0.059630	0.031784	0.036405	-0.013789	-14.065796	1370100.000000
2020-06-10	-0.011998	0.055301	0.057772	0.036620	-2.864502	625900.000000
2020-06-09	0.005169	0.041515	0.058019	0.034989	1.227631	1014400.000000
2020-06-08	0.004023	0.043802	0.056019	0.039829	0.951660	889400.000000
2020-06-05	0.018896	0.076016	0.078213	0.065679	4.387238	1243100.000000
2020-06-04	-0.018071	0.046083	0.052300	0.028151	-4.273010	1210300.000000
2020-06-03	0.012882	0.057845	0.073523	0.051120	3.007294	849100.000000
2020-06-02	0.011129	0.050517	0.063035	0.047355	2.569519	933700.000000
2020-06-01	0.003931	0.052777	0.063648	0.041124	0.904099	711700.000000
2020-05-29	0.004030	0.053484	0.060775	0.045844	0.923141	1241800.000000
2020-05-28	0.023473	0.068338	0.085183	0.057524	5.253235	930100.000000
2020-05-27	-0.011102	0.061603	0.063370	0.026960	-2.512421	1025700.000000
2020-05-26	0.014721	0.071358	0.078442	0.063735	3.283264	1043100.000000
2020-05-22	-0.005052	0.045959	0.052338	0.040204	-1.132477	775100.000000
2020-05-21	-0.017765	0.047184	0.052749	0.030577	-4.054138	736200.000000
2020-05-20	0.015972	0.066937	0.078557	0.061907	3.587799	781700.000000
2020-05-19	-0.012220	0.045236	0.051964	0.036881	-2.778870	720400.000000
2020-05-18	0.047843	0.087133	0.111970	0.086765	10.382812	1159300.000000
2020-05-15	0.010726	0.046585	0.062420	0.036339	2.303024	1441300.000000
2020-05-14	-0.000974	0.031561	0.050451	0.021372	-0.209366	958900.000000
2020-05-13	-0.019196	0.048906	0.062596	0.018970	-4.206406	1128400.000000
2020-05-12	-0.010358	0.050642	0.057461	0.039035	-2.293533	1062800.000000
2020-05-11	-0.003469	0.030615	0.051002	0.025619	-0.770874	852300.000000
2020-05-08	0.029453	0.070607	0.082097	0.061850	6.357224	808700.000000
2020-05-07	0.015310	0.063807	0.074532	0.049742	3.254730	761700.000000
2020-05-06	-0.004102	0.048107	0.061083	0.044359	-0.875549	1314400.000000
2020-05-05	0.004253	0.058540	0.071760	0.051624	0.904083	1106400.000000
2020-05-04	0.004949	0.047467	0.061462	0.037870	1.046844	1345100.000000
2020-05-01	-0.014762	0.026601	0.038293	0.019521	-3.169098	827200.000000
2020-04-30	-0.022066	0.029094	0.040892	0.021076	-4.843979	1284000.000000
2020-04-29	0.031526	0.061866	0.089590	0.057449	6.709274	1323800.000000
2020-04-28	0.006119	0.065716	0.074132	0.045387	1.294281	1093400.000000
2020-04-27	0.025279	0.049178	0.078261	0.044621	5.215210	1194300.000000
2020-04-24	0.026080	0.060873	0.080917	0.055552	5.243713	811900.000000
2020-04-23	-0.014783	0.069299	0.076993	0.027404	-3.016800	1113900.000000
2020-04-22	0.033994	0.082494	0.091310	0.067953	6.709320	1318100.000000
2020-04-21	-0.032561	0.029161	0.029945	0.006858	-6.642700	1498500.000000
2020-04-20	-0.032190	0.041242	0.049259	0.011497	-6.785461	800500.000000
2020-04-17	0.040492	0.073384	0.104876	0.059316	8.203445	1755600.000000
2020-04-16	-0.004396	0.053824	0.057903	0.039621	-0.894592	974400.000000
2020-04-15	-0.031568	0.043543	0.043543	0.009087	-6.633179	1042400.000000
2020-04-14	0.021278	0.077266	0.090098	0.061956	4.377716	965400.000000
2020-04-13	-0.014271	0.045411	0.053987	0.022941	-2.978745	1096700.000000
2020-04-09	0.016500	0.047709	0.084089	0.047709	3.387970	1744000.000000
2020-04-08	0.067960	0.058267	0.131654	0.045784	13.066513	1804000.000000
2020-04-07	0.042144	0.076523	0.115170	0.074572	7.775208	1383800.000000
2020-04-06	0.038907	0.095939	0.116099	0.073358	6.909180	2090400.000000
2020-04-03	-0.040617	0.044780	0.053424	0.000804	-7.518234	1943700.000000
2020-04-02	0.027578	0.041617	0.106069	0.035066	4.967728	1963500.000000
2020-04-01	-0.051751	0.010717	0.039143	-0.007497	-9.830826	1566500.000000
2020-03-31	-0.027194	0.038026	0.054311	0.011243	-5.310333	2372800.000000
2020-03-30	0.069162	0.086658	0.142066	0.079157	12.631897	1281800.000000
2020-03-27	-0.040578	0.025964	0.046135	0.005109	-7.724731	1173100.000000
2020-03-26	0.053309	0.067765	0.122099	0.051166	9.634659	1512800.000000
2020-03-25	-0.016819	0.051873	0.113127	0.032071	-3.091812	2165300.000000
2020-03-24	0.100096	0.110482	0.201207	0.072840	16.725967	2161600.000000
2020-03-23	-0.065662	0.042319	0.088169	-0.027576	-11.743134	2162800.000000
2020-03-20	-0.009893	0.057252	0.073196	0.009197	-1.787018	2155600.000000
2020-03-19	-0.052240	0.046778	0.074902	-0.010520	-9.956161	1818200.000000
2020-03-18	-0.017211	-0.016566	0.090797	-0.057200	-3.337585	2582200.000000
2020-03-17	0.137233	0.086961	0.206653	0.064911	23.401154	2284700.000000
2020-03-16	-0.126042	-0.127945	-0.020059	-0.141885	-24.592499	1809000.000000
2020-03-13	0.099238	0.110710	0.163499	0.062935	17.614716	2180400.000000
2020-03-12	-0.096583	0.007251	0.049343	-0.091591	-18.976242	2288700.000000
2020-03-11	-0.031597	0.035065	0.050492	0.002781	-6.410507	1470600.000000
2020-03-10	0.045966	0.087437	0.106255	0.054907	8.916061	1962500.000000
2020-03-09	-0.106917	-0.010135	-0.010135	-0.057329	-23.221512	2393700.000000
2020-03-06	-0.018333	0.022520	0.046475	0.018949	-4.056213	2175000.000000
2020-03-05	-0.013491	0.027765	0.046626	0.021790	-3.025589	1548200.000000
2020-03-04	0.043279	0.076526	0.104530	0.068943	9.303726	1213900.000000
2020-03-03	-0.014264	0.059657	0.087766	0.029668	-3.110687	1607800.000000
2020-03-02	0.050271	0.064767	0.111723	0.062551	10.438339	1625400.000000
2020-02-28	-0.019992	0.026017	0.051456	0.009121	-4.235825	2353600.000000
2020-02-27	-0.048531	0.041293	0.047580	0.005862	-10.807129	1410300.000000
2020-02-26	0.000127	0.059705	0.078658	0.055932	0.028381	1310200.000000
2020-02-25	-0.040891	0.057682	0.061344	0.011505	-9.492844	1423700.000000
2020-02-24	-0.037024	0.036028	0.041545	0.014955	-8.925537	1330700.000000
2020-02-21	-0.001684	0.056977	0.058426	0.050599	-0.406570	1587000.000000
2020-02-20	-0.001642	0.053836	0.058425	0.042301	-0.397110	922900.000000
2020-02-19	0.000313	0.060410	0.062891	0.054620	0.075638	931000.000000
2020-02-18	-0.001055	0.057226	0.060035	0.053343	-0.255280	857900.000000
2020-02-14	0.004433	0.059050	0.062494	0.056685	1.068420	650800.000000
2020-02-13	0.003070	0.056765	0.066879	0.054143	0.737488	666200.000000
2020-02-12	0.006695	0.059273	0.067277	0.058477	1.597900	690000.000000
2020-02-11	0.002781	0.064236	0.068564	0.059782	0.661850	965400.000000
2020-02-10	0.007162	0.064325	0.066441	0.059332	1.692429	861600.000000
2020-02-07	-0.004541	0.054859	0.058945	0.049509	-1.077866	730800.000000
2020-02-06	0.003117	0.059541	0.063302	0.051470	0.737518	1517600.000000
2020-02-05	0.012910	0.064616	0.072620	0.040732	3.016129	1590800.000000
2020-02-04	0.016790	0.065908	0.079357	0.058814	3.857666	1447300.000000
2020-02-03	0.018013	0.062867	0.079615	0.056133	4.065643	1639600.000000
2020-01-31	-0.011184	0.052951	0.054309	0.041867	-2.552856	1596400.000000
2020-01-30	0.017448	0.053404	0.077564	0.052602	3.914368	1074100.000000
2020-01-29	0.003468	0.064259	0.064259	0.053658	0.775330	709000.000000
2020-01-28	0.012764	0.060448	0.075533	0.058862	2.817596	1338500.000000
2020-01-27	-0.042960	0.042248	0.044286	0.011726	-9.908859	1368900.000000
2020-01-24	0.028067	0.058753	0.090266	0.058753	6.297043	1763500.000000
2020-01-23	-0.003151	0.047775	0.056217	0.038089	-0.709122	1072300.000000
2020-01-22	0.003626	0.064016	0.066379	0.056480	0.813141	927800.000000
2020-01-21	0.000759	0.055229	0.067100	0.050231	0.170166	1699900.000000
2020-01-17	0.005217	0.058895	0.064727	0.054948	1.162964	1857000.000000
2020-01-16	0.001317	0.063972	0.065589	0.057729	0.293091	756600.000000
2020-01-15	0.004008	0.060165	0.067606	0.054212	0.888809	779500.000000
2020-01-14	-0.009879	0.053933	0.058220	0.044377	-2.212494	944200.000000
2020-01-13	0.020948	0.059280	0.081664	0.058916	4.595139	1376800.000000
2020-01-10	-0.006424	0.062169	0.065747	0.047448	-1.418228	949000.000000
2020-01-09	0.023719	0.066820	0.083791	0.063157	5.115143	1320900.000000
2020-01-08	0.005422	0.061602	0.067383	0.052977	1.162994	965700.000000
2020-01-07	0.004250	0.055345	0.071357	0.053004	0.907654	1518900.000000
2020-01-06	-0.000443	0.053661	0.067701	0.052678	-0.094559	1737400.000000
2020-01-03	-0.022238	0.046245	0.053658	0.034028	-4.859879	1710400.000000
2020-01-02	-0.016384	0.058809	0.065786	0.038961	-3.640167	1320500.000000
