2022-12-30	0.002366	-0.003618	0.010520	-0.010498	1.310547	1437600.000000
2022-12-29	0.023711	0.020063	0.039933	0.017567	12.827637	1817600.000000
2022-12-28	-0.015627	0.003740	0.014894	-0.012981	-8.588135	1541000.000000
2022-12-27	0.002009	0.005593	0.017553	-0.002812	1.102051	1667700.000000
2022-12-23	-0.001193	0.001570	0.008163	-0.003073	-0.655334	1376100.000000
2022-12-22	-0.014504	-0.006944	-0.004091	-0.017981	-8.081787	2755300.000000
2022-12-21	0.031635	0.013955	0.040319	0.012622	17.086975	2561900.000000
2022-12-20	-0.010207	-0.000976	0.006043	-0.008764	-5.569885	2983100.000000
2022-12-19	-0.003047	0.012149	0.016643	-0.003015	-1.667908	2509200.000000
2022-12-16	-0.003746	0.014600	0.018877	0.002624	-2.057983	4954900.000000
2022-12-15	-0.028619	-0.003245	0.001546	-0.013995	-16.187439	3687600.000000
2022-12-14	0.005954	0.011173	0.041586	0.009715	3.347839	3521800.000000
2022-12-13	0.025888	0.050615	0.061598	0.030928	14.188599	4041400.000000
2022-12-12	0.021864	0.015657	0.038254	0.010978	11.727051	2341600.000000
2022-12-09	0.025683	0.053580	0.056831	0.034572	13.430420	3702800.000000
2022-12-08	0.024262	0.020126	0.042867	0.019284	12.386810	2751400.000000
2022-12-07	-0.013921	0.003588	0.014018	-0.003269	-7.207550	1652400.000000
2022-12-06	-0.009084	0.015620	0.021209	-0.001413	-4.746033	1965500.000000
2022-12-05	-0.018787	0.009911	0.013122	-0.013150	-10.003906	1854800.000000
2022-12-02	-0.018066	-0.009662	0.000757	-0.011451	-9.797180	1932000.000000
2022-12-01	-0.000508	0.015601	0.018163	-0.001116	-0.275696	2300600.000000
2022-11-30	0.056848	0.020899	0.074563	0.008667	29.184692	4734900.000000
2022-11-29	-0.001570	0.017138	0.022680	0.001249	-0.807373	1269400.000000
2022-11-28	-0.014531	0.006651	0.013397	-0.010598	-7.581726	2350500.000000
2022-11-25	-0.006990	0.009987	0.017390	0.007684	-3.672729	745500.000000
2022-11-23	0.006773	0.016176	0.037502	0.013206	3.534912	1396400.000000
2022-11-22	0.024370	0.026455	0.040803	0.018683	12.416229	1892000.000000
2022-11-21	0.004426	0.011225	0.026819	0.007617	2.245056	1862200.000000
2022-11-18	0.005956	0.025041	0.026747	0.013400	3.003143	1453600.000000
2022-11-17	0.000742	0.002245	0.017606	-0.001447	0.374115	2037500.000000
2022-11-16	-0.024198	0.000689	0.004214	-0.011782	-12.495026	2540500.000000
2022-11-15	0.021823	0.048728	0.053893	0.020925	11.027954	2331500.000000
2022-11-14	-0.009400	0.010309	0.029186	0.005623	-4.795227	2160800.000000
2022-11-11	0.022741	0.012053	0.040522	0.006439	11.343048	2672800.000000
2022-11-10	0.079025	0.062177	0.097157	0.053935	36.530060	3397000.000000
2022-11-09	-0.026218	0.007997	0.009050	-0.011953	-12.445801	2369500.000000
2022-11-08	0.014499	0.028488	0.044623	0.011925	6.784149	2074300.000000
2022-11-07	0.021320	0.018810	0.042754	0.007460	9.767639	1768700.000000
2022-11-04	0.047690	0.044735	0.072245	0.036548	20.854614	2889100.000000
2022-11-03	-0.026117	0.004266	0.008542	-0.017070	-11.727051	2388700.000000
2022-11-02	-0.025369	0.020767	0.042842	-0.010836	-11.687653	2107000.000000
2022-11-01	-0.004722	0.027872	0.030097	0.000587	-2.185913	1632400.000000
2022-10-31	-0.005879	0.002608	0.015408	-0.001343	-2.737274	1925900.000000
2022-10-28	0.038428	0.019080	0.057840	0.016159	17.231171	2309400.000000
2022-10-27	-0.012533	0.026326	0.036720	0.001794	-5.691193	1851200.000000
2022-10-26	0.002413	0.011010	0.041407	0.005160	1.092926	2929100.000000
2022-10-25	0.007776	0.018872	0.032820	0.016291	3.495483	1824600.000000
2022-10-24	0.015098	0.022376	0.036061	0.018718	6.685669	2528700.000000
2022-10-21	0.045155	0.019826	0.063655	0.012934	19.131561	2698000.000000
2022-10-20	-0.011486	0.015205	0.031677	-0.001104	-4.923187	2340200.000000
2022-10-19	0.001081	0.011864	0.023706	0.006376	0.462769	1270200.000000
2022-10-18	-0.001240	0.045554	0.046347	0.003448	-0.531738	2034100.000000
2022-10-17	0.019363	0.045206	0.049225	0.030558	8.142975	2412000.000000
2022-10-14	-0.024819	0.027915	0.029491	-0.011205	-10.703033	2281600.000000
2022-10-13	0.017187	-0.015416	0.046737	-0.020959	7.286316	2798000.000000
2022-10-12	-0.000441	0.019114	0.027295	0.009118	-0.187073	1504600.000000
2022-10-11	-0.015856	0.009801	0.017922	-0.012521	-6.833374	2804600.000000
2022-10-10	-0.049470	0.014543	0.014763	-0.047565	-22.430084	3345400.000000
2022-10-07	-0.039666	0.000521	0.002554	-0.027776	-18.727783	2842500.000000
2022-10-06	-0.010932	0.013486	0.025866	0.002864	-5.218597	1725000.000000
2022-10-05	0.010295	0.000130	0.033020	-0.002177	4.864136	1849300.000000
2022-10-04	0.050528	0.041660	0.067584	0.035790	22.725433	2727700.000000
2022-10-03	0.028761	0.027564	0.054349	0.022372	12.573792	2147900.000000
2022-09-30	-0.013596	0.013187	0.032952	0.000958	-6.025970	2720200.000000
2022-09-29	-0.033973	0.004573	0.005597	-0.030344	-15.586792	3999700.000000
2022-09-28	0.002604	0.008150	0.024342	-0.002755	1.191406	2760500.000000
2022-09-27	0.005387	0.031618	0.032365	0.002968	2.451721	1785000.000000
2022-09-26	-0.013698	0.016251	0.025613	-0.000369	-6.321350	1936100.000000
2022-09-23	-0.018697	0.009945	0.016409	-0.017592	-8.792816	2964900.000000
2022-09-22	-0.009396	0.016212	0.017855	-0.003652	-4.460449	2354000.000000
2022-09-21	-0.013948	0.019818	0.038283	0.000667	-6.715210	2066900.000000
2022-09-20	-0.017496	0.012200	0.017975	-0.000616	-8.573212	1713200.000000
2022-09-19	-0.001313	0.007650	0.025931	0.007650	-0.644470	1794800.000000
2022-09-16	0.004719	0.019162	0.031386	0.003067	2.304413	5901200.000000
2022-09-15	-0.020773	0.020468	0.025741	-0.002892	-10.360138	3657400.000000
2022-09-14	0.014097	0.031194	0.043130	0.022328	6.932831	2060500.000000
2022-09-13	-0.048029	-0.005344	0.003231	-0.028883	-24.811615	3513600.000000
2022-09-12	0.012749	0.032645	0.041487	0.028352	6.503143	1815700.000000
2022-09-09	0.020452	0.031139	0.052204	0.031139	10.223450	2301900.000000
2022-09-08	0.013462	0.018988	0.039546	0.011081	6.639862	2253500.000000
2022-09-07	0.013910	0.033799	0.047202	0.025926	6.766785	2044000.000000
2022-09-06	-0.004038	0.020657	0.031856	0.003951	-1.972412	2473800.000000
2022-09-02	0.016687	0.078215	0.081983	0.037210	8.016632	4042600.000000
2022-09-01	-0.014225	0.008441	0.012175	-0.013371	-6.932739	3193000.000000
2022-08-31	-0.014376	0.031742	0.031742	0.004197	-7.108643	3244500.000000
2022-08-30	-0.015150	0.029415	0.031546	-0.001357	-7.606506	1828200.000000
2022-08-29	-0.012825	0.022426	0.027814	0.006697	-6.522675	1658000.000000
2022-08-26	-0.053206	0.021716	0.025718	-0.031972	-28.580750	2568200.000000
2022-08-25	0.036339	0.029153	0.062007	0.026857	18.835693	1734500.000000
2022-08-24	0.002001	0.023692	0.027055	0.011861	1.035034	1188300.000000
2022-08-23	0.001948	0.033995	0.041297	0.024427	1.005798	900300.000000
2022-08-22	-0.035884	0.013175	0.014146	-0.015807	-19.216553	1855500.000000
2022-08-19	-0.017943	0.010198	0.018854	0.004715	-9.784058	1692300.000000
2022-08-18	0.036874	0.033282	0.065893	0.029898	19.392334	2345900.000000
2022-08-17	-0.023674	0.010602	0.011233	-0.014144	-12.752441	1902200.000000
2022-08-16	-0.013078	0.021479	0.022248	0.000391	-7.137878	1478200.000000
2022-08-15	0.001308	0.016779	0.026979	0.009936	0.712830	1432900.000000
2022-08-12	0.023468	0.028586	0.048489	0.024530	12.498596	1839900.000000
2022-08-11	-0.009048	0.030704	0.037812	0.012656	-4.862671	1426800.000000
2022-08-10	0.033052	0.049605	0.059139	0.036496	17.195251	1951900.000000
2022-08-09	-0.023335	0.012028	0.012516	-0.009261	-12.430298	2007200.000000
2022-08-08	-0.010717	0.020236	0.026996	0.000531	-5.770813	1372200.000000
2022-08-05	-0.002460	0.009482	0.022635	0.006481	-1.327881	1435700.000000
2022-08-04	0.011084	0.027246	0.036124	0.020877	5.917297	1629300.000000
2022-08-03	0.029235	0.031983	0.056487	0.029727	15.164185	1922800.000000
2022-08-02	-0.009620	0.018103	0.029521	0.006666	-5.038452	1307200.000000
2022-08-01	0.001662	0.016372	0.032360	0.014478	0.869080	1148500.000000
2022-07-29	0.003504	0.020989	0.032216	0.017707	1.825928	1848200.000000
2022-07-28	0.011027	0.025670	0.041057	0.010127	5.682922	1486700.000000
2022-07-27	0.032675	0.038364	0.062390	0.035819	16.306763	2569900.000000
2022-07-26	-0.003937	0.027151	0.031502	0.015755	-1.972443	1795800.000000
2022-07-25	0.001151	0.020001	0.025716	0.012148	0.576111	1506100.000000
2022-07-22	-0.009968	0.026353	0.028291	0.002356	-5.038483	1786700.000000
2022-07-21	0.011548	0.025678	0.036204	0.012611	5.770813	1391200.000000
2022-07-20	0.005442	0.025204	0.041441	0.015003	2.704773	2741200.000000
2022-07-19	0.036533	0.036088	0.066433	0.034190	17.517487	2725700.000000
2022-07-18	-0.006876	0.035923	0.040583	0.011131	-3.319885	1804200.000000
2022-07-15	0.020262	0.037198	0.045460	0.027266	9.588715	1871400.000000
2022-07-14	0.006041	0.025648	0.034641	0.006472	2.841492	1995700.000000
2022-07-13	0.000748	0.010523	0.033202	0.004800	0.351501	1766500.000000
2022-07-12	-0.003086	0.034637	0.044775	0.018200	-1.454895	2115900.000000
2022-07-11	-0.031743	0.005224	0.009598	-0.012252	-15.457245	2144900.000000
2022-07-08	0.000301	0.012716	0.026356	0.006574	0.146454	1271300.000000
2022-07-07	0.033008	0.035789	0.063969	0.035789	15.554932	2131900.000000
2022-07-06	0.013248	0.033212	0.047231	0.022397	6.161377	2297500.000000
2022-07-05	-0.003223	0.011601	0.022167	-0.005738	-1.503723	2071100.000000
2022-07-01	-0.016406	0.010626	0.020871	-0.010413	-7.782318	2131500.000000
2022-06-30	-0.009380	-0.004853	0.006790	-0.019779	-4.600006	1889000.000000
2022-06-29	-0.016130	-0.005958	-0.005056	-0.023633	-8.040009	1444400.000000
2022-06-28	-0.014356	0.013644	0.016689	-0.015028	-7.259979	1566700.000000
2022-06-27	-0.006639	0.009252	0.009723	-0.012316	-3.380005	1320700.000000
2022-06-24	0.025192	0.016956	0.030650	0.009807	12.510010	2118700.000000
2022-06-23	0.000968	0.011389	0.011389	-0.010260	0.479980	1670700.000000
2022-06-22	-0.015225	-0.014808	0.000000	-0.018997	-7.669983	2472100.000000
2022-06-21	0.010268	0.010889	0.024586	0.008503	5.119995	2190100.000000
2022-06-17	0.002957	-0.004385	0.006396	-0.018726	1.470001	4348400.000000
2022-06-16	-0.056065	-0.028023	-0.023315	-0.065368	-29.530029	3724400.000000
2022-06-15	0.012573	0.017264	0.026261	-0.008939	6.540039	1914100.000000
2022-06-14	0.004926	0.014200	0.014200	-0.005854	2.549988	2438000.000000
2022-06-13	-0.043694	-0.026770	-0.015279	-0.046650	-23.650024	3161900.000000
2022-06-10	-0.026878	-0.011021	-0.009313	-0.029665	-14.949951	2401800.000000
2022-06-09	-0.016167	-0.007429	0.014646	-0.016680	-9.140015	1878700.000000
2022-06-08	-0.013316	-0.002042	0.005724	-0.018936	-7.630005	2400400.000000
2022-06-07	0.020954	-0.001229	0.023716	-0.006593	11.760010	1589500.000000
2022-06-06	-0.003710	0.014557	0.016687	-0.010261	-2.090027	1455700.000000
2022-06-03	-0.023269	-0.013646	-0.012380	-0.027326	-13.419983	2054700.000000
2022-06-02	0.005439	0.007200	0.007235	-0.009571	3.119995	2948800.000000
2022-06-01	-0.011222	0.012842	0.018634	-0.020168	-6.510010	1834500.000000
2022-05-31	-0.005401	0.002092	0.006429	-0.012481	-3.150024	3000900.000000
2022-05-27	0.059238	0.020757	0.063197	0.016980	32.620056	3730100.000000
2022-05-26	0.035796	-0.000169	0.043150	-0.007355	19.029968	3974300.000000
2022-05-25	0.014174	-0.000572	0.025277	-0.000572	7.429993	1784200.000000
2022-05-24	-0.004104	0.000570	0.004769	-0.019321	-2.159973	2506000.000000
2022-05-23	-0.030984	-0.035328	-0.014028	-0.053259	-16.830017	5858600.000000
2022-05-20	-0.005529	0.014079	0.016074	-0.061826	-3.020020	4028100.000000
2022-05-19	-0.042694	-0.022031	-0.017211	-0.055401	-24.359985	3488400.000000
2022-05-18	-0.061794	-0.013401	-0.012217	-0.069013	-37.580017	3502400.000000
2022-05-17	0.043730	0.021934	0.045189	0.018776	25.480042	2467600.000000
2022-05-16	-0.009469	-0.006562	0.001530	-0.018003	-5.570007	1418900.000000
2022-05-13	0.029165	0.009588	0.035026	0.003377	16.669983	1944900.000000
2022-05-12	0.007864	-0.006542	0.011462	-0.015605	4.460022	2551800.000000
2022-05-11	-0.024562	-0.011713	0.005676	-0.026712	-14.280029	2666000.000000
2022-05-10	0.032811	0.031212	0.050149	0.015775	18.470032	2927100.000000
2022-05-09	-0.029616	-0.012446	-0.003620	-0.034184	-17.179993	3007400.000000
2022-05-06	0.000190	-0.008707	0.017224	-0.018207	0.109985	2074500.000000
2022-05-05	-0.039211	-0.015621	-0.009591	-0.048653	-23.669983	3280600.000000
2022-05-04	0.038698	0.001067	0.039403	-0.012372	22.489990	2389600.000000
2022-05-03	0.008363	-0.000590	0.018045	-0.007946	4.820007	1706400.000000
2022-05-02	0.039611	0.004960	0.041938	0.003590	21.959961	2672500.000000
2022-04-29	-0.042405	-0.010917	-0.001140	-0.044115	-24.549988	2610800.000000
2022-04-28	0.034671	0.011438	0.045537	-0.002806	19.400024	2233400.000000
2022-04-27	-0.000946	-0.007642	0.017873	-0.009052	-0.530029	1931300.000000
2022-04-26	-0.047306	-0.006940	-0.004116	-0.047918	-27.809998	3580900.000000
2022-04-25	0.001584	-0.009302	0.003084	-0.026970	0.929993	2695900.000000
2022-04-22	-0.009751	-0.004420	0.010140	-0.010916	-5.779968	2106400.000000
2022-04-21	-0.008348	0.013083	0.030365	-0.011812	-4.989990	2035200.000000
2022-04-20	0.000167	0.011010	0.026455	-0.004167	0.099976	1392000.000000
2022-04-19	0.018960	-0.012174	0.020801	-0.012174	11.119995	1658100.000000
2022-04-18	0.022044	-0.001743	0.030269	-0.001743	12.650024	2137500.000000
2022-04-14	-0.031542	0.004135	0.007628	-0.033213	-18.690002	2738500.000000
2022-04-13	0.012768	0.005863	0.019895	0.001675	7.469971	2026600.000000
2022-04-12	0.007682	0.014640	0.030968	0.002687	4.460022	1735000.000000
2022-04-11	-0.010886	-0.007530	0.003884	-0.012896	-6.390015	2351200.000000
2022-04-08	-0.026615	-0.009402	-0.007396	-0.028323	-16.049988	2046400.000000
2022-04-07	0.001744	-0.003605	0.009369	-0.014552	1.049988	1658300.000000
2022-04-06	-0.019736	-0.019605	-0.004120	-0.033137	-12.119995	2374200.000000
2022-04-05	-0.032653	-0.008348	-0.004080	-0.034418	-20.729980	1977800.000000
2022-04-04	0.012552	-0.000893	0.015535	-0.003924	7.869995	1648400.000000
2022-04-01	-0.004288	0.003192	0.007766	-0.017453	-2.700012	1626700.000000
2022-03-31	-0.002234	-0.000967	0.012534	-0.004817	-1.410034	2173100.000000
2022-03-30	-0.016181	-0.004053	0.004396	-0.022043	-10.379944	1862600.000000
2022-03-29	0.013573	0.011250	0.019640	-0.004551	8.589966	2300100.000000
2022-03-28	0.006377	-0.004755	0.007044	-0.020815	4.010010	1442700.000000
2022-03-25	0.003895	0.001038	0.006353	-0.010153	2.440002	1453800.000000
2022-03-24	0.045130	0.012096	0.046448	0.004371	27.049988	2601600.000000
2022-03-23	-0.019564	-0.005463	0.000049	-0.019924	-11.960022	1383900.000000
2022-03-22	0.016714	0.000715	0.020306	-0.003260	10.050049	1926200.000000
2022-03-21	-0.014941	-0.007880	-0.007880	-0.035304	-9.119995	2578900.000000
2022-03-18	0.012843	0.002157	0.017489	-0.011084	7.739990	4153800.000000
2022-03-17	-0.007330	-0.003953	-0.000198	-0.015631	-4.450012	1817400.000000
2022-03-16	0.024226	0.006563	0.025221	-0.014677	14.359985	2945400.000000
2022-03-15	0.043959	0.016678	0.051004	0.012751	24.960022	2826000.000000
2022-03-14	-0.017392	-0.001540	0.003686	-0.022670	-10.049988	2523400.000000
2022-03-11	-0.016810	0.007265	0.011400	-0.018052	-9.880005	1981300.000000
2022-03-10	-0.015561	-0.019195	-0.011725	-0.034588	-9.290039	1932300.000000
2022-03-09	0.036583	0.022294	0.044605	0.019186	21.070007	2256000.000000
2022-03-08	0.009199	0.002576	0.044419	-0.012423	5.250000	2699300.000000
2022-03-07	-0.042434	0.001829	0.004681	-0.043608	-25.289978	2649400.000000
2022-03-04	0.030055	0.024525	0.047200	0.009350	17.390015	4475700.000000
2022-03-03	-0.012257	0.013486	0.013520	-0.019547	-7.180054	2645400.000000
2022-03-02	0.027468	0.007718	0.035800	0.006069	15.660034	2177100.000000
2022-03-01	-0.029484	-0.004511	0.000306	-0.037689	-17.320007	2489800.000000
2022-02-28	-0.000969	-0.011922	0.007296	-0.019779	-0.570007	2500500.000000
2022-02-25	0.013810	-0.000293	0.016172	-0.010345	8.010010	2238000.000000
2022-02-24	0.026204	-0.024080	0.036271	-0.028610	14.809998	3531600.000000
2022-02-23	-0.021248	0.004797	0.013178	-0.022028	-12.270020	2241600.000000
2022-02-22	-0.004362	0.000000	0.017621	-0.017552	-2.529968	2020400.000000
2022-02-18	0.001710	0.003351	0.015095	-0.009879	0.989990	1970800.000000
2022-02-17	-0.030492	-0.012575	-0.009427	-0.030676	-18.210022	2142400.000000
2022-02-16	-0.009224	-0.014450	-0.003252	-0.025798	-5.559998	2293100.000000
2022-02-15	0.041809	0.018061	0.047461	0.016713	24.190002	3428400.000000
2022-02-14	0.008999	0.002755	0.016375	-0.005842	5.160034	1929100.000000
2022-02-11	-0.030337	0.000000	0.014205	-0.037676	-17.940002	2728100.000000
2022-02-10	-0.032682	-0.026238	0.005398	-0.037246	-19.980042	2492000.000000
2022-02-09	0.018527	0.011879	0.019160	0.002233	11.120056	2200400.000000
2022-02-08	0.021425	0.001276	0.024199	-0.001089	12.589966	1457000.000000
2022-02-07	-0.004287	0.000000	0.019351	-0.010167	-2.529968	1867100.000000
2022-02-04	0.016028	-0.007696	0.026995	-0.008109	9.309998	2054800.000000
2022-02-03	-0.037419	-0.012860	-0.007308	-0.038629	-22.580017	3060200.000000
2022-02-02	0.018069	0.010595	0.020381	0.001535	10.710022	2444300.000000
2022-02-01	0.011675	-0.000017	0.013689	-0.017171	6.839966	2571900.000000
2022-01-31	0.046028	-0.001250	0.046902	-0.007320	25.780029	4028800.000000
2022-01-28	0.032804	0.001936	0.033542	-0.018292	17.789978	3025400.000000
2022-01-27	-0.026583	0.022616	0.023586	-0.028881	-14.809998	3418300.000000
2022-01-26	0.043022	0.033437	0.074943	0.029824	22.979980	4971500.000000
2022-01-25	-0.013738	-0.025075	0.007053	-0.032054	-7.440002	3815800.000000
2022-01-24	0.015659	-0.004388	0.019279	-0.037188	8.350037	5425600.000000
2022-01-21	-0.026455	-0.001972	0.014022	-0.029906	-14.489990	3801000.000000
2022-01-20	-0.028814	0.007146	0.010940	-0.030498	-16.250000	2522500.000000
2022-01-19	-0.023919	0.006560	0.012011	-0.025026	-13.820007	2269200.000000
2022-01-18	-0.031155	-0.013498	-0.008937	-0.034173	-18.580017	3582500.000000
2022-01-14	-0.001373	-0.002361	0.005342	-0.008691	-0.820007	2566100.000000
2022-01-13	-0.039887	0.008794	0.009453	-0.044775	-24.809998	3004800.000000
2022-01-12	-0.000080	0.008777	0.014372	-0.003714	-0.049988	1880600.000000
2022-01-11	0.001433	-0.009048	0.011012	-0.010609	0.890015	1903700.000000
2022-01-10	0.003246	-0.016620	0.004668	-0.025164	2.009949	2979300.000000
2022-01-07	-0.028068	-0.001852	0.004521	-0.029151	-17.880005	2783200.000000
2022-01-06	-0.009285	-0.004417	0.008787	-0.013328	-5.969971	2858100.000000
2022-01-05	-0.041614	0.000432	0.000432	-0.043090	-27.919983	3496100.000000
2022-01-04	0.011457	-0.000663	0.013372	-0.009181	7.599976	2110300.000000
2022-01-03	-0.003141	0.001368	0.009453	-0.006297	-2.089966	2259100.000000
2021-12-31	0.000496	0.002842	0.009367	-0.002721	0.329956	1204600.000000
2021-12-30	-0.011195	0.000728	0.004594	-0.013039	-7.529968	1147300.000000
2021-12-29	0.005396	0.001196	0.011958	0.000179	3.609985	1479700.000000
2021-12-28	-0.007831	0.004850	0.005161	-0.010752	-5.280029	1724700.000000
2021-12-27	0.014260	0.000000	0.017298	-0.000511	9.480042	1944200.000000
2021-12-23	0.014652	0.001419	0.023703	0.001419	9.599976	2359600.000000
2021-12-22	0.013865	-0.004518	0.016898	-0.010801	8.960022	2838300.000000
2021-12-21	0.001876	0.004759	0.006883	-0.018185	1.209961	3653400.000000
2021-12-20	0.015859	-0.013639	0.017529	-0.015544	10.070007	3277000.000000
2021-12-17	0.023007	-0.005075	0.031111	-0.008990	14.280029	5066100.000000
2021-12-16	-0.029975	-0.003907	0.001250	-0.044322	-19.179993	4274800.000000
2021-12-15	0.040575	0.001073	0.042201	-0.007432	24.950012	2909200.000000
2021-12-14	-0.010858	-0.006145	-0.004890	-0.025770	-6.750000	3595600.000000
2021-12-13	-0.015862	0.003673	0.004338	-0.016543	-10.020020	2689800.000000
2021-12-10	0.082719	0.069521	0.105122	0.060283	48.260010	5708700.000000
2021-12-09	-0.008733	-0.010381	0.002854	-0.010381	-5.140015	2908000.000000
2021-12-08	-0.003117	0.000915	0.000915	-0.013499	-1.840027	1799800.000000
2021-12-07	0.044993	0.012425	0.049719	0.012425	25.420044	2956200.000000
2021-12-06	0.012291	0.011700	0.018365	-0.003888	6.859985	2248200.000000
2021-12-03	0.010263	0.022608	0.029957	-0.003711	5.669983	2030500.000000
2021-12-02	-0.004164	-0.015664	0.007841	-0.019396	-2.309998	2261900.000000
2021-12-01	0.001951	0.017700	0.026730	-0.000632	1.080017	2198000.000000
2021-11-30	-0.018889	-0.001896	0.001152	-0.021866	-10.660034	2257400.000000
2021-11-29	0.032474	0.017582	0.038347	0.012971	17.750000	1870300.000000
2021-11-26	-0.021728	-0.012457	-0.002559	-0.027580	-12.139954	1421900.000000
2021-11-24	0.006503	-0.003405	0.007134	-0.013925	3.609985	1208400.000000
2021-11-23	0.003326	-0.001554	0.004663	-0.008585	1.839966	1710900.000000
2021-11-22	-0.027149	0.005205	0.005838	-0.028555	-15.439941	2589800.000000
2021-11-19	-0.010595	0.002557	0.004175	-0.015449	-6.090027	1961200.000000
2021-11-18	0.009076	0.002563	0.012446	0.000000	5.169983	1271200.000000
2021-11-17	0.001530	-0.001108	0.004554	-0.008211	0.869995	1253200.000000
2021-11-16	0.005303	-0.002969	0.006646	-0.005356	3.000000	1319400.000000
2021-11-15	0.004528	0.007937	0.007937	-0.006019	2.550049	1397200.000000
2021-11-12	0.014080	0.005419	0.018797	-0.001458	7.819946	1359200.000000
2021-11-11	0.012082	0.007143	0.015216	0.000073	6.630005	1415700.000000
2021-11-10	-0.016189	-0.006275	0.005558	-0.017479	-9.029968	1845000.000000
2021-11-09	-0.002057	0.000429	0.005278	-0.006816	-1.150024	1583800.000000
2021-11-08	0.000054	0.005457	0.008892	-0.001467	0.030029	1723100.000000
2021-11-05	0.018774	0.002515	0.020141	0.002169	10.299988	1867400.000000
2021-11-04	0.011523	0.002637	0.012353	-0.002673	6.250000	1595600.000000
2021-11-03	0.009868	0.003687	0.012512	-0.006144	5.299988	1403800.000000
2021-11-02	0.017082	-0.001136	0.024183	-0.002594	9.020020	1626200.000000
2021-11-01	-0.006809	-0.002501	0.001712	-0.012677	-3.619995	1689600.000000
2021-10-29	0.003965	-0.011462	0.004872	-0.011462	2.099976	1556400.000000
2021-10-28	0.012349	0.001969	0.013076	0.000612	6.460022	1187200.000000
2021-10-27	-0.020155	-0.003840	0.004121	-0.022496	-10.760010	2350000.000000
2021-10-26	0.022602	0.006053	0.024748	0.003697	11.799988	2404300.000000
2021-10-25	0.012922	0.004036	0.017636	-0.000446	6.660034	1241600.000000
2021-10-22	0.002451	0.001147	0.014062	-0.002198	1.259949	1536700.000000
2021-10-21	0.009345	0.000059	0.010601	-0.001551	4.760010	1178700.000000
2021-10-20	-0.001959	0.001195	0.005956	-0.003821	-1.000000	1345800.000000
2021-10-19	0.013966	0.001907	0.014920	-0.003159	7.030029	1638300.000000
2021-10-18	0.000219	-0.005683	0.001451	-0.009121	0.109985	1604200.000000
2021-10-15	0.011354	0.013666	0.016600	0.006994	5.649994	2510300.000000
2021-10-14	0.025958	0.014123	0.029154	0.011979	12.589996	1923300.000000
2021-10-13	-0.000556	-0.008469	0.000206	-0.011808	-0.269989	1642400.000000
2021-10-12	-0.014340	0.007109	0.008856	-0.020961	-7.059998	2099100.000000
2021-10-11	-0.001035	-0.003267	0.013676	-0.004058	-0.510010	1118600.000000
2021-10-08	-0.002166	0.005871	0.008260	-0.005345	-1.070007	1027900.000000
2021-10-07	0.010516	0.007877	0.022751	0.007877	5.140015	1326100.000000
2021-10-06	0.006922	-0.004718	0.008096	-0.011784	3.359985	1204200.000000
2021-10-05	0.019897	-0.000021	0.029079	-0.001303	9.470001	1655700.000000
2021-10-04	-0.023392	-0.004966	-0.001621	-0.029896	-11.399994	2009300.000000
2021-10-01	0.004990	0.006022	0.007692	-0.015322	2.420013	1605200.000000
2021-09-30	-0.009296	0.010297	0.010297	-0.010215	-4.550018	1573500.000000
2021-09-29	-0.003136	0.005315	0.006619	-0.006863	-1.539978	1578300.000000
2021-09-28	-0.027394	-0.015549	-0.006735	-0.028345	-13.830017	2012400.000000
2021-09-27	-0.000139	-0.010180	0.001782	-0.014933	-0.070007	983100.000000
2021-09-24	0.001229	-0.004025	0.002380	-0.006881	0.620026	1060500.000000
2021-09-23	0.007411	0.003836	0.013384	0.000000	3.709991	1837000.000000
2021-09-22	0.019552	0.006640	0.024461	0.002505	9.600006	2061000.000000
2021-09-21	-0.007740	-0.002688	-0.002162	-0.015804	-3.830017	1693500.000000
2021-09-20	-0.022095	-0.013834	-0.005929	-0.034704	-11.179993	3010500.000000
2021-09-17	-0.002661	-0.006662	0.000532	-0.012516	-1.350006	3447000.000000
2021-09-16	-0.004689	-0.008906	-0.001157	-0.018696	-2.389984	1756900.000000
2021-09-15	0.015681	0.000498	0.017594	-0.004882	7.869995	2334600.000000
2021-09-14	0.005832	0.006093	0.012947	-0.001203	2.910004	1413400.000000
2021-09-13	0.001626	0.007729	0.008672	-0.009816	0.809998	1492700.000000
2021-09-10	0.009443	0.007214	0.025330	0.006120	4.660004	1611000.000000
2021-09-09	-0.001800	-0.003095	0.008738	-0.003095	-0.890015	1317400.000000
2021-09-08	-0.004450	0.006102	0.006645	-0.017076	-2.209991	1398700.000000
2021-09-07	-0.002190	-0.000161	-0.000161	-0.013422	-1.089996	1239800.000000
2021-09-03	0.011750	0.008152	0.028664	0.006383	5.779999	2519100.000000
2021-09-02	-0.002555	0.005333	0.005718	-0.006083	-1.260010	1699100.000000
2021-09-01	-0.008145	-0.001891	0.004083	-0.008688	-4.049988	1258600.000000
2021-08-31	-0.003368	0.004811	0.004811	-0.012408	-1.680023	1737800.000000
2021-08-30	0.005948	0.008186	0.024015	0.004658	2.950012	1961400.000000
2021-08-27	0.020999	0.004673	0.022028	0.001853	10.200012	1645900.000000
2021-08-26	0.004820	-0.000848	0.009723	-0.005813	2.329987	1083600.000000
2021-08-25	0.004113	0.000291	0.010053	0.000291	1.980011	1001700.000000
2021-08-24	-0.002114	-0.000104	0.001223	-0.004747	-1.020020	942900.000000
2021-08-23	0.015321	0.002441	0.023192	0.001115	7.279999	1570700.000000
2021-08-20	0.003463	-0.001499	0.005702	-0.006525	1.640015	1000700.000000
2021-08-19	0.009723	-0.005587	0.014628	-0.013455	4.559998	1404400.000000
2021-08-18	-0.020305	-0.004262	-0.003363	-0.021601	-9.720001	1561600.000000
2021-08-17	-0.019359	-0.005224	-0.003933	-0.027902	-9.450012	1649900.000000
2021-08-16	0.004073	-0.002736	0.005657	-0.003620	1.980011	918800.000000
2021-08-13	0.003923	-0.003407	0.009726	-0.004440	1.899994	858200.000000
2021-08-12	0.001468	-0.002626	0.002999	-0.014104	0.710022	870200.000000
2021-08-11	0.002675	0.005288	0.007693	-0.005122	1.289978	981600.000000
2021-08-10	-0.004993	0.002517	0.003652	-0.014133	-2.419983	931900.000000
2021-08-09	-0.001545	0.002184	0.002884	-0.009126	-0.750000	595200.000000
2021-08-06	-0.004593	-0.005331	0.000923	-0.007464	-2.240021	996400.000000
2021-08-05	-0.000266	0.005392	0.005392	-0.005966	-0.129974	837200.000000
2021-08-04	0.002075	0.003574	0.006553	-0.005711	1.009979	1212300.000000
2021-08-03	0.004353	0.001671	0.006355	-0.009738	2.110016	1113500.000000
2021-08-02	-0.001483	0.007520	0.018953	-0.003894	-0.720001	1561900.000000
2021-07-30	0.002665	-0.004441	0.004606	-0.009378	1.290009	1154800.000000
2021-07-29	0.013525	0.001717	0.017125	-0.000440	6.459991	916200.000000
2021-07-28	0.004817	0.002819	0.007826	-0.002188	2.290009	835900.000000
2021-07-27	-0.014267	-0.003069	-0.000892	-0.029944	-6.880005	1471500.000000
2021-07-26	-0.001883	-0.002049	0.000973	-0.007182	-0.910004	1116000.000000
2021-07-23	0.014318	0.007768	0.015221	0.001050	6.820007	1348900.000000
2021-07-22	-0.005616	-0.005052	-0.000063	-0.009415	-2.690002	1258300.000000
2021-07-21	0.022258	0.002219	0.022813	-0.000192	10.429993	1366000.000000
2021-07-20	0.006270	0.004767	0.014130	-0.005154	2.919983	2072700.000000
2021-07-19	-0.005127	-0.009806	-0.004487	-0.022390	-2.399994	1493800.000000
2021-07-16	-0.019420	0.003603	0.006159	-0.021117	-9.269989	1398000.000000
2021-07-15	-0.008825	0.003509	0.005939	-0.017588	-4.250000	1262400.000000
2021-07-14	-0.005000	0.010723	0.016508	-0.006735	-2.420013	1402000.000000
2021-07-13	-0.003582	-0.000865	0.003664	-0.007720	-1.739990	1180600.000000
2021-07-12	0.011600	0.002374	0.028823	-0.014411	5.570007	3314200.000000
2021-07-09	0.020574	-0.001977	0.022062	-0.005250	9.679993	1678200.000000
2021-07-08	0.002045	-0.010904	0.003280	-0.016995	0.959991	1601100.000000
2021-07-07	-0.007902	0.003634	0.004395	-0.014600	-3.739990	1258100.000000
2021-07-06	0.010915	0.004763	0.018327	0.000278	5.109985	1387000.000000
2021-07-02	-0.003130	0.015182	0.019036	-0.029661	-1.470001	3705400.000000
2021-07-01	-0.015099	0.002097	0.002097	-0.016588	-7.199982	1115300.000000
2021-06-30	-0.000650	0.002054	0.003018	-0.009682	-0.309998	1538100.000000
2021-06-29	0.009201	-0.000909	0.009539	-0.004357	4.350006	1418400.000000
2021-06-28	0.022934	0.008222	0.030485	0.007161	10.599976	1398700.000000
2021-06-25	-0.016721	0.002744	0.005084	-0.021402	-7.859985	1910000.000000
2021-06-24	0.007286	0.006922	0.014979	0.004157	3.399994	1250200.000000
2021-06-23	0.004758	-0.001270	0.007385	-0.003036	2.209991	1767400.000000
2021-06-22	-0.000344	0.004240	0.008545	-0.007081	-0.159973	1372200.000000
2021-06-21	0.010241	0.002761	0.011916	-0.003175	4.709961	1859100.000000
2021-06-18	-0.016279	-0.000514	0.004812	-0.014974	-7.610443	2853700.000000
2021-06-17	0.011637	0.005945	0.028363	0.003911	5.377930	2088100.000000
2021-06-16	-0.010600	0.006822	0.008641	-0.011997	-4.951233	2043700.000000
2021-06-15	-0.010697	0.009374	0.009395	-0.007592	-5.050476	1113100.000000
2021-06-14	0.010899	0.007378	0.018962	-0.002107	5.090149	1467500.000000
2021-06-11	0.004331	0.007333	0.015268	0.004559	2.014221	1450800.000000
2021-06-10	0.010217	0.011238	0.020015	-0.000253	4.703217	1541300.000000
2021-06-09	0.000863	0.015786	0.015786	0.003892	0.396881	1212600.000000
2021-06-08	-0.000539	0.017107	0.026538	0.007241	-0.248047	1661500.000000
2021-06-07	-0.023621	0.003584	0.006724	-0.018758	-11.132874	2414200.000000
2021-06-04	0.021945	0.020187	0.037317	0.018062	10.120789	2386500.000000
2021-06-03	-0.018850	-0.002661	-0.000618	-0.014446	-8.860657	2038900.000000
2021-06-02	0.011574	0.015403	0.028036	0.010324	5.377930	1328600.000000
2021-06-01	-0.008511	0.014464	0.019926	-0.003118	-3.988770	1627700.000000
2021-05-28	0.009943	0.012827	0.022783	0.007828	4.613861	1994600.000000
2021-05-27	0.015614	0.006755	0.025227	0.005989	7.134155	1909800.000000
2021-05-26	0.002067	0.010525	0.013442	-0.000967	0.942627	987300.000000
2021-05-25	0.000762	0.013776	0.016102	0.001924	0.347260	960000.000000
2021-05-24	0.017618	0.020514	0.032843	0.019263	7.888275	1442000.000000
2021-05-21	-0.008264	0.014451	0.014451	-0.004709	-3.730804	1321600.000000
2021-05-20	0.030064	0.017023	0.047938	0.016064	13.176849	2188600.000000
2021-05-19	0.018398	-0.010157	0.028182	-0.010854	7.918030	2136900.000000
2021-05-18	-0.014093	0.016945	0.018136	-0.007429	-6.151855	1782400.000000
2021-05-17	-0.003804	0.009015	0.009015	-0.012209	-1.666931	1572500.000000
2021-05-14	0.025592	0.021379	0.041812	0.011221	10.934387	1696400.000000
2021-05-13	0.019461	0.025747	0.037510	0.015606	8.156158	2184100.000000
2021-05-12	-0.040198	-0.016860	-0.013265	-0.040105	-17.552612	2994000.000000
2021-05-11	0.009103	-0.017824	0.020908	-0.022331	3.939178	1788700.000000
2021-05-10	-0.036413	-0.001525	-0.001191	-0.029606	-16.351990	2523900.000000
2021-05-07	0.008917	0.021330	0.029846	0.009221	3.968933	1171200.000000
2021-05-06	0.010702	0.007760	0.019772	-0.001233	4.713104	1349500.000000
2021-05-05	-0.001597	0.021136	0.023471	0.002908	-0.704498	1638800.000000
2021-05-04	-0.012441	0.001290	0.002365	-0.020898	-5.556519	2349700.000000
2021-05-03	-0.013284	0.015670	0.015869	-0.009669	-6.012939	1509800.000000
2021-04-30	-0.021639	-0.006394	-0.004190	-0.019081	-10.011627	1936700.000000
2021-04-29	0.015440	0.030851	0.030851	0.007455	7.034943	1465000.000000
2021-04-28	-0.015332	0.005710	0.007007	-0.014432	-7.094452	1594000.000000
2021-04-27	-0.011656	0.011779	0.012975	-0.006675	-5.457275	1326700.000000
2021-04-26	0.012271	0.009752	0.024476	0.002293	5.675568	1827100.000000
2021-04-23	0.024214	0.015313	0.036040	0.013120	10.934418	2289000.000000
2021-04-22	-0.010179	-0.002452	0.010787	-0.015823	-4.643677	2705700.000000
2021-04-21	0.005533	0.003331	0.014616	-0.002443	2.510345	2594700.000000
2021-04-20	-0.010260	0.003487	0.007893	-0.008446	-4.703156	1912800.000000
2021-04-19	-0.035068	0.003071	0.003639	-0.031619	-16.659607	2631900.000000
2021-04-16	-0.002521	0.008836	0.011565	0.001067	-1.200592	1626300.000000
2021-04-15	0.005657	0.016992	0.018407	0.006730	2.679047	1837000.000000
2021-04-14	-0.015795	0.002653	0.016618	-0.012476	-7.600525	1822000.000000
2021-04-13	0.002667	0.010599	0.017309	0.000785	1.279968	1528100.000000
2021-04-12	-0.002927	0.001262	0.008513	-0.005656	-1.408966	2324700.000000
2021-04-09	-0.000803	-0.003548	0.007475	-0.010731	-0.386993	1661400.000000
2021-04-08	0.006260	0.019359	0.019359	0.002940	2.996582	1812100.000000
2021-04-07	-0.002914	-0.000212	0.007911	-0.004399	-1.399048	1207400.000000
2021-04-06	-0.009437	-0.003231	0.007291	-0.014331	-4.574219	1806300.000000
2021-04-05	0.026326	0.017039	0.036816	0.009670	12.432678	2296600.000000
2021-04-01	0.026507	0.026108	0.035911	0.019870	12.194550	2352800.000000
2021-03-31	0.016442	0.014102	0.031932	-0.000480	7.441742	2868400.000000
2021-03-30	-0.034827	-0.010810	-0.010554	-0.036953	-16.332153	2793500.000000
2021-03-29	-0.019542	0.004399	0.005988	-0.020962	-9.346832	2841000.000000
2021-03-26	0.044055	-0.003218	0.054323	-0.003218	20.182007	2892500.000000
2021-03-25	0.009688	0.002737	0.022705	-0.009716	4.395630	1753700.000000
2021-03-24	-0.014632	0.019534	0.020706	-0.007787	-6.737274	2088200.000000
2021-03-23	-0.023607	0.004647	0.008019	-0.018954	-11.132874	2471200.000000
2021-03-22	0.001728	0.004535	0.022315	0.001901	0.813660	3180500.000000
2021-03-19	0.030203	0.000169	0.043125	-0.006287	13.801971	10860200.000000
2021-03-18	-0.040199	-0.003260	0.015202	-0.025965	-19.139435	2872800.000000
2021-03-17	0.011314	-0.001032	0.035014	-0.001648	5.326385	2375400.000000
2021-03-16	0.015740	0.016784	0.044250	0.008456	7.295410	3119000.000000
2021-03-15	0.043442	0.024733	0.060866	0.020253	19.296875	3124100.000000
2021-03-12	-0.005554	-0.002943	0.015258	-0.004824	-2.480988	1890600.000000
2021-03-11	0.036792	0.042236	0.061803	0.026151	15.851044	2617000.000000
2021-03-10	-0.013548	0.024292	0.039587	-0.003757	-5.917084	1991400.000000
2021-03-09	0.053056	0.050523	0.077552	0.038250	22.004395	3788400.000000
2021-03-08	-0.064180	0.008237	0.010787	-0.053973	-28.443268	4524300.000000
2021-03-05	0.014766	0.040114	0.044121	-0.008543	6.448730	4241400.000000
2021-03-04	-0.042046	0.012657	0.024348	-0.031739	-19.168945	3457500.000000
2021-03-03	-0.036316	0.010400	0.017566	-0.023484	-17.180176	2399100.000000
2021-03-02	-0.018526	0.017345	0.018361	-0.004999	-8.929749	1854600.000000
2021-03-01	0.041948	0.036955	0.059220	0.024331	19.405243	2467700.000000
2021-02-26	0.027802	0.038745	0.057031	0.023660	12.513458	2264000.000000
2021-02-25	-0.049326	0.002758	0.012537	-0.038514	-23.353210	2314800.000000
2021-02-24	0.019029	0.006623	0.036175	-0.004182	8.841125	1512500.000000
2021-02-23	-0.009363	0.004576	0.011996	-0.027578	-4.391022	2130300.000000
2021-02-22	-0.027757	0.003350	0.008761	-0.014644	-13.389709	1696700.000000
2021-02-19	0.013864	0.024092	0.040675	0.023083	6.596375	1799200.000000
2021-02-18	0.001617	0.010969	0.021874	0.000233	0.767944	1671500.000000
2021-02-17	-0.013596	0.005531	0.009455	-0.013511	-6.547180	1408400.000000
2021-02-16	0.005778	0.025229	0.033375	0.017168	2.766541	1516300.000000
2021-02-12	0.016576	0.015684	0.034029	0.008275	7.807404	1355100.000000
2021-02-11	0.017743	0.023571	0.035802	0.013847	8.211029	1712300.000000
2021-02-10	-0.009650	0.021227	0.021826	-0.003854	-4.509186	1458700.000000
2021-02-09	0.004083	0.014202	0.021056	0.006939	1.900177	1275800.000000
2021-02-08	0.014356	0.021678	0.031856	0.014768	6.586548	1761000.000000
2021-02-05	-0.009817	0.023691	0.029281	0.004332	-4.548553	1248800.000000
2021-02-04	0.011694	0.004374	0.028741	-0.001128	5.355865	1524300.000000
2021-02-03	-0.024513	0.015812	0.019199	-0.010471	-11.509216	1785700.000000
2021-02-02	0.021725	0.022278	0.037968	0.018448	9.983215	1614100.000000
2021-02-01	0.036049	0.027768	0.058138	0.022672	15.988861	1702700.000000
2021-01-29	-0.002745	0.011569	0.030006	0.006465	-1.220825	2206900.000000
2021-01-28	0.015831	0.040442	0.047180	0.021027	6.931152	1694600.000000
2021-01-27	-0.041326	-0.002534	0.000575	-0.033254	-18.873566	2185700.000000
2021-01-26	-0.001979	0.011029	0.020601	0.009346	-0.905792	1074200.000000
2021-01-25	-0.000495	0.025622	0.026583	-0.003821	-0.226440	1469200.000000
2021-01-22	-0.003856	0.008961	0.017294	0.006045	-1.772186	1624800.000000
2021-01-21	0.010695	0.016211	0.032397	0.012451	4.863617	1574900.000000
2021-01-20	0.005683	0.016259	0.030125	0.006262	2.569672	1471000.000000
2021-01-19	0.030100	0.021242	0.046779	0.021242	13.212463	1881900.000000
2021-01-15	-0.013759	0.006966	0.011055	-0.009930	-6.123840	1816500.000000
2021-01-14	0.001906	0.020883	0.032116	0.015976	0.846710	1969200.000000
2021-01-13	0.004050	0.017762	0.024972	0.012813	1.791840	1311800.000000
2021-01-12	0.008143	0.020286	0.036213	0.015341	3.573883	1384600.000000
2021-01-11	0.000269	0.004241	0.022862	0.003808	0.118164	1166000.000000
2021-01-08	0.005074	0.023975	0.030825	0.004847	2.215179	1527100.000000
2021-01-07	0.042143	0.031462	0.061375	0.027977	17.652802	2126700.000000
2021-01-06	-0.006167	0.004317	0.031080	-0.002231	-2.599182	1722600.000000
2021-01-05	0.006773	0.015300	0.025666	0.008970	2.835449	1506900.000000
2021-01-04	-0.028846	0.019139	0.025889	-0.022826	-12.434723	2417100.000000
2020-12-31	0.006945	0.019163	0.024278	0.011548	2.973358	1021100.000000
2020-12-30	0.013495	0.021932	0.036918	0.018215	5.700439	1055300.000000
2020-12-29	-0.006576	0.024995	0.024995	0.003735	-2.796082	959300.000000
2020-12-28	0.000973	0.022486	0.029383	0.014976	0.413513	1062500.000000
2020-12-24	0.014102	0.022939	0.031319	0.020743	5.907227	412300.000000
2020-12-23	-0.017640	0.020161	0.022507	-0.003103	-7.521912	1053300.000000
2020-12-22	0.009840	0.015706	0.026765	0.013622	4.154755	1792900.000000
2020-12-21	-0.013071	0.000723	0.009722	-0.009678	-5.592133	1909600.000000
2020-12-18	0.028544	0.021235	0.047319	0.014504	11.873505	4524300.000000
2020-12-17	0.002824	0.028218	0.036680	0.023516	1.171478	1715200.000000
2020-12-16	0.016361	0.024213	0.046633	0.021665	6.677338	2316000.000000
2020-12-15	0.015202	0.033017	0.043241	0.027320	6.111145	2120700.000000
2020-12-14	0.014735	0.026152	0.045765	0.024815	5.837738	2611600.000000
2020-12-11	-0.010292	0.009271	0.016766	-0.005019	-4.119598	2666400.000000
2020-12-10	-0.014848	0.012596	0.021973	0.004155	-6.033051	2624400.000000
2020-12-09	-0.016981	0.014828	0.030868	0.000796	-7.019012	2090800.000000
2020-12-08	0.005987	0.020442	0.038501	0.017716	2.460052	1812100.000000
2020-12-07	0.022372	0.036130	0.052129	0.028491	8.991028	1970700.000000
2020-12-04	0.029715	0.031022	0.056644	0.030996	11.597473	2008300.000000
2020-12-03	-0.009734	0.026314	0.031744	0.010076	-3.836578	1612000.000000
2020-12-02	-0.002076	0.024791	0.026487	0.015600	-0.820038	1003100.000000
2020-12-01	0.007446	0.029156	0.037369	0.020636	2.918915	1818100.000000
2020-11-30	0.016787	0.021948	0.043060	0.018628	6.472321	1545400.000000
2020-11-27	0.010542	0.030441	0.046219	0.030048	4.022034	684600.000000
2020-11-25	-0.003569	0.025953	0.032900	0.015925	-1.366730	1178700.000000
2020-11-24	0.013514	0.028648	0.039739	0.022190	5.105621	1345500.000000
2020-11-23	0.009574	0.029812	0.039913	0.023478	3.582764	1221200.000000
2020-11-20	-0.002602	0.024307	0.036408	0.020016	-0.976196	1614000.000000
2020-11-19	0.009747	0.016555	0.035717	0.007486	3.621735	1455500.000000
2020-11-18	0.000052	0.022449	0.036041	0.021723	0.019501	1351700.000000
2020-11-17	-0.000551	0.018577	0.028745	0.014192	-0.204987	1195000.000000
2020-11-16	0.019572	0.027953	0.045945	0.025732	7.136200	1210000.000000
2020-11-13	0.008914	0.037642	0.044089	0.028179	3.221497	1099700.000000
2020-11-12	-0.015216	0.027930	0.031663	0.003542	-5.583984	1216000.000000
2020-11-11	0.035222	0.046166	0.063881	0.039650	12.485870	1513300.000000
2020-11-10	-0.033046	0.010122	0.017977	-0.017046	-12.114929	2678400.000000
2020-11-09	-0.013347	0.047182	0.060074	0.009262	-4.959167	2408800.000000
2020-11-06	-0.000656	0.022155	0.031891	0.014409	-0.244049	1354500.000000
2020-11-05	0.044538	0.046076	0.074984	0.045093	15.853790	2178300.000000
2020-11-04	0.030727	0.043819	0.068432	0.034148	10.611511	2127700.000000
2020-11-03	0.007146	0.038067	0.047662	0.010974	2.450317	1545700.000000
2020-11-02	0.004633	0.040211	0.041236	0.020610	1.581451	1175700.000000
2020-10-30	-0.015155	0.008144	0.018532	-0.006197	-5.252075	1853000.000000
2020-10-29	0.022465	0.024508	0.060442	0.018932	7.614532	1569700.000000
2020-10-28	-0.034455	0.008408	0.010858	-0.015720	-12.095367	2233100.000000
2020-10-27	-0.009476	0.030398	0.030398	0.013582	-3.358185	962000.000000
2020-10-26	-0.025971	0.015785	0.016775	-0.017167	-9.449768	1550900.000000
2020-10-23	-0.001741	0.024058	0.025924	0.017200	-0.634552	886800.000000
2020-10-22	0.003548	0.021690	0.030583	0.010759	1.288605	1354700.000000
2020-10-21	-0.013104	0.021045	0.024007	0.006209	-4.822510	1189600.000000
2020-10-20	0.003247	0.027740	0.038999	0.023788	1.190948	1329700.000000
2020-10-19	-0.007606	0.031367	0.037778	0.014892	-2.811493	1480300.000000
2020-10-16	-0.003369	0.033392	0.033392	0.019561	-1.249542	1029500.000000
2020-10-15	-0.000973	0.010219	0.024872	0.010138	-0.361206	1436100.000000
2020-10-14	-0.003119	0.029865	0.030402	0.014586	-1.161682	1729800.000000
2020-10-13	-0.002458	0.029664	0.038744	0.014128	-0.917664	1673100.000000
2020-10-12	0.015211	0.038201	0.047202	0.032763	5.593719	1883900.000000
2020-10-09	0.009027	0.031494	0.042662	0.026199	3.289886	1725300.000000
2020-10-08	0.017969	0.033159	0.045449	0.028746	6.433289	1704500.000000
2020-10-07	0.007583	0.036659	0.040908	0.030214	2.694305	1274700.000000
2020-10-06	-0.005791	0.024388	0.040869	0.012944	-2.069580	1667200.000000
2020-10-05	0.025979	0.035872	0.053125	0.033173	9.049622	1892300.000000
2020-10-02	-0.031932	0.000460	0.014133	-0.010239	-11.490143	1710000.000000
2020-10-01	0.011748	0.037463	0.042327	0.025766	4.178192	1601600.000000
2020-09-30	0.000165	0.020676	0.043314	0.017189	0.058594	2240300.000000
2020-09-29	-0.008277	0.024890	0.034121	0.015129	-2.967682	1372200.000000
2020-09-28	0.029428	0.038371	0.057750	0.030762	10.250275	2219200.000000
2020-09-25	0.012141	0.022994	0.039471	0.012040	4.178223	1818300.000000
2020-09-24	0.002645	0.020310	0.041783	0.017076	0.907867	1361100.000000
2020-09-23	-0.027656	0.020366	0.023284	-0.008332	-9.762177	1554200.000000
2020-09-22	0.027857	0.037696	0.053508	0.027738	9.566925	1950000.000000
2020-09-21	-0.013156	0.005768	0.011372	-0.012996	-4.578461	2419800.000000
2020-09-18	-0.016916	0.037089	0.039123	0.002992	-5.988190	3529500.000000
2020-09-17	-0.003052	-0.000209	0.042373	-0.000209	-1.083527	2286200.000000
2020-09-16	0.000354	0.037277	0.048039	0.032122	0.125793	1849800.000000
2020-09-15	0.013004	0.045400	0.059156	0.042689	4.556427	1661800.000000
2020-09-14	0.006950	0.047235	0.051488	0.032693	2.418518	1644700.000000
2020-09-11	0.007337	0.043600	0.054513	0.026752	2.534637	1736200.000000
2020-09-10	-0.008194	0.039729	0.056094	0.017506	-2.853882	2285100.000000
2020-09-09	0.027073	0.050272	0.067051	0.035351	9.180634	2627300.000000
2020-09-08	-0.034192	0.004393	0.033130	-0.003183	-12.005402	2668500.000000
2020-09-04	0.030844	0.059770	0.093709	0.037839	10.505951	5851400.000000
2020-09-03	-0.061118	0.008891	0.016857	-0.034799	-22.172791	4179500.000000
2020-09-02	0.043027	0.051870	0.089533	0.045286	14.965668	3705300.000000
2020-09-01	0.035691	0.042186	0.078126	0.034503	11.986053	2920500.000000
2020-08-31	0.006757	0.029802	0.050966	0.029802	2.254028	2222900.000000
2020-08-28	0.016748	0.033272	0.051012	0.029310	5.494843	1458900.000000
2020-08-27	-0.001560	0.036195	0.038660	0.022957	-0.512726	1255200.000000
2020-08-26	0.010502	0.029394	0.050213	0.025612	3.414948	1484400.000000
2020-08-25	0.006407	0.036794	0.043263	0.030604	2.070221	1114000.000000
2020-08-24	0.012060	0.039933	0.053025	0.037207	3.850281	1199600.000000
2020-08-21	0.003619	0.032033	0.038823	0.021659	1.151154	1150800.000000
2020-08-20	-0.001154	0.028927	0.036148	0.023809	-0.367554	891000.000000
2020-08-19	0.001734	0.036310	0.047696	0.032441	0.551361	1127300.000000
2020-08-18	-0.005086	0.038519	0.042649	0.026877	-1.625183	885700.000000
2020-08-17	0.007626	0.039028	0.046218	0.037420	2.418427	1059400.000000
2020-08-14	-0.004857	0.029306	0.035049	0.022968	-1.547791	1014000.000000
2020-08-13	-0.012648	0.029269	0.032987	0.015760	-4.082458	1509500.000000
2020-08-12	0.029658	0.039505	0.071502	0.037942	9.296722	1847100.000000
2020-08-11	-0.010172	0.034362	0.052519	0.019174	-3.221436	1931600.000000
2020-08-10	0.004388	0.028276	0.044292	0.027769	1.383423	1198900.000000
2020-08-07	-0.009813	0.031281	0.035489	0.009581	-3.124725	1419200.000000
2020-08-06	-0.001153	0.028147	0.037903	0.020744	-0.367615	1419300.000000
2020-08-05	0.003502	0.033259	0.043741	0.025546	1.112488	2229900.000000
2020-08-04	0.022289	0.031350	0.057383	0.030996	6.926575	2525800.000000
2020-08-03	0.014144	0.037779	0.055695	0.035429	4.333954	2079600.000000
2020-07-31	0.014899	0.042311	0.054565	0.031381	4.498444	2471900.000000
2020-07-30	0.010523	0.024160	0.047355	0.024160	3.144012	2125900.000000
2020-07-29	0.004880	0.037668	0.046749	0.034002	1.451080	1656200.000000
2020-07-28	-0.017046	0.028740	0.031815	0.012145	-5.156189	1397400.000000
2020-07-27	0.022532	0.042184	0.057937	0.039446	6.665344	2064600.000000
2020-07-24	-0.012529	0.023418	0.037838	0.015373	-3.753479	1563100.000000
2020-07-23	-0.013161	0.032283	0.041243	0.015845	-3.995361	1941700.000000
2020-07-22	-0.001718	0.035903	0.038106	0.020644	-0.522400	1440400.000000
2020-07-21	-0.008798	0.040544	0.040544	0.019162	-2.699066	1431200.000000
2020-07-20	0.014135	0.030856	0.050029	0.025601	4.275940	1432300.000000
2020-07-17	0.004400	0.043029	0.046548	0.029250	1.325348	1335400.000000
2020-07-16	-0.007776	0.023256	0.034029	0.018940	-2.360504	1292900.000000
2020-07-15	-0.004126	0.036554	0.042524	0.017591	-1.257599	1525300.000000
2020-07-14	0.012110	0.025996	0.050003	0.013378	3.647125	1836300.000000
2020-07-13	-0.025451	0.040948	0.046934	0.005029	-7.864960	2154900.000000
2020-07-10	-0.006408	0.035017	0.038490	0.014215	-1.992889	1328000.000000
2020-07-09	0.006039	0.035122	0.049096	0.019726	1.867096	2522500.000000
2020-07-08	0.020599	0.043669	0.055884	0.037001	6.239746	1802300.000000
2020-07-07	-0.017786	0.028997	0.031656	0.013466	-5.485168	1615000.000000
2020-07-06	0.010524	0.048543	0.051787	0.039827	3.211761	1756100.000000
2020-07-02	0.008762	0.050292	0.055680	0.040079	2.650665	1663800.000000
2020-07-01	-0.009125	0.032062	0.037761	0.021679	-2.786072	1566100.000000
2020-06-30	0.018820	0.034267	0.058025	0.023589	5.639923	2512500.000000
2020-06-29	0.007710	0.035919	0.043787	0.023746	2.292725	1451600.000000
2020-06-26	-0.004662	0.049497	0.056893	0.014622	-1.393066	3142500.000000
2020-06-25	0.006124	0.030635	0.042152	0.020331	1.818726	1502900.000000
2020-06-24	-0.013909	0.026726	0.032604	0.011153	-4.188812	1909600.000000
2020-06-23	-0.007144	0.038711	0.046557	0.026281	-2.166992	2241900.000000
2020-06-22	0.035572	0.043020	0.072655	0.036294	10.418915	2719500.000000
2020-06-19	-0.040227	0.040974	0.042350	-0.007883	-12.276367	5846500.000000
2020-06-18	0.016814	0.039951	0.063274	0.037952	5.046234	3362500.000000
2020-06-17	0.008754	0.053424	0.064482	0.047945	2.604523	2027900.000000
2020-06-16	0.021803	0.064646	0.080272	0.044040	6.348450	3038700.000000
2020-06-15	0.012789	0.026088	0.066958	0.017079	3.676910	2982400.000000
2020-06-12	0.022128	0.076595	0.080612	0.040723	6.223969	3943900.000000
2020-06-11	-0.067579	0.019752	0.022835	-0.027387	-20.385925	4511500.000000
2020-06-10	-0.000888	0.048754	0.057233	0.042295	-0.268097	2591400.000000
2020-06-09	-0.006929	0.026193	0.048822	0.024779	-2.106567	2233500.000000
2020-06-08	0.001388	0.045732	0.050146	0.032097	0.421356	2391600.000000
2020-06-05	0.026514	0.080897	0.109331	0.065311	7.842163	5095800.000000
2020-06-04	-0.002068	0.031595	0.056057	0.019280	-0.612823	3499700.000000
2020-06-03	0.038482	0.054825	0.089163	0.052933	10.982941	3192600.000000
2020-06-02	0.027829	0.048094	0.074348	0.044709	7.727295	3184700.000000
2020-06-01	-0.004395	0.041301	0.043739	0.030365	-1.225647	1844400.000000
2020-05-29	0.028713	0.043463	0.077028	0.039812	7.784698	2730000.000000
2020-05-28	-0.015473	0.034944	0.050558	0.025611	-4.260986	1854300.000000
2020-05-27	0.019751	0.048052	0.065753	0.036869	5.333527	2281200.000000
2020-05-26	0.019411	0.075870	0.083760	0.062242	5.141907	2357300.000000
2020-05-22	0.006732	0.040320	0.053660	0.028045	1.771454	1745200.000000
2020-05-21	-0.013923	0.045248	0.047422	0.029247	-3.715210	1484700.000000
2020-05-20	0.024747	0.063627	0.080293	0.060209	6.444153	1860500.000000
2020-05-19	-0.005776	0.044349	0.053894	0.037018	-1.512909	1870200.000000
2020-05-18	0.050382	0.077274	0.109799	0.074788	12.562866	2653100.000000
2020-05-15	-0.023218	0.016223	0.034399	0.005842	-5.927094	2165000.000000
2020-05-14	0.013110	0.035657	0.059430	0.011012	3.303452	1991200.000000
2020-05-13	-0.019743	0.050651	0.051662	0.008986	-5.074936	2192700.000000
2020-05-12	-0.025236	0.048823	0.053147	0.017121	-6.654846	1876400.000000
2020-05-11	0.001345	0.038045	0.050842	0.031894	0.354279	2085100.000000
2020-05-08	0.027189	0.061706	0.074772	0.053242	6.970825	1675700.000000
2020-05-07	0.013514	0.067356	0.069214	0.051544	3.418442	1823800.000000
2020-05-06	-0.002605	0.057991	0.066468	0.039420	-0.660721	2272700.000000
2020-05-05	0.009952	0.061432	0.070949	0.050123	2.499176	2646200.000000
2020-05-04	0.009858	0.042378	0.055327	0.026735	2.451294	1704600.000000
2020-05-01	-0.043885	0.022741	0.029854	-0.007250	-11.413818	2683600.000000
2020-04-30	-0.015941	0.034928	0.036895	0.017031	-4.213135	2337900.000000
2020-04-29	0.042647	0.069399	0.092714	0.062101	10.810547	2887100.000000
2020-04-28	-0.013857	0.066874	0.075316	0.027504	-3.562042	1898800.000000
2020-04-27	0.013746	0.042535	0.069628	0.042535	3.485458	1658800.000000
2020-04-24	0.022709	0.047898	0.069114	0.044147	5.630295	2337300.000000
2020-04-23	-0.004001	0.045474	0.065359	0.038524	-0.995850	2165900.000000
2020-04-22	0.049748	0.074374	0.105791	0.057380	11.796829	3543800.000000
2020-04-21	-0.041157	0.029307	0.030237	-0.002070	-10.178604	2913800.000000
2020-04-20	-0.028584	0.021253	0.041913	0.013043	-7.277283	2380100.000000
2020-04-17	0.029386	0.064282	0.081305	0.046977	7.267715	3408900.000000
2020-04-16	0.003302	0.061874	0.061874	0.030840	0.813919	2689600.000000
2020-04-15	-0.038075	0.018477	0.023628	-0.000410	-9.757294	2592600.000000
2020-04-14	0.029663	0.069260	0.078341	0.053992	7.382584	2309400.000000
2020-04-13	0.022100	0.041063	0.074000	0.038189	5.381348	2572900.000000
2020-04-09	-0.026044	0.063108	0.069948	0.005191	-6.511230	3482800.000000
2020-04-08	0.030916	0.058781	0.081171	0.045875	7.497498	2756500.000000
2020-04-07	0.003288	0.083237	0.098378	0.044721	0.794754	4589200.000000
2020-04-06	0.077606	0.090356	0.129721	0.085809	17.407990	3886800.000000
2020-04-03	-0.011811	0.042499	0.068535	0.015670	-2.681091	2896000.000000
2020-04-02	0.060054	0.038605	0.111223	0.034168	12.859665	4504900.000000
2020-04-01	-0.056811	0.004222	0.032500	-0.032381	-12.897980	4185800.000000
2020-03-31	-0.012536	0.035172	0.099152	0.026734	-2.882156	5019100.000000
2020-03-30	0.040834	0.051185	0.092653	0.034163	9.019943	5234300.000000
2020-03-27	-0.051322	0.000672	0.039711	-0.012213	-11.950012	3944800.000000
2020-03-26	0.117766	0.085057	0.175162	0.085057	24.531998	6021300.000000
2020-03-25	0.022514	0.041551	0.197693	0.026973	4.586624	6444200.000000
2020-03-24	0.099705	0.110042	0.180594	0.086561	18.470840	6297000.000000
2020-03-23	0.006503	0.047935	0.064723	-0.034268	1.196899	4692100.000000
2020-03-20	0.005335	0.103339	0.139826	0.026379	0.976685	7404400.000000
2020-03-19	0.158337	0.060645	0.312647	0.043942	25.025894	7443800.000000
2020-03-18	-0.158589	-0.011631	-0.001942	-0.171284	-29.790039	9899300.000000
2020-03-17	0.063599	0.086108	0.132481	0.027562	11.232452	7066200.000000
2020-03-16	-0.199129	-0.055981	-0.007823	-0.182724	-43.912979	7693500.000000
2020-03-13	0.070573	0.094772	0.138270	-0.023438	14.537231	8471400.000000
2020-03-12	-0.110542	-0.019855	0.048240	-0.065928	-25.600204	6428100.000000
2020-03-11	-0.064397	0.025660	0.036205	-0.020355	-15.940094	3603000.000000
2020-03-10	0.061279	0.100131	0.130529	0.043579	14.292419	5507100.000000
2020-03-09	-0.080646	-0.010309	0.025915	-0.037231	-20.459457	4393400.000000
2020-03-06	-0.016749	0.034738	0.050047	0.017375	-4.321625	3016900.000000
2020-03-05	-0.039972	0.031627	0.053319	0.013730	-10.742859	2437400.000000
2020-03-04	0.040839	0.074842	0.106521	0.064114	10.545135	2347700.000000
2020-03-03	-0.037618	0.060908	0.075183	0.012158	-10.093201	2993000.000000
2020-03-02	0.045301	0.078230	0.111890	0.056373	11.627869	3197600.000000
2020-02-28	-0.004855	0.020927	0.062798	0.018640	-1.252197	4458600.000000
2020-02-27	-0.041731	0.041370	0.059983	0.016255	-11.232513	3483700.000000
2020-02-26	0.011320	0.068375	0.082841	0.067060	3.012939	2307400.000000
2020-02-25	-0.030590	0.071243	0.077143	0.023747	-8.398468	3189200.000000
2020-02-24	-0.042365	0.026174	0.042219	0.011734	-12.145752	3684900.000000
2020-02-21	-0.015328	0.059559	0.062822	0.038231	-4.462799	2452200.000000
2020-02-20	-0.020432	0.056280	0.062101	0.029903	-6.072906	2552100.000000
2020-02-19	0.015897	0.069791	0.082881	0.065348	4.651184	2052500.000000
2020-02-18	-0.022091	0.052842	0.052876	0.029613	-6.609558	2669300.000000
2020-02-14	-0.019138	0.064953	0.067772	0.039578	-5.837494	1913700.000000
2020-02-13	-0.002248	0.051568	0.064586	0.049834	-0.687317	1385700.000000
2020-02-12	0.014180	0.068337	0.078455	0.066977	4.274536	1531000.000000
2020-02-11	0.018969	0.070382	0.084377	0.068219	5.611511	1552700.000000
2020-02-10	-0.003267	0.052464	0.059978	0.045490	-0.969788	1921800.000000
2020-02-07	-0.013951	0.057549	0.058214	0.046087	-4.199158	1588300.000000
2020-02-06	0.007278	0.066986	0.070467	0.051559	2.174896	2268300.000000
2020-02-05	0.018550	0.082211	0.090085	0.076621	5.442078	2482500.000000
2020-02-04	0.020869	0.084927	0.094601	0.077481	5.997528	2255900.000000
2020-02-03	0.000229	0.063736	0.067112	0.056810	0.065887	2128800.000000
2020-01-31	-0.031853	0.058596	0.060011	0.023081	-9.452942	2212300.000000
2020-01-30	-0.007275	0.051430	0.055444	0.032262	-2.174957	2112800.000000
2020-01-29	-0.002513	0.070476	0.085858	0.058197	-0.753235	2366800.000000
2020-01-28	0.030030	0.077567	0.097157	0.074954	8.737427	2316600.000000
2020-01-27	-0.046204	0.037220	0.048595	0.011749	-14.094696	3884300.000000
2020-01-24	0.013609	0.098152	0.101740	0.065822	4.095673	5578200.000000
2020-01-23	0.021344	0.069600	0.085279	0.054804	6.289398	3026600.000000
2020-01-22	0.015906	0.071513	0.096060	0.070478	4.613525	2926400.000000
2020-01-21	-0.002332	0.058695	0.064577	0.053639	-0.677948	2196700.000000
2020-01-17	0.005667	0.067670	0.068638	0.051793	1.638306	2689600.000000
2020-01-16	0.012898	0.068617	0.078638	0.065849	3.681335	2150800.000000
2020-01-15	-0.016354	0.059102	0.061067	0.036322	-4.745270	2273300.000000
2020-01-14	0.023242	0.064992	0.090206	0.063546	6.590698	2891100.000000
2020-01-13	0.006550	0.064940	0.078358	0.063698	1.845398	2205400.000000
2020-01-10	-0.022987	0.059292	0.059638	0.036229	-6.628387	4070500.000000
2020-01-09	-0.008032	0.074416	0.076721	0.042526	-2.334930	4239700.000000
2020-01-08	-0.012475	0.063256	0.064988	0.047730	-3.672028	3197900.000000
2020-01-07	-0.003443	0.067280	0.071783	0.057124	-1.016846	1856500.000000
2020-01-06	-0.001496	0.050810	0.061188	0.046686	-0.442505	2078900.000000
2020-01-03	-0.025435	0.046024	0.054227	0.034724	-7.720581	2287000.000000
2020-01-02	0.020157	0.073192	0.083879	0.066470	5.997589	2032900.000000
