2022-12-30	-0.011668	-0.018849	0.003142	-0.019298	-1.040001	11926700.000000
2022-12-29	0.022133	0.004874	0.026606	-0.001605	1.930000	12535400.000000
2022-12-28	-0.029602	-0.009793	0.003227	-0.037781	-2.660004	16268800.000000
2022-12-27	0.049154	0.010508	0.058832	0.006538	4.209999	22959900.000000
2022-12-23	-0.026373	-0.001364	0.007730	-0.027850	-2.320000	17949300.000000
2022-12-22	0.001822	0.014463	0.021410	-0.012983	0.160004	16004800.000000
2022-12-21	0.021997	0.001048	0.028713	-0.005354	1.889999	18212900.000000
2022-12-20	-0.014227	-0.024323	0.000459	-0.024323	-1.240005	15315400.000000
2022-12-19	0.004263	0.034105	0.034451	-0.003330	0.370003	20737000.000000
2022-12-16	0.006728	0.030043	0.050574	0.004640	0.580002	25084600.000000
2022-12-15	-0.051700	0.023980	0.034870	-0.053459	-4.700005	30419400.000000
2022-12-14	-0.005470	-0.003829	-0.001586	-0.020895	-0.500000	15575500.000000
2022-12-13	0.022369	0.045185	0.062297	0.009954	2.000000	21150600.000000
2022-12-12	-0.021130	-0.013685	-0.004938	-0.039304	-1.929993	15190200.000000
2022-12-09	-0.030052	-0.009557	-0.004460	-0.031273	-2.830002	15452100.000000
2022-12-08	0.066116	0.041209	0.067984	0.031133	5.839996	29241500.000000
2022-12-07	-0.034117	-0.048004	-0.023947	-0.052816	-3.119995	19507400.000000
2022-12-06	0.010274	0.015024	0.022647	-0.014582	0.930000	26675700.000000
2022-12-05	0.005108	0.031535	0.031535	-0.004775	0.459999	30929800.000000
2022-12-02	0.047940	0.001280	0.068769	0.001280	4.119995	35042600.000000
2022-12-01	-0.018502	-0.036661	0.000457	-0.037688	-1.619995	20243000.000000
2022-11-30	0.096419	0.036063	0.122276	0.029927	7.699997	60169600.000000
2022-11-29	0.052451	0.057459	0.066025	0.047048	3.980003	24178100.000000
2022-11-28	0.005033	-0.010066	0.025391	-0.010861	0.379997	19107400.000000
2022-11-25	-0.038217	-0.038217	-0.031210	-0.045605	-3.000000	13036900.000000
2022-11-23	0.033031	0.028951	0.037571	0.011317	2.510002	19032700.000000
2022-11-22	-0.012219	-0.019368	-0.001690	-0.030547	-0.940002	20694100.000000
2022-11-21	-0.044110	-0.022242	-0.017644	-0.049826	-3.550003	19005100.000000
2022-11-18	-0.044861	-0.025042	-0.020650	-0.052219	-3.779999	29528300.000000
2022-11-17	0.078045	-0.027636	0.096213	-0.030706	6.099998	62050600.000000
2022-11-16	-0.014376	0.012863	0.014502	-0.023834	-1.139999	26637300.000000
2022-11-15	0.111734	0.106547	0.126735	0.090845	7.970001	53150500.000000
2022-11-14	0.007913	0.033771	0.045641	0.007772	0.560005	30310700.000000
2022-11-11	0.014333	0.036549	0.041995	-0.006593	1.000000	38723400.000000
2022-11-10	0.076033	0.049198	0.079426	0.048735	4.930000	28757200.000000
2022-11-09	-0.048290	-0.024952	-0.019815	-0.048877	-3.290001	22099300.000000
2022-11-08	-0.022665	-0.029981	-0.011333	-0.049347	-1.580002	23870200.000000
2022-11-07	-0.001432	0.021344	0.029652	-0.016301	-0.099998	26087600.000000
2022-11-04	0.070541	0.091397	0.098605	0.034351	4.599998	51292200.000000
2022-11-03	0.007883	-0.019784	0.033694	-0.020093	0.510002	23360500.000000
2022-11-02	-0.017613	0.009414	0.027483	-0.023231	-1.160004	28298100.000000
2022-11-01	0.035860	0.069676	0.076612	0.032400	2.279999	27257000.000000
2022-10-31	-0.002510	-0.003922	0.017414	-0.008158	-0.160000	20645300.000000
2022-10-28	-0.031895	-0.040097	-0.025668	-0.061057	-2.099995	28638000.000000
2022-10-27	-0.038972	-0.044811	-0.009196	-0.045103	-2.670006	25812600.000000
2022-10-26	0.083676	0.002214	0.104081	-0.004745	5.290001	52957400.000000
2022-10-25	0.001108	0.030562	0.047965	-0.029929	0.070000	69302400.000000
2022-10-24	-0.125104	-0.121779	-0.111942	-0.196315	-9.029999	101023200.000000
2022-10-21	0.002222	-0.011386	0.010692	-0.035476	0.160004	19526800.000000
2022-10-20	0.010523	0.004630	0.051494	0.003929	0.750000	19173400.000000
2022-10-19	-0.066413	-0.040084	-0.026330	-0.076238	-5.070000	23094500.000000
2022-10-18	-0.005601	0.016152	0.024359	-0.022274	-0.430000	14970600.000000
2022-10-17	0.051356	0.029170	0.066420	0.028622	3.750000	14487400.000000
2022-10-14	-0.026530	0.013865	0.015065	-0.029729	-1.990005	13675300.000000
2022-10-13	-0.009507	-0.046085	0.000660	-0.057177	-0.720001	17563400.000000
2022-10-12	0.004776	-0.006236	0.017354	-0.017779	0.360001	13247900.000000
2022-10-11	-0.048839	-0.023473	-0.017668	-0.064361	-3.869995	18387900.000000
2022-10-10	-0.024618	-0.018095	-0.017848	-0.043575	-2.000000	14070900.000000
2022-10-07	-0.036528	-0.023363	-0.007234	-0.042279	-3.080002	11632400.000000
2022-10-06	-0.000829	-0.003792	0.010191	-0.010309	-0.070000	11583600.000000
2022-10-05	0.003329	-0.000119	0.025918	-0.010225	0.279999	13194000.000000
2022-10-04	0.045494	0.031697	0.056967	0.023493	3.660004	18252000.000000
2022-10-03	0.005751	-0.002875	0.011689	-0.024253	0.459999	13249600.000000
2022-09-30	0.011763	-0.004048	0.034404	-0.005186	0.930000	17116900.000000
2022-09-29	-0.023830	-0.036301	-0.022225	-0.052476	-1.930000	17913600.000000
2022-09-28	0.040067	-0.017786	0.046359	-0.020419	3.119995	20725400.000000
2022-09-27	-0.013180	0.006590	0.019009	-0.022938	-1.040001	16975100.000000
2022-09-26	0.001396	0.014467	0.027741	-0.000254	0.110001	17880600.000000
2022-09-23	-0.023665	-0.017966	-0.011647	-0.038533	-1.909996	20492100.000000
2022-09-22	-0.010907	0.012623	0.020588	-0.017525	-0.889999	19141200.000000
2022-09-21	-0.048951	-0.007925	-0.007459	-0.050117	-4.200005	23847300.000000
2022-09-20	-0.021218	0.003308	0.012206	-0.030230	-1.860001	19129000.000000
2022-09-19	0.014231	-0.015388	0.015446	-0.016545	1.230003	12822100.000000
2022-09-16	-0.027018	-0.012721	-0.006529	-0.038388	-2.400002	19322000.000000
2022-09-15	-0.001012	-0.003261	0.024460	-0.008097	-0.089996	12188800.000000
2022-09-14	-0.006147	-0.000112	0.003465	-0.014530	-0.550003	10843600.000000
2022-09-13	-0.055127	-0.041504	-0.026508	-0.057662	-5.220001	21149800.000000
2022-09-12	0.027675	0.003039	0.029303	-0.003582	2.550003	15604000.000000
2022-09-09	0.029267	0.017091	0.037757	0.013405	2.620003	10745500.000000
2022-09-08	-0.011921	-0.022517	-0.004636	-0.025607	-1.080002	13291800.000000
2022-09-07	0.024308	0.000791	0.027247	-0.007846	2.150002	12753300.000000
2022-09-06	-0.036492	-0.027015	-0.025381	-0.043573	-3.350006	15573500.000000
2022-09-02	-0.020382	-0.020702	-0.000448	-0.031373	-1.909996	12378900.000000
2022-09-01	-0.017818	-0.027880	-0.009328	-0.039199	-1.700005	11929100.000000
2022-08-31	0.016731	0.030051	0.050938	0.011509	1.570007	16169000.000000
2022-08-30	-0.028571	-0.007660	0.003830	-0.041201	-2.760002	17865800.000000
2022-08-29	-0.014286	0.009796	0.029694	-0.015510	-1.400002	18323500.000000
2022-08-26	-0.018921	0.049554	0.049655	-0.022825	-1.889999	45773400.000000
2022-08-25	0.079658	0.038262	0.091980	0.026265	7.370003	39170600.000000
2022-08-24	0.029945	-0.021485	0.048069	-0.025381	2.689995	22808300.000000
2022-08-23	-0.002221	-0.009552	0.001666	-0.036877	-0.199997	17345900.000000
2022-08-22	0.004463	-0.000669	0.013946	-0.003682	0.400002	15545000.000000
2022-08-19	-0.012233	-0.003637	0.010029	-0.017192	-1.110001	12364300.000000
2022-08-18	0.010805	0.003119	0.024062	-0.013924	0.970001	13418600.000000
2022-08-17	-0.031085	-0.008419	-0.002806	-0.031193	-2.880005	14491500.000000
2022-08-16	-0.016454	-0.016030	-0.006688	-0.029724	-1.549995	12003200.000000
2022-08-15	-0.006015	-0.016566	-0.001477	-0.025219	-0.570000	14425100.000000
2022-08-12	-0.001054	-0.035417	-0.000738	-0.036260	-0.100006	17846400.000000
2022-08-11	0.026398	0.022287	0.057124	0.012983	2.440002	17521200.000000
2022-08-10	0.013598	-0.000219	0.019300	-0.028841	1.239998	17855400.000000
2022-08-09	0.003853	0.003853	0.025099	-0.002642	0.350006	16744900.000000
2022-08-08	-0.018583	-0.011776	0.002053	-0.023984	-1.720001	16194100.000000
2022-08-05	-0.049985	-0.044750	-0.033460	-0.068767	-4.870003	27206100.000000
2022-08-04	0.017865	0.055892	0.076055	-0.006895	1.709999	42517800.000000
2022-08-03	0.033470	-0.006694	0.039732	-0.018355	3.099998	23921700.000000
2022-08-02	0.025238	-0.023688	0.050144	-0.023688	2.280006	34430500.000000
2022-08-01	0.010854	-0.002014	0.013092	-0.015330	0.969994	36050900.000000
2022-07-29	-0.111188	-0.062954	-0.062954	-0.113774	-11.180000	59201800.000000
2022-07-28	-0.021697	-0.008367	-0.000973	-0.069663	-2.229996	33875400.000000
2022-07-27	0.013210	0.007492	0.015083	-0.016167	1.339996	19366600.000000
2022-07-26	0.003760	0.032159	0.041461	-0.002474	0.380005	28004300.000000
2022-07-25	0.004473	-0.001093	0.006560	-0.018587	0.449997	16604300.000000
2022-07-22	-0.042994	-0.007800	-0.004090	-0.051841	-4.519997	18819800.000000
2022-07-21	0.011254	0.000962	0.025491	-0.002693	1.169998	17865500.000000
2022-07-20	-0.007542	0.014224	0.023007	-0.018138	-0.790001	21897900.000000
2022-07-19	0.015610	0.008047	0.016289	-0.015610	1.610001	19842500.000000
2022-07-18	0.006833	0.033581	0.044123	0.004978	0.699997	20503400.000000
2022-07-15	-0.012722	-0.002602	-0.001157	-0.057055	-1.320000	33572300.000000
2022-07-14	-0.048946	-0.011916	-0.005133	-0.076902	-5.339996	35314900.000000
2022-07-13	-0.001007	-0.021701	0.013094	-0.022525	-0.110001	16861400.000000
2022-07-12	-0.003286	0.011773	0.013051	-0.022908	-0.360001	22318500.000000
2022-07-11	-0.093714	-0.044996	-0.044003	-0.095699	-11.330002	31249900.000000
2022-07-08	-0.012174	-0.001062	0.028189	-0.013808	-1.489998	27221400.000000
2022-07-07	0.027451	0.012676	0.049362	0.012676	3.269997	24202000.000000
2022-07-06	-0.008408	-0.009989	-0.001082	-0.038458	-1.009995	20222700.000000
2022-07-05	0.035603	-0.012845	0.039052	-0.033276	4.129997	20989300.000000
2022-07-01	0.020408	-0.000440	0.025906	-0.006685	2.320000	16679400.000000
2022-06-30	-0.020253	-0.019478	-0.012324	-0.040076	-2.349998	13836200.000000
2022-06-29	-0.006252	-0.008136	0.002826	-0.026122	-0.730003	13793900.000000
2022-06-28	-0.016592	0.002106	0.018529	-0.018698	-1.970001	18659400.000000
2022-06-27	0.009437	0.019980	0.031967	0.002210	1.110001	21724300.000000
2022-06-24	0.049148	0.028454	0.053340	0.019534	5.510002	26980800.000000
2022-06-23	0.066191	0.045744	0.075511	0.027874	6.959999	33228200.000000
2022-06-22	-0.011655	-0.020303	0.006674	-0.031112	-1.239998	24233000.000000
2022-06-21	0.040591	0.036385	0.047164	0.015943	4.150002	33975000.000000
2022-06-17	0.007787	0.109315	0.111385	-0.001222	0.790001	72967400.000000
2022-06-16	-0.060909	-0.048505	-0.028881	-0.069610	-6.580002	22357800.000000
2022-06-15	0.026608	0.015015	0.032310	-0.008059	2.799995	24026100.000000
2022-06-14	0.068108	0.035221	0.076685	0.023447	6.710007	28567500.000000
2022-06-13	-0.103059	-0.056719	-0.048343	-0.111617	-11.320000	36396700.000000
2022-06-10	-0.000546	0.034213	0.044768	-0.015105	-0.060005	49859200.000000
2022-06-09	-0.081257	-0.038622	-0.011704	-0.085103	-9.720001	72512300.000000
2022-06-08	0.146664	0.037768	0.160420	0.033455	15.300003	92337000.000000
2022-06-07	0.053631	0.009898	0.055045	0.004141	5.309998	35958700.000000
2022-06-06	0.062225	0.068984	0.098809	0.050477	5.800003	37287200.000000
2022-06-03	-0.044000	-0.024103	-0.015385	-0.045918	-4.290001	15840000.000000
2022-06-02	0.044121	0.003106	0.045513	0.000214	4.120003	23228100.000000
2022-06-01	-0.027798	-0.001562	0.009162	-0.043415	-2.670006	23730900.000000
2022-05-31	0.028262	0.052671	0.063269	0.021839	2.639999	33790000.000000
2022-05-27	-0.011325	-0.024026	0.000212	-0.043501	-1.070000	26716000.000000
2022-05-26	0.147856	0.060625	0.155267	0.053700	12.170006	50825000.000000
2022-05-25	-0.001940	0.015157	0.019401	-0.016976	-0.160004	23093700.000000
2022-05-24	-0.054568	-0.025679	-0.024189	-0.065230	-4.760002	15214400.000000
2022-05-23	0.005070	0.003111	0.007201	-0.023390	0.440002	13998200.000000
2022-05-20	-0.010263	0.011518	0.028281	-0.033755	-0.900002	21020800.000000
2022-05-19	0.004352	-0.012942	0.031841	-0.017982	0.380005	20776400.000000
2022-05-18	-0.050875	-0.021633	-0.003805	-0.054245	-4.680000	18991300.000000
2022-05-17	0.063714	0.072502	0.092507	0.035384	5.509995	27330300.000000
2022-05-16	-0.017161	-0.003296	0.012388	-0.018752	-1.509995	19644800.000000
2022-05-13	0.085091	0.012702	0.089654	0.011222	6.900002	20078400.000000
2022-05-12	-0.007831	-0.012847	0.017007	-0.045516	-0.640007	23833100.000000
2022-05-11	-0.033582	0.011115	0.034882	-0.036656	-2.839996	24962400.000000
2022-05-10	-0.003182	0.044790	0.044790	-0.015676	-0.269997	23400900.000000
2022-05-09	-0.057857	-0.034370	-0.016102	-0.062410	-5.210007	23338600.000000
2022-05-06	-0.048500	-0.013525	-0.008242	-0.062658	-4.589996	18568600.000000
2022-05-05	-0.066759	-0.034218	-0.028991	-0.072577	-6.770004	18673100.000000
2022-05-04	0.010261	-0.026499	0.011855	-0.037557	1.030006	17740600.000000
2022-05-03	-0.008201	-0.010671	0.014623	-0.017587	-0.830002	15216100.000000
2022-05-02	0.042435	-0.007004	0.043568	-0.019981	4.120003	25479500.000000
2022-04-29	0.067979	0.116819	0.138709	0.063249	6.179993	44933400.000000
2022-04-28	0.029325	0.003397	0.030118	-0.015625	2.590004	17707500.000000
2022-04-27	0.051554	0.015835	0.064532	0.009406	4.330002	29351600.000000
2022-04-26	-0.021552	0.000350	0.004660	-0.029823	-1.849998	21194600.000000
2022-04-25	-0.007515	-0.043820	-0.003700	-0.054226	-0.650002	24674000.000000
2022-04-22	0.005815	0.005931	0.054541	0.003733	0.500000	25130300.000000
2022-04-21	-0.038251	0.001566	0.006711	-0.044850	-3.420006	25639000.000000
2022-04-20	-0.043743	-0.000214	0.002139	-0.045241	-4.089996	20949700.000000
2022-04-19	-0.012776	-0.025552	-0.008025	-0.039700	-1.209999	23870000.000000
2022-04-18	-0.008168	-0.018012	-0.002199	-0.038433	-0.779999	19159200.000000
2022-04-14	-0.045386	-0.027392	-0.007588	-0.047236	-4.540001	20931200.000000
2022-04-13	0.002807	-0.005113	0.016040	-0.015439	0.279999	18330400.000000
2022-04-12	-0.017725	-0.003644	0.007681	-0.021270	-1.800003	23953600.000000
2022-04-11	-0.019125	-0.023568	0.003767	-0.042210	-1.979996	23504100.000000
2022-04-08	-0.007097	0.002014	0.021099	-0.009025	-0.739998	20814900.000000
2022-04-07	-0.031668	-0.009287	-0.001393	-0.047084	-3.410004	26814300.000000
2022-04-06	-0.029910	-0.015856	-0.013784	-0.043964	-3.320000	23739800.000000
2022-04-05	-0.055319	-0.021277	-0.021277	-0.061872	-6.500000	35226000.000000
2022-04-04	0.066243	0.049909	0.072777	0.028811	7.300003	39088500.000000
2022-04-01	0.012868	0.081066	0.093290	0.008732	1.399994	55873000.000000
2022-03-31	-0.066735	-0.013296	-0.012781	-0.067507	-7.779999	31240200.000000
2022-03-30	-0.001114	-0.010025	0.029063	-0.010025	-0.129997	28381700.000000
2022-03-29	0.014076	0.028413	0.039187	0.005648	1.620003	28060900.000000
2022-03-28	0.018586	0.007700	0.028675	-0.009470	2.099998	30168000.000000
2022-03-25	-0.018758	-0.040122	-0.011203	-0.049935	-2.160004	42396500.000000
2022-03-24	-0.017827	-0.037359	-0.006312	-0.054759	-2.089996	55850200.000000
2022-03-23	0.019567	0.006174	0.079320	-0.020089	2.250000	81605700.000000
2022-03-22	0.110049	0.100589	0.141423	0.084757	11.400002	88193400.000000
2022-03-21	-0.043490	-0.050693	-0.024192	-0.088643	-4.710007	58882900.000000
2022-03-18	0.079008	0.001295	0.113281	-0.007672	7.930000	83781800.000000
2022-03-17	-0.043913	-0.055630	-0.029434	-0.087731	-4.610001	80663200.000000
2022-03-16	0.367639	0.198541	0.377540	0.134966	28.220001	159834300.000000
2022-03-15	-0.012860	-0.034208	0.030607	-0.057613	-1.000000	86209300.000000
2022-03-14	-0.103218	-0.069312	-0.049129	-0.111060	-8.949997	69992600.000000
2022-03-11	-0.066832	0.003659	0.011085	-0.067155	-6.209999	39341800.000000
2022-03-10	-0.079362	-0.056871	-0.051818	-0.100168	-8.010002	37671200.000000
2022-03-09	0.035179	0.028308	0.035590	0.008410	3.430000	20853600.000000
2022-03-08	-0.011758	0.006690	0.022806	-0.031320	-1.160004	23275500.000000
2022-03-07	-0.019284	-0.010338	0.027435	-0.019881	-1.939995	20679400.000000
2022-03-04	-0.014209	-0.017246	0.022930	-0.026654	-1.450005	24574700.000000
2022-03-03	-0.031967	0.005786	0.011478	-0.041264	-3.369995	21725900.000000
2022-03-02	-0.015594	0.002801	0.002801	-0.035951	-1.669998	20791800.000000
2022-03-01	0.018062	0.006274	0.057610	0.006274	1.899994	21218500.000000
2022-02-28	-0.025477	-0.018251	-0.004169	-0.039837	-2.750000	23063500.000000
2022-02-25	-0.009088	-0.009547	-0.003488	-0.045258	-0.989998	21428400.000000
2022-02-24	-0.007200	-0.087915	-0.007018	-0.088407	-0.790001	35294700.000000
2022-02-23	-0.028425	0.019215	0.021872	-0.029487	-3.209999	24489200.000000
2022-02-22	-0.050929	-0.041936	-0.034793	-0.058240	-6.059998	21755100.000000
2022-02-18	-0.043719	-0.028530	-0.028530	-0.058105	-5.440002	21201400.000000
2022-02-17	-0.009000	-0.004460	0.030583	-0.011978	-1.129997	15906000.000000
2022-02-16	-0.005387	-0.004990	0.010615	-0.013704	-0.680000	17993300.000000
2022-02-15	0.035433	0.015174	0.040067	0.011959	4.320000	14634700.000000
2022-02-14	-0.002699	-0.013824	0.001096	-0.023558	-0.330002	13154900.000000
2022-02-11	-0.013954	0.010929	0.022100	-0.016454	-1.730003	13889900.000000
2022-02-10	-0.019921	-0.018893	0.014545	-0.024506	-2.519997	16116600.000000
2022-02-09	0.037736	0.009762	0.040197	0.000328	4.599998	18253600.000000
2022-02-08	0.061662	0.029089	0.064623	0.017244	7.080002	22340500.000000
2022-02-07	-0.060547	-0.050074	-0.046392	-0.070529	-7.400002	28589200.000000
2022-02-04	-0.010124	-0.017818	0.003807	-0.030858	-1.250000	13538200.000000
2022-02-03	0.004801	-0.010824	0.019450	-0.017497	0.590004	16651500.000000
2022-02-02	-0.034114	0.003223	0.003223	-0.047555	-4.340004	14050100.000000
2022-02-01	0.011368	-0.007791	0.017569	-0.022418	1.430000	15036100.000000
2022-01-31	0.091643	0.025514	0.092337	0.019700	10.559998	20346500.000000
2022-01-28	0.030772	0.013060	0.031577	-0.015475	3.440002	18892400.000000
2022-01-27	-0.013937	-0.002293	0.010320	-0.027344	-1.580002	21472700.000000
2022-01-26	-0.048430	0.015024	0.015024	-0.051855	-5.769997	27513200.000000
2022-01-25	-0.010219	-0.003822	0.017363	-0.019357	-1.230003	22224100.000000
2022-01-24	-0.023209	-0.031729	-0.019882	-0.064189	-2.860001	28509300.000000
2022-01-21	-0.059528	-0.021369	-0.015798	-0.064939	-7.799995	26341400.000000
2022-01-20	0.025755	0.062862	0.070534	0.023015	3.290001	28966400.000000
2022-01-19	-0.006687	-0.003888	0.017574	-0.011431	-0.860008	14665200.000000
2022-01-18	-0.022574	-0.040283	0.004256	-0.051304	-2.970001	26122200.000000
2022-01-14	0.001523	0.010961	0.022760	-0.015376	0.200012	18614900.000000
2022-01-13	-0.043956	-0.016083	-0.010844	-0.044465	-6.040009	19887700.000000
2022-01-12	0.039489	0.028973	0.049247	0.025683	5.220001	25961100.000000
2022-01-11	0.030320	0.007093	0.046220	-0.006469	3.889999	23616400.000000
2022-01-10	-0.011632	0.016794	0.021493	-0.027579	-1.509995	23372200.000000
2022-01-07	0.025113	0.028508	0.057253	0.012240	3.180000	38113000.000000
2022-01-06	0.045147	0.025586	0.059756	0.019024	5.469994	32045800.000000
2022-01-05	0.013382	-0.013048	0.059050	-0.015557	1.600006	36651100.000000
2022-01-04	-0.006812	-0.007061	0.004070	-0.038295	-0.820000	20824000.000000
2022-01-03	0.013385	0.004967	0.026602	-0.025002	1.589996	16775300.000000
2021-12-31	-0.034149	-0.014310	-0.000650	-0.035775	-4.199997	24287000.000000
2021-12-30	0.097243	0.004818	0.108930	0.001874	10.900002	45437100.000000
2021-12-29	-0.023606	-0.008711	-0.005227	-0.038502	-2.710007	21100500.000000
2021-12-28	-0.015353	-0.002830	-0.001458	-0.018183	-1.789993	17052100.000000
2021-12-27	-0.017445	-0.007248	0.026462	-0.021557	-2.070007	17864400.000000
2021-12-23	0.007215	-0.008573	0.015109	-0.020542	0.850006	17563300.000000
2021-12-22	-0.042039	-0.047894	-0.035128	-0.063669	-5.170006	24502000.000000
2021-12-21	0.069391	0.016087	0.069391	0.013913	7.980003	18036300.000000
2021-12-20	-0.058149	-0.029484	-0.026781	-0.068837	-7.099998	23970500.000000
2021-12-17	0.015385	-0.006320	0.021788	-0.020291	1.849998	19781100.000000
2021-12-16	-0.018127	-0.001225	0.026292	-0.029150	-2.220001	22533400.000000
2021-12-15	-0.032470	-0.031206	-0.023621	-0.069600	-4.110001	24893500.000000
2021-12-14	0.035504	-0.010717	0.044257	-0.015870	4.340004	17691500.000000
2021-12-13	-0.022549	-0.016472	-0.014473	-0.042460	-2.820000	15820500.000000
2021-12-10	0.009281	-0.005569	0.010491	-0.009120	1.149994	15008300.000000
2021-12-09	-0.009354	-0.003598	0.021426	-0.014934	-1.169998	23499300.000000
2021-12-08	-0.003664	-0.018560	0.011391	-0.033615	-0.459999	22275000.000000
2021-12-07	0.015696	0.046117	0.047330	-0.001133	1.940002	38542800.000000
2021-12-06	0.103966	0.015005	0.105931	0.013130	11.639999	43111400.000000
2021-12-03	-0.082295	-0.032787	-0.031229	-0.109016	-10.040001	70266500.000000
2021-12-02	-0.004000	0.004327	0.020491	-0.025716	-0.489998	34478600.000000
2021-12-01	-0.039520	0.006587	0.012742	-0.044146	-5.040001	29203800.000000
2021-11-30	-0.031001	-0.012985	-0.002203	-0.041638	-4.080002	32625400.000000
2021-11-29	-0.013048	0.006749	0.008999	-0.020997	-1.740005	18648900.000000
2021-11-26	-0.023220	-0.026297	-0.018605	-0.038822	-3.169998	14814900.000000
2021-11-24	0.021398	-0.004190	0.023193	-0.018255	2.860001	20010400.000000
2021-11-23	-0.021666	-0.004304	0.001684	-0.024228	-2.959991	24102900.000000
2021-11-22	-0.026507	-0.003135	0.002565	-0.036554	-3.720001	26390400.000000
2021-11-19	-0.022702	-0.003900	0.010167	-0.025070	-3.260010	28575700.000000
2021-11-18	-0.111276	-0.090791	-0.080951	-0.121859	-17.979996	61571500.000000
2021-11-17	-0.040670	-0.002434	-0.000772	-0.043312	-6.849991	18829500.000000
2021-11-16	0.011349	0.012369	0.020416	0.000781	1.889999	11887500.000000
2021-11-15	-0.001619	0.002458	0.009892	-0.006834	-0.270004	9655700.000000
2021-11-12	-0.006196	-0.015943	-0.000298	-0.026512	-1.040009	13741800.000000
2021-11-11	0.023663	0.015796	0.034519	0.015796	3.880005	16747500.000000
2021-11-10	0.023597	0.021787	0.039266	0.010175	3.779999	17216800.000000
2021-11-09	-0.012149	0.000000	0.014307	-0.016157	-1.970001	14010100.000000
2021-11-08	0.021609	0.019121	0.021609	0.004725	3.430008	16223100.000000
2021-11-05	-0.036774	0.000030	0.000030	-0.039383	-6.059998	22098200.000000
2021-11-04	-0.008722	0.018287	0.022257	-0.010467	-1.450012	16669200.000000
2021-11-03	0.020503	0.015101	0.023020	0.001289	3.340012	13569700.000000
2021-11-02	-0.042722	-0.018041	-0.018041	-0.043545	-7.270004	19072900.000000
2021-11-01	0.031708	0.005456	0.042167	0.005214	5.229996	17609500.000000
2021-10-29	-0.028565	-0.016020	-0.007244	-0.041640	-4.849991	17155400.000000
2021-10-28	0.003309	-0.004373	0.006618	-0.014536	0.559998	12440100.000000
2021-10-27	-0.004471	-0.014471	0.014471	-0.015589	-0.760010	11801800.000000
2021-10-26	-0.035080	-0.009593	-0.007209	-0.049327	-6.179993	17577000.000000
2021-10-25	-0.008610	0.000900	0.003264	-0.021778	-1.529999	13119700.000000
2021-10-22	0.001578	0.009356	0.026322	-0.009075	0.279999	20807300.000000
2021-10-21	0.001355	-0.001016	0.014674	-0.002653	0.240005	16444000.000000
2021-10-20	0.001017	0.022316	0.028757	-0.004915	0.179993	33714400.000000
2021-10-19	0.061024	0.022659	0.063661	0.021760	10.179993	33538900.000000
2021-10-18	-0.007024	-0.008452	0.007440	-0.008452	-1.179993	18945900.000000
2021-10-15	0.007315	0.001259	0.018108	-0.008065	1.220001	20762800.000000
2021-10-14	-0.003704	0.005137	0.009498	-0.017563	-0.619995	17403700.000000
2021-10-13	0.026994	0.008466	0.032301	0.003681	4.399994	18595000.000000
2021-10-12	-0.005794	-0.000762	0.010857	-0.010430	-0.949997	24512700.000000
2021-10-11	0.015045	0.050087	0.051263	0.015045	2.429993	42193600.000000
2021-10-08	0.035385	0.024744	0.043462	0.012244	5.520004	33499200.000000
2021-10-07	0.082581	0.048230	0.098473	0.046148	11.899994	46035900.000000
2021-10-06	0.006707	-0.018024	0.012240	-0.022216	0.960007	14875900.000000
2021-10-05	0.025138	-0.001790	0.030079	-0.003151	3.509995	14032100.000000
2021-10-04	-0.031692	-0.017337	-0.015950	-0.040014	-4.569992	25218500.000000
2021-10-01	-0.026005	-0.006484	0.002702	-0.031814	-3.850006	20211000.000000
2021-09-30	0.003185	-0.003727	0.013552	-0.004852	0.470001	14291500.000000
2021-09-29	-0.031564	-0.012665	-0.001903	-0.032220	-4.809998	17361300.000000
2021-09-28	0.014716	0.013184	0.023638	-0.008789	2.210007	26299600.000000
2021-09-27	0.035153	-0.001103	0.040736	-0.004411	5.099991	24287400.000000
2021-09-24	-0.040413	-0.023017	-0.021099	-0.043786	-6.110001	32067400.000000
2021-09-23	-0.004609	0.004543	0.005201	-0.015011	-0.699997	24707500.000000
2021-09-22	0.011386	0.008590	0.025436	0.005593	1.710007	19832000.000000
2021-09-21	-0.008648	0.000594	0.007195	-0.012668	-1.310013	19494700.000000
2021-09-20	-0.053483	-0.035302	-0.030678	-0.068479	-8.559998	36177500.000000
2021-09-17	0.024255	0.014207	0.026366	0.011711	3.790009	25489000.000000
2021-09-16	-0.010136	-0.018624	-0.001400	-0.026543	-1.600006	24358900.000000
2021-09-15	-0.014299	-0.013737	-0.013238	-0.038901	-2.289993	31796600.000000
2021-09-14	-0.031800	-0.015416	-0.014153	-0.035850	-5.260010	20925900.000000
2021-09-13	-0.016002	-0.021475	-0.007365	-0.030220	-2.690002	15458600.000000
2021-09-10	0.004662	0.023189	0.025819	0.001733	0.779999	15064300.000000
2021-09-09	-0.019858	-0.019975	-0.009783	-0.030051	-3.389999	17295800.000000
2021-09-08	-0.025405	-0.005195	-0.004510	-0.033684	-4.449997	18993000.000000
2021-09-07	0.028538	0.022607	0.038403	0.018027	4.860001	24608500.000000
2021-09-03	-0.009884	-0.014390	0.000349	-0.018140	-1.699997	16423500.000000
2021-09-02	-0.007387	0.027297	0.028278	-0.009291	-1.279999	29302400.000000
2021-09-01	0.037667	0.015390	0.046709	0.014013	6.289993	29550200.000000
2021-08-31	0.028961	0.033335	0.041346	0.023723	4.700012	24629100.000000
2021-08-30	0.017684	0.004390	0.023954	-0.007776	2.819992	23769400.000000
2021-08-27	-0.034919	-0.031772	-0.021000	-0.040487	-5.770004	31718100.000000
2021-08-26	-0.022827	-0.009698	-0.003844	-0.025310	-3.860001	18816500.000000
2021-08-25	-0.015143	-0.017472	-0.012172	-0.032731	-2.599991	26055400.000000
2021-08-24	0.066062	0.049547	0.081286	0.044071	10.639999	62786400.000000
2021-08-23	0.019625	0.008356	0.022221	-0.032667	3.099991	88699200.000000
2021-08-20	-0.016132	0.022236	0.039738	-0.031454	-2.589996	75948900.000000
2021-08-19	-0.068465	-0.032782	-0.029510	-0.074500	-11.800003	66663000.000000
2021-08-18	-0.007943	0.002130	0.009382	-0.009325	-1.379990	34339800.000000
2021-08-17	-0.049149	-0.037163	-0.026381	-0.052323	-8.980011	40558000.000000
2021-08-16	-0.031333	-0.019192	-0.012512	-0.037695	-5.909988	21020700.000000
2021-08-13	-0.015861	-0.015914	-0.012522	-0.025827	-3.040009	15377000.000000
2021-08-12	-0.016422	-0.018937	-0.009648	-0.026558	-3.199997	12873400.000000
2021-08-11	-0.004445	0.004445	0.006080	-0.005109	-0.869995	8985100.000000
2021-08-10	0.002458	0.010346	0.016389	-0.000907	0.479996	9983700.000000
2021-08-09	-0.005805	-0.009216	-0.004532	-0.018178	-1.139999	14657200.000000
2021-08-06	-0.014502	-0.000151	0.000201	-0.018065	-2.889999	11967700.000000
2021-08-05	-0.007125	-0.007175	-0.002093	-0.015296	-1.430008	9881400.000000
2021-08-04	0.016871	0.000557	0.029866	-0.002381	3.330002	22327300.000000
2021-08-03	-0.013544	-0.025389	-0.013244	-0.040432	-2.709991	20115900.000000
2021-08-02	0.025104	0.005533	0.035248	0.005431	4.899994	17889200.000000
2021-07-30	-0.011896	-0.035233	-0.007568	-0.035689	-2.349991	17250600.000000
2021-07-29	0.007806	0.025687	0.026172	-0.005612	1.529999	23363200.000000
2021-07-28	0.053421	0.022357	0.064116	0.019831	9.939987	34535200.000000
2021-07-27	-0.029672	-0.042605	-0.025344	-0.063048	-5.689987	59265700.000000
2021-07-26	-0.071515	-0.039510	-0.038517	-0.075776	-14.770004	55736800.000000
2021-07-23	-0.035087	-0.036208	-0.033405	-0.048963	-7.509995	25539900.000000
2021-07-22	0.014023	0.007391	0.025156	0.007201	2.959991	10563100.000000
2021-07-21	0.002327	-0.006838	0.005983	-0.010304	0.490005	7650300.000000
2021-07-20	0.008042	0.000431	0.012398	-0.006907	1.679993	9986800.000000
2021-07-19	-0.015040	-0.028289	-0.014239	-0.041773	-3.190002	15865800.000000
2021-07-16	-0.012386	0.000419	0.002049	-0.015366	-2.659988	11150200.000000
2021-07-15	0.015414	0.017069	0.024114	0.007853	3.259995	14283600.000000
2021-07-14	0.009498	0.028591	0.032648	0.007255	1.990005	19484200.000000
2021-07-13	0.019613	0.018250	0.035673	0.013189	4.029999	17375900.000000
2021-07-12	-0.002234	-0.009906	0.002501	-0.014179	-0.460007	11259500.000000
2021-07-09	0.030473	0.011008	0.037118	0.008256	6.089996	16911300.000000
2021-07-08	-0.039183	-0.030240	-0.027500	-0.046827	-8.149994	33992500.000000
2021-07-07	-0.017013	0.000047	0.002127	-0.017864	-3.600006	18340400.000000
2021-07-06	-0.028243	-0.011160	-0.010792	-0.038471	-6.149994	23719900.000000
2021-07-02	-0.018569	-0.012214	-0.010682	-0.024384	-4.119995	12989200.000000
2021-07-01	-0.021651	0.005688	0.009128	-0.023062	-4.910004	13316400.000000
2021-06-30	-0.011593	-0.010678	-0.006363	-0.016388	-2.660004	9348600.000000
2021-06-29	0.003718	-0.008268	0.004593	-0.013071	0.850006	10273800.000000
2021-06-28	0.000394	0.004376	0.010460	-0.007790	0.089996	13564900.000000
2021-06-25	0.046341	0.015249	0.054355	0.012455	10.119995	27383900.000000
2021-06-24	0.016383	0.009913	0.021968	0.003258	3.520004	13488200.000000
2021-06-23	0.016752	0.013581	0.023708	0.008565	3.539993	13785800.000000
2021-06-22	0.001232	-0.003032	0.002843	-0.005686	0.260010	11092100.000000
2021-06-21	-0.005841	-0.008243	-0.002449	-0.015591	-1.240005	9273800.000000
2021-06-18	0.003308	0.001938	0.010586	-0.004773	0.699997	13724600.000000
2021-06-17	0.010892	0.002771	0.015144	0.002150	2.279999	11233700.000000
2021-06-16	-0.003523	-0.001476	0.007426	-0.008731	-0.739990	10917800.000000
2021-06-15	-0.018136	0.001075	0.002571	-0.020099	-3.880005	12167000.000000
2021-06-14	0.010868	0.002882	0.016656	0.002854	2.300003	10773100.000000
2021-06-11	-0.006711	0.001783	0.001830	-0.009715	-1.430008	12276600.000000
2021-06-10	-0.001172	0.000844	0.006938	-0.005203	-0.250000	10735900.000000
2021-06-09	-0.011584	-0.002826	0.003475	-0.011630	-2.500000	10233600.000000
2021-06-08	-0.004979	0.001798	0.006132	-0.009958	-1.079987	9443000.000000
2021-06-07	-0.009680	-0.004657	-0.002831	-0.015204	-2.120010	9928600.000000
2021-06-04	0.009123	0.005713	0.009399	0.000461	1.980011	8999100.000000
2021-06-03	-0.011613	-0.007241	-0.004053	-0.014960	-2.550003	12448100.000000
2021-06-02	0.000501	-0.000228	0.002096	-0.009204	0.110001	13126400.000000
2021-06-01	0.025799	0.042344	0.042858	0.020004	5.519989	23052800.000000
2021-05-28	0.005735	0.000094	0.008414	-0.003196	1.220001	10401500.000000
2021-05-27	0.004533	0.011285	0.017377	0.003541	0.960007	18680200.000000
2021-05-26	0.003079	0.005542	0.012409	0.001942	0.649994	9405800.000000
2021-05-25	0.003279	0.011357	0.017155	0.002709	0.690002	14116100.000000
2021-05-24	-0.002938	-0.004880	0.004501	-0.011182	-0.619995	15884200.000000
2021-05-21	-0.027328	-0.008111	-0.005069	-0.032813	-5.930008	22825500.000000
2021-05-20	0.020937	0.002141	0.023948	0.000424	4.450012	19123400.000000
2021-05-19	-0.005521	-0.012259	-0.003790	-0.016844	-1.180008	17030400.000000
2021-05-18	0.012651	0.006870	0.019521	0.001753	2.669998	19519400.000000
2021-05-17	0.007351	0.005274	0.017374	-0.000334	1.540009	20529800.000000
2021-05-14	0.016644	0.018653	0.023583	-0.000291	3.429993	31626800.000000
2021-05-13	-0.062847	-0.030696	-0.020009	-0.070532	-13.819992	51693900.000000
2021-05-12	-0.006685	0.015178	0.017662	-0.010751	-1.480011	20366900.000000
2021-05-11	0.008427	-0.026511	0.008473	-0.029745	1.850006	13887700.000000
2021-05-10	-0.025654	-0.010830	-0.010830	-0.029959	-5.779999	17266700.000000
2021-05-07	-0.004902	0.006537	0.010467	-0.006051	-1.110001	10550000.000000
2021-05-06	-0.001587	0.001455	0.007320	-0.017197	-0.360001	12247700.000000
2021-05-05	-0.004914	0.000439	0.006143	-0.005134	-1.119995	10013800.000000
2021-05-04	-0.012180	-0.001994	0.003337	-0.022799	-2.810013	13260500.000000
2021-05-03	-0.001039	0.001386	0.022602	-0.002360	-0.239990	13620900.000000
2021-04-30	-0.013793	-0.010291	-0.001409	-0.015672	-3.229996	9326400.000000
2021-04-29	-0.010730	0.004520	0.005618	-0.017405	-2.540009	9552800.000000
2021-04-28	0.003391	0.006994	0.013988	0.001738	0.800003	9187700.000000
2021-04-27	0.013838	0.003180	0.018178	-0.002664	3.220001	11646300.000000
2021-04-26	0.002671	-0.002499	0.006076	-0.005429	0.619995	7792900.000000
2021-04-23	0.011903	0.005668	0.015915	0.005058	2.729996	8967000.000000
2021-04-22	-0.000392	-0.002942	0.019874	-0.007061	-0.089996	11986200.000000
2021-04-21	-0.001914	-0.002393	-0.001697	-0.016574	-0.440002	14315900.000000
2021-04-20	-0.020871	-0.008135	-0.000639	-0.027047	-4.899994	12093900.000000
2021-04-19	-0.016381	-0.005237	-0.001131	-0.024634	-3.910004	11216000.000000
2021-04-16	-0.001673	0.011711	0.011711	-0.005312	-0.399994	14418800.000000
2021-04-15	-0.000585	0.003219	0.007190	-0.004611	-0.139999	11288900.000000
2021-04-14	-0.010997	0.010253	0.013229	-0.013395	-2.660004	12405200.000000
2021-04-13	-0.008688	-0.001434	0.006885	-0.017704	-2.119995	20793000.000000
2021-04-12	0.092696	0.065290	0.096727	0.059738	20.699997	57500300.000000
2021-04-09	-0.021600	-0.014853	-0.013889	-0.030319	-4.930008	19763000.000000
2021-04-08	0.012510	0.013663	0.017745	0.005323	2.820007	12211300.000000
2021-04-07	-0.022336	-0.019343	-0.010322	-0.025025	-5.150009	18034900.000000
2021-04-06	0.023391	0.003240	0.029738	0.001953	5.270004	18100400.000000
2021-04-05	0.004190	0.009672	0.009850	-0.008201	0.940002	14962100.000000
2021-04-01	-0.010453	0.017422	0.019936	-0.014246	-2.369995	23497500.000000
2021-03-31	-0.010992	0.002792	0.009902	-0.012126	-2.520004	16825400.000000
2021-03-30	-0.011257	-0.011171	-0.006081	-0.022514	-2.610001	14828700.000000
2021-03-29	0.020241	-0.007788	0.022529	-0.009504	4.600006	18029100.000000
2021-03-26	0.020384	-0.003233	0.029270	-0.010327	4.539993	22030800.000000
2021-03-25	-0.029923	-0.019992	-0.001524	-0.030881	-6.869995	24819800.000000
2021-03-24	-0.033997	-0.003534	-0.001557	-0.035469	-8.080002	15949900.000000
2021-03-23	0.002320	0.000759	0.016869	-0.006832	0.550003	12295600.000000
2021-03-22	-0.011135	-0.016410	-0.005255	-0.019976	-2.669998	12063200.000000
2021-03-19	0.014211	0.013662	0.021867	0.001920	3.360001	15959700.000000
2021-03-18	0.013242	0.022371	0.026399	0.009514	3.089996	14822300.000000
2021-03-17	0.028247	-0.001895	0.038338	-0.004935	6.410004	16949500.000000
2021-03-16	-0.014548	-0.009597	-0.001867	-0.020627	-3.350006	19336600.000000
2021-03-15	-0.006857	-0.014922	-0.006124	-0.024195	-1.589996	14499700.000000
2021-03-12	-0.037085	-0.029506	-0.022218	-0.046071	-8.930008	17778400.000000
2021-03-11	0.027742	0.012377	0.031669	0.002988	6.500000	15162500.000000
2021-03-10	-0.016125	0.012010	0.013374	-0.018896	-3.839996	10491200.000000
2021-03-09	0.050509	0.029512	0.053156	0.028166	11.449997	15291300.000000
2021-03-08	-0.030784	-0.020822	-0.013169	-0.031468	-7.199997	17138400.000000
2021-03-05	0.014707	0.021345	0.025727	-0.009371	3.389999	15988400.000000
2021-03-04	-0.024421	-0.005375	0.000423	-0.033479	-5.770004	22964800.000000
2021-03-03	0.007892	0.013139	0.022135	0.000132	1.850006	13571700.000000
2021-03-02	-0.030080	-0.011999	-0.002027	-0.030700	-7.270004	14644200.000000
2021-03-01	0.016529	0.013838	0.021156	0.006309	3.930008	14043300.000000
2021-02-26	-0.010076	0.018528	0.019652	-0.010534	-2.419998	17470700.000000
2021-02-25	-0.040585	-0.001358	0.000000	-0.041024	-10.160004	17967300.000000
2021-02-24	-0.009535	-0.002967	-0.002967	-0.018398	-2.410004	12831700.000000
2021-02-23	-0.004921	-0.026339	0.003543	-0.048740	-1.250000	15980300.000000
2021-02-22	-0.036382	-0.021245	-0.015668	-0.036382	-9.589996	14403500.000000
2021-02-19	-0.003478	0.005822	0.018449	-0.006276	-0.920013	14718400.000000
2021-02-18	-0.023336	-0.020677	-0.017169	-0.031385	-6.319977	15382300.000000
2021-02-17	0.000480	0.000702	0.005970	-0.010676	0.129974	13262400.000000
2021-02-16	0.010640	0.011760	0.024043	0.009520	2.850006	16708700.000000
2021-02-12	-0.004016	0.000595	0.004908	-0.012085	-1.079987	9355100.000000
2021-02-11	0.004257	0.003585	0.024161	-0.002203	1.139984	15295800.000000
2021-02-10	0.004878	0.008293	0.014672	-0.007092	1.300018	13090800.000000
2021-02-09	0.014852	0.001561	0.017556	-0.000190	3.899994	12432800.000000
2021-02-08	-0.011593	-0.002597	-0.002522	-0.014492	-3.080017	10721100.000000
2021-02-05	-0.004832	-0.008803	-0.001910	-0.014047	-1.289978	11018700.000000
2021-02-04	0.013400	0.023346	0.024902	0.008078	3.529999	16763000.000000
2021-02-03	0.035088	0.040079	0.054145	0.026523	8.929993	29179700.000000
2021-02-02	-0.038498	-0.000453	0.001171	-0.040236	-10.190002	30534300.000000
2021-02-01	0.042785	0.019580	0.044006	0.005378	10.860001	15289300.000000
2021-01-29	-0.026576	-0.018139	-0.007133	-0.032444	-6.930008	14693000.000000
2021-01-28	0.001960	-0.004150	0.005072	-0.011220	0.510010	10244900.000000
2021-01-27	-0.021322	-0.002971	0.000000	-0.022450	-5.670013	16050400.000000
2021-01-26	0.017369	0.009258	0.017675	-0.000995	4.540009	14681200.000000
2021-01-25	0.010672	0.019333	0.025443	-0.002977	2.760010	19478600.000000
2021-01-22	-0.005308	-0.012308	0.001269	-0.017308	-1.380005	13518200.000000
2021-01-21	-0.020679	-0.005123	-0.003352	-0.028589	-5.489990	20709900.000000
2021-01-20	0.054997	0.062984	0.068945	0.043910	13.839996	44640800.000000
2021-01-19	0.033640	0.026863	0.038692	0.014499	8.189987	23681900.000000
2021-01-15	0.001976	0.013458	0.016503	-0.003416	0.480011	21561600.000000
2021-01-14	0.032639	0.042541	0.044199	0.026222	7.679993	31381600.000000
2021-01-13	0.042996	0.019238	0.066002	0.003058	9.699997	38805100.000000
2021-01-12	-0.007785	0.004464	0.010468	-0.009808	-1.769989	18969900.000000
2021-01-11	-0.037343	-0.026631	-0.022715	-0.043736	-8.820007	23036900.000000
2021-01-08	0.040943	0.004319	0.051565	-0.000956	9.290009	34884900.000000
2021-01-07	-0.003119	0.007469	0.010281	-0.033039	-0.710007	49361800.000000
2021-01-06	-0.053203	-0.022671	-0.008735	-0.060483	-12.789993	37146100.000000
2021-01-05	0.055080	0.005267	0.056660	0.001185	12.549988	35823800.000000
2021-01-04	-0.020968	-0.026769	-0.010097	-0.033043	-4.879990	24897900.000000
2020-12-31	-0.023743	-0.003901	0.002223	-0.030886	-5.660004	23451800.000000
2020-12-30	0.009016	0.030001	0.030179	-0.006836	2.130005	44812300.000000
2020-12-29	0.062511	0.042274	0.075688	0.032560	13.899994	69715900.000000
2020-12-28	0.001622	-0.023063	0.013468	-0.030090	0.360001	73512100.000000
2020-12-24	-0.133422	-0.109083	-0.102584	-0.175463	-34.179993	141830000.000000
2020-12-23	0.001368	-0.001290	0.005941	-0.012899	0.349991	10729200.000000
2020-12-22	-0.017663	-0.009830	-0.008025	-0.019276	-4.599991	11468400.000000
2020-12-21	0.001654	-0.018577	0.001769	-0.021154	0.429993	10901800.000000
2020-12-18	-0.016753	-0.002004	0.001777	-0.019778	-4.429993	15981800.000000
2020-12-17	0.009699	0.010730	0.011302	-0.006453	2.539978	14306600.000000
2020-12-16	0.026577	0.010309	0.031633	0.007565	6.780014	15804800.000000
2020-12-15	-0.003593	-0.002695	-0.001367	-0.014569	-0.919998	16595600.000000
2020-12-14	-0.032169	-0.015952	-0.013930	-0.032169	-8.510010	18369900.000000
2020-12-11	-0.001246	-0.002190	0.001699	-0.008948	-0.329987	7771300.000000
2020-12-10	0.004056	-0.006861	0.008681	-0.009856	1.070007	10290300.000000
2020-12-09	-0.008606	0.005524	0.006840	-0.011237	-2.290009	9060700.000000
2020-12-08	0.007917	0.004546	0.016667	-0.000492	2.089996	9447700.000000
2020-12-07	-0.012161	-0.005800	-0.004790	-0.017399	-3.250000	11388700.000000
2020-12-04	0.001274	0.015398	0.016447	-0.002398	0.339996	15527600.000000
2020-12-03	0.021391	0.009414	0.027859	0.006965	5.589996	15520500.000000
2020-12-02	-0.010189	-0.007613	-0.003447	-0.014772	-2.690002	13919700.000000
2020-12-01	0.002468	0.008012	0.008771	-0.006797	0.650024	14573100.000000
2020-11-30	-0.047454	-0.027163	-0.027163	-0.050492	-13.120026	30476100.000000
2020-11-27	-0.004465	0.003889	0.004321	-0.007396	-1.239990	9583200.000000
2020-11-25	-0.008001	-0.015216	-0.002250	-0.021110	-2.239990	15229300.000000
2020-11-24	0.036467	0.022676	0.038873	0.009959	9.850006	20660500.000000
2020-11-23	-0.002327	0.014811	0.018431	-0.015989	-0.630005	25317100.000000
2020-11-20	0.041748	0.015699	0.048020	0.007734	10.849976	34178400.000000
2020-11-19	0.015870	-0.003244	0.021772	-0.008873	4.060013	20752800.000000
2020-11-18	-0.003777	0.003738	0.005880	-0.016550	-0.969986	28307100.000000
2020-11-17	-0.005846	0.007627	0.007627	-0.006852	-1.510010	19739500.000000
2020-11-16	-0.009699	-0.001610	0.006632	-0.014607	-2.529999	20864200.000000
2020-11-13	-0.013129	0.001551	0.004275	-0.027014	-3.470001	33942800.000000
2020-11-12	-0.005044	0.020290	0.020892	-0.009825	-1.339996	27119100.000000
2020-11-11	-0.003339	-0.017333	0.020185	-0.020016	-0.890015	41699000.000000
2020-11-10	-0.082573	-0.036347	-0.036244	-0.090180	-23.989990	61064000.000000
2020-11-09	-0.031405	0.012735	0.013502	-0.031505	-9.420013	22559900.000000
2020-11-06	0.042398	0.012997	0.045665	0.007076	12.200012	25259600.000000
2020-11-05	-0.026918	-0.022387	-0.015082	-0.054479	-7.959991	50065200.000000
2020-11-04	0.035508	0.007774	0.047624	-0.000946	10.139984	28791200.000000
2020-11-03	-0.081296	-0.079269	-0.053275	-0.096706	-25.269989	58132500.000000
2020-11-02	0.020184	0.020546	0.022154	0.002297	6.149994	11857600.000000
2020-10-30	-0.025179	-0.012830	-0.005535	-0.039576	-7.869995	14918500.000000
2020-10-29	0.015003	0.004871	0.024810	0.003150	4.619995	11174500.000000
2020-10-28	-0.029009	-0.011478	-0.011478	-0.035126	-9.200012	13644500.000000
2020-10-27	0.033467	0.002868	0.040571	-0.004106	10.270020	13175900.000000
2020-10-26	-0.009841	0.000000	0.017876	-0.021683	-3.050018	9350100.000000
2020-10-23	0.011885	0.003232	0.013223	-0.007248	3.640015	6231400.000000
2020-10-22	-0.005488	0.011332	0.012599	-0.012209	-1.690002	8008400.000000
2020-10-21	-0.005939	0.006262	0.013524	-0.006811	-1.839996	11139700.000000
2020-10-20	0.014806	0.007567	0.021324	0.005798	4.519989	8806100.000000
2020-10-19	-0.006573	0.008395	0.021151	-0.012691	-2.019989	14107300.000000
2020-10-16	0.026214	0.015127	0.035197	0.011654	7.850006	12338000.000000
2020-10-15	-0.005249	-0.024050	-0.003910	-0.028003	-1.580017	9709900.000000
2020-10-14	-0.025066	0.000712	0.003821	-0.025844	-7.739990	15157800.000000
2020-10-13	0.007965	0.000065	0.011980	-0.010805	2.440002	10898500.000000
2020-10-12	0.022019	0.014046	0.033029	0.005155	6.600006	14780100.000000
2020-10-09	-0.002662	-0.006621	0.006888	-0.009317	-0.800018	11442200.000000
2020-10-08	0.013626	0.005430	0.019562	-0.003572	4.040009	15105800.000000
2020-10-07	0.014057	0.019152	0.024351	0.001642	4.109985	16669300.000000
2020-10-06	0.014292	-0.002983	0.029729	-0.004718	4.120026	15860400.000000
2020-10-05	0.000347	0.003088	0.006350	-0.011417	0.099976	17876400.000000
2020-10-02	-0.006482	-0.011826	0.006651	-0.012205	-1.879974	11482800.000000
2020-10-01	-0.013368	0.004354	0.005477	-0.019491	-3.930023	16304000.000000
2020-09-30	0.061568	0.025566	0.065251	0.024483	17.050018	24777700.000000
2020-09-29	0.003333	-0.002101	0.011920	-0.004022	0.919983	7673300.000000
2020-09-28	0.018149	0.016378	0.028588	0.011469	4.920013	8761700.000000
2020-09-25	0.005042	-0.008008	0.007711	-0.019167	1.359985	11466600.000000
2020-09-24	-0.011797	-0.018392	-0.006228	-0.020575	-3.220001	9562100.000000
2020-09-23	-0.008500	0.000400	0.009227	-0.013767	-2.339996	7353200.000000
2020-09-22	0.005368	0.008034	0.009130	-0.013768	1.470001	9673300.000000
2020-09-21	0.005176	-0.012151	0.006644	-0.022062	1.410004	9076400.000000
2020-09-18	-0.012005	0.000943	0.005622	-0.018751	-3.309998	11753500.000000
2020-09-17	-0.008701	-0.018085	-0.008054	-0.020921	-2.420013	8016900.000000
2020-09-16	0.000648	0.011045	0.020309	0.000144	0.180023	9583500.000000
2020-09-15	0.014082	0.014228	0.018242	0.002554	3.859985	8291400.000000
2020-09-14	0.009168	0.013807	0.017231	0.000552	2.490021	7883300.000000
2020-09-11	0.015175	0.018987	0.026089	0.002130	4.059998	9412800.000000
2020-09-10	-0.020502	0.006407	0.014461	-0.021051	-5.600006	10676800.000000
2020-09-09	0.011592	0.016406	0.020813	0.003185	3.130005	9465700.000000
2020-09-08	-0.040407	-0.039660	-0.026369	-0.052596	-11.370026	12734000.000000
2020-09-04	-0.003929	-0.010265	0.004531	-0.053487	-1.109985	15885800.000000
2020-09-03	-0.045834	-0.023880	-0.018026	-0.060492	-13.570007	16766200.000000
2020-09-02	-0.006476	0.003356	0.003356	-0.027550	-1.929993	12638600.000000
2020-09-01	0.038219	0.007560	0.038219	0.006410	10.970001	13797100.000000
2020-08-31	-0.006817	-0.001315	0.000657	-0.018651	-1.970001	13253800.000000
2020-08-28	0.016997	0.003237	0.018756	-0.002111	4.829987	9681500.000000
2020-08-27	-0.026682	-0.006131	-0.005857	-0.033772	-7.789978	14805800.000000
2020-08-26	0.020839	0.011399	0.022657	-0.006643	5.959991	19530300.000000
2020-08-25	0.036157	0.007391	0.047460	0.000073	9.980011	27535500.000000
2020-08-24	0.038450	0.027991	0.042024	0.021896	10.220001	22475800.000000
2020-08-21	0.030352	0.004109	0.036671	0.001318	7.829987	25648200.000000
2020-08-20	-0.010054	-0.014198	-0.006562	-0.024598	-2.619995	21460800.000000
2020-08-19	0.005363	0.006520	0.008063	-0.007022	1.389984	14096500.000000
2020-08-18	0.008717	0.006810	0.017357	-0.003502	2.240021	13267800.000000
2020-08-17	0.011773	-0.003819	0.013407	-0.015297	2.989990	9760000.000000
2020-08-14	0.000985	0.006976	0.008080	-0.008198	0.250000	7876400.000000
2020-08-13	-0.005760	0.004702	0.006975	-0.009052	-1.470001	8794500.000000
2020-08-12	0.027252	0.003341	0.030835	0.001047	6.770004	11112300.000000
2020-08-11	0.001169	0.012735	0.019143	-0.001209	0.289993	10681800.000000
2020-08-10	-0.015748	-0.010948	-0.001388	-0.023800	-3.970001	13621700.000000
2020-08-07	-0.051114	-0.031128	-0.029810	-0.068165	-13.579987	22529600.000000
2020-08-06	0.002907	-0.005625	0.002982	-0.021554	0.769989	10359500.000000
2020-08-05	0.010336	0.005873	0.014401	-0.001697	2.709991	10673800.000000
2020-08-04	0.016516	0.008296	0.017911	0.003412	4.260010	10994500.000000
2020-08-03	0.027568	0.011951	0.038363	0.011872	6.919998	11530300.000000
2020-07-31	-0.006805	0.005777	0.006568	-0.018359	-1.720001	12304100.000000
2020-07-30	0.001149	-0.002971	0.005585	-0.011210	0.290009	7032900.000000
2020-07-29	0.013652	0.005180	0.021080	0.004216	3.399994	11493600.000000
2020-07-28	-0.007215	0.001156	0.003149	-0.009288	-1.809998	9878700.000000
2020-07-27	0.007470	-0.007590	0.015542	-0.012811	1.860001	18966900.000000
2020-07-24	-0.011434	-0.027473	-0.009528	-0.039662	-2.880005	17221500.000000
2020-07-23	0.000715	0.001589	0.023679	-0.011959	0.180008	25712000.000000
2020-07-22	-0.024040	-0.008298	-0.006320	-0.032183	-6.199997	19682200.000000
2020-07-21	0.012127	0.025117	0.027903	0.006711	3.089996	17120700.000000
2020-07-20	0.031035	0.037671	0.042607	0.021405	7.669998	19015000.000000
2020-07-17	0.019134	0.016701	0.022392	0.008165	4.639999	18742400.000000
2020-07-16	-0.026925	-0.029854	-0.016693	-0.033987	-6.710007	18032100.000000
2020-07-15	0.002534	0.011666	0.015770	-0.008207	0.630005	12614700.000000
2020-07-14	-0.012278	-0.020265	-0.007629	-0.041483	-3.089996	19782600.000000
2020-07-13	-0.035784	0.001686	0.017815	-0.039577	-9.340012	21568700.000000
2020-07-10	-0.002179	-0.005237	0.001223	-0.022440	-0.569977	20335000.000000
2020-07-09	0.015135	0.030542	0.040050	-0.006869	3.899994	36803900.000000
2020-07-08	0.089510	0.035305	0.092935	0.031753	21.169998	39922700.000000
2020-07-07	-0.014542	0.004208	0.005417	-0.016125	-3.490005	16491600.000000
2020-07-06	0.073345	0.043426	0.075492	0.041234	16.399994	33702900.000000
2020-07-02	0.035425	0.027321	0.042024	0.019032	7.650009	18128700.000000
2020-07-01	0.001159	0.000510	0.003941	-0.004451	0.250000	11788100.000000
2020-06-30	0.003162	0.003349	0.006557	-0.009906	0.679993	12933800.000000
2020-06-29	-0.003199	-0.003152	0.003662	-0.018033	-0.690002	12333000.000000
2020-06-26	-0.029033	0.000225	0.000450	-0.038981	-6.449997	19340600.000000
2020-06-25	-0.017947	-0.007205	-0.006763	-0.023650	-4.059998	14953100.000000
2020-06-24	-0.011060	-0.001967	0.009967	-0.019663	-2.529999	12159500.000000
2020-06-23	0.033151	0.016756	0.039813	0.014091	7.339996	18263400.000000
2020-06-22	0.003490	0.001269	0.006526	-0.005416	0.770004	13303600.000000
2020-06-19	-0.012973	0.012705	0.013242	-0.015433	-2.899994	19545200.000000
2020-06-18	-0.003166	-0.002274	0.007938	-0.005931	-0.710007	10358800.000000
2020-06-17	0.007322	0.007996	0.010691	-0.000539	1.630005	12486700.000000
2020-06-16	0.025757	0.018292	0.035986	0.014146	5.589996	17212400.000000
2020-06-15	-0.002803	-0.016219	0.000368	-0.022468	-0.610001	17419900.000000
2020-06-12	0.011150	0.015146	0.019792	-0.006319	2.399994	12716500.000000
2020-06-11	-0.037732	-0.025393	-0.016676	-0.045243	-8.439987	15560300.000000
2020-06-10	0.013411	0.005799	0.019391	-0.000544	2.959991	13372400.000000
2020-06-09	0.007854	-0.012283	0.007854	-0.012785	1.720001	14140100.000000
2020-06-08	-0.002505	0.000228	0.003872	-0.019221	-0.550003	12731200.000000
2020-06-05	0.006925	0.008989	0.011695	0.003027	1.510010	11983200.000000
2020-06-04	-0.002607	-0.006084	0.006358	-0.010475	-0.570007	14962400.000000
2020-06-03	0.019969	0.005925	0.021649	-0.002706	4.279999	19999500.000000
2020-06-02	0.037566	0.003098	0.038728	0.002905	7.759995	22485800.000000
2020-06-01	-0.003954	-0.007185	-0.000916	-0.016635	-0.819992	16169700.000000
2020-05-29	0.039601	0.002556	0.042057	-0.013986	7.899994	43179500.000000
2020-05-28	-0.008400	-0.010836	0.005915	-0.017696	-1.689987	18763200.000000
2020-05-27	-0.002677	0.006296	0.006296	-0.024638	-0.540009	23605400.000000
2020-05-26	0.010115	0.031247	0.035553	0.006510	2.020004	28683200.000000
2020-05-22	-0.058729	-0.042091	-0.034314	-0.062076	-12.460007	51979300.000000
2020-05-21	-0.021357	-0.025370	-0.010194	-0.033489	-4.629990	29850700.000000
2020-05-20	-0.001888	0.012891	0.018218	-0.030479	-0.410004	38324100.000000
2020-05-19	0.008919	0.006735	0.024666	-0.000418	1.919998	21438100.000000
2020-05-18	0.056952	0.043303	0.057885	0.032846	11.600006	23556600.000000
2020-05-15	0.011823	-0.002981	0.015847	-0.005961	2.379990	17209500.000000
2020-05-14	0.009225	-0.019854	0.011581	-0.027224	1.839996	20025900.000000
2020-05-13	-0.004243	0.016524	0.021816	-0.011632	-0.849991	22429700.000000
2020-05-12	-0.024781	0.007546	0.012902	-0.026193	-5.089996	17826800.000000
2020-05-11	0.020925	0.007903	0.027089	0.005915	4.209991	17920700.000000
2020-05-08	0.023920	0.016846	0.033233	0.011146	4.699997	23819700.000000
2020-05-07	0.006763	0.014500	0.014961	-0.001998	1.320007	16164600.000000
2020-05-06	0.000769	0.013588	0.019947	-0.000462	0.149994	18598900.000000
2020-05-05	0.020246	0.027361	0.037248	0.015956	3.870010	22957200.000000
2020-05-04	-0.017123	0.001440	0.002674	-0.025452	-3.330002	25709400.000000
2020-05-01	-0.040411	-0.034144	-0.026102	-0.048404	-8.190002	22276200.000000
2020-04-30	-0.019497	-0.002177	0.000000	-0.035849	-4.029999	20107400.000000
2020-04-29	0.027591	0.008849	0.029481	0.006761	5.550003	19117800.000000
2020-04-28	-0.012470	0.005499	0.007364	-0.021027	-2.540009	17203800.000000
2020-04-27	-0.003279	0.015610	0.016735	-0.011401	-0.669998	17286800.000000
2020-04-24	-0.004288	0.003167	0.006139	-0.011791	-0.880005	14673900.000000
2020-04-23	-0.022480	0.001334	0.002858	-0.030958	-4.720001	20424000.000000
2020-04-22	0.012636	0.022475	0.022475	0.009019	2.620010	13471100.000000
2020-04-21	-0.022581	-0.010512	0.000000	-0.033470	-4.790009	14107600.000000
2020-04-20	0.012554	0.001766	0.031504	-0.000668	2.630005	19295400.000000
2020-04-17	-0.014859	0.010909	0.010909	-0.017911	-3.160004	13558500.000000
2020-04-16	0.021569	0.011337	0.024403	0.004564	4.490005	16353800.000000
2020-04-15	0.016554	-0.000049	0.021340	-0.016945	3.389999	10768100.000000
2020-04-14	0.026775	0.027627	0.042770	0.024118	5.339996	16757100.000000
2020-04-13	0.015634	0.005245	0.020141	-0.004278	3.070007	16117900.000000
2020-04-09	0.001990	0.013624	0.022298	-0.013165	0.389999	17821300.000000
2020-04-08	-0.010202	0.001717	0.004343	-0.020788	-2.020004	13608000.000000
2020-04-07	0.007890	0.018325	0.025452	0.003054	1.550003	14934500.000000
2020-04-06	0.049917	0.040778	0.052215	0.029875	9.339996	13248700.000000
2020-04-03	-0.009476	0.006458	0.008735	-0.018475	-1.789993	9483100.000000
2020-04-02	0.007144	-0.007891	0.019940	-0.009959	1.339996	13412100.000000
2020-04-01	-0.035582	-0.025607	-0.008278	-0.048540	-6.919998	17948600.000000
2020-03-31	0.016783	0.003817	0.028860	-0.003503	3.209991	19084800.000000
2020-03-30	0.014211	-0.005886	0.015324	-0.008378	2.680008	12254400.000000
2020-03-27	-0.034456	-0.027391	-0.013209	-0.037477	-6.730011	13376400.000000
2020-03-26	0.035851	0.000424	0.041154	-0.005091	6.760010	15416800.000000
2020-03-25	0.015128	0.000377	0.050821	-0.006649	2.809998	19605200.000000
2020-03-24	0.053363	0.038278	0.070659	0.027447	9.410004	20801500.000000
2020-03-23	-0.027358	-0.033260	-0.015444	-0.062603	-4.960007	22554700.000000
2020-03-20	0.002322	0.037926	0.041022	-0.004865	0.419998	21006100.000000
2020-03-19	0.004889	-0.004111	0.040278	-0.014500	0.880005	20905700.000000
2020-03-18	-0.026027	-0.047671	-0.012986	-0.080136	-4.809998	22054200.000000
2020-03-17	0.033324	0.013475	0.058932	0.004697	5.959991	19276500.000000
2020-03-16	-0.078093	-0.092010	-0.030928	-0.100515	-15.149994	26628500.000000
2020-03-13	0.048082	0.052944	0.058833	0.014641	8.899994	23650500.000000
2020-03-12	-0.069428	-0.062390	-0.042346	-0.075310	-13.809998	30247100.000000
2020-03-11	-0.036242	-0.022966	-0.015941	-0.049809	-7.479996	18908200.000000
2020-03-10	0.044167	0.039816	0.049529	0.015886	8.729996	19022600.000000
2020-03-09	-0.034109	-0.044077	-0.023211	-0.052336	-6.979996	25502600.000000
2020-03-06	-0.032252	-0.022510	-0.021091	-0.048993	-6.820007	21700500.000000
2020-03-05	-0.002359	-0.009247	0.015050	-0.013304	-0.500000	13462900.000000
2020-03-04	0.021937	0.010028	0.025505	0.006943	4.550003	12474400.000000
2020-03-03	-0.016921	0.000474	0.001943	-0.041426	-3.569992	20813800.000000
2020-03-02	0.014327	0.002837	0.014952	-0.020404	2.979996	21542200.000000
2020-02-28	0.014486	-0.029508	0.018973	-0.031551	2.970001	31251100.000000
2020-02-27	-0.017773	-0.017869	0.005892	-0.032960	-3.710007	22741200.000000
2020-02-26	0.015223	0.005788	0.036331	0.005739	3.130005	19482100.000000
2020-02-25	-0.002668	0.011399	0.018384	-0.009992	-0.550003	18132400.000000
2020-02-24	-0.030246	-0.042523	-0.024978	-0.047415	-6.429993	19380200.000000
2020-02-21	-0.024995	-0.002293	-0.002018	-0.029719	-5.449997	17681200.000000
2020-02-20	-0.018457	0.001621	0.001621	-0.035653	-4.100006	14950100.000000
2020-02-19	0.007346	0.004535	0.013786	0.001043	1.619995	10798100.000000
2020-02-18	0.004052	-0.004917	0.005555	-0.009653	0.889999	12987000.000000
2020-02-14	-0.003313	0.003358	0.005809	-0.009666	-0.729996	10690000.000000
2020-02-13	-0.017610	-0.019214	0.003076	-0.023717	-3.949997	28069700.000000
2020-02-12	0.032687	0.018047	0.038258	0.013812	7.099991	18671900.000000
2020-02-11	0.006674	0.019187	0.019651	-0.002225	1.440002	16073500.000000
2020-02-10	-0.003510	-0.013993	-0.003510	-0.019997	-0.759995	17420300.000000
2020-02-07	-0.019783	-0.015573	-0.013852	-0.027252	-4.369995	13790300.000000
2020-02-06	0.003088	0.013214	0.015575	-0.001998	0.679993	10790800.000000
2020-02-05	-0.011935	0.016332	0.017139	-0.023959	-2.660004	15766100.000000
2020-02-04	0.045894	0.038714	0.052933	0.034679	9.779999	16695100.000000
2020-02-03	0.031512	0.010068	0.040805	0.010068	6.510010	14118800.000000
2020-01-31	-0.009541	-0.009972	-0.003116	-0.018468	-1.990005	18181400.000000
2020-01-30	-0.016225	-0.019526	-0.010188	-0.032969	-3.440002	14376000.000000
2020-01-29	0.008515	0.011083	0.017838	-0.003377	1.790009	12871900.000000
2020-01-28	0.023166	0.020782	0.026476	0.008274	4.759995	16196700.000000
2020-01-27	-0.038737	-0.058620	-0.026807	-0.066667	-8.279999	24574700.000000
2020-01-24	-0.024552	-0.002921	0.003194	-0.035618	-5.380005	18143900.000000
2020-01-23	-0.014570	-0.019967	-0.010073	-0.025183	-3.239990	18519900.000000
2020-01-22	0.000495	0.010933	0.014937	-0.001170	0.110001	10059600.000000
2020-01-21	-0.022732	-0.021897	-0.021237	-0.029460	-5.169998	15831100.000000
2020-01-17	0.015584	0.008752	0.018130	0.006296	3.489990	12956200.000000
2020-01-16	-0.004976	0.005510	0.005643	-0.010353	-1.119995	13700500.000000
2020-01-15	-0.006314	0.000706	0.005872	-0.009272	-1.430008	10743400.000000
2020-01-14	-0.017312	-0.001866	-0.001323	-0.024297	-3.989990	17266900.000000
2020-01-13	0.029710	0.022249	0.032659	0.014341	6.649994	17544800.000000
2020-01-10	0.009243	0.009559	0.018848	0.001267	2.050003	12296000.000000
2020-01-09	0.017339	0.016055	0.023303	0.012936	3.779999	13122500.000000
2020-01-08	0.001700	-0.004733	0.013877	-0.006019	0.369995	11959100.000000
2020-01-07	0.004570	0.004616	0.010617	0.000231	0.990005	9388000.000000
2020-01-06	-0.001659	-0.009724	0.000737	-0.013410	-0.360001	11885500.000000
2020-01-03	-0.012604	-0.015562	-0.007130	-0.017109	-2.770004	8604500.000000
2020-01-02	0.036162	0.021216	0.037152	0.020933	7.669998	15873500.000000
