2022-12-30	-0.000603	0.005271	0.011345	-0.002018	-0.019871	28198900.000000
2022-12-29	0.011291	0.010171	0.018464	0.005872	0.367615	22252900.000000
2022-12-28	0.007378	0.007723	0.020100	0.006486	0.238457	30541000.000000
2022-12-27	0.001848	0.007416	0.012685	0.000596	0.059608	22776100.000000
2022-12-23	0.002470	0.006797	0.012390	0.000271	0.079487	21378600.000000
2022-12-22	-0.008874	0.001558	0.003406	-0.018461	-0.288132	30234400.000000
2022-12-21	0.015222	0.016804	0.027747	0.013365	0.486845	32544000.000000
2022-12-20	0.004055	0.017160	0.022811	0.008997	0.129160	35561100.000000
2022-12-19	0.011356	0.008391	0.023313	0.007438	0.357679	38374100.000000
2022-12-16	-0.002203	0.001734	0.011555	-0.006820	-0.069548	61795200.000000
2022-12-15	-0.015799	-0.010040	-0.002556	-0.018146	-0.506714	49027600.000000
2022-12-14	-0.014351	0.008022	0.014169	-0.011646	-0.466972	48819500.000000
2022-12-13	0.000611	0.031702	0.035392	0.001566	0.019875	54804800.000000
2022-12-12	0.010809	0.004310	0.018919	-0.003461	0.347740	41060500.000000
2022-12-09	-0.001849	-0.003753	0.011450	-0.004683	-0.059608	36985500.000000
2022-12-08	-0.009163	0.013556	0.014171	-0.010730	-0.298069	45491100.000000
2022-12-07	-0.007879	-0.006019	0.004046	-0.013339	-0.258324	49234100.000000
2022-12-06	-0.042646	0.009406	0.012618	-0.053664	-1.460529	84085700.000000
2022-12-05	-0.044623	-0.001046	0.001186	-0.047632	-1.599625	71386600.000000
2022-12-02	-0.012859	-0.007007	-0.000674	-0.013892	-0.466969	42295300.000000
2022-12-01	-0.028700	0.003009	0.008091	-0.026413	-1.073040	46213200.000000
2022-11-30	0.022973	0.009634	0.035627	-0.009519	0.839611	51747900.000000
2022-11-29	0.003798	0.015666	0.020335	0.008525	0.138287	27048800.000000
2022-11-28	-0.022281	0.004314	0.011296	-0.010992	-0.829735	35428300.000000
2022-11-25	0.002393	0.015331	0.019369	0.011024	0.088902	16118500.000000
2022-11-23	0.003201	0.012370	0.016961	0.009130	0.118530	18934700.000000
2022-11-22	0.004825	0.019968	0.025666	0.015626	0.177803	23499300.000000
2022-11-21	0.003227	0.009648	0.021353	0.008831	0.118538	27935700.000000
2022-11-18	0.000538	0.029257	0.030891	0.005561	0.019753	32041800.000000
2022-11-17	-0.005086	-0.000637	0.008034	-0.009308	-0.187679	23689700.000000
2022-11-16	-0.009019	0.009953	0.013444	-0.001057	-0.335846	23813000.000000
2022-11-15	-0.001589	0.023899	0.026848	0.000037	-0.059265	46082800.000000
2022-11-14	-0.016923	0.003936	0.008417	-0.005025	-0.642056	35541400.000000
2022-11-11	0.007343	0.013963	0.024849	0.008122	0.276573	35688700.000000
2022-11-10	0.044085	0.033992	0.059496	0.029557	1.590328	45702800.000000
2022-11-09	-0.015899	0.006096	0.008278	-0.007272	-0.582790	30164400.000000
2022-11-08	0.002702	0.014559	0.023585	0.005258	0.098782	32664300.000000
2022-11-07	0.005980	0.018424	0.027505	0.010719	0.217308	37533700.000000
2022-11-04	0.025077	0.029577	0.043681	0.021679	0.889004	39369400.000000
2022-11-03	-0.005542	0.001430	0.013773	-0.006705	-0.197556	30046500.000000
2022-11-02	-0.003039	0.008734	0.042573	0.005379	-0.108658	57380600.000000
2022-11-01	0.004440	0.023606	0.032595	0.014336	0.158047	29913200.000000
2022-10-31	-0.003870	0.007333	0.016567	0.002017	-0.138290	32565500.000000
2022-10-28	0.008642	0.017168	0.024506	0.005879	0.306217	31659100.000000
2022-10-27	0.004762	0.025131	0.031370	0.014355	0.167919	35261900.000000
2022-10-26	0.008760	0.013228	0.032394	0.011226	0.306213	41104600.000000
2022-10-25	0.009125	0.002844	0.027092	-0.003218	0.316090	37132300.000000
2022-10-24	0.003433	0.017005	0.021350	0.005418	0.118534	33765600.000000
2022-10-21	0.037092	0.008164	0.052625	0.008164	1.234722	54870300.000000
2022-10-20	-0.006486	0.014161	0.033561	0.002521	-0.217308	39549100.000000
2022-10-19	-0.027523	0.003663	0.010919	-0.019847	-0.948273	43139900.000000
2022-10-18	0.037478	0.053323	0.064765	0.032244	1.244606	81937900.000000
2022-10-17	0.060568	0.065384	0.081671	0.049735	1.896540	88896800.000000
2022-10-14	0.000316	0.016204	0.042399	0.008537	0.009876	58108500.000000
2022-10-13	0.061286	-0.002887	0.077127	-0.006277	1.807642	67671000.000000
2022-10-12	0.003023	0.007949	0.030734	0.002508	0.088898	36137900.000000
2022-10-11	-0.029028	0.002795	0.006097	-0.023621	-0.879122	58124000.000000
2022-10-10	-0.002927	0.017309	0.022247	-0.000799	-0.088902	37669100.000000
2022-10-07	-0.022568	0.003038	0.005291	-0.017557	-0.701324	52304600.000000
2022-10-06	-0.014411	0.002221	0.011101	-0.005391	-0.454380	40891900.000000
2022-10-05	-0.014206	-0.013893	0.001427	-0.016707	-0.454380	35791100.000000
2022-10-04	0.041492	0.032885	0.058935	0.030931	1.274239	39758700.000000
2022-10-03	0.029470	0.025444	0.048574	0.012370	0.879126	34591700.000000
2022-09-30	-0.015003	0.015672	0.029870	-0.003809	-0.454378	42294100.000000
2022-09-29	-0.013196	-0.000012	0.006831	-0.015652	-0.404991	35220900.000000
2022-09-28	0.016356	0.011045	0.036876	0.006409	0.493889	38372900.000000
2022-09-27	-0.014824	0.020200	0.023463	-0.011447	-0.454380	43396600.000000
2022-09-26	-0.022061	-0.000711	0.015242	-0.021131	-0.691444	40360200.000000
2022-09-23	-0.023692	-0.005385	-0.000401	-0.027813	-0.760592	55316100.000000
2022-09-22	-0.019608	0.017256	0.020616	-0.010840	-0.642059	47527500.000000
2022-09-21	-0.029851	0.016518	0.019185	-0.018739	-1.007534	51667800.000000
2022-09-20	-0.014990	0.006825	0.014997	-0.011268	-0.513645	33591100.000000
2022-09-19	0.016706	0.000502	0.034623	-0.002169	0.563034	29782000.000000
2022-09-16	-0.011301	0.002983	0.004156	-0.012565	-0.385235	54281800.000000
2022-09-15	0.018896	0.009979	0.043157	0.007289	0.632179	44863300.000000
2022-09-14	-0.003824	0.018325	0.024876	-0.001327	-0.128414	32004400.000000
2022-09-13	-0.036008	-0.007435	-0.003417	-0.029537	-1.254482	40959600.000000
2022-09-12	0.009445	0.019904	0.032363	0.014978	0.325974	30534000.000000
2022-09-09	0.008369	0.022012	0.029900	0.017921	0.286453	37295100.000000
2022-09-08	0.032172	0.009053	0.047352	0.003323	1.066803	44361800.000000
2022-09-07	0.015427	0.004715	0.031050	-0.000797	0.503769	40742600.000000
2022-09-06	-0.011068	0.018730	0.021455	-0.012462	-0.365479	40762400.000000
2022-09-02	-0.001195	0.026284	0.042920	0.006321	-0.039513	44000800.000000
2022-09-01	0.002396	0.010854	0.015402	-0.009763	0.079021	32848900.000000
2022-08-31	-0.014080	0.020535	0.027410	0.004393	-0.471027	44917600.000000
2022-08-30	0.005605	0.027457	0.030463	0.008219	0.186447	48194900.000000
2022-08-29	-0.003820	0.013950	0.022634	0.006463	-0.127571	34931000.000000
2022-08-26	-0.031588	0.027740	0.028900	-0.013439	-1.089264	36152600.000000
2022-08-25	0.017961	0.021402	0.041476	0.016974	0.608421	40576700.000000
2022-08-24	0.003197	0.014302	0.030590	0.008379	0.107941	31389400.000000
2022-08-23	-0.008929	0.017573	0.026378	0.008474	-0.304207	26588000.000000
2022-08-22	-0.021421	-0.001926	0.000084	-0.010543	-0.745800	31210300.000000
2022-08-19	-0.022051	0.010052	0.012018	-0.008205	-0.785049	36485400.000000
2022-08-18	-0.003571	0.014562	0.018761	0.007565	-0.127575	23138300.000000
2022-08-17	-0.006277	0.006803	0.017650	0.003466	-0.225700	27125600.000000
2022-08-16	0.010759	0.017354	0.038437	0.014824	0.382713	31870200.000000
2022-08-15	-0.001377	0.006127	0.019040	0.001355	-0.049065	24908000.000000
2022-08-12	0.010860	0.026135	0.030392	0.012797	0.382713	31821700.000000
2022-08-11	0.023952	0.039381	0.047807	0.035894	0.824306	50420800.000000
2022-08-10	0.033903	0.036465	0.064405	0.034963	1.128510	61415800.000000
2022-08-09	0.012840	0.023909	0.033342	0.016606	0.421967	40196900.000000
2022-08-08	-0.013840	0.025342	0.028943	0.003737	-0.461220	33454300.000000
2022-08-05	0.016766	0.015379	0.047415	0.014159	0.549534	35874500.000000
2022-08-04	-0.007134	0.015405	0.019949	0.004803	-0.235508	28404500.000000
2022-08-03	0.018160	0.030761	0.040939	0.023050	0.588787	30065800.000000
2022-08-02	-0.019875	0.015715	0.019343	-0.002422	-0.657478	37884100.000000
2022-08-01	-0.002958	0.013314	0.021452	0.001258	-0.098137	32336700.000000
2022-07-29	0.014706	0.023628	0.038002	0.019958	0.480846	48152500.000000
2022-07-28	-0.008038	0.016310	0.023894	-0.001893	-0.264957	40176500.000000
2022-07-27	0.016339	0.024899	0.041240	0.015957	0.529911	30344800.000000
2022-07-26	-0.020160	0.009373	0.020551	-0.004223	-0.667294	30645700.000000
2022-07-25	0.008974	0.029709	0.035806	0.019345	0.294392	30381000.000000
2022-07-22	-0.006538	0.017526	0.027823	0.002082	-0.215889	27115400.000000
2022-07-21	0.008693	0.010793	0.028510	0.006516	0.284584	31244000.000000
2022-07-20	0.000300	0.013846	0.022096	0.006818	0.009815	35514900.000000
2022-07-19	0.033788	0.039257	0.062001	0.032308	1.069633	46874900.000000
2022-07-18	0.000310	0.045267	0.054746	0.014301	0.009811	56382900.000000
2022-07-15	0.070362	0.036628	0.103594	0.035275	2.080389	77801700.000000
2022-07-14	-0.023022	-0.005742	-0.001446	-0.019620	-0.696735	51707800.000000
2022-07-13	-0.016582	0.009617	0.012216	-0.012155	-0.510284	44153700.000000
2022-07-12	-0.003179	0.004788	0.037504	0.003492	-0.098131	39527000.000000
2022-07-11	-0.010381	0.011347	0.019040	0.003013	-0.323835	29311900.000000
2022-07-08	-0.002197	0.023838	0.031515	0.009445	-0.068691	31153800.000000
2022-07-07	0.028405	0.036145	0.052921	0.035158	0.863560	40137900.000000
2022-07-06	-0.008323	0.011538	0.019367	-0.000531	-0.255142	35933700.000000
2022-07-05	-0.010139	-0.005499	0.008708	-0.016800	-0.314022	47411800.000000
2022-07-01	0.013813	0.014130	0.036717	0.002673	0.421967	40236100.000000
2022-06-30	-0.022913	-0.021657	-0.009730	-0.038293	-0.730001	46312300.000000
2022-06-29	-0.012399	-0.000930	0.005580	-0.018599	-0.399998	35149700.000000
2022-06-28	-0.002782	0.014838	0.035549	-0.004946	-0.090000	49863800.000000
2022-06-27	0.001238	0.003404	0.008975	-0.012380	0.039997	47900300.000000
2022-06-24	0.007170	-0.025873	0.021509	-0.026496	0.230000	79504700.000000
2022-06-23	-0.015951	-0.006748	-0.005828	-0.041104	-0.519997	44091500.000000
2022-06-22	-0.007610	-0.014003	0.002740	-0.016134	-0.250000	38305600.000000
2022-06-21	0.029135	0.030388	0.042920	0.021930	0.929998	53537200.000000
2022-06-17	0.002198	0.005651	0.022920	-0.006593	0.070000	80470300.000000
2022-06-16	-0.006240	-0.017161	-0.001560	-0.037129	-0.199999	61363400.000000
2022-06-15	0.018754	0.016529	0.032740	-0.001271	0.590000	51540100.000000
2022-06-14	-0.017489	-0.003123	0.018114	-0.024672	-0.560001	49349800.000000
2022-06-13	-0.034670	-0.023515	-0.012059	-0.043111	-1.149998	61216600.000000
2022-06-10	-0.038829	-0.024051	-0.013619	-0.043176	-1.340000	49318200.000000
2022-06-09	-0.038451	-0.004179	-0.001393	-0.038729	-1.380001	49419000.000000
2022-06-08	-0.012655	-0.011829	-0.006602	-0.022834	-0.459999	33590600.000000
2022-06-07	0.005532	-0.006916	0.007192	-0.011342	0.199997	29152200.000000
2022-06-06	-0.001105	0.014092	0.028185	-0.002487	-0.039997	40394000.000000
2022-06-03	-0.013897	-0.005995	-0.000545	-0.015531	-0.510002	25235200.000000
2022-06-02	0.006583	-0.001371	0.006857	-0.010697	0.240002	35341900.000000
2022-06-01	-0.014247	0.012789	0.013060	-0.022088	-0.526966	35237900.000000
2022-05-31	0.004862	0.000326	0.019615	-0.005379	0.178970	71609200.000000
2022-05-27	0.009545	0.011794	0.016182	0.003291	0.347996	43365600.000000
2022-05-26	0.023158	0.024281	0.033822	0.019791	0.825245	60201200.000000
2022-05-25	0.005330	0.001528	0.023251	-0.004397	0.188911	49343400.000000
2022-05-24	-0.006133	-0.005456	0.008283	-0.019756	-0.218739	46146700.000000
2022-05-23	0.059362	0.032493	0.077048	0.029523	1.998489	69081900.000000
2022-05-20	-0.017126	0.015978	0.021233	-0.037740	-0.586620	62406500.000000
2022-05-19	-0.012328	-0.011253	0.004606	-0.012406	-0.427540	47002700.000000
2022-05-18	-0.030842	-0.004580	-0.002624	-0.033085	-1.103645	47396900.000000
2022-05-17	0.033898	0.029163	0.046499	0.023673	1.173244	42635600.000000
2022-05-16	-0.010236	0.000898	0.005760	-0.015974	-0.357937	39076500.000000
2022-05-13	0.002851	0.018952	0.024688	-0.003131	0.099426	49117900.000000
2022-05-12	-0.014057	-0.010075	0.001801	-0.031281	-0.497135	61231500.000000
2022-05-11	-0.005313	0.009697	0.038385	-0.001272	-0.188911	54969300.000000
2022-05-10	-0.016772	0.016268	0.026777	-0.027148	-0.606506	60235300.000000
2022-05-09	-0.028839	-0.009817	-0.004714	-0.031570	-1.073818	51242000.000000
2022-05-06	-0.002397	0.001205	0.007903	-0.019157	-0.089485	50440100.000000
2022-05-05	-0.027965	-0.009084	-0.004918	-0.039815	-1.073811	48860600.000000
2022-05-04	0.040129	0.012261	0.049642	0.009823	1.481464	57860300.000000
2022-05-03	0.027394	0.011326	0.047226	0.011047	0.984333	48926000.000000
2022-05-02	0.012892	0.015626	0.022673	-0.002133	0.457363	46652200.000000
2022-04-29	-0.030698	0.004120	0.014503	-0.028941	-1.123531	47385200.000000
2022-04-28	0.015448	0.019077	0.025181	0.003263	0.556797	39567800.000000
2022-04-27	-0.005487	0.000793	0.018452	-0.001966	-0.198856	39824900.000000
2022-04-26	-0.022526	-0.005298	0.012503	-0.017705	-0.835190	44809900.000000
2022-04-25	-0.007189	-0.012181	0.001475	-0.037888	-0.268456	64301100.000000
2022-04-22	-0.034695	0.003175	0.004209	-0.030686	-1.342266	50409800.000000
2022-04-21	-0.018911	0.014382	0.019707	-0.020614	-0.745705	46245900.000000
2022-04-20	0.002274	0.020502	0.026094	0.006776	0.089485	47064300.000000
2022-04-19	0.018533	0.015080	0.032425	0.012491	0.715878	53714200.000000
2022-04-18	0.034070	0.001744	0.052340	-0.003610	1.272667	80080300.000000
2022-04-14	-0.032200	-0.002790	0.009646	-0.030512	-1.242840	79032000.000000
2022-04-13	-0.008935	-0.011444	0.001651	-0.015038	-0.347996	45484200.000000
2022-04-12	-0.010609	0.005252	0.018208	-0.013040	-0.417595	42855300.000000
2022-04-11	-0.002017	0.000943	0.024268	-0.001339	-0.079540	34198700.000000
2022-04-08	0.007108	0.008313	0.023888	0.003972	0.278397	41018900.000000
2022-04-07	-0.007809	0.010573	0.012853	-0.015774	-0.308228	54585000.000000
2022-04-06	-0.010962	-0.004263	0.002502	-0.014035	-0.437477	54159800.000000
2022-04-05	-0.016899	-0.003847	0.004035	-0.013700	-0.686054	51781700.000000
2022-04-04	-0.001711	-0.004568	0.011661	-0.012437	-0.069599	53761700.000000
2022-04-01	-0.007763	0.017228	0.018448	-0.015468	-0.318165	61929200.000000
2022-03-31	-0.041395	0.002017	0.003187	-0.036342	-1.769806	67902500.000000
2022-03-30	-0.010129	0.005760	0.010622	-0.010216	-0.437477	36601800.000000
2022-03-29	-0.002526	0.021926	0.025159	-0.004402	-0.109371	46355800.000000
2022-03-28	-0.004116	0.005300	0.006220	-0.014940	-0.178970	37428600.000000
2022-03-25	0.015324	0.015334	0.033548	0.011831	0.656219	38968100.000000
2022-03-24	-0.000464	0.012529	0.013696	0.001092	-0.019886	30360800.000000
2022-03-23	-0.024672	-0.004712	0.001890	-0.020420	-1.083755	48539300.000000
2022-03-22	0.031279	0.028767	0.047784	0.025950	1.332325	52360600.000000
2022-03-21	-0.001399	0.016310	0.018185	-0.003384	-0.059658	47106400.000000
2022-03-18	-0.003021	-0.000551	0.003422	-0.012238	-0.129253	74470600.000000
2022-03-17	0.005374	-0.003405	0.011400	-0.017034	0.228683	50260200.000000
2022-03-16	0.031325	0.023694	0.043324	0.015938	1.292553	59477600.000000
2022-03-15	0.007282	0.007224	0.019918	-0.002296	0.298283	41395300.000000
2022-03-14	0.021572	0.019975	0.051895	0.019975	0.865017	54262400.000000
2022-03-11	-0.008360	0.014910	0.023318	-0.003638	-0.338051	43946600.000000
2022-03-10	-0.009016	-0.012620	0.016543	-0.017032	-0.367882	48804400.000000
2022-03-09	0.063488	0.050588	0.084469	0.046678	2.435970	78207900.000000
2022-03-08	0.006521	0.024910	0.040387	0.001300	0.248566	76553800.000000
2022-03-07	-0.063736	-0.019292	-0.014871	-0.061537	-2.595051	109779000.000000
2022-03-04	-0.036244	-0.019331	-0.019094	-0.045605	-1.531185	75572800.000000
2022-03-03	-0.010710	0.009038	0.018639	-0.011569	-0.457363	48733800.000000
2022-03-02	0.016247	0.017103	0.036141	0.014247	0.682709	70834600.000000
2022-03-01	-0.039140	-0.000527	0.000159	-0.041229	-1.711723	74895600.000000
2022-02-28	-0.018214	-0.018507	-0.006384	-0.024793	-0.811337	69955300.000000
2022-02-25	0.032569	0.015545	0.051243	0.011373	1.404999	68530700.000000
2022-02-24	-0.026351	-0.029497	-0.014150	-0.050938	-1.167534	80484800.000000
2022-02-23	-0.017120	0.019329	0.022878	-0.011284	-0.771763	45704900.000000
2022-02-22	-0.008703	-0.006695	0.011117	-0.009554	-0.395771	51905600.000000
2022-02-18	-0.002388	0.010677	0.020988	0.002999	-0.108837	37856500.000000
2022-02-17	-0.033767	-0.003737	0.002410	-0.025994	-1.592991	49442400.000000
2022-02-16	-0.002302	0.003275	0.020194	0.000526	-0.108841	36664600.000000
2022-02-15	0.007803	0.023039	0.030925	0.013874	0.366093	42397600.000000
2022-02-14	-0.010434	0.012786	0.016372	-0.009992	-0.494717	44791900.000000
2022-02-11	-0.023038	0.002023	0.018713	-0.021261	-1.118061	61056000.000000
2022-02-10	-0.004667	0.018881	0.027700	0.000013	-0.227570	47082800.000000
2022-02-09	-0.002025	0.007402	0.019069	0.003514	-0.098949	33861100.000000
2022-02-08	0.017935	0.024011	0.042137	0.019636	0.860817	49560500.000000
2022-02-07	0.004764	0.016539	0.020725	0.004607	0.227566	44824800.000000
2022-02-04	0.039845	0.024826	0.059872	0.016119	1.830456	60297100.000000
2022-02-03	-0.009810	0.017790	0.019299	-0.000962	-0.455143	35879900.000000
2022-02-02	-0.001065	0.005940	0.011108	-0.003103	-0.049469	41125600.000000
2022-02-01	0.017339	0.012211	0.031706	0.005420	0.791550	40326600.000000
2022-01-31	0.005886	0.002966	0.019491	-0.003644	0.267147	44793700.000000
2022-01-28	0.008797	0.007565	0.020013	-0.011995	0.395771	51048300.000000
2022-01-27	-0.009368	0.021026	0.029393	-0.007158	-0.425457	63402400.000000
2022-01-26	0.010346	0.018464	0.033592	0.006895	0.465034	63735800.000000
2022-01-25	0.019753	0.004779	0.033817	-0.005657	0.870708	73555300.000000
2022-01-24	-0.008237	-0.012272	0.005502	-0.041747	-0.366093	90672700.000000
2022-01-21	-0.018142	0.006701	0.016642	-0.013402	-0.821236	71303600.000000
2022-01-20	-0.014858	0.016118	0.023953	-0.006298	-0.682709	46265300.000000
2022-01-19	0.003891	0.057213	0.061364	0.012644	0.178101	84451800.000000
2022-01-18	-0.034440	0.009411	0.010888	-0.028560	-1.632572	65877400.000000
2022-01-14	-0.017432	-0.015025	-0.000308	-0.021865	-0.841015	72953300.000000
2022-01-13	-0.002047	0.011918	0.023709	0.005920	-0.098949	46337500.000000
2022-01-12	-0.007112	0.009856	0.014169	-0.000208	-0.346298	41378000.000000
2022-01-11	0.005722	0.011917	0.017287	0.004687	0.277039	40454400.000000
2022-01-10	-0.005083	0.025679	0.029173	-0.006585	-0.247360	66839500.000000
2022-01-07	0.021816	0.011097	0.035456	0.009207	1.038910	59082600.000000
2022-01-06	0.020136	0.027815	0.031671	0.010891	0.939964	52040900.000000
2022-01-05	-0.016879	0.013836	0.018680	-0.006803	-0.801445	57791600.000000
2022-01-04	0.039195	0.029937	0.059920	0.029499	1.790882	74606700.000000
2022-01-03	0.037986	0.024307	0.056111	0.021809	1.672142	58587900.000000
2021-12-31	-0.000898	0.010450	0.014990	0.005003	-0.039574	24253900.000000
2021-12-30	-0.002241	0.013395	0.021321	0.007280	-0.098946	23852200.000000
2021-12-29	-0.001566	0.014069	0.020174	0.008416	-0.069260	25294900.000000
2021-12-28	0.001344	0.006828	0.020639	0.005696	0.059368	32492400.000000
2021-12-27	0.004953	0.013635	0.019778	0.008175	0.217674	33879200.000000
2021-12-23	0.003162	0.019807	0.028709	0.013416	0.138519	34053500.000000
2021-12-22	0.002037	0.008162	0.019597	0.003587	0.089054	35715700.000000
2021-12-21	0.023865	0.019576	0.041588	0.019576	1.019115	47845600.000000
2021-12-20	-0.016408	-0.003373	-0.001300	-0.016501	-0.712395	56455200.000000
2021-12-17	-0.024889	-0.000552	0.003939	-0.020317	-1.108166	124242400.000000
2021-12-16	0.024124	0.028158	0.043339	0.014128	1.048801	69487200.000000
2021-12-15	-0.004306	0.016174	0.018006	-0.001003	-0.187996	60057100.000000
2021-12-14	0.012620	0.010909	0.039434	0.009518	0.544189	47099400.000000
2021-12-13	-0.021114	0.005002	0.007953	-0.014976	-0.930065	38653900.000000
2021-12-10	0.000674	0.015675	0.018401	0.001136	0.029678	37700200.000000
2021-12-09	0.007473	0.004956	0.023723	-0.000995	0.326515	37316700.000000
2021-12-08	-0.012301	0.009999	0.012712	-0.003338	-0.544186	50560300.000000
2021-12-07	0.012684	0.020063	0.028075	0.017087	0.554081	40740800.000000
2021-12-06	0.006383	0.026574	0.033946	0.012751	0.277042	48193100.000000
2021-12-03	-0.022722	0.013154	0.014730	-0.018366	-1.009224	74605300.000000
2021-12-02	0.028879	0.026893	0.053995	0.019248	1.246685	57821400.000000
2021-12-01	-0.014167	0.032669	0.043631	0.000470	-0.620358	60601600.000000
2021-11-30	-0.024567	-0.002947	0.007300	-0.011857	-1.102859	77193600.000000
2021-11-29	-0.003715	0.030189	0.036403	0.002448	-0.167397	50231100.000000
2021-11-26	-0.039261	-0.029447	-0.018359	-0.045864	-1.841385	55110100.000000
2021-11-24	0.002737	0.013832	0.025804	0.009342	0.128017	40060000.000000
2021-11-23	0.026361	0.028488	0.045604	0.024100	1.201324	49362900.000000
2021-11-22	0.019383	0.045069	0.048424	0.026950	0.866531	53697100.000000
2021-11-19	-0.019862	0.001949	0.003483	-0.017126	-0.905918	48429500.000000
2021-11-18	-0.004085	0.019909	0.022092	0.008991	-0.187088	30639000.000000
2021-11-17	-0.012107	0.015542	0.018130	0.001952	-0.561283	32963700.000000
2021-11-16	0.000638	0.018348	0.020506	0.007772	0.029545	35120800.000000
2021-11-15	0.002984	0.023119	0.025933	0.015325	0.137856	35335500.000000
2021-11-12	-0.012213	0.015969	0.016397	-0.000069	-0.571125	44268500.000000
2021-11-11	0.005505	0.017262	0.029733	0.010811	0.256020	31194800.000000
2021-11-10	0.007466	0.012726	0.029406	0.010559	0.344643	39385600.000000
2021-11-09	-0.009717	0.000740	0.015971	-0.004409	-0.452957	36900300.000000
2021-11-08	0.007877	0.023758	0.033487	0.021596	0.364338	33815500.000000
2021-11-05	-0.007606	0.021335	0.026056	0.004599	-0.354488	38271200.000000
2021-11-04	-0.021501	0.010923	0.010923	-0.015741	-1.024086	47646300.000000
2021-11-03	0.010234	0.013845	0.032722	0.009815	0.482498	42553000.000000
2021-11-02	0.000627	0.009599	0.027639	0.004930	0.029549	36283400.000000
2021-11-01	0.001465	0.022343	0.023831	0.004915	0.068928	36937200.000000
2021-10-29	0.000000	0.014904	0.022981	0.010016	0.000000	31756200.000000
2021-10-28	0.015731	0.027416	0.036267	0.021155	0.728668	37209600.000000
2021-10-27	-0.019183	0.005378	0.019989	-0.004151	-0.905918	45790800.000000
2021-10-26	0.009472	0.018748	0.035207	0.014046	0.443115	35674800.000000
2021-10-25	-0.001261	0.020452	0.024295	0.007643	-0.059082	31679500.000000
2021-10-22	0.015802	0.019012	0.032673	0.019012	0.728672	36225600.000000
2021-10-21	-0.005521	0.015757	0.023953	0.005190	-0.256020	36848600.000000
2021-10-20	0.013124	0.015760	0.032147	0.006147	0.600666	40411000.000000
2021-10-19	0.004321	0.020369	0.023222	0.013786	0.196938	32515500.000000
2021-10-18	-0.001941	0.013790	0.026930	0.008096	-0.088619	49542500.000000
2021-10-15	0.028844	0.031315	0.051594	0.022076	1.280102	64264900.000000
2021-10-14	0.044738	0.044497	0.061681	0.023546	1.900463	82201000.000000
2021-10-13	-0.009187	0.015775	0.017874	-0.012680	-0.393875	43908000.000000
2021-10-12	-0.005482	0.012990	0.020645	0.003712	-0.236328	36898300.000000
2021-10-11	-0.012630	0.021497	0.026307	0.002029	-0.551430	36283500.000000
2021-10-08	0.004986	0.014391	0.031424	0.010938	0.216629	39389400.000000
2021-10-07	-0.002713	0.028167	0.030003	0.010721	-0.118168	46258800.000000
2021-10-06	0.000452	0.007045	0.017150	0.000155	0.019703	47031700.000000
2021-10-05	0.020304	0.025618	0.048581	0.023274	0.866528	54070700.000000
2021-10-04	0.006035	0.016249	0.038880	0.015306	0.256023	48273400.000000
2021-10-01	0.014841	0.016259	0.038987	0.014106	0.620354	40987100.000000
2021-09-30	-0.014395	0.022144	0.022144	-0.004264	-0.610504	47410800.000000
2021-09-29	-0.002085	0.016013	0.019307	0.005659	-0.088623	44260200.000000
2021-09-28	-0.002312	0.019533	0.033853	0.010847	-0.098473	60781200.000000
2021-09-27	0.026578	0.028555	0.046630	0.027591	1.102859	49755400.000000
2021-09-24	0.010794	0.016273	0.031375	0.014568	0.443115	39042300.000000
2021-09-23	0.038615	0.031228	0.059564	0.028445	1.526276	49779800.000000
2021-09-22	0.025811	0.031633	0.051617	0.031633	0.994545	46261400.000000
2021-09-21	0.000511	0.019697	0.028265	0.011128	0.019695	38271100.000000
2021-09-20	-0.034321	-0.012542	-0.010536	-0.038119	-1.368729	67566200.000000
2021-09-17	0.001236	0.012780	0.021065	0.006253	0.049232	92746000.000000
2021-09-16	0.007723	0.024144	0.032493	0.017060	0.305256	42922000.000000
2021-09-15	0.007530	0.012738	0.028287	0.011208	0.295410	52358200.000000
2021-09-14	-0.026869	0.020255	0.024720	-0.016209	-1.083168	53820400.000000
2021-09-13	0.016638	0.023864	0.032943	0.017559	0.659752	42036300.000000
2021-09-10	-0.016125	0.022737	0.025963	-0.001578	-0.649899	40514700.000000
2021-09-09	0.003678	0.012553	0.029736	0.010063	0.147701	36266400.000000
2021-09-08	-0.013069	0.009643	0.019720	-0.000188	-0.531734	36064400.000000
2021-09-07	0.006577	0.020490	0.035333	0.018758	0.265869	43748600.000000
2021-09-03	0.000731	0.015542	0.019751	0.007124	0.029537	41812400.000000
2021-09-02	0.000976	0.018763	0.028180	0.007116	0.039387	44538900.000000
2021-09-01	-0.013413	0.020746	0.021479	0.003143	-0.548615	52361900.000000
2021-08-31	0.002160	0.020991	0.030792	0.013396	0.088173	54654600.000000
2021-08-30	-0.019534	0.024109	0.024109	0.000086	-0.813137	44855600.000000
2021-08-27	0.010704	0.022688	0.035557	0.018318	0.440857	46468600.000000
2021-08-26	-0.002610	0.029222	0.037456	0.017598	-0.107765	41184500.000000
2021-08-25	0.016152	0.025175	0.044616	0.022222	0.656384	51219900.000000
2021-08-24	0.013933	0.025487	0.039958	0.023990	0.558414	35579300.000000
2021-08-23	0.013376	0.027320	0.039204	0.026561	0.529026	35364500.000000
2021-08-20	0.004479	0.018206	0.027857	0.013635	0.176342	40415000.000000
2021-08-19	-0.014709	0.003980	0.017743	0.001227	-0.587803	51883900.000000
2021-08-18	-0.007301	0.012797	0.031676	0.010064	-0.293907	50342500.000000
2021-08-17	-0.004844	0.014813	0.027668	0.004183	-0.195934	43526900.000000
2021-08-16	-0.008167	0.009222	0.012654	-0.004264	-0.333092	38599100.000000
2021-08-13	-0.012337	0.019293	0.022683	0.003310	-0.509430	41344900.000000
2021-08-12	0.004768	0.027559	0.029019	0.016366	0.195938	37400100.000000
2021-08-11	0.012551	0.024934	0.039471	0.021978	0.509430	58458200.000000
2021-08-10	0.018687	0.021750	0.044589	0.018487	0.744549	44987300.000000
2021-08-09	0.012951	0.018204	0.041339	0.011848	0.509434	56340100.000000
2021-08-06	0.028960	0.032518	0.057108	0.032518	1.107037	58022300.000000
2021-08-05	0.019598	0.028748	0.041817	0.028214	0.734756	34754500.000000
2021-08-04	-0.007263	0.006977	0.026571	0.002476	-0.274311	42289800.000000
2021-08-03	0.015543	0.023435	0.038762	0.009721	0.578011	39680600.000000
2021-08-02	-0.010428	0.021810	0.036446	0.008772	-0.391872	49894000.000000
2021-07-30	-0.008273	0.016260	0.024704	0.004121	-0.313496	46210100.000000
2021-07-29	0.014424	0.031989	0.043501	0.027171	0.538822	43039100.000000
2021-07-28	0.003949	0.026390	0.034721	0.014564	0.146950	43331100.000000
2021-07-27	-0.003934	0.009770	0.023691	0.002810	-0.146950	39121400.000000
2021-07-26	0.011406	0.019663	0.035367	0.019663	0.421261	32258000.000000
2021-07-23	-0.006849	0.027200	0.029082	0.009990	-0.254715	48659400.000000
2021-07-22	-0.013000	0.018092	0.019154	0.000045	-0.489834	52715600.000000
2021-07-21	0.020430	0.030496	0.049995	0.028600	0.754349	49907400.000000
2021-07-20	0.020579	0.018811	0.053638	0.011901	0.744549	59462900.000000
2021-07-19	-0.026107	-0.010749	0.002711	-0.017209	-0.969875	83251500.000000
2021-07-16	-0.023436	0.030998	0.032838	-0.011851	-0.891506	60469700.000000
2021-07-15	-0.000772	0.008400	0.033092	0.006562	-0.029392	54697300.000000
2021-07-14	-0.025088	0.001540	0.012807	-0.032263	-0.979675	105651700.000000
2021-07-13	-0.018951	0.016978	0.016978	-0.005633	-0.754349	54338100.000000
2021-07-12	0.014735	0.014373	0.040376	0.010549	0.578007	42624500.000000
2021-07-09	0.032491	0.043646	0.059175	0.037065	1.234390	43887200.000000
2021-07-08	-0.024402	-0.008271	0.007650	-0.011867	-0.950283	52793100.000000
2021-07-07	-0.007986	0.008009	0.018963	0.002660	-0.313492	43499900.000000
2021-07-06	-0.026246	0.012312	0.014049	-0.011005	-1.058052	47578700.000000
2021-07-02	-0.009389	0.016568	0.019026	0.009934	-0.382080	28980800.000000
2021-07-01	0.007519	0.028916	0.032382	0.020251	0.303707	28045100.000000
2021-06-30	0.008315	0.017501	0.032479	0.016502	0.333084	29159800.000000
2021-06-29	-0.016121	0.022465	0.030325	0.000852	-0.656384	38519600.000000
2021-06-28	-0.001442	0.016822	0.019765	0.007993	-0.058777	34416500.000000
2021-06-25	0.019348	0.031746	0.045746	0.020996	0.773941	53178800.000000
2021-06-24	0.015672	0.026840	0.041313	0.020238	0.617195	37161800.000000
2021-06-23	0.005754	0.025598	0.032238	0.023300	0.225327	32039900.000000
2021-06-22	0.005535	0.024084	0.033842	0.008677	0.215530	44113200.000000
2021-06-21	0.025013	0.029695	0.047067	0.027326	0.950283	48119400.000000
2021-06-18	-0.025628	0.000485	0.007922	-0.012851	-0.999268	102774200.000000
2021-06-17	-0.043729	0.030556	0.032518	-0.025852	-1.783009	80728200.000000
2021-06-16	0.005557	0.018033	0.035543	0.002990	0.225327	63859100.000000
2021-06-15	0.000725	0.018772	0.025682	0.009393	0.029388	39247900.000000
2021-06-14	-0.011945	0.020502	0.021965	0.001238	-0.489838	36050700.000000
2021-06-11	0.004078	0.023684	0.025643	0.016339	0.166546	31203600.000000
2021-06-10	-0.014887	0.031359	0.036183	0.003862	-0.617195	40123600.000000
2021-06-09	-0.013060	0.010986	0.017175	0.002416	-0.548622	42366300.000000
2021-06-08	-0.005566	0.014591	0.023587	0.004412	-0.235119	41871400.000000
2021-06-07	-0.003467	0.020746	0.023577	0.015792	-0.146954	28401900.000000
2021-06-04	0.000462	0.020510	0.024050	0.010834	0.019592	37192600.000000
2021-06-03	0.011459	0.020985	0.038172	0.018836	0.480045	46981200.000000
2021-06-02	0.000466	0.029342	0.031013	0.017400	0.019508	34180500.000000
2021-06-01	0.012503	0.038584	0.046564	0.034232	0.517056	42890700.000000
2021-05-28	-0.003760	0.027693	0.028897	0.012998	-0.156090	38509700.000000
2021-05-27	0.012131	0.035771	0.044793	0.026993	0.497532	52981100.000000
2021-05-26	0.000714	0.025287	0.030899	0.016503	0.029266	41332800.000000
2021-05-25	-0.014544	0.026485	0.040191	0.008211	-0.604851	52657700.000000
2021-05-24	0.005425	0.029394	0.034230	0.021417	0.224384	31390800.000000
2021-05-21	0.012658	0.028715	0.042914	0.025532	0.517052	40243800.000000
2021-05-20	-0.002383	0.023333	0.028951	0.012587	-0.097557	36871100.000000
2021-05-19	-0.004507	0.012643	0.021153	0.004377	-0.185360	42672800.000000
2021-05-18	-0.013570	0.024083	0.030079	0.010653	-0.565830	37880300.000000
2021-05-17	0.008971	0.022139	0.036900	0.020203	0.370716	32656400.000000
2021-05-14	0.012428	0.030433	0.040722	0.027003	0.507301	30932600.000000
2021-05-13	0.016027	0.017077	0.047694	0.015086	0.643871	42026100.000000
2021-05-12	-0.009382	0.045016	0.049454	0.011974	-0.380478	47533000.000000
2021-05-11	-0.011415	0.012854	0.032112	0.007735	-0.468269	42964700.000000
2021-05-10	-0.003082	0.032819	0.043512	0.021398	-0.126823	41271500.000000
2021-05-07	0.004047	0.003571	0.030899	0.003083	0.165844	39249200.000000
2021-05-06	0.014980	0.027272	0.041636	0.021328	0.604862	39044400.000000
2021-05-05	0.009512	0.030043	0.039043	0.019042	0.380463	37471100.000000
2021-05-04	0.010848	0.016956	0.038184	0.005330	0.429249	53880000.000000
2021-05-03	0.000740	0.033642	0.038194	0.022261	0.029270	41940500.000000
2021-04-30	-0.014108	0.018311	0.019807	0.009085	-0.565830	39203400.000000
2021-04-29	0.026980	0.038358	0.053210	0.036054	1.053619	44008700.000000
2021-04-28	0.003761	0.026328	0.033782	0.025043	0.146336	34084400.000000
2021-04-27	0.011926	0.031805	0.038308	0.027644	0.458515	34304800.000000
2021-04-26	0.005870	0.029490	0.042571	0.027659	0.224377	34699800.000000
2021-04-23	0.021376	0.023974	0.051230	0.021302	0.799969	48674100.000000
2021-04-22	-0.009297	0.025837	0.026366	0.010482	-0.351204	48093400.000000
2021-04-21	0.016807	0.016160	0.043885	0.007008	0.624363	37851800.000000
2021-04-20	-0.027827	0.020594	0.020594	-0.008454	-1.063366	50834100.000000
2021-04-19	0.000511	0.031327	0.032374	0.021901	0.019508	42321100.000000
2021-04-16	0.010583	0.040125	0.043035	0.029541	0.399979	60633400.000000
2021-04-15	-0.028586	0.021187	0.024015	-0.021994	-1.112141	118128900.000000
2021-04-14	0.014242	0.016179	0.051373	0.014615	0.546314	52023800.000000
2021-04-13	-0.018472	0.018646	0.018902	0.003037	-0.721920	46770400.000000
2021-04-12	0.001751	0.025043	0.035040	0.021454	0.068295	45544600.000000
2021-04-09	0.007305	0.030465	0.037436	0.020137	0.282909	45872900.000000
2021-04-08	-0.008739	0.018644	0.019924	0.003800	-0.341446	45285900.000000
2021-04-07	0.009070	0.027109	0.036923	0.022460	0.351204	43136400.000000
2021-04-06	-0.002764	0.018089	0.034057	0.016286	-0.107311	42590100.000000
2021-04-05	0.007850	0.038281	0.045549	0.027898	0.302418	50328500.000000
2021-04-01	0.020677	0.028752	0.047033	0.025838	0.780460	65587000.000000
2021-03-31	-0.007694	0.015315	0.025043	0.011109	-0.292671	49270000.000000
2021-03-30	0.017750	0.033605	0.055813	0.033605	0.663387	56705900.000000
2021-03-29	-0.009566	0.008347	0.023718	0.003312	-0.360958	45680000.000000
2021-03-26	0.027085	0.043824	0.054983	0.036475	0.995083	66846000.000000
2021-03-25	0.020596	0.024209	0.048655	0.017543	0.741428	47517900.000000
2021-03-24	0.000000	0.033654	0.049766	0.024765	0.000000	43896800.000000
2021-03-23	-0.020180	0.016877	0.029398	0.001091	-0.741428	49838000.000000
2021-03-22	-0.022580	0.013071	0.021052	-0.005019	-0.848747	54701300.000000
2021-03-19	-0.010529	0.007932	0.024516	-0.012074	-0.399986	106252700.000000
2021-03-18	0.026087	0.040168	0.079604	0.037738	0.965813	95439700.000000
2021-03-17	0.008236	0.034847	0.044650	0.016601	0.302429	63796000.000000
2021-03-16	-0.002914	0.016082	0.024228	0.003863	-0.107315	50300400.000000
2021-03-15	-0.005008	0.027474	0.028555	0.005590	-0.185356	50131600.000000
2021-03-12	0.018797	0.043760	0.050917	0.034401	0.682896	46069600.000000
2021-03-11	-0.003479	0.022300	0.036563	0.010780	-0.126816	45834000.000000
2021-03-10	0.028910	0.031252	0.059192	0.026454	1.024345	53365600.000000
2021-03-09	-0.021815	0.009031	0.025871	-0.011398	-0.790218	63946000.000000
2021-03-08	0.005416	0.037533	0.047248	0.021990	0.195118	65335500.000000
2021-03-05	0.011781	0.039927	0.055934	0.015775	0.419495	74292300.000000
2021-03-04	0.007175	0.022215	0.042862	0.015992	0.253654	96512800.000000
2021-03-03	0.025049	0.042891	0.071885	0.039122	0.863960	66047000.000000
2021-03-02	-0.007265	0.026104	0.034451	0.021787	-0.252399	41167400.000000
2021-03-01	0.031115	0.054174	0.069903	0.045864	1.048412	45901700.000000
2021-02-26	-0.033955	0.024400	0.033001	-0.005704	-1.184319	70933300.000000
2021-02-25	-0.012369	0.046557	0.048539	0.012578	-0.436832	74762000.000000
2021-02-24	0.024212	0.036514	0.059136	0.032454	0.834843	58139500.000000
2021-02-23	0.010526	0.038047	0.051821	0.029841	0.359180	67440700.000000
2021-02-22	0.017661	0.027450	0.051309	0.026257	0.592155	56783400.000000
2021-02-19	0.010237	0.030436	0.046404	0.029833	0.339764	54514100.000000
2021-02-18	-0.006393	0.019656	0.037319	0.018459	-0.213562	37541700.000000
2021-02-17	0.004085	0.023220	0.038851	0.015706	0.135895	45455300.000000
2021-02-16	0.026970	0.048965	0.066870	0.040321	0.873676	52802600.000000
2021-02-12	0.014903	0.033894	0.047992	0.031074	0.475664	37468300.000000
2021-02-11	-0.003032	0.029822	0.040442	0.016703	-0.097071	29479900.000000
2021-02-10	0.000910	0.035449	0.044828	0.027320	0.029123	45031900.000000
2021-02-09	-0.004231	0.026398	0.027955	0.014569	-0.135904	35868600.000000
2021-02-08	0.022243	0.032044	0.059094	0.031089	0.698936	46014100.000000
2021-02-05	-0.004000	0.042496	0.043130	0.024429	-0.126202	42008800.000000
2021-02-04	0.029132	0.037310	0.061123	0.036658	0.893091	51751900.000000
2021-02-03	0.017725	0.026150	0.053373	0.025154	0.533909	49404900.000000
2021-02-02	0.035714	0.051452	0.072770	0.050077	1.038704	53527000.000000
2021-02-01	0.010455	0.037778	0.043684	0.027355	0.300928	40985300.000000
2021-01-29	-0.022098	0.032852	0.036250	0.005332	-0.650402	64019100.000000
2021-01-28	0.016427	0.050509	0.061905	0.033242	0.475672	51223300.000000
2021-01-27	-0.035876	0.009159	0.013154	-0.012150	-1.077532	63809200.000000
2021-01-26	-0.007060	0.038068	0.039060	0.021869	-0.213564	36373000.000000
2021-01-25	-0.012361	0.020992	0.021971	-0.001864	-0.378593	48078400.000000
2021-01-22	-0.006925	0.016840	0.029486	0.013273	-0.213566	45314500.000000
2021-01-21	-0.017625	0.030134	0.034593	0.010704	-0.553326	49626600.000000
2021-01-20	-0.013122	0.029820	0.030763	0.010959	-0.417421	53920000.000000
2021-01-19	-0.007270	0.014219	0.048546	0.004857	-0.232975	78130200.000000
2021-01-15	-0.028832	0.008919	0.019224	-0.008962	-0.951336	57684300.000000
2021-01-14	0.015840	0.030750	0.058150	0.028903	0.514500	48483500.000000
2021-01-13	-0.005942	0.023095	0.030746	0.012690	-0.194145	43172800.000000
2021-01-12	0.017841	0.041036	0.058169	0.034184	0.572731	68166200.000000
2021-01-11	0.016600	0.016201	0.049134	0.010184	0.524206	51868200.000000
2021-01-08	-0.010043	0.032015	0.034523	0.006622	-0.320345	44641400.000000
2021-01-07	0.022084	0.067302	0.077235	0.052243	0.689226	74358500.000000
2021-01-06	0.062459	0.085964	0.110475	0.067581	1.834717	107002800.000000
2021-01-05	0.007659	0.034937	0.047629	0.026018	0.223272	48507000.000000
2021-01-04	-0.009238	0.035232	0.038971	0.011102	-0.271809	51483900.000000
2020-12-31	0.011007	0.031165	0.044222	0.027385	0.320347	28716000.000000
2020-12-30	-0.001000	0.029791	0.037343	0.027731	-0.029123	26370100.000000
2020-12-29	-0.003983	0.031502	0.034237	0.023296	-0.116489	33291900.000000
2020-12-28	0.005674	0.039418	0.050421	0.031166	0.165028	32861200.000000
2020-12-24	-0.002995	0.037676	0.037676	0.019507	-0.087368	22632300.000000
2020-12-23	0.028757	0.036482	0.070338	0.034366	0.815426	52537200.000000
2020-12-22	-0.017821	0.031520	0.031520	0.010390	-0.514496	39054300.000000
2020-12-21	0.037321	0.045584	0.077563	0.032290	1.038698	93397400.000000
2020-12-18	-0.005550	0.032278	0.039782	0.020844	-0.155315	82817200.000000
2020-12-17	0.003830	0.029776	0.037308	0.023319	0.106783	43182700.000000
2020-12-16	0.002793	0.035889	0.036609	0.022941	0.077660	42463200.000000
2020-12-15	0.014883	0.034880	0.052036	0.031229	0.407711	43672700.000000
2020-12-14	-0.012251	0.042754	0.044196	0.014630	-0.339760	40267100.000000
2020-12-11	-0.018550	0.014917	0.017394	0.001470	-0.524208	40538400.000000
2020-12-10	0.010764	0.024053	0.041938	0.018330	0.300934	58859600.000000
2020-12-09	-0.004494	0.041529	0.041529	0.023725	-0.126196	54886300.000000
2020-12-08	-0.005500	0.021989	0.032259	0.018802	-0.155319	33869100.000000
2020-12-07	-0.006828	0.016418	0.025210	0.009032	-0.194153	42197800.000000
2020-12-04	0.013144	0.040468	0.048663	0.033341	0.368885	66188200.000000
2020-12-03	0.001039	0.032274	0.037981	0.021217	0.029125	54013700.000000
2020-12-02	0.012896	0.036555	0.054258	0.030774	0.356949	45257500.000000
2020-12-01	0.018821	0.057904	0.068947	0.055328	0.511312	50255100.000000
2020-11-30	-0.028631	0.026901	0.031906	0.004732	-0.800732	63567900.000000
2020-11-27	-0.001378	0.034412	0.039054	0.028699	-0.038591	25971600.000000
2020-11-25	0.001725	0.026897	0.038701	0.018671	0.048239	57249900.000000
2020-11-24	0.058050	0.056991	0.097105	0.056612	1.533928	80387800.000000
2020-11-23	0.021634	0.048154	0.064005	0.046220	0.559546	45421200.000000
2020-11-20	-0.006301	0.027334	0.035402	0.023108	-0.164001	40538000.000000
2020-11-19	0.000000	0.034634	0.037707	0.023876	0.000000	46423000.000000
2020-11-18	-0.020690	0.039565	0.050852	0.014356	-0.549900	54416700.000000
2020-11-17	-0.001088	0.024152	0.037306	0.015132	-0.028944	46402300.000000
2020-11-16	0.021481	0.069571	0.074945	0.043465	0.559546	57396700.000000
2020-11-13	0.011615	0.043933	0.056750	0.039273	0.299067	52421000.000000
2020-11-12	-0.023775	0.017598	0.019873	-0.002496	-0.627075	67912600.000000
2020-11-11	-0.011569	0.039927	0.040677	0.016318	-0.308718	48360900.000000
2020-11-10	-0.003602	0.026473	0.036555	0.014897	-0.096474	77694600.000000
2020-11-09	0.141917	0.134198	0.205405	0.121406	3.328339	178378800.000000
2020-11-06	-0.012190	0.050033	0.051296	0.020549	-0.289425	55454500.000000
2020-11-05	0.039274	0.046185	0.085143	0.044434	0.897205	74722600.000000
2020-11-04	-0.040907	0.002968	0.013464	-0.023061	-0.974382	88845500.000000
2020-11-03	0.025332	0.058078	0.073574	0.055064	0.588488	65106200.000000
2020-11-02	0.016034	0.044864	0.061047	0.026495	0.366600	59756400.000000
2020-10-30	0.006797	0.034353	0.049765	0.023344	0.154356	66453400.000000
2020-10-29	0.002983	0.031696	0.048921	0.021097	0.067533	57490400.000000
2020-10-28	-0.015933	0.017432	0.028297	0.004828	-0.366600	81942500.000000
2020-10-27	-0.028117	0.025995	0.030219	0.005720	-0.665668	55009300.000000
2020-10-26	-0.014458	0.018654	0.023233	0.005333	-0.347301	59450200.000000
2020-10-23	0.001206	0.051976	0.052809	0.029886	0.028940	51007400.000000
2020-10-22	0.034096	0.036555	0.073621	0.034400	0.791086	55402000.000000
2020-10-21	-0.003728	0.039990	0.045142	0.030973	-0.086828	41564900.000000
2020-10-20	0.017707	0.043983	0.069766	0.043546	0.405188	62476400.000000
2020-10-19	-0.021452	0.039120	0.039976	0.013035	-0.501661	51377900.000000
2020-10-16	0.003727	0.038701	0.045139	0.027541	0.086824	58357700.000000
2020-10-15	0.022439	0.035238	0.062008	0.030411	0.511309	66832400.000000
2020-10-14	-0.053307	0.011627	0.021598	-0.019947	-1.283098	127409500.000000
2020-10-13	-0.028427	0.034940	0.036555	0.002649	-0.704254	61186900.000000
2020-10-12	0.012618	0.034102	0.055765	0.031650	0.308714	48362900.000000
2020-10-09	0.004755	0.040661	0.046822	0.028341	0.115772	44511500.000000
2020-10-08	0.014469	0.039471	0.054053	0.033638	0.347301	52080600.000000
2020-10-07	0.020927	0.047613	0.068030	0.046337	0.492012	47648000.000000
2020-10-06	-0.010154	0.049185	0.060553	0.022240	-0.241182	67541100.000000
2020-10-05	0.016935	0.049827	0.057962	0.043833	0.395542	44396800.000000
2020-10-02	0.004564	0.016770	0.050748	0.013759	0.106121	51682100.000000
2020-10-01	0.000415	0.044300	0.050324	0.026658	0.009649	44782200.000000
2020-09-30	0.013462	0.036991	0.060539	0.036555	0.308712	56226100.000000
2020-09-29	-0.013283	0.031821	0.032252	0.012459	-0.308712	45695200.000000
2020-09-28	0.025543	0.053764	0.072739	0.049793	0.578840	47996900.000000
2020-09-25	0.006427	0.033890	0.045881	0.027228	0.144707	42111300.000000
2020-09-24	0.003439	0.041902	0.061510	0.022740	0.077181	53570700.000000
2020-09-23	-0.028404	0.043482	0.050410	0.007112	-0.656019	59950300.000000
2020-09-22	-0.021659	0.028083	0.042062	0.008597	-0.511307	68665300.000000
2020-09-21	-0.029353	0.010240	0.018874	-0.011963	-0.713903	75218600.000000
2020-09-18	-0.005523	0.028377	0.045959	0.026332	-0.135065	94055800.000000
2020-09-17	-0.009766	0.017524	0.031696	0.016309	-0.241182	48862000.000000
2020-09-16	0.012658	0.036554	0.062386	0.027124	0.308710	64598600.000000
2020-09-15	-0.018252	0.037360	0.039775	0.014012	-0.453423	63820200.000000
2020-09-14	0.009804	0.043465	0.056473	0.038181	0.241188	47802400.000000
2020-09-11	0.014320	0.039853	0.054696	0.034493	0.347301	47708300.000000
2020-09-10	-0.014504	0.044275	0.051995	0.019082	-0.356953	56609600.000000
2020-09-09	0.001177	0.043064	0.046318	0.026384	0.028942	53822700.000000
2020-09-08	-0.039940	0.020932	0.027962	-0.008360	-1.022619	74978600.000000
2020-09-04	0.034295	0.060792	0.080990	0.042210	0.848967	99621400.000000
2020-09-03	-0.006966	0.050996	0.067844	0.021311	-0.173651	86192500.000000
2020-09-02	0.012057	0.036468	0.062044	0.034844	0.296997	57300900.000000
2020-09-01	-0.001165	0.037287	0.050263	0.029988	-0.028740	46109200.000000
2020-08-31	-0.021293	0.035441	0.037425	0.019566	-0.536516	49416200.000000
2020-08-28	0.009597	0.057799	0.060604	0.041371	0.239517	46466400.000000
2020-08-27	0.019171	0.040917	0.070727	0.038875	0.469448	52934800.000000
2020-08-26	-0.016923	0.041367	0.041367	0.025308	-0.421545	39478000.000000
2020-08-25	0.012067	0.057996	0.064090	0.045400	0.296997	57304700.000000
2020-08-24	0.028423	0.053803	0.073860	0.046282	0.680225	54579500.000000
2020-08-21	-0.004781	0.038785	0.057498	0.035458	-0.114969	55010700.000000
2020-08-20	-0.015686	0.029858	0.036817	0.024128	-0.383221	49403700.000000
2020-08-19	-0.001175	0.049090	0.066261	0.038051	-0.028746	59856000.000000
2020-08-18	-0.014286	0.042566	0.047402	0.026043	-0.354483	45850100.000000
2020-08-17	-0.021534	0.037466	0.041409	0.018933	-0.546093	57518700.000000
2020-08-14	0.004554	0.032288	0.056055	0.026742	0.114965	50931900.000000
2020-08-13	-0.014216	0.034403	0.041432	0.020736	-0.364063	55955500.000000
2020-08-12	-0.007058	0.065488	0.068978	0.024001	-0.182034	61971300.000000
2020-08-11	0.013554	0.072070	0.090541	0.052421	0.344906	81441000.000000
2020-08-10	0.017235	0.051770	0.071758	0.047773	0.431128	64051100.000000
2020-08-07	0.025128	0.038448	0.073281	0.035169	0.613157	63354500.000000
2020-08-06	0.003151	0.046242	0.055286	0.039253	0.076645	51999700.000000
2020-08-05	0.015194	0.056713	0.067981	0.053791	0.364063	51322600.000000
2020-08-04	0.000800	0.042522	0.046699	0.038345	0.019161	37985300.000000
2020-08-03	0.004421	0.050068	0.061815	0.035804	0.105385	58284000.000000
2020-07-31	0.001610	0.047557	0.048397	0.027808	0.038326	61955800.000000
2020-07-30	-0.017016	0.021057	0.030558	0.005775	-0.411968	61755900.000000
2020-07-29	0.037356	0.043775	0.083624	0.036491	0.871836	71393500.000000
2020-07-28	0.009114	0.043343	0.061935	0.041181	0.210773	48406500.000000
2020-07-27	-0.008624	0.038203	0.040346	0.023628	-0.201191	54721300.000000
2020-07-24	-0.007743	0.044626	0.056110	0.032291	-0.182035	50217600.000000
2020-07-23	0.009461	0.052792	0.057944	0.035188	0.220356	61047600.000000
2020-07-22	-0.004504	0.036082	0.039928	0.024541	-0.105385	52193700.000000
2020-07-21	0.035623	0.049530	0.083614	0.048644	0.804768	75499300.000000
2020-07-20	0.015504	0.042427	0.065352	0.038831	0.344906	61114000.000000
2020-07-17	-0.029670	0.041594	0.045956	0.011934	-0.680225	66659100.000000
2020-07-16	-0.027236	0.007710	0.027652	-0.001200	-0.641901	78067100.000000
2020-07-15	0.019056	0.070583	0.075339	0.049829	0.440708	57384400.000000
2020-07-14	-0.002067	0.030831	0.042049	0.011845	-0.047899	67423100.000000
2020-07-13	0.007077	0.058984	0.065068	0.036822	0.162867	73598100.000000
2020-07-10	0.054897	0.041025	0.102450	0.039650	1.197577	81142900.000000
2020-07-09	-0.014286	0.036545	0.046486	0.011694	-0.316162	79385900.000000
2020-07-08	0.003911	0.044682	0.051940	0.029713	0.086227	52922600.000000
2020-07-07	-0.027473	0.031423	0.031864	0.010247	-0.622740	60645800.000000
2020-07-06	0.015887	0.067528	0.079180	0.051394	0.354481	59589000.000000
2020-07-02	0.001290	0.069802	0.076533	0.041980	0.028744	56000200.000000
2020-07-01	-0.020632	0.056081	0.057839	0.020922	-0.469452	57379900.000000
2020-06-30	0.015391	0.035296	0.066980	0.030834	0.344904	61716200.000000
2020-06-29	0.010367	0.055498	0.074886	0.041521	0.229937	66269200.000000
2020-06-26	-0.063511	0.017174	0.018019	-0.028005	-1.504156	118139200.000000
2020-06-25	0.038219	0.038953	0.085859	0.032377	0.871834	65031900.000000
2020-06-24	-0.039532	0.033249	0.033249	-0.002961	-0.938898	75437100.000000
2020-06-23	0.006905	0.060309	0.077268	0.049711	0.162870	46108300.000000
2020-06-22	-0.024951	0.028894	0.034681	0.017319	-0.603579	55484300.000000
2020-06-19	0.008387	0.060449	0.062533	0.020849	0.201191	127563600.000000
2020-06-18	0.001600	0.031250	0.064233	0.026240	0.038324	53419000.000000
2020-06-17	-0.031008	0.047821	0.047821	0.008174	-0.766447	58349500.000000
2020-06-16	0.025845	0.086522	0.089012	0.031740	0.622738	96796500.000000
2020-06-15	0.014931	0.000811	0.060203	-0.002137	0.354485	76538900.000000
2020-06-12	0.035520	0.091755	0.092627	0.048573	0.814348	73729700.000000
2020-06-11	-0.100376	-0.019793	0.008067	-0.070805	-2.558023	149875500.000000
2020-06-10	-0.057406	0.034528	0.039337	-0.019473	-1.552057	90415300.000000
2020-06-09	-0.011212	0.013786	0.043775	0.007568	-0.306583	77773400.000000
2020-06-08	0.015297	0.061598	0.073109	0.044889	0.411970	79598500.000000
2020-06-05	0.049664	0.128353	0.130691	0.086649	1.274220	118767900.000000
2020-06-04	0.037582	0.039731	0.085025	0.034069	0.929321	94545300.000000
2020-06-03	0.046296	0.078981	0.106061	0.074327	1.094139	86744600.000000
2020-06-02	0.009346	0.066002	0.084367	0.048919	0.218828	71118100.000000
2020-06-01	0.020315	0.058027	0.083737	0.048004	0.466196	58375500.000000
2020-05-29	-0.029767	0.032452	0.053169	0.017231	-0.704052	113811100.000000
2020-05-28	-0.043110	0.055100	0.057527	0.002912	-1.065598	84340800.000000
2020-05-27	0.070016	0.128542	0.132870	0.080924	1.617422	117672700.000000
2020-05-26	0.071492	0.101613	0.141039	0.099294	1.541311	119485500.000000
2020-05-22	-0.010480	0.052432	0.053349	0.030860	-0.228342	48107000.000000
2020-05-21	-0.000436	0.046467	0.067571	0.045091	-0.009514	57726000.000000
2020-05-20	0.031517	0.073297	0.088440	0.071404	0.665997	59789500.000000
2020-05-19	-0.031400	0.038678	0.054263	0.017135	-0.685026	62179000.000000
2020-05-18	0.069496	0.099097	0.130472	0.081939	1.417625	86589400.000000
2020-05-15	-0.012437	0.036046	0.050570	0.027816	-0.256886	64484000.000000
2020-05-14	0.040249	0.021845	0.097388	0.012276	0.799196	88359100.000000
2020-05-13	-0.045725	0.040962	0.045287	-0.004214	-0.951426	112113400.000000
2020-05-12	-0.031444	0.057106	0.062226	0.017074	-0.675512	69588700.000000
2020-05-11	-0.042002	0.030542	0.030988	0.006016	-0.941910	68951800.000000
2020-05-08	0.031961	0.080046	0.086949	0.069922	0.694538	45181000.000000
2020-05-07	0.021924	0.065633	0.099022	0.063282	0.466200	51884300.000000
2020-05-06	-0.013680	0.066825	0.070536	0.031110	-0.294941	53874600.000000
2020-05-05	-0.011775	0.076265	0.078099	0.036845	-0.256886	45691900.000000
2020-05-04	-0.006499	0.033750	0.046956	0.021454	-0.142714	45886100.000000
2020-05-01	-0.040333	0.021774	0.025270	-0.003137	-0.922884	51772600.000000
2020-04-30	-0.029459	0.026878	0.034088	0.011608	-0.694536	55244100.000000
2020-04-29	0.037254	0.095930	0.104729	0.078332	0.846769	73493900.000000
2020-04-28	0.017895	0.094942	0.111064	0.068072	0.399595	65504900.000000
2020-04-27	0.058161	0.067166	0.120714	0.063849	1.227339	66916700.000000
2020-04-24	0.014175	0.062589	0.071720	0.041443	0.294941	47633500.000000
2020-04-23	0.003211	0.058769	0.079501	0.053465	0.066601	50614800.000000
2020-04-22	0.007394	0.076311	0.079711	0.056397	0.152229	49669500.000000
2020-04-21	-0.038222	0.023026	0.044982	0.004341	-0.818230	78871300.000000
2020-04-20	-0.033505	0.018999	0.044282	0.001391	-0.742113	74446300.000000
2020-04-17	0.086835	0.096198	0.148211	0.094726	1.769657	92800300.000000
2020-04-16	-0.034701	0.049160	0.052002	-0.001048	-0.732603	89213300.000000
2020-04-15	-0.064897	-0.018484	0.003219	-0.029557	-1.465191	99082200.000000
2020-04-14	-0.007943	0.076540	0.083131	0.015023	-0.180773	88991100.000000
2020-04-13	-0.037812	0.047672	0.050632	0.005393	-0.894339	83164700.000000
2020-04-09	0.060128	0.078843	0.134870	0.077947	1.341505	125275700.000000
2020-04-08	0.059169	0.063872	0.120365	0.063872	1.246370	81212300.000000
2020-04-07	0.035063	0.120339	0.124270	0.073658	0.713570	94560300.000000
2020-04-06	0.067898	0.103529	0.133439	0.091984	1.293940	97766200.000000
2020-04-03	-0.026252	0.042368	0.059741	0.005579	-0.513771	68293500.000000
2020-04-02	0.040465	0.044675	0.105282	0.041485	0.761141	70007400.000000
2020-04-01	-0.068771	-0.013306	0.007487	-0.034099	-1.389082	83961300.000000
2020-03-31	-0.036751	0.040563	0.072514	-0.000449	-0.770653	95213700.000000
2020-03-30	0.020370	0.053488	0.087550	0.034997	0.418627	80449100.000000
2020-03-27	-0.049296	0.002943	0.026999	-0.023889	-1.065596	91522800.000000
2020-03-26	0.076777	0.061515	0.143208	0.054541	1.541306	116111400.000000
2020-03-25	0.003329	0.085040	0.104532	0.020068	0.066603	146991300.000000
2020-03-24	0.163164	0.128954	0.229525	0.105119	2.806711	147882400.000000
2020-03-23	-0.080834	0.029147	0.051055	-0.040853	-1.512772	181898500.000000
2020-03-20	-0.072170	0.078818	0.082784	-0.030254	-1.455683	150910400.000000
2020-03-19	0.019721	0.024260	0.099588	-0.039440	0.390083	122461300.000000
2020-03-18	-0.054140	-0.030715	0.002758	-0.057972	-1.132195	148272500.000000
2020-03-17	0.075342	0.082936	0.166753	0.029972	1.465195	120065700.000000
2020-03-16	-0.153973	-0.136447	-0.054660	-0.148193	-3.539301	121688800.000000
2020-03-13	0.177962	0.137148	0.242714	0.100763	3.472702	128357400.000000
2020-03-12	-0.095280	-0.045381	0.060327	-0.065781	-2.055079	139552600.000000
2020-03-11	-0.039814	0.016776	0.066636	-0.009044	-0.894341	127347000.000000
2020-03-10	0.076607	0.114319	0.134928	0.034759	1.598394	134863600.000000
2020-03-09	-0.147024	-0.091212	-0.039702	-0.120646	-3.596386	145196000.000000
2020-03-06	-0.039955	-0.000360	0.028683	-0.014882	-1.018028	119121200.000000
2020-03-05	-0.050691	0.014914	0.019012	-0.016383	-1.360538	110878700.000000
2020-03-04	0.023063	0.076820	0.083300	0.044420	0.605053	111239800.000000
2020-03-03	-0.055158	0.057761	0.071447	-0.005265	-1.531536	138698500.000000
2020-03-02	0.030526	0.052194	0.090422	0.018420	0.822491	147776300.000000
2020-02-28	-0.021627	0.016729	0.043963	0.005835	-0.595598	171198800.000000
2020-02-27	-0.048971	0.020465	0.046365	-0.001636	-1.418085	121148300.000000
2020-02-26	-0.014479	0.068311	0.075458	0.040064	-0.425430	80012800.000000
2020-02-25	-0.050412	0.056468	0.058731	-0.003320	-1.559896	91586800.000000
2020-02-24	-0.047439	0.021435	0.022359	0.001117	-1.540997	79159600.000000
2020-02-21	-0.014060	0.048048	0.051387	0.036211	-0.463238	46675500.000000
2020-02-20	0.003744	0.049840	0.068728	0.049840	0.122894	42604100.000000
2020-02-19	0.013131	0.063317	0.075663	0.062082	0.425430	29632100.000000
2020-02-18	-0.016643	0.055333	0.057154	0.032265	-0.548325	40318000.000000
2020-02-14	-0.001719	0.056852	0.059276	0.051398	-0.056732	26447700.000000
2020-02-13	-0.000286	0.052914	0.061093	0.046553	-0.009445	31775100.000000
2020-02-12	0.004314	0.067192	0.078448	0.058065	0.141804	36656700.000000
2020-02-11	0.002306	0.062640	0.068433	0.059895	0.075638	32476300.000000
2020-02-10	0.002311	0.052565	0.060206	0.050732	0.075626	24373800.000000
2020-02-07	-0.001731	0.047083	0.057456	0.044642	-0.056721	31263000.000000
2020-02-06	-0.001152	0.064770	0.066903	0.054409	-0.037811	39511500.000000
2020-02-05	0.032421	0.072863	0.095201	0.071919	1.030479	54604800.000000
2020-02-04	0.019715	0.076690	0.087598	0.075727	0.614496	45061600.000000
2020-02-03	0.004264	0.063238	0.076126	0.060661	0.132355	48485500.000000
2020-01-31	-0.019414	0.044808	0.047967	0.031538	-0.614500	54845300.000000
2020-01-30	0.014238	0.047828	0.074103	0.046866	0.444334	50542800.000000
2020-01-29	-0.006920	0.060625	0.064125	0.049487	-0.217445	37414700.000000
2020-01-28	0.011872	0.063235	0.078369	0.060981	0.368710	38834600.000000
2020-01-27	-0.020573	0.027170	0.044831	0.024016	-0.652328	57096200.000000
2020-01-24	-0.016999	0.057761	0.058381	0.031410	-0.548326	47797200.000000
2020-01-23	-0.006985	0.049449	0.054682	0.038367	-0.226894	45717100.000000
2020-01-22	0.002919	0.061157	0.063627	0.056835	0.094543	38879700.000000
2020-01-21	-0.012964	0.048924	0.051971	0.042829	-0.425423	50811000.000000
2020-01-17	-0.000288	0.063854	0.064768	0.054105	-0.009464	54156100.000000
2020-01-16	0.001442	0.064778	0.067524	0.055625	0.047276	50368500.000000
2020-01-15	-0.018403	0.041290	0.041889	0.028412	-0.614506	74745500.000000
2020-01-14	0.007416	0.065002	0.076165	0.059269	0.245800	66719300.000000
2020-01-13	0.009211	0.060806	0.067809	0.055325	0.302525	37956100.000000
2020-01-10	-0.008278	0.056855	0.058969	0.046589	-0.274158	39730400.000000
2020-01-09	0.001716	0.067743	0.068650	0.056854	0.056721	39861600.000000
2020-01-08	0.010110	0.056233	0.075176	0.055622	0.330887	45311600.000000
2020-01-07	-0.006600	0.053208	0.059886	0.048048	-0.217438	34149000.000000
2020-01-06	-0.001433	0.042910	0.057761	0.041698	-0.047272	42185000.000000
2020-01-03	-0.020763	0.038173	0.043218	0.031643	-0.699593	50357900.000000
2020-01-02	0.011925	0.061665	0.070976	0.059863	0.397072	37614200.000000
