2022-12-30	-0.003053	-0.003856	0.003053	-0.009640	-0.190002	1349400.000000
2022-12-29	0.008098	0.004211	0.011662	0.003563	0.500000	1495300.000000
2022-12-28	-0.015939	0.002072	0.003028	-0.017533	-1.000000	1670300.000000
2022-12-27	0.011120	0.010314	0.016761	0.005641	0.690002	1457300.000000
2022-12-23	0.010422	0.010096	0.011887	-0.001303	0.639999	1235100.000000
2022-12-22	-0.019949	-0.016119	-0.014842	-0.033355	-1.250000	2307600.000000
2022-12-21	0.018200	0.014787	0.022099	0.012187	1.119999	1884200.000000
2022-12-20	0.011838	0.004604	0.017593	0.004604	0.720001	1722900.000000
2022-12-19	-0.005884	0.011769	0.015038	-0.011442	-0.360001	2035600.000000
2022-12-16	-0.007945	-0.013297	-0.005675	-0.017999	-0.489998	3155800.000000
2022-12-15	-0.011857	0.000000	0.001442	-0.013139	-0.740002	3573100.000000
2022-12-14	-0.014994	-0.014836	-0.007260	-0.027620	-0.950001	3227500.000000
2022-12-13	0.004280	0.016801	0.021398	0.000793	0.270000	2604800.000000
2022-12-12	-0.013911	-0.010785	-0.010472	-0.027978	-0.889999	2631500.000000
2022-12-09	0.008035	0.018907	0.026942	0.008035	0.509998	2923600.000000
2022-12-08	0.016333	0.015532	0.024179	0.012650	1.020000	2243200.000000
2022-12-07	-0.004622	-0.007013	0.007491	-0.008288	-0.290001	2420700.000000
2022-12-06	0.004161	0.010243	0.015205	-0.001600	0.260002	2885200.000000
2022-12-05	-0.014977	0.001577	0.012928	-0.017500	-0.950001	3001200.000000
2022-12-02	0.006506	-0.017772	0.008569	-0.018566	0.410000	2857600.000000
2022-12-01	0.003503	-0.000159	0.009873	-0.002070	0.220001	2789900.000000
2022-11-30	0.032725	0.014965	0.039138	0.010196	1.989998	3757700.000000
2022-11-29	0.031027	0.024924	0.034249	0.023398	1.830002	3402200.000000
2022-11-28	-0.011729	-0.011562	0.000168	-0.015248	-0.700001	3012800.000000
2022-11-25	-0.005996	-0.010993	-0.002165	-0.011492	-0.360001	1282700.000000
2022-11-23	0.021957	-0.003745	0.021957	-0.004936	1.290001	3658600.000000
2022-11-22	0.026380	0.013277	0.027603	0.009434	1.509998	2482200.000000
2022-11-21	-0.025536	-0.033197	-0.020599	-0.047327	-1.500000	3662400.000000
2022-11-18	0.002389	0.003242	0.004949	-0.007679	0.140003	2659000.000000
2022-11-17	-0.001363	-0.028630	-0.001023	-0.031527	-0.080002	3270100.000000
2022-11-16	-0.016921	-0.006534	-0.002513	-0.022282	-1.009998	3941200.000000
2022-11-15	0.022264	0.028430	0.029971	0.014043	1.299999	3461300.000000
2022-11-14	0.005857	0.005340	0.018605	0.003273	0.340000	3687100.000000
2022-11-11	0.066312	0.057495	0.076231	0.049963	3.610001	6602100.000000
2022-11-10	0.044914	0.029942	0.047217	0.019962	2.340000	4891700.000000
2022-11-09	-0.023430	-0.002249	0.003561	-0.024180	-1.250000	3225500.000000
2022-11-08	0.010608	0.002463	0.022732	-0.003789	0.559998	4162400.000000
2022-11-07	-0.004713	0.017534	0.017534	-0.006787	-0.250000	3550700.000000
2022-11-04	0.097455	0.088765	0.109456	0.079661	4.709999	7810100.000000
2022-11-03	0.005409	-0.009569	0.012898	-0.012482	0.260002	4326800.000000
2022-11-02	-0.030847	0.000000	0.014919	-0.031250	-1.529999	4966600.000000
2022-11-01	0.037223	0.052698	0.053952	0.029695	1.779999	4150200.000000
2022-10-31	0.006101	-0.009257	0.015359	-0.009257	0.290001	3972500.000000
2022-10-28	-0.047495	-0.038076	-0.032866	-0.059720	-2.370003	7580200.000000
2022-10-27	-0.022718	-0.019193	-0.017039	-0.032511	-1.160000	4783300.000000
2022-10-26	0.027985	0.015100	0.046910	0.014093	1.390003	5160300.000000
2022-10-25	0.013467	-0.000408	0.021220	-0.008978	0.660000	3675600.000000
2022-10-24	-0.024871	-0.027059	-0.013530	-0.031039	-1.250000	3782500.000000
2022-10-21	0.041658	-0.007461	0.044352	-0.008912	2.009998	3986900.000000
2022-10-20	-0.006588	-0.017295	0.018324	-0.018118	-0.320000	4480200.000000
2022-10-19	-0.014607	-0.011564	-0.003855	-0.023128	-0.720001	2639500.000000
2022-10-18	-0.010440	0.008834	0.012648	-0.024694	-0.520000	3294800.000000
2022-10-17	0.031049	0.032291	0.040157	0.024219	1.500000	4004600.000000
2022-10-14	-0.038416	0.002389	0.002986	-0.039212	-1.930000	2833500.000000
2022-10-13	0.022385	-0.019740	0.033171	-0.025845	1.100002	3664900.000000
2022-10-12	-0.019749	-0.018751	-0.001396	-0.021344	-0.990002	3570700.000000
2022-10-11	-0.021281	-0.021281	-0.000390	-0.034166	-1.090000	4007200.000000
2022-10-10	0.000782	0.010746	0.011919	-0.002540	0.040001	3440300.000000
2022-10-07	-0.007563	-0.003684	0.006205	-0.012022	-0.389999	3635100.000000
2022-10-06	-0.019395	-0.015783	-0.005895	-0.023388	-1.020000	3393600.000000
2022-10-05	-0.012023	-0.022168	-0.006012	-0.026301	-0.639999	3275400.000000
2022-10-04	0.030391	0.012582	0.035424	0.010647	1.570000	3274900.000000
2022-10-03	0.032374	0.019185	0.038169	0.016787	1.619999	3003500.000000
2022-09-30	-0.007537	-0.014082	0.013487	-0.014082	-0.379997	3093900.000000
2022-09-29	0.005785	0.008578	0.011769	-0.013365	0.289997	4138000.000000
2022-09-28	0.033608	0.001650	0.035670	0.000000	1.630001	3765400.000000
2022-09-27	0.021698	0.021698	0.030756	0.013482	1.029999	3995700.000000
2022-09-26	-0.028647	-0.028034	-0.005525	-0.030284	-1.399998	5592800.000000
2022-09-23	-0.045694	-0.040031	-0.037883	-0.059168	-2.340000	5368900.000000
2022-09-22	0.023995	0.039792	0.041392	0.018196	1.200001	4884100.000000
2022-09-21	-0.027988	0.001944	0.003887	-0.027988	-1.440002	2621500.000000
2022-09-20	-0.008479	-0.004818	-0.003469	-0.016959	-0.439999	3754600.000000
2022-09-19	0.018449	-0.017076	0.019235	-0.018450	0.939999	3231100.000000
2022-09-16	-0.014125	-0.018769	-0.005224	-0.025735	-0.730000	4872300.000000
2022-09-15	-0.006536	-0.006536	0.007113	-0.012880	-0.340000	2991800.000000
2022-09-14	-0.003066	0.001342	0.007666	-0.011307	-0.160000	3149500.000000
2022-09-13	-0.043271	-0.025853	-0.014668	-0.045655	-2.360001	4359200.000000
2022-09-12	0.022497	0.023622	0.029246	0.015186	1.200001	3382700.000000
2022-09-09	0.058543	0.039492	0.061520	0.039492	2.950001	3895000.000000
2022-09-08	0.028367	0.011429	0.030612	0.007347	1.389999	5296400.000000
2022-09-07	-0.017051	-0.024473	-0.013240	-0.032698	-0.849998	5109700.000000
2022-09-06	-0.007170	0.005776	0.008763	-0.010556	-0.360001	5097500.000000
2022-09-02	0.006616	0.024258	0.028869	0.001604	0.329998	4106200.000000
2022-09-01	-0.029383	-0.019848	-0.019459	-0.038723	-1.509998	7320600.000000
2022-08-31	-0.009206	0.070035	0.070035	0.053647	-0.477482	4050000.000000
2022-08-30	-0.042516	0.055185	0.056477	0.020479	-2.303139	4607200.000000
2022-08-29	-0.017323	0.049422	0.062302	0.048696	-0.954960	3552900.000000
2022-08-26	-0.017520	0.074879	0.083791	0.047433	-0.983047	3353600.000000
2022-08-25	0.030610	0.082801	0.100986	0.082617	1.666496	2958700.000000
2022-08-24	-0.010886	0.054662	0.061384	0.047940	-0.599190	3385700.000000
2022-08-23	0.025824	0.071648	0.101654	0.071648	1.385628	4610500.000000
2022-08-22	0.009868	0.069236	0.080905	0.061707	0.524296	3738400.000000
2022-08-19	-0.006652	0.063994	0.065863	0.052215	-0.355770	3216600.000000
2022-08-18	0.010256	0.085106	0.087561	0.069618	0.543018	3809300.000000
2022-08-17	-0.024495	0.036784	0.055209	0.035494	-1.329456	3923000.000000
2022-08-16	0.059006	0.103619	0.131717	0.098936	3.024040	4584500.000000
2022-08-15	-0.018293	0.033435	0.049909	0.027497	-0.954956	3156800.000000
2022-08-12	0.007407	0.047652	0.076983	0.046687	0.383854	3036200.000000
2022-08-11	0.007646	0.071218	0.086385	0.071023	0.393219	2482400.000000
2022-08-10	0.019109	0.084158	0.092481	0.078213	0.964321	2325000.000000
2022-08-09	-0.008827	0.062018	0.068500	0.054358	-0.449390	2400400.000000
2022-08-08	-0.000368	0.075371	0.082440	0.063394	-0.018726	2330700.000000
2022-08-05	0.023904	0.066498	0.099468	0.063684	1.189018	2309200.000000
2022-08-04	-0.002253	0.063694	0.074325	0.060284	-0.112347	2650900.000000
2022-08-03	0.004338	0.080597	0.081403	0.065689	0.215336	2524600.000000
2022-08-02	-0.021591	0.056478	0.060223	0.040118	-1.095394	2393200.000000
2022-08-01	-0.015443	0.057239	0.058598	0.041520	-0.795803	2422900.000000
2022-07-29	0.018882	0.073445	0.093613	0.065339	0.954960	2655600.000000
2022-07-28	0.010853	0.089293	0.092291	0.066108	0.543018	2423500.000000
2022-07-27	0.013657	0.056558	0.085530	0.051899	0.674088	3000000.000000
2022-07-26	-0.001893	0.068309	0.071140	0.057794	-0.093620	2989300.000000
2022-07-25	0.033862	0.107411	0.110338	0.090895	1.619686	2490600.000000
2022-07-22	0.006501	0.092095	0.097987	0.070211	0.308960	3033300.000000
2022-07-21	-0.001966	0.039545	0.067477	0.038705	-0.093624	2922800.000000
2022-07-20	-0.000197	0.067057	0.069996	0.055509	-0.009361	2718000.000000
2022-07-19	0.003947	0.061783	0.075695	0.053773	0.187248	3153400.000000
2022-07-18	0.028415	0.108429	0.118835	0.093904	1.310726	3781300.000000
2022-07-15	0.021352	0.076077	0.092241	0.065228	0.964321	3198800.000000
2022-07-14	-0.040764	0.019682	0.028815	0.005664	-1.919281	4660100.000000
2022-07-13	0.001992	0.057253	0.080237	0.048315	0.093624	3406900.000000
2022-07-12	-0.018192	0.055152	0.062465	0.044914	-0.870697	3741900.000000
2022-07-11	-0.035290	0.036864	0.041097	0.021545	-1.750767	2775900.000000
2022-07-08	-0.021241	0.051929	0.056072	0.031411	-1.076668	3193100.000000
2022-07-07	0.031238	0.105541	0.121003	0.093741	1.535427	4148400.000000
2022-07-06	-0.008311	0.051764	0.060036	0.034010	-0.411945	4067600.000000
2022-07-05	-0.021984	0.031405	0.044823	0.015422	-1.114120	5291300.000000
2022-07-01	-0.036490	0.030272	0.036356	0.000803	-1.919285	4125700.000000
2022-06-30	-0.034542	-0.035917	-0.025606	-0.053102	-2.009998	3594300.000000
2022-06-29	0.000000	0.007905	0.010311	-0.009967	0.000000	2876400.000000
2022-06-28	0.008842	0.015083	0.023578	0.003814	0.509998	3026500.000000
2022-06-27	0.024148	0.020952	0.031072	0.015447	1.360001	2769800.000000
2022-06-24	0.028676	0.007489	0.029589	0.002557	1.570000	2783700.000000
2022-06-23	-0.015465	0.000360	0.001798	-0.028232	-0.860001	3917300.000000
2022-06-22	-0.036556	-0.044006	-0.027374	-0.046431	-2.110001	4035300.000000
2022-06-21	-0.000692	-0.014024	0.005886	-0.014543	-0.039997	3576800.000000
2022-06-17	-0.040691	-0.028235	-0.021093	-0.049327	-2.450001	3963700.000000
2022-06-16	-0.028087	-0.030508	-0.021146	-0.037450	-1.740002	3170400.000000
2022-06-15	0.033016	0.021511	0.038352	0.006003	1.980000	3582000.000000
2022-06-14	-0.013814	-0.007236	-0.000164	-0.024667	-0.840000	3288600.000000
2022-06-13	-0.042060	-0.041745	-0.027725	-0.053088	-2.669998	3559800.000000
2022-06-10	-0.027574	-0.026348	-0.017616	-0.036152	-1.799999	3218500.000000
2022-06-09	-0.034177	-0.011836	-0.011096	-0.034177	-2.309998	2719100.000000
2022-06-08	-0.023407	-0.021240	-0.009392	-0.027019	-1.620003	3190300.000000
2022-06-07	0.036388	0.003893	0.036987	0.003744	2.430000	4557100.000000
2022-06-06	-0.004769	-0.001788	0.004769	-0.010879	-0.320000	3050000.000000
2022-06-03	-0.005042	-0.011566	0.000593	-0.015569	-0.340004	3632900.000000
2022-06-02	0.055869	0.039587	0.063541	0.037238	3.568459	3866300.000000
2022-06-01	0.013303	0.022502	0.030569	0.002689	0.838539	5143596.000000
2022-05-31	-0.005069	0.009575	0.016333	-0.010138	-0.321144	3267603.000000
2022-05-27	0.038152	0.030259	0.044730	0.029089	2.328278	2622467.000000
2022-05-26	-0.004076	-0.006551	-0.000291	-0.009172	-0.249775	2244242.000000
2022-05-25	-0.004637	-0.006231	-0.001449	-0.019273	-0.285461	2301525.000000
2022-05-24	0.004512	-0.013828	0.006405	-0.015575	0.276539	3192832.000000
2022-05-23	0.020499	0.014557	0.025253	0.006833	1.231045	4398356.000000
2022-05-20	0.022013	0.020799	0.025505	0.002581	1.293488	4860320.000000
2022-05-19	0.032122	0.004857	0.041366	0.004857	1.828724	5452432.000000
2022-05-18	-0.026392	-0.015408	-0.012204	-0.030053	-1.543262	3603118.000000
2022-05-17	0.032771	0.029305	0.034189	0.020955	1.855484	3809831.000000
2022-05-16	-0.001102	-0.001259	0.005508	-0.011646	-0.062443	4217538.000000
2022-05-13	0.025169	0.013230	0.029042	0.009035	1.391613	3130168.000000
2022-05-12	-0.012586	-0.024056	-0.006532	-0.032978	-0.704727	4571662.000000
2022-05-11	0.003999	0.024312	0.039987	0.002719	0.223015	4290179.000000
2022-05-10	0.006115	0.018989	0.020760	-0.009817	0.338985	3914980.000000
2022-05-09	-0.056340	-0.035080	-0.030524	-0.058314	-3.309547	5975715.000000
2022-05-06	0.000912	-0.009424	0.002736	-0.021736	0.053524	3810727.000000
2022-05-05	-0.050238	-0.017901	-0.015880	-0.060199	-3.104370	5458149.000000
2022-05-04	0.020477	-0.010754	0.021950	-0.021067	1.239964	4593410.000000
2022-05-03	0.007122	0.002819	0.015282	0.000593	0.428188	3054613.000000
2022-05-02	0.006271	-0.000597	0.006420	-0.014631	0.374668	4315402.000000
2022-04-29	-0.016591	0.010718	0.017765	-0.017472	-1.008030	3650985.000000
2022-04-28	0.013843	-0.001489	0.014737	-0.011759	0.829617	4777814.000000
2022-04-27	0.045603	0.047626	0.058677	0.034086	2.613739	6618832.000000
2022-04-26	-0.025038	-0.012595	-0.005311	-0.026252	-1.471901	5411291.000000
2022-04-25	-0.030740	-0.044271	-0.027504	-0.060744	-1.864407	10201548.000000
2022-04-22	-0.048559	-0.013434	-0.008676	-0.050378	-3.095451	8564440.000000
2022-04-21	-0.070741	-0.037061	-0.031600	-0.073992	-4.852810	8406491.000000
2022-04-20	-0.012330	-0.027100	-0.009761	-0.040971	-0.856377	4871306.000000
2022-04-19	-0.006634	-0.013396	-0.005869	-0.016076	-0.463875	3094296.000000
2022-04-18	0.002943	0.002943	0.012668	0.000512	0.205177	3047439.000000
2022-04-14	0.000256	-0.005376	0.004864	-0.007424	0.017838	3032529.000000
2022-04-13	0.014280	0.000260	0.015449	0.000260	0.981270	2446695.000000
2022-04-12	0.014888	0.010013	0.028327	0.009750	1.008026	3408401.000000
2022-04-11	-0.022789	-0.012103	-0.009656	-0.028582	-1.578949	2926707.000000
2022-04-08	0.004137	0.008403	0.013704	0.001939	0.285461	2388515.000000
2022-04-07	0.000388	-0.004139	0.004656	-0.011123	0.026764	2964597.000000
2022-04-06	0.001814	0.007515	0.010884	-0.006867	0.124886	3522967.000000
2022-04-05	-0.020310	-0.006601	-0.001143	-0.021960	-1.427299	3086337.000000
2022-04-04	-0.006557	-0.006431	-0.003783	-0.014376	-0.463867	2530433.000000
2022-04-01	0.026537	0.016311	0.031197	0.015275	1.828720	2776605.000000
2022-03-31	-0.011137	0.002048	0.007936	-0.012033	-0.776093	2865612.000000
2022-03-30	0.032924	0.024726	0.038873	0.024593	2.221237	4130661.000000
2022-03-29	0.000529	-0.017727	0.002249	-0.028046	0.035683	4904599.000000
2022-03-28	0.003318	0.005973	0.007035	-0.009557	0.223015	6250136.000000
2022-03-25	0.014407	-0.000404	0.015080	-0.000404	0.954506	3288454.000000
2022-03-24	0.017955	0.010005	0.022204	0.009457	1.168594	3983586.000000
2022-03-23	0.027172	0.008166	0.027594	0.005772	1.721680	4265181.000000
2022-03-22	-0.008515	0.013959	0.018984	-0.014098	-0.544159	6743712.000000
2022-03-21	0.041279	0.023547	0.047965	0.022820	2.533455	6025263.000000
2022-03-18	0.013255	0.012813	0.014875	-0.003387	0.802853	4995176.000000
2022-03-17	0.015859	-0.004339	0.016457	-0.011520	0.945583	4270225.000000
2022-03-16	0.031800	0.010497	0.033807	0.008182	1.837646	5730776.000000
2022-03-15	-0.010841	-0.023362	-0.010231	-0.032371	-0.633366	5895563.000000
2022-03-14	-0.044639	-0.022611	-0.019402	-0.051203	-2.729702	7471689.000000
2022-03-11	-0.037354	-0.039180	-0.022328	-0.040163	-2.372883	5286972.000000
2022-03-10	0.019616	0.000286	0.020189	-0.005298	1.222122	6092411.000000
2022-03-09	0.003881	-0.011643	0.009056	-0.017105	0.240856	10645016.000000
2022-03-08	-0.039088	-0.038950	-0.023481	-0.046271	-2.524529	8120076.000000
2022-03-07	-0.009847	-0.005607	0.001504	-0.019694	-0.642288	7550271.000000
2022-03-04	0.001644	-0.030274	0.001918	-0.030548	0.107048	6274910.000000
2022-03-03	0.014312	0.007225	0.022370	0.004446	0.918823	5664974.000000
2022-03-02	0.050657	0.037518	0.050803	0.031533	3.095451	5833684.000000
2022-03-01	0.010474	0.004425	0.017259	-0.003245	0.633362	5324302.000000
2022-02-28	0.010886	-0.001342	0.015061	-0.002088	0.651207	4222247.000000
2022-02-25	0.056063	0.012441	0.056220	0.009291	3.175735	6325243.000000
2022-02-24	-0.076498	-0.075916	-0.071990	-0.094386	-4.692242	7321251.000000
2022-02-23	0.000291	0.013820	0.015711	-0.001018	0.017841	5959012.000000
2022-02-22	-0.008653	0.001009	0.007211	-0.017018	-0.535236	5094497.000000
2022-02-18	0.020907	0.021349	0.024146	0.010012	1.266727	6837540.000000
2022-02-17	-0.011785	-0.008439	-0.002473	-0.016587	-0.722569	6945156.000000
2022-02-16	0.017921	-0.001037	0.019994	-0.001037	1.079391	7078330.000000
2022-02-15	-0.010841	-0.017726	-0.010255	-0.031937	-0.660122	7712704.000000
2022-02-14	-0.009433	-0.004499	-0.004499	-0.020026	-0.579842	7391314.000000
2022-02-11	-0.014727	-0.019731	-0.007864	-0.022734	-0.918823	5950380.000000
2022-02-10	0.015094	0.012337	0.029608	0.010450	0.927746	8724070.000000
2022-02-09	-0.003759	-0.010555	-0.002024	-0.020243	-0.231937	10782787.000000
2022-02-08	0.010373	0.012710	0.013441	-0.008181	0.633366	10837268.000000
2022-02-07	0.034613	0.021463	0.040810	0.013603	2.042816	7175857.000000
2022-02-04	0.006389	0.001673	0.010496	-0.001521	0.374664	7541640.000000
2022-02-03	0.003358	0.015415	0.015568	-0.001068	0.196255	12548474.000000
2022-02-02	0.007690	0.004153	0.011842	-0.003230	0.446030	7991945.000000
2022-02-01	0.022327	0.005975	0.023113	0.003616	1.266727	10462293.000000
2022-01-31	-0.008883	-0.006545	-0.006545	-0.020726	-0.508476	9665598.000000
2022-01-28	-0.024772	-0.018997	-0.017477	-0.039210	-1.454056	13538429.000000
2022-01-27	0.020630	0.007756	0.025128	0.006670	1.186440	11393059.000000
2022-01-26	0.009236	0.008297	0.024577	0.002035	0.526314	7639055.000000
2022-01-25	-0.011299	-0.013311	-0.001857	-0.027086	-0.651203	8501440.000000
2022-01-24	-0.005541	-0.026782	-0.005233	-0.042327	-0.321140	8935491.000000
2022-01-21	-0.044980	-0.034103	-0.028517	-0.045274	-2.729706	10684251.000000
2022-01-20	-0.006571	0.000146	0.015771	-0.008178	-0.401428	9697211.000000
2022-01-19	0.030549	0.020316	0.035214	0.018059	1.810883	5057616.000000
2022-01-18	-0.007765	-0.001493	0.008511	-0.013290	-0.463871	7000869.000000
2022-01-14	-0.001937	-0.012668	0.001937	-0.015052	-0.115967	6030195.000000
2022-01-13	-0.000745	-0.002234	0.005510	-0.005212	-0.044605	5830209.000000
2022-01-12	0.041247	0.038921	0.042332	0.024965	2.372883	5156040.000000
2022-01-11	0.021219	-0.002375	0.023120	-0.010926	1.195362	4725015.000000
2022-01-10	-0.018801	-0.018956	-0.014139	-0.033561	-1.079395	4884085.000000
2022-01-07	0.036059	0.012395	0.036220	0.011108	1.998219	4178752.000000
2022-01-06	0.001128	0.003707	0.009508	-0.010475	0.062443	3280382.000000
2022-01-05	0.011905	0.006849	0.027071	0.006523	0.651203	7154895.000000
2022-01-04	0.016241	0.003149	0.021545	0.001657	0.874222	3723177.000000
2022-01-03	-0.000166	0.003977	0.007125	-0.003480	-0.008923	1776112.000000
2021-12-31	0.001494	-0.002157	0.004481	-0.003651	0.080288	1380399.000000
2021-12-30	0.000830	0.009799	0.012456	0.000166	0.044601	2306570.000000
2021-12-29	0.009896	0.010735	0.020295	0.008554	0.526314	2501399.000000
2021-12-28	-0.011113	-0.005971	-0.000663	-0.014264	-0.597679	2001770.000000
2021-12-27	0.006175	-0.000334	0.006342	-0.008845	0.330063	1673541.000000
2021-12-23	0.011308	0.006076	0.016203	0.002869	0.597679	2586259.000000
2021-12-22	-0.007704	-0.013398	-0.006197	-0.027634	-0.410347	3762637.000000
2021-12-21	0.025593	0.010993	0.026623	0.010306	1.329170	5482699.000000
2021-12-20	-0.000858	-0.006693	-0.000172	-0.015445	-0.044601	3436426.000000
2021-12-17	-0.003080	0.010094	0.010950	-0.004790	-0.160572	4116424.000000
2021-12-16	0.003261	0.005493	0.012187	0.001888	0.169491	3142948.000000
2021-12-15	0.003099	0.000517	0.004132	-0.017734	0.160572	4324930.000000
2021-12-14	0.007808	0.008329	0.017352	0.003297	0.401428	3463217.000000
2021-12-13	0.007517	0.014336	0.016259	0.000000	0.383583	3003495.000000
2021-12-10	0.002454	0.010866	0.014020	-0.001753	0.124889	2885566.000000
2021-12-09	-0.010062	-0.011624	-0.006766	-0.016308	-0.517395	2806984.000000
2021-12-08	-0.003458	0.001210	0.004668	-0.006916	-0.178413	2716856.000000
2021-12-07	0.036002	0.033495	0.050331	0.030808	1.793045	4666835.000000
2021-12-06	0.024216	0.026050	0.029169	0.017245	1.177517	4885318.000000
2021-12-03	-0.054631	-0.032432	-0.025321	-0.063476	-2.809990	6099697.000000
2021-12-02	0.043242	0.020445	0.049032	0.015379	2.132027	6897177.000000
2021-12-01	-0.016373	0.004627	0.016729	-0.016907	-0.820698	4560901.000000
2021-11-30	0.004110	0.006791	0.019657	-0.004646	0.205173	5092479.000000
2021-11-29	0.028109	0.018923	0.032886	0.014698	1.364853	4162049.000000
2021-11-26	-0.018926	-0.037130	-0.017123	-0.039654	-0.936661	2545455.000000
2021-11-24	-0.000900	0.007744	0.014587	-0.004142	-0.044605	3947938.000000
2021-11-23	0.027953	0.013884	0.029434	0.013699	1.347012	4002082.000000
2021-11-22	0.031704	0.010313	0.040871	0.005539	1.480820	3968004.000000
2021-11-19	0.001147	0.004015	0.010134	-0.001338	0.053524	3222427.000000
2021-11-18	-0.000382	-0.001338	0.002867	-0.008410	-0.017841	2495346.000000
2021-11-17	-0.007964	-0.000569	0.006636	-0.008532	-0.374664	2748356.000000
2021-11-16	-0.018608	-0.004466	-0.002605	-0.019911	-0.892059	3572739.000000
2021-11-15	-0.014307	-0.012472	-0.011005	-0.019809	-0.695808	3415799.000000
2021-11-12	-0.009807	-0.010171	-0.003814	-0.014711	-0.481712	2076765.000000
2021-11-11	0.052370	0.039373	0.053517	0.036315	2.444244	3992890.000000
2021-11-10	-0.020225	-0.007491	-0.000936	-0.020225	-0.963425	2592425.000000
2021-11-09	-0.023944	-0.009687	-0.006946	-0.034180	-1.168598	3466917.000000
2021-11-08	0.024148	0.005803	0.024710	0.005803	1.150757	3391025.000000
2021-11-05	0.004513	-0.001316	0.006017	-0.003573	0.214096	3374771.000000
2021-11-04	-0.010052	-0.005957	-0.004840	-0.018987	-0.481712	5240115.000000
2021-11-03	0.011676	0.006403	0.015443	-0.002260	0.553078	3489000.000000
2021-11-02	-0.025688	-0.025688	-0.023303	-0.035413	-1.248886	6023694.000000
2021-11-01	-0.006200	-0.000365	0.003282	-0.006929	-0.303303	4015646.000000
2021-10-29	-0.022634	-0.013010	-0.010871	-0.025842	-1.132915	3821377.000000
2021-10-28	0.006097	0.004303	0.010938	0.000179	0.303303	2646345.000000
2021-10-27	-0.019859	-0.010896	-0.008084	-0.021441	-1.008030	2990492.000000
2021-10-26	-0.009401	-0.002960	-0.002960	-0.014450	-0.481712	2245811.000000
2021-10-25	0.012694	0.006171	0.017102	0.002468	0.642284	3407840.000000
2021-10-22	0.014125	0.008046	0.018237	-0.003218	0.704727	3865881.000000
2021-10-21	-0.035856	-0.032236	-0.032063	-0.042234	-1.855488	4326387.000000
2021-10-20	-0.001205	-0.009986	0.000517	-0.017045	-0.062443	3648295.000000
2021-10-19	0.001207	0.000862	0.007757	-0.006551	0.062443	4166981.000000
2021-10-18	0.009221	0.000174	0.009569	-0.011482	0.472794	4368425.000000
2021-10-15	-0.002949	0.006071	0.007285	-0.005898	-0.151649	3841219.000000
2021-10-14	0.037804	0.023582	0.040684	0.022502	1.873325	4688022.000000
2021-10-13	-0.005906	-0.009306	-0.002147	-0.015032	-0.294380	3596953.000000
2021-10-12	0.000716	-0.000358	0.005910	-0.004298	0.035683	3350445.000000
2021-10-11	0.014166	0.027969	0.034689	0.013985	0.695808	4292870.000000
2021-10-08	0.011203	0.012856	0.018733	0.005142	0.544155	3052371.000000
2021-10-07	0.013023	0.010419	0.022884	0.008186	0.624443	2992734.000000
2021-10-06	0.008632	-0.009195	0.009007	-0.016138	0.410347	3417032.000000
2021-10-05	-0.001312	0.004685	0.005997	-0.012744	-0.062443	2757212.000000
2021-10-04	-0.003548	0.004855	0.012138	-0.004855	-0.169491	2781201.000000
2021-10-01	0.000561	-0.000187	0.005232	-0.012145	0.026760	2589510.000000
2021-09-30	0.017104	0.022235	0.030217	0.014823	0.802856	4277624.000000
2021-09-29	0.001142	0.003995	0.013699	-0.004756	0.053524	5912266.000000
2021-09-28	-0.045578	-0.020156	-0.016706	-0.047939	-2.239075	8142159.000000
2021-09-27	0.009903	-0.003118	0.012654	-0.004951	0.481712	4779832.000000
2021-09-24	-0.009446	-0.010899	-0.002543	-0.013079	-0.463871	4511577.000000
2021-09-23	0.000909	0.004000	0.010182	-0.006000	0.044605	9491171.000000
2021-09-22	0.008434	0.015035	0.019802	0.002200	0.410347	6056203.000000
2021-09-21	0.009252	0.017765	0.018135	-0.004811	0.446030	4033134.000000
2021-09-20	-0.027008	-0.045553	-0.025747	-0.048253	-1.338089	6224577.000000
2021-09-17	-0.044227	-0.039752	-0.034245	-0.057305	-2.292599	6872178.000000
2021-09-16	-0.036638	-0.024536	-0.024536	-0.050066	-1.971451	3844918.000000
2021-09-15	0.008358	0.000334	0.015714	-0.001170	0.446030	4719746.000000
2021-09-14	-0.020789	-0.004747	-0.003110	-0.025045	-1.132919	4622668.000000
2021-09-13	0.003779	0.009037	0.011502	-0.000822	0.205173	4341745.000000
2021-09-10	0.007116	0.012411	0.020685	0.006785	0.383587	1907718.000000
2021-09-09	-0.009344	-0.006885	-0.002295	-0.013115	-0.508472	3585182.000000
2021-09-08	-0.015335	-0.006457	-0.001776	-0.024213	-0.847458	4836330.000000
2021-09-07	-0.016823	-0.012855	-0.008570	-0.021584	-0.945583	4633541.000000
2021-09-03	0.018261	0.009696	0.022463	0.003878	1.008026	3774183.000000
2021-09-02	-0.052083	-0.062500	-0.050245	-0.062500	-3.033005	5425528.000000
2021-09-01	-0.013003	-0.017085	-0.008921	-0.021167	-0.767174	3743804.000000
2021-08-31	-0.022610	-0.014778	-0.010935	-0.031181	-1.364853	4257670.000000
2021-08-30	0.016371	0.016371	0.023280	0.006458	0.972347	2482679.000000
2021-08-27	0.026994	0.008021	0.027765	0.008021	1.561104	3585182.000000
2021-08-26	-0.015191	-0.010482	-0.006228	-0.021267	-0.892059	4991365.000000
2021-08-25	0.009198	0.004139	0.011958	-0.000613	0.535236	4416628.000000
2021-08-24	0.012417	-0.001242	0.014590	-0.001242	0.713650	3446178.000000
2021-08-23	0.013050	0.003145	0.013994	-0.001258	0.740410	3505031.000000
2021-08-20	0.012094	0.007320	0.012572	-0.000955	0.677967	5364546.000000
2021-08-19	-0.040171	-0.032076	-0.023064	-0.044753	-2.346119	8798169.000000
2021-08-18	-0.062437	-0.045539	-0.044537	-0.066733	-3.889385	9718397.000000
2021-08-17	-0.079003	-0.065418	-0.056054	-0.094039	-5.343445	12732206.000000
2021-08-16	-0.025700	-0.019532	-0.008353	-0.034695	-1.784119	3718469.000000
2021-08-13	0.013413	0.005600	0.017580	0.004037	0.918823	1546195.000000
2021-08-12	-0.013869	-0.013227	-0.011429	-0.019648	-0.963432	1628028.000000
2021-08-11	0.004385	-0.000129	0.006062	-0.007094	0.303307	1091406.000000
2021-08-10	0.012934	-0.006924	0.013849	-0.008100	0.883141	1897180.000000
2021-08-09	-0.002346	-0.001564	0.001173	-0.006257	-0.160576	1098132.000000
2021-08-06	-0.003895	0.003246	0.006102	-0.008050	-0.267616	1134228.000000
2021-08-05	-0.025310	-0.020501	-0.017590	-0.029233	-1.784119	2228548.000000
2021-08-04	-0.008905	0.000878	0.007149	-0.008905	-0.633362	1692486.000000
2021-08-03	0.016834	0.004974	0.020533	-0.002041	1.177513	1908390.000000
2021-08-02	-0.001909	0.014639	0.016802	-0.002673	-0.133804	1520749.000000
2021-07-30	-0.020937	-0.016700	-0.009347	-0.026919	-1.498665	1382641.000000
2021-07-29	0.014284	0.015169	0.017571	0.010492	1.008034	2633453.000000
2021-07-28	0.013841	-0.000641	0.016788	-0.004357	0.963425	1767257.000000
2021-07-27	-0.012654	-0.015564	-0.003923	-0.025054	-0.892067	2338630.000000
2021-07-26	0.034018	0.014131	0.035719	0.014000	2.319359	2385600.000000
2021-07-23	0.010578	0.009123	0.012693	-0.003173	0.713654	1190614.000000
2021-07-22	-0.001452	0.003433	0.004753	-0.010959	-0.098129	1126381.000000
2021-07-21	0.025870	0.016254	0.027496	0.014493	1.703835	1930474.000000
2021-07-20	0.020597	0.004562	0.026403	-0.001244	1.329170	1968700.000000
2021-07-19	-0.027427	-0.025410	-0.019091	-0.031729	-1.819801	2212406.000000
2021-07-16	-0.025802	-0.005763	-0.005763	-0.028946	-1.757362	1939106.000000
2021-07-15	0.003813	-0.008414	0.008546	-0.010124	0.258698	1470752.000000
2021-07-14	-0.001575	0.010764	0.013914	-0.008139	-0.107048	2253995.000000
2021-07-13	-0.004313	-0.009672	-0.000261	-0.011110	-0.294380	1191175.000000
2021-07-12	0.000392	-0.009545	0.003400	-0.013337	0.026764	1117189.000000
2021-07-09	0.040544	0.019320	0.046122	0.014014	2.658340	2925362.000000
2021-07-08	-0.007159	-0.019317	-0.003377	-0.023504	-0.472794	1681612.000000
2021-07-07	0.024211	0.020338	0.028777	0.012452	1.561111	1698539.000000
2021-07-06	-0.009320	0.009868	0.011102	-0.015762	-0.606606	1374234.000000
2021-07-02	0.007596	0.000414	0.007872	-0.005662	0.490639	989731.000000
2021-07-01	-0.005767	0.005355	0.009062	-0.010985	-0.374672	1116852.000000
2021-06-30	0.000137	-0.001923	0.003021	-0.010986	0.008926	1320202.000000
2021-06-29	0.000137	0.005219	0.008790	-0.002472	0.008919	1036701.000000
2021-06-28	-0.005735	0.004780	0.008466	-0.012290	-0.374664	1614688.000000
2021-06-25	0.006045	0.010578	0.013463	0.005907	0.392502	1126045.000000
2021-06-24	0.016336	0.010751	0.017453	0.004887	1.043713	1105642.000000
2021-06-23	0.004770	0.011223	0.017116	0.003367	0.303303	1438579.000000
2021-06-22	0.012069	0.001704	0.013773	-0.007241	0.758251	1931595.000000
2021-06-21	0.027575	0.015465	0.030201	0.013277	1.685993	1691589.000000
2021-06-18	-0.027801	-0.007092	-0.004539	-0.027801	-1.748440	2733783.000000
2021-06-17	-0.044974	-0.020591	-0.013817	-0.048496	-2.961643	3761852.000000
2021-06-16	-0.014682	-0.010144	-0.002002	-0.020288	-0.981262	2189986.000000
2021-06-15	-0.007551	-0.010068	-0.005431	-0.017353	-0.508476	2537047.000000
2021-06-14	-0.005009	-0.003163	0.001318	-0.006327	-0.338982	1491715.000000
2021-06-11	0.008239	0.010498	0.013289	0.003854	0.553078	1127950.000000
2021-06-10	0.011153	0.002687	0.013169	0.001612	0.740410	1726564.000000
2021-06-09	-0.020918	-0.015130	-0.013814	-0.024470	-1.418381	2007823.000000
2021-06-08	0.015769	0.009355	0.021916	-0.001203	1.052635	1873639.000000
2021-06-07	-0.016947	-0.004992	-0.003810	-0.021019	-1.150757	1187475.000000
2021-06-04	0.015610	0.014009	0.018145	0.005070	1.043709	1121224.000000
2021-06-03	-0.017049	-0.014033	-0.014033	-0.024262	-1.159676	1307422.000000
2021-06-02	-0.000655	-0.004194	0.000262	-0.009305	-0.044601	1501467.000000
2021-06-01	0.029551	0.027257	0.033329	0.023209	1.953606	2213078.000000
2021-05-28	-0.001751	-0.004310	0.001886	-0.007139	-0.115967	1252045.000000
2021-05-27	0.024565	0.028153	0.033950	0.020287	1.587868	1886307.000000
2021-05-26	0.007649	0.000000	0.010430	-0.002364	0.490639	2490638.000000
2021-05-25	-0.015606	-0.007529	-0.006160	-0.018070	-1.016953	2294239.000000
2021-05-24	-0.004226	-0.005861	-0.000818	-0.010769	-0.276535	1518619.000000
2021-05-21	-0.009987	0.006343	0.006478	-0.012955	-0.660126	1661210.000000
2021-05-20	0.000000	-0.001349	0.002564	-0.008367	0.000000	2192003.000000
2021-05-19	-0.043871	-0.033161	-0.029290	-0.049677	-3.033012	3173103.000000
2021-05-18	-0.015248	0.004955	0.005972	-0.019314	-1.070473	2087975.000000
2021-05-17	0.015877	-0.003872	0.017297	-0.006325	1.097237	2419791.000000
2021-05-14	-0.002575	-0.011845	0.000000	-0.014291	-0.178413	2464967.000000
2021-05-13	-0.017457	-0.020620	-0.008602	-0.030487	-1.231041	2529088.000000
2021-05-12	-0.020446	-0.010781	0.004089	-0.024411	-1.471901	2741742.000000
2021-05-11	-0.001608	-0.016949	0.001732	-0.024743	-0.115967	2649820.000000
2021-05-10	0.018267	0.026959	0.033888	0.017259	1.293488	3037350.000000
2021-05-07	0.012888	0.003828	0.014929	-0.004594	0.900978	2603747.000000
2021-05-06	0.015156	-0.000518	0.016192	-0.004793	1.043716	2022508.000000
2021-05-05	0.035269	0.020920	0.037951	0.017433	2.346115	2129788.000000
2021-05-04	0.006207	0.003913	0.006477	-0.009176	0.410347	1400129.000000
2021-05-03	0.018554	0.009208	0.021165	0.007559	1.204285	1281303.000000
2021-04-30	-0.026882	-0.009897	-0.004949	-0.028086	-1.793045	2468554.000000
2021-04-29	-0.012677	0.002377	0.003433	-0.021920	-0.856377	2752728.000000
2021-04-28	0.015420	-0.000670	0.020515	-0.002011	1.025871	1528932.000000
2021-04-27	-0.014535	-0.012817	-0.009382	-0.017970	-0.981270	2291212.000000
2021-04-26	0.013391	0.007900	0.016604	0.004954	0.892067	2413401.000000
2021-04-23	0.028933	0.014604	0.032654	0.008542	1.873322	1909736.000000
2021-04-22	-0.018393	-0.011225	-0.010955	-0.022721	-1.213196	2992285.000000
2021-04-21	0.020425	-0.007728	0.021943	-0.011179	1.320244	3307847.000000
2021-04-20	-0.022396	-0.001754	-0.000810	-0.027523	-1.480820	1785865.000000
2021-04-19	0.005017	0.007593	0.016407	0.000542	0.330063	1618276.000000
2021-04-16	-0.004320	0.005805	0.005940	-0.009991	-0.285461	1689908.000000
2021-04-15	0.018704	0.013753	0.021730	0.008527	1.213203	2684459.000000
2021-04-14	0.034723	0.012523	0.039135	0.011527	2.176628	2764386.000000
2021-04-13	0.003570	0.006712	0.007141	-0.003713	0.223019	1526354.000000
2021-04-12	-0.010038	-0.005797	-0.005373	-0.015269	-0.633366	1608747.000000
2021-04-09	-0.007020	-0.008283	-0.003791	-0.015162	-0.446030	1955697.000000
2021-04-08	0.001124	0.000281	0.001405	-0.007449	0.071365	1296997.000000
2021-04-07	0.018320	0.012881	0.024474	0.009876	1.141838	2384815.000000
2021-04-06	-0.017852	-0.000843	-0.000422	-0.020101	-1.132919	1692037.000000
2021-04-05	0.023008	0.011504	0.029336	0.010785	1.427299	1532631.000000
2021-04-01	0.002162	0.005476	0.005476	-0.012682	0.133808	2326523.000000
2021-03-31	-0.004448	-0.001722	0.003587	-0.004735	-0.276539	2175413.000000
2021-03-30	-0.001719	-0.005156	0.003437	-0.013177	-0.107048	4235586.000000
2021-03-29	-0.006969	-0.004978	-0.003271	-0.016214	-0.437107	2017464.000000
2021-03-26	0.039166	0.022022	0.040497	0.019805	2.363960	2473150.000000
2021-03-25	-0.004707	-0.008385	-0.003383	-0.024272	-0.285461	3004392.000000
2021-03-24	0.006664	0.004739	0.016585	0.004294	0.401428	2606773.000000
2021-03-23	-0.023710	-0.009108	-0.002602	-0.026457	-1.462978	2880858.000000
2021-03-22	0.004940	0.006247	0.007845	-0.005230	0.303299	2184941.000000
2021-03-19	-0.015167	-0.005866	-0.004006	-0.018171	-0.945583	2283253.000000
2021-03-18	-0.023201	-0.000280	0.000978	-0.024179	-1.480820	2118802.000000
2021-03-17	-0.004175	-0.013222	0.000000	-0.019624	-0.267620	2131582.000000
2021-03-16	-0.016427	-0.003970	-0.003422	-0.018207	-1.070473	2567538.000000
2021-03-15	-0.020515	-0.020917	-0.014213	-0.030705	-1.364853	2793420.000000
2021-03-12	0.006478	-0.011066	0.007422	-0.016059	0.428192	2626615.000000
2021-03-11	0.015486	0.014115	0.016719	0.007948	1.008026	2326972.000000
2021-03-10	-0.035171	-0.024593	-0.018114	-0.040725	-2.372879	3792904.000000
2021-03-09	-0.002111	-0.010028	0.006993	-0.030875	-0.142731	5616434.000000
2021-03-08	-0.007595	-0.008904	0.000131	-0.014273	-0.517395	3306165.000000
2021-03-05	0.004868	-0.006053	0.008816	-0.022368	0.330063	4842944.000000
2021-03-04	-0.061728	-0.049136	-0.042346	-0.074321	-4.460304	6635087.000000
2021-03-03	0.011236	-0.004120	0.021473	-0.007116	0.802856	4244554.000000
2021-03-02	0.017014	0.003047	0.023616	0.002666	1.195358	3582716.000000
2021-03-01	0.037544	0.014491	0.041628	0.014359	2.542374	2650605.000000
2021-02-26	-0.027294	-0.009995	-0.006791	-0.032804	-1.900093	3875297.000000
2021-02-25	-0.021319	0.004891	0.009406	-0.026085	-1.516502	3045645.000000
2021-02-24	0.013859	-0.003941	0.016529	-0.008137	0.972351	2957534.000000
2021-02-23	0.014184	0.003868	0.014829	-0.019471	0.981262	3767457.000000
2021-02-22	0.018920	0.005650	0.028380	0.001445	1.284569	3213122.000000
2021-02-19	0.004090	0.007784	0.012137	-0.002243	0.276543	3273993.000000
2021-02-18	0.003043	0.009792	0.009792	-0.008998	0.205170	2364750.000000
2021-02-17	0.001192	0.008611	0.008611	-0.007684	0.080284	2197272.000000
2021-02-16	0.072464	0.054277	0.082694	0.049588	4.549511	4690712.000000
2021-02-12	0.009466	-0.005020	0.012622	-0.007028	0.588760	1944262.000000
2021-02-11	-0.001289	-0.001432	0.003438	-0.010314	-0.080284	2876150.000000
2021-02-10	0.001866	0.014208	0.015930	-0.009472	0.115967	2680984.000000
2021-02-09	0.000431	-0.006748	0.003877	-0.014932	0.026760	3162902.000000
2021-02-08	0.027589	0.015786	0.027884	0.015196	1.668156	2169583.000000
2021-02-05	0.011642	0.006567	0.012537	-0.001492	0.695808	2641524.000000
2021-02-04	-0.000746	-0.004773	0.000746	-0.009545	-0.044605	1814787.000000
2021-02-03	-0.000894	-0.002086	0.002682	-0.009537	-0.053524	2924129.000000
2021-02-02	-0.017998	-0.017120	-0.013608	-0.026778	-1.097233	2908322.000000
2021-02-01	0.023360	0.030698	0.033543	0.010931	1.391613	3560969.000000
2021-01-29	-0.036503	-0.014139	-0.010244	-0.039388	-2.256912	4430192.000000
2021-01-28	0.002459	0.008967	0.016488	0.000579	0.151649	4097703.000000
2021-01-27	-0.037047	-0.039694	-0.013928	-0.045404	-2.372883	6816128.000000
2021-01-26	0.008285	0.003932	0.012077	0.001404	0.526318	2140437.000000
2021-01-25	-0.008079	-0.016437	-0.007243	-0.021173	-0.517399	2550499.000000
2021-01-22	-0.007466	-0.026960	-0.004701	-0.029725	-0.481712	2361274.000000
2021-01-21	-0.006183	0.006733	0.006733	-0.010992	-0.401421	3216261.000000
2021-01-20	0.018757	0.019177	0.024776	0.012738	1.195358	3054277.000000
2021-01-19	0.011755	0.000991	0.016570	-0.003541	0.740410	3839649.000000
2021-01-15	-0.044261	-0.028289	-0.027342	-0.047916	-2.917038	2342554.000000
2021-01-14	0.039538	0.019840	0.046996	0.019417	2.506691	2568996.000000
2021-01-13	-0.012231	-0.000278	-0.000278	-0.013899	-0.785011	1801447.000000
2021-01-12	0.009400	0.001824	0.010382	-0.004209	0.597679	1662667.000000
2021-01-11	-0.029676	-0.036346	-0.023550	-0.038660	-1.944695	2626839.000000
2021-01-08	0.003826	0.007242	0.008336	-0.010795	0.249779	3114138.000000
2021-01-07	0.020499	0.013945	0.023149	0.007809	1.311329	3072325.000000
2021-01-06	0.031799	0.027338	0.041870	0.020144	1.971455	5430572.000000
2021-01-05	0.031923	0.003860	0.038307	0.003563	1.917931	3900520.000000
2021-01-04	0.030762	0.040710	0.044689	0.028007	1.793041	3227471.000000
2020-12-31	-0.009099	-0.006369	-0.005914	-0.012436	-0.535236	1709301.000000
2020-12-30	0.003653	0.006088	0.010350	0.000913	0.214096	1518619.000000
2020-12-29	0.006280	0.017001	0.018073	0.003676	0.365742	2278096.000000
2020-12-28	0.002149	0.007521	0.012586	-0.001381	0.124889	911934.000000
2020-12-24	-0.007314	0.005333	0.006552	-0.010513	-0.428188	695132.000000
2020-12-23	0.015473	0.013771	0.021198	0.009903	0.892059	1801335.000000
2020-12-22	-0.014486	-0.006557	-0.002897	-0.015554	-0.847458	1695849.000000
2020-12-21	-0.002130	-0.023433	-0.000304	-0.025259	-0.124889	2683562.000000
2020-12-18	-0.008449	-0.005130	-0.003168	-0.011768	-0.499554	2665850.000000
2020-12-17	0.021736	0.021582	0.029598	0.018190	1.257809	2558570.000000
2020-12-16	0.002782	0.001082	0.006183	-0.004638	0.160568	2830637.000000
2020-12-15	0.020347	0.012303	0.021609	0.008991	1.150761	2176085.000000
2020-12-14	-0.017359	0.000000	0.002325	-0.017514	-0.999111	2326187.000000
2020-12-11	-0.003552	-0.007259	0.002317	-0.008649	-0.205173	2157140.000000
2020-12-10	0.027941	0.008414	0.033656	0.007303	1.570026	2803173.000000
2020-12-09	-0.000317	0.008253	0.011744	-0.009681	-0.017838	2241327.000000
2020-12-08	0.007676	-0.005277	0.009755	-0.005277	0.428188	1912314.000000
2020-12-07	-0.008405	-0.006819	-0.001110	-0.011576	-0.472794	1591820.000000
2020-12-04	0.023868	0.009742	0.027602	0.009742	1.311329	2996209.000000
2020-12-03	0.024281	0.021620	0.034592	0.014968	1.302410	2606101.000000
2020-12-02	0.041212	0.028225	0.046234	0.025281	2.123104	4136378.000000
2020-12-01	0.035132	0.025453	0.039254	0.025094	1.748440	1894490.000000
2020-11-30	-0.025672	-0.005938	-0.004191	-0.025672	-1.311329	2256685.000000
2020-11-27	-0.001047	-0.013433	-0.000523	-0.014306	-0.053524	1396206.000000
2020-11-25	-0.009162	-0.014693	-0.008124	-0.021780	-0.472794	1865232.000000
2020-11-24	0.049528	0.031386	0.050980	0.028665	2.435326	3414118.000000
2020-11-23	0.026443	0.016387	0.027374	0.014898	1.266727	2547248.000000
2020-11-20	0.011680	0.009043	0.014130	0.005275	0.553078	1362463.000000
2020-11-19	-0.004688	-0.008250	-0.003750	-0.015188	-0.223015	1647085.000000
2020-11-18	-0.007445	0.003908	0.006700	-0.007631	-0.356827	1841355.000000
2020-11-17	-0.004447	-0.007967	-0.000185	-0.012600	-0.214092	2584690.000000
2020-11-16	0.019263	0.020019	0.022663	0.010765	0.909901	2364750.000000
2020-11-13	0.016120	0.006716	0.020533	0.004222	0.749329	1946617.000000
2020-11-12	-0.026709	-0.021292	-0.013074	-0.030631	-1.275646	1556621.000000
2020-11-11	-0.001306	0.002052	0.005223	-0.005036	-0.062443	1695400.000000
2020-11-10	0.009605	0.010923	0.022787	0.008663	0.454952	2379771.000000
2020-11-09	0.039953	0.064042	0.065805	0.028006	1.819801	3343495.000000
2020-11-06	0.019976	0.021774	0.026368	0.015581	0.892063	2301077.000000
2020-11-05	0.024770	0.026407	0.035824	0.022108	1.079391	2889041.000000
2020-11-04	-0.014127	-0.010494	-0.005449	-0.023209	-0.624443	3895475.000000
2020-11-03	0.030360	0.031815	0.033479	0.023290	1.302410	2172834.000000
2020-11-02	-0.000416	0.007067	0.007483	-0.003534	-0.017841	2828395.000000
2020-10-30	0.000000	-0.013303	0.000831	-0.014966	0.000000	4118890.000000
2020-10-29	0.008595	-0.010063	0.012159	-0.016771	0.365746	3215252.000000
2020-10-28	-0.041013	-0.031363	-0.026538	-0.042421	-1.819805	4127970.000000
2020-10-27	-0.012311	-0.018070	-0.008539	-0.020651	-0.553078	2103557.000000
2020-10-26	-0.020043	-0.010119	-0.007784	-0.028216	-0.918823	2461604.000000
2020-10-23	-0.006573	-0.006379	-0.003480	-0.010632	-0.303299	2419230.000000
2020-10-22	0.007400	-0.000195	0.008958	-0.006816	0.338982	2441874.000000
2020-10-21	0.002930	0.003125	0.016992	0.002734	0.133808	2138083.000000
2020-10-20	0.011658	0.004149	0.015214	0.002766	0.526318	2527855.000000
2020-10-19	-0.020136	-0.003098	0.005421	-0.020523	-0.927742	1798084.000000
2020-10-16	-0.003088	-0.000579	0.003281	-0.005597	-0.142731	1241956.000000
2020-10-15	-0.002119	-0.017912	-0.000193	-0.019646	-0.098125	1546195.000000
2020-10-14	-0.002498	0.000384	0.007877	-0.002690	-0.115971	2201980.000000
2020-10-13	-0.008571	-0.011048	-0.004952	-0.013905	-0.401424	1866017.000000
2020-10-12	-0.006998	-0.000567	-0.000567	-0.010214	-0.330063	1428378.000000
2020-10-09	0.006664	0.011424	0.012567	0.003046	0.312222	1842588.000000
2020-10-08	0.011167	0.002310	0.011359	-0.001348	0.517395	2547921.000000
2020-10-07	0.028515	0.017822	0.035445	0.016238	1.284565	2869536.000000
2020-10-06	-0.032011	-0.005942	-0.004600	-0.035078	-1.489738	5175769.000000
2020-10-05	0.013797	0.005830	0.015740	0.005635	0.633362	1701342.000000
2020-10-02	0.002337	-0.013829	0.009349	-0.016361	0.107048	2466761.000000
2020-10-01	-0.007155	0.002901	0.005028	-0.013150	-0.330063	2146491.000000
2020-09-30	0.002132	0.008915	0.008915	-0.003295	0.098125	2286392.000000
2020-09-29	-0.021615	-0.012514	-0.007395	-0.024839	-1.016949	2706655.000000
2020-09-28	0.006681	0.012216	0.015079	0.003627	0.312222	2319349.000000
2020-09-25	-0.004938	-0.013675	-0.004179	-0.018803	-0.231937	2544110.000000
2020-09-24	0.015821	0.006174	0.026433	-0.000386	0.731491	2242785.000000
2020-09-23	-0.020042	0.001702	0.004349	-0.023256	-0.945583	2448376.000000
2020-09-22	-0.000567	0.002646	0.006992	-0.012850	-0.026764	1409770.000000
2020-09-21	-0.032718	-0.024310	-0.022848	-0.046609	-1.596786	2844089.000000
2020-09-18	-0.014057	0.001622	0.006488	-0.014057	-0.695808	2291772.000000
2020-09-17	-0.006979	-0.022548	-0.004116	-0.023622	-0.347904	4195567.000000
2020-09-16	0.008664	0.019495	0.021300	0.007401	0.428188	2838596.000000
2020-09-15	0.009843	0.019869	0.024061	0.008750	0.481712	2364077.000000
2020-09-14	0.012364	0.010888	0.015870	0.005536	0.597683	1877787.000000
2020-09-11	0.029445	0.016147	0.035334	0.012538	1.382694	3021431.000000
2020-09-10	-0.029320	-0.007192	-0.002397	-0.030795	-1.418377	2604868.000000
2020-09-09	0.022243	0.017342	0.026956	0.016400	1.052631	2042126.000000
2020-09-08	-0.012288	-0.015081	0.001676	-0.020667	-0.588760	2303767.000000
2020-09-04	0.010536	0.010536	0.015992	-0.012418	0.499554	2691073.000000
2020-09-03	-0.038531	-0.025868	-0.023698	-0.049928	-1.900089	3427794.000000
2020-09-02	-0.007220	0.022054	0.022772	0.003376	-0.358608	1898750.000000
2020-09-01	0.031420	0.039904	0.053982	0.031198	1.513153	2328990.000000
2020-08-31	-0.013792	0.007111	0.012409	0.004554	-0.673481	1961414.000000
2020-08-28	0.014353	0.027125	0.034908	0.020455	0.690975	1664125.000000
2020-08-27	-0.002175	0.033396	0.033951	0.009544	-0.104958	2387394.000000
2020-08-26	0.008041	0.016730	0.031455	0.015798	0.384846	1221890.000000
2020-08-25	-0.010309	0.015103	0.015103	0.001083	-0.498550	1499898.000000
2020-08-24	0.014309	0.040667	0.041041	0.029067	0.682228	1264600.000000
2020-08-21	-0.022067	-0.004620	0.003980	-0.006267	-1.075825	2297377.000000
2020-08-20	-0.000717	0.007100	0.019350	0.002163	-0.034988	1642153.000000
2020-08-19	-0.019684	0.017568	0.022767	-0.002148	-0.979614	1694728.000000
2020-08-18	-0.018627	0.016732	0.018140	-0.003673	-0.944626	2175525.000000
2020-08-17	0.017371	0.035289	0.043701	0.034574	0.865910	1519628.000000
2020-08-14	-0.000701	0.021151	0.024548	0.015428	-0.034985	1258210.000000
2020-08-13	-0.007484	0.018834	0.023804	0.007651	-0.376106	1356186.000000
2020-08-12	0.011086	0.033717	0.047177	0.028333	0.551033	2495907.000000
2020-08-11	-0.005773	0.032210	0.033638	0.011513	-0.288635	3333966.000000
2020-08-10	0.022723	0.035227	0.047454	0.033037	1.110813	2403760.000000
2020-08-07	-0.016714	0.004288	0.004467	-0.006119	-0.830921	2594442.000000
2020-08-06	0.014638	0.030458	0.036102	0.025542	0.717213	2488508.000000
2020-08-05	0.034343	0.049464	0.067542	0.047957	1.626862	2358472.000000
2020-08-04	0.008754	0.012870	0.029017	0.012870	0.411091	1693607.000000
2020-08-03	0.016086	0.032252	0.036691	0.027812	0.743458	1459766.000000
2020-07-31	-0.005833	0.014526	0.016061	0.004931	-0.271145	1842812.000000
2020-07-30	-0.020457	-0.009236	0.001290	-0.018070	-0.970867	2395801.000000
2020-07-29	0.013827	0.017231	0.036668	0.015897	0.647243	2153553.000000
2020-07-28	-0.015996	0.000772	0.007523	-0.000166	-0.760948	2178439.000000
2020-07-27	0.033834	0.035407	0.055569	0.033857	1.556885	2538953.000000
2020-07-24	-0.001897	0.015061	0.021640	0.009450	-0.087460	2010738.000000
2020-07-23	-0.009024	0.017406	0.021816	0.006668	-0.419838	1816581.000000
2020-07-22	-0.002438	0.005553	0.018177	0.005553	-0.113705	2973340.000000
2020-07-21	-0.005038	0.008860	0.018186	0.002580	-0.236156	3174896.000000
2020-07-20	-0.004643	0.016110	0.026150	0.014405	-0.218666	2221486.000000
2020-07-17	0.016808	0.028759	0.039931	0.026640	0.778446	2282244.000000
2020-07-16	-0.002449	0.012982	0.018554	0.010868	-0.113705	2036184.000000
2020-07-15	0.013751	0.045805	0.047558	0.025547	0.629749	3701206.000000
2020-07-14	0.031318	0.027532	0.055054	0.026327	1.390701	2733671.000000
2020-07-13	-0.005874	0.036275	0.040069	0.013708	-0.262394	2161064.000000
2020-07-10	0.011287	0.024342	0.032622	0.016061	0.498554	1816917.000000
2020-07-09	-0.011935	0.021495	0.024688	0.000742	-0.533539	1836759.000000
2020-07-08	0.023838	0.028480	0.046458	0.028480	1.040836	2675154.000000
2020-07-07	-0.010113	0.011202	0.025157	0.008573	-0.446072	1878908.000000
2020-07-06	0.007190	0.018880	0.027639	0.016843	0.314877	1519964.000000
2020-07-02	0.012538	0.038667	0.046917	0.032686	0.542286	2066115.000000
2020-07-01	-0.005630	0.014771	0.020309	0.005748	-0.244907	2255676.000000
2020-06-30	0.015313	0.013652	0.038639	0.012403	0.655998	1986860.000000
2020-06-29	0.009065	0.027253	0.030404	0.018638	0.384846	1939442.000000
2020-06-26	-0.017608	0.017215	0.018041	0.000289	-0.760952	2014998.000000
2020-06-25	0.020657	0.023269	0.041599	0.020109	0.874657	2165884.000000
2020-06-24	-0.028302	0.004340	0.008025	-0.012037	-1.233265	2374278.000000
2020-06-23	0.014457	0.035890	0.048558	0.033398	0.621010	2185390.000000
2020-06-22	0.023978	0.036486	0.045417	0.032020	1.005852	1345424.000000
2020-06-19	-0.021624	0.009704	0.015113	-0.005068	-0.927135	2552853.000000
2020-06-18	-0.012490	-0.008249	0.009831	-0.008660	-0.542286	1811648.000000
2020-06-17	-0.008192	0.016231	0.022548	0.009302	-0.358612	1499674.000000
2020-06-16	0.014184	0.049865	0.050072	0.018865	0.612263	2251977.000000
2020-06-15	-0.013197	-0.015995	0.011129	-0.022725	-0.577274	2597133.000000
2020-06-12	0.027532	0.057618	0.063486	0.032472	1.172039	3555588.000000
2020-06-11	-0.072245	-0.020151	-0.016651	-0.055729	-3.314945	2821893.000000
2020-06-10	0.003443	0.020679	0.031214	0.012876	0.157436	2120820.000000
2020-06-09	-0.007593	-0.001785	0.017769	-0.007786	-0.349861	1847632.000000
2020-06-08	0.023907	0.040118	0.045272	0.028423	1.075825	2134384.000000
2020-06-05	0.020833	0.041754	0.057335	0.038718	0.918388	2157140.000000
2020-06-04	-0.001585	0.013231	0.020303	0.007978	-0.069973	1788443.000000
2020-06-03	0.014266	0.024612	0.042235	0.023587	0.621010	1884065.000000
2020-06-02	0.031503	0.033215	0.055199	0.029199	1.329475	3210544.000000
2020-06-01	0.024416	0.025096	0.046100	0.021415	1.005856	2440081.000000
2020-05-29	0.008565	0.020772	0.032129	0.015968	0.349861	4010714.000000
2020-05-28	0.010604	0.032700	0.048149	0.023871	0.428581	2655425.000000
2020-05-27	0.006096	0.033222	0.033222	0.015235	0.244904	2334370.000000
2020-05-26	0.009451	0.046125	0.046797	0.028192	0.376102	2723133.000000
2020-05-22	-0.000878	0.013404	0.019227	0.006909	-0.034985	1715578.000000
2020-05-21	-0.006978	0.017897	0.027460	0.009891	-0.279888	2227763.000000
2020-05-20	0.022519	0.040138	0.049234	0.035135	0.883400	2149854.000000
2020-05-19	0.001340	0.024681	0.033333	0.020354	0.052479	3267267.000000
2020-05-18	0.083192	0.090194	0.109186	0.088221	3.008820	4496555.000000
2020-05-15	0.024529	0.043905	0.056035	0.036577	0.865910	2657779.000000
2020-05-14	0.018420	0.002398	0.039200	-0.005322	0.638496	2956301.000000
2020-05-13	0.005582	0.036461	0.041120	0.017570	0.192425	2623476.000000
2020-05-12	-0.022084	0.026985	0.030528	-0.003638	-0.778446	2185614.000000
2020-05-11	-0.027040	-0.013835	-0.004725	-0.016298	-0.979614	1677016.000000
2020-05-08	0.024234	0.040579	0.045623	0.033265	0.857166	1749769.000000
2020-05-07	0.026917	0.052272	0.068071	0.046575	0.927135	2664505.000000
2020-05-06	0.005618	0.045422	0.048287	0.025368	0.192425	3237112.000000
2020-05-05	0.007202	0.037736	0.043245	0.025407	0.244900	2242448.000000
2020-05-04	0.011446	0.020695	0.036879	0.018572	0.384850	2924577.000000
2020-05-01	-0.055064	-0.026483	-0.017708	-0.039269	-1.959229	3003720.000000
2020-04-30	-0.033959	-0.005290	-0.000204	-0.022728	-1.250759	3065375.000000
2020-04-29	0.054332	0.058713	0.079397	0.054627	1.898006	3347754.000000
2020-04-28	0.011139	0.040038	0.045719	0.028161	0.384846	2573031.000000
2020-04-27	0.011006	0.025903	0.035822	0.020682	0.376102	1763221.000000
2020-04-24	0.018774	0.042770	0.042770	0.023622	0.629753	1941012.000000
2020-04-23	0.015894	0.032327	0.059884	0.032056	0.524796	3267715.000000
2020-04-22	0.024980	0.042606	0.050914	0.037345	0.804680	2267895.000000
2020-04-21	-0.050039	-0.026664	-0.009301	-0.038765	-1.696831	2583008.000000
2020-04-20	-0.031234	-0.007370	0.015057	-0.014761	-1.093319	2800482.000000
2020-04-17	0.036519	0.054239	0.059786	0.041823	1.233265	3093063.000000
2020-04-16	0.005207	0.032113	0.032113	0.009278	0.174931	3440013.000000
2020-04-15	-0.048315	-0.028620	-0.023566	-0.041002	-1.705578	3861060.000000
2020-04-14	0.018935	0.037665	0.047707	0.027881	0.655991	2755979.000000
2020-04-13	0.002531	0.027127	0.028675	0.006734	0.087467	2685916.000000
2020-04-09	0.005088	0.021974	0.051552	0.012634	0.174927	3623408.000000
2020-04-08	0.020509	0.028901	0.042669	0.012220	0.690979	2937356.000000
2020-04-07	-0.009769	0.056080	0.058702	0.009149	-0.332367	3394276.000000
2020-04-06	0.063132	0.075367	0.087910	0.064775	2.020454	3981007.000000
2020-04-03	-0.034565	-0.001091	0.018553	-0.027463	-1.145798	4565497.000000
2020-04-02	0.056593	0.055724	0.085011	0.033547	1.775551	5433823.000000
2020-04-01	-0.022349	0.010170	0.032130	-0.008177	-0.717216	4163730.000000
2020-03-31	-0.009717	0.021275	0.046600	0.001730	-0.314877	5467902.000000
2020-03-30	0.041023	0.057439	0.068329	0.040818	1.276997	3576326.000000
2020-03-27	-0.059709	-0.038035	-0.015939	-0.045849	-1.976723	4499694.000000
2020-03-26	0.014202	0.030284	0.042308	0.011427	0.463570	5136198.000000
2020-03-25	0.023587	0.055704	0.083677	0.029689	0.752201	7212626.000000
2020-03-24	0.149433	0.170697	0.188381	0.133721	4.145872	8728330.000000
2020-03-23	0.007944	0.028325	0.064299	0.016010	0.218664	6787095.000000
2020-03-20	-0.027202	0.046066	0.064667	-0.012259	-0.769697	7835005.000000
2020-03-19	0.045234	0.036705	0.089100	0.007706	1.224518	6832831.000000
2020-03-18	-0.112418	-0.066970	-0.032749	-0.120787	-3.428652	7199062.000000
2020-03-17	0.105230	0.066449	0.138537	0.056428	2.903858	8208074.000000
2020-03-16	-0.079907	-0.084798	-0.028880	-0.102941	-2.396559	10820116.000000
2020-03-13	0.108632	0.123109	0.135639	0.049246	2.938845	11151596.000000
2020-03-12	-0.127504	-0.090003	-0.081372	-0.143228	-3.953445	11130409.000000
2020-03-11	-0.061176	-0.027639	-0.015755	-0.056540	-2.020458	11637886.000000
2020-03-10	0.082879	0.104720	0.105890	0.063187	2.527760	9258900.000000
2020-03-09	-0.164790	-0.141575	-0.111528	-0.156721	-6.017635	6532628.000000
2020-03-06	-0.031323	-0.014650	-0.000689	-0.027428	-1.180786	4468867.000000
2020-03-05	-0.031025	-0.006929	-0.002572	-0.019769	-1.207024	3811400.000000
2020-03-04	0.041875	0.076941	0.094619	0.069296	1.563667	3122658.000000
2020-03-03	-0.007006	0.065364	0.077936	0.037134	-0.263443	6335892.000000
2020-03-02	0.021704	0.052131	0.074186	0.041224	0.798824	5347843.000000
2020-02-28	-0.035841	-0.000301	0.023301	-0.005209	-1.368206	5953407.000000
2020-02-27	-0.032730	0.027103	0.039987	0.015124	-1.291721	3940763.000000
2020-02-26	-0.007268	0.052400	0.061600	0.041853	-0.288944	2780753.000000
2020-02-25	-0.022770	0.054312	0.054312	0.023174	-0.926304	2246036.000000
2020-02-24	-0.050387	-0.010889	0.001605	-0.015054	-2.158535	4080440.000000
2020-02-21	-0.004542	0.049292	0.050329	0.041001	-0.195457	2352643.000000
2020-02-20	-0.015361	0.050115	0.050115	0.032358	-0.671360	1898638.000000
2020-02-19	-0.002521	0.050318	0.052761	0.044006	-0.110474	2271258.000000
2020-02-18	-0.002515	0.039147	0.048895	0.038335	-0.110477	2804518.000000
2020-02-14	-0.005962	0.051726	0.052129	0.035980	-0.263443	2366431.000000
2020-02-13	-0.007065	0.043293	0.047302	0.038081	-0.314434	2115551.000000
2020-02-12	0.016498	0.070693	0.072934	0.061320	0.722343	2195142.000000
2020-02-11	0.009009	0.059575	0.064098	0.056697	0.390919	2326411.000000
2020-02-10	-0.000196	0.040457	0.049707	0.039430	-0.008499	2395465.000000
2020-02-07	-0.027794	0.026127	0.030923	0.017334	-1.240738	2351410.000000
2020-02-06	-0.006055	0.046529	0.050501	0.040173	-0.271938	3308744.000000
2020-02-05	0.013034	0.066005	0.066407	0.055542	0.577877	2879289.000000
2020-02-04	0.027373	0.075340	0.080301	0.071412	1.181248	2722461.000000
2020-02-03	-0.006457	0.046626	0.053198	0.040465	-0.280437	2663384.000000
2020-01-31	-0.035296	0.031479	0.031479	0.010675	-1.589165	4154987.000000
2020-01-30	0.001134	0.038996	0.051889	0.032648	0.050991	1993923.000000
2020-01-29	-0.001698	0.053469	0.055251	0.045746	-0.076485	2226082.000000
2020-01-28	0.004929	0.052294	0.059657	0.044334	0.220955	1962198.000000
2020-01-27	-0.031043	0.014999	0.022519	0.014228	-1.436195	3640560.000000
2020-01-24	-0.021567	0.040085	0.043858	0.023860	-1.019783	2744320.000000
2020-01-23	-0.012425	0.028839	0.038342	0.023809	-0.594875	5408489.000000
2020-01-22	0.013674	0.065571	0.069727	0.060472	0.645866	3475773.000000
2020-01-21	-0.015935	0.034653	0.039299	0.031307	-0.764839	3278925.000000
2020-01-17	0.016559	0.071245	0.072757	0.062176	0.781837	2159719.000000
2020-01-16	0.009631	0.060961	0.061915	0.051614	0.450401	3014033.000000
2020-01-15	-0.002899	0.040197	0.048185	0.039436	-0.135967	3033987.000000
2020-01-14	0.008036	0.051624	0.059293	0.049899	0.373917	1969037.000000
2020-01-13	0.006619	0.047970	0.057234	0.044110	0.305935	1572987.000000
2020-01-10	0.002765	0.054158	0.057255	0.050287	0.127472	1193305.000000
2020-01-09	-0.009496	0.042039	0.043764	0.032646	-0.441906	1710534.000000
2020-01-08	0.004955	0.053752	0.059532	0.051826	0.229454	1317848.000000
2020-01-07	0.000000	0.046047	0.053752	0.045854	0.000000	1014393.000000
2020-01-06	-0.001100	0.046628	0.050669	0.046243	-0.050987	771584.000000
2020-01-03	-0.006737	0.036710	0.047987	0.035945	-0.314434	1208438.000000
2020-01-02	0.003838	0.059492	0.060451	0.051050	0.178459	1382193.000000
