2022-12-30	-0.000030	0.001263	0.001263	-0.012641	-14.000000	3400.000000
2022-12-29	0.019411	0.006340	0.022184	0.002023	8925.000000	3000.000000
2022-12-28	-0.004665	0.006592	0.007100	-0.036159	-2155.000000	3000.000000
2022-12-27	-0.003118	0.026748	0.027525	-0.005179	-1445.000000	4500.000000
2022-12-23	0.010246	-0.000227	0.010486	-0.006122	4700.000000	2800.000000
2022-12-22	-0.019033	-0.004647	0.004726	-0.036123	-8900.000000	3200.000000
2022-12-21	0.022300	0.012243	0.025842	0.003828	10200.000000	3000.000000
2022-12-20	0.004656	0.003886	0.011900	-0.019186	2120.000000	2700.000000
2022-12-19	0.001452	0.004122	0.005772	-0.009623	660.000000	3800.000000
2022-12-16	-0.006208	-0.009393	0.000940	-0.016198	-2840.000000	3000.000000
2022-12-15	-0.022563	-0.008057	-0.008057	-0.032146	-10560.000000	3400.000000
2022-12-14	-0.008432	0.002286	0.012076	-0.011754	-3980.000000	2900.000000
2022-12-13	0.001953	0.024249	0.026138	-0.003545	920.000000	3000.000000
2022-12-12	0.017451	0.005724	0.017786	-0.002600	8080.000000	3900.000000
2022-12-09	0.000475	-0.002176	0.007217	-0.007299	220.000000	2800.000000
2022-12-08	0.002572	0.001826	0.006556	-0.002125	1187.000000	2600.000000
2022-12-07	-0.006981	-0.001151	0.004825	-0.009530	-3245.000000	2900.000000
2022-12-06	-0.008240	-0.003254	0.002046	-0.013394	-3862.000000	2700.000000
2022-12-05	-0.018230	-0.004866	-0.001496	-0.023550	-8703.000000	4100.000000
2022-12-02	0.000667	-0.009181	0.000924	-0.013425	318.000000	2800.000000
2022-12-01	-0.006652	0.001589	0.006001	-0.015441	-3195.000000	2900.000000
2022-11-30	0.009325	0.000527	0.009371	-0.020475	4437.000000	3200.000000
2022-11-29	0.006623	-0.003372	0.006894	-0.008284	3131.000000	2600.000000
2022-11-28	-0.012459	-0.008701	0.000341	-0.016036	-5964.000000	4000.000000
2022-11-25	0.003472	0.006981	0.009559	-0.001549	1656.000000	2700.000000
2022-11-23	0.000084	-0.000329	0.001153	-0.006843	40.000000	2900.000000
2022-11-22	0.017184	0.003598	0.018101	0.000629	8058.000000	2800.000000
2022-11-21	0.001350	-0.001010	0.007741	-0.007314	632.000000	3900.000000
2022-11-18	0.009910	0.012827	0.012827	0.003666	4595.000000	2700.000000
2022-11-17	-0.003920	-0.010171	-0.001117	-0.013913	-1825.000000	2600.000000
2022-11-16	-0.005794	0.005115	0.006610	-0.010320	-2713.000000	2600.000000
2022-11-15	0.003500	0.015994	0.016895	-0.004233	1633.000000	2900.000000
2022-11-14	-0.005217	0.005889	0.007298	-0.009660	-2447.000000	4000.000000
2022-11-11	0.024870	0.005884	0.031038	-0.001536	11382.000000	3300.000000
2022-11-10	0.049823	0.028779	0.051474	0.020583	21720.000000	3200.000000
2022-11-09	-0.013922	-0.000674	0.004678	-0.016229	-6155.000000	2600.000000
2022-11-08	0.008037	0.004173	0.015642	-0.005160	3525.000000	2500.000000
2022-11-07	0.015220	0.016285	0.023648	0.006567	6575.000000	3600.000000
2022-11-04	0.007463	0.013207	0.019706	-0.006213	3200.000000	2700.000000
2022-11-03	-0.022567	-0.014247	-0.009738	-0.023330	-9900.000000	2500.000000
2022-11-02	-0.009715	-0.007657	0.015661	-0.012977	-4304.000000	2600.000000
2022-11-01	-0.004597	0.011439	0.015794	-0.007123	-2046.000000	2400.000000
2022-10-31	-0.015158	-0.005804	-0.002350	-0.015822	-6850.000000	3800.000000
2022-10-28	0.031971	0.008591	0.032131	0.004914	14000.000000	2900.000000
2022-10-27	0.005142	0.007168	0.076057	-0.045956	2240.000000	2400.000000
2022-10-26	-0.001696	0.004189	0.009177	-0.004122	-740.000000	2500.000000
2022-10-25	0.009017	0.008631	0.012321	0.000862	3900.000000	2400.000000
2022-10-24	0.012477	0.003931	0.024709	0.001444	5330.000000	3800.000000
2022-10-21	0.031936	-0.001783	0.034497	-0.009272	13220.000000	2400.000000
2022-10-20	-0.018168	-0.001340	0.005372	-0.018168	-7660.000000	2200.000000
2022-10-19	-0.015999	-0.002875	0.004551	-0.020620	-6855.000000	2200.000000
2022-10-18	0.022343	0.021055	0.029203	0.011506	9364.000000	2800.000000
2022-10-17	0.015362	0.018880	0.022018	0.009877	6341.000000	3400.000000
2022-10-14	-0.005929	0.009963	0.015483	-0.005929	-2462.000000	4000.000000
2022-10-13	0.040002	-0.012771	0.046610	-0.015627	15971.000000	2600.000000
2022-10-12	-0.008899	0.003153	0.005990	-0.008899	-3585.000000	2700.000000
2022-10-11	-0.000407	-0.003362	0.016402	-0.006620	-164.000000	2100.000000
2022-10-10	-0.007414	0.002613	0.006623	-0.010884	-3010.000000	3400.000000
2022-10-07	-0.024718	-0.006085	-0.001588	-0.030507	-10290.000000	2400.000000
2022-10-06	-0.010381	0.005318	0.005318	-0.011225	-4367.000000	2100.000000
2022-10-05	-0.008282	-0.011255	-0.000625	-0.017299	-3513.000000	2200.000000
2022-10-04	0.026325	0.015396	0.029603	0.009973	10880.000000	2500.000000
2022-10-03	0.016803	0.007295	0.020124	-0.003331	6830.000000	3200.000000
2022-09-30	-0.000566	0.000327	0.015918	-0.006462	-230.000000	2700.000000
2022-09-29	-0.009752	-0.002184	0.004896	-0.023077	-4005.000000	2800.000000
2022-09-28	0.022952	0.006583	0.031159	-0.002859	9215.000000	2500.000000
2022-09-27	0.005918	0.009345	0.012207	-0.009836	2362.000000	3000.000000
2022-09-26	-0.013244	-0.008037	0.000035	-0.016559	-5357.000000	3400.000000
2022-09-23	-0.002195	-0.004682	-0.001421	-0.014616	-890.000000	3100.000000
2022-09-22	-0.006263	0.000816	0.004300	-0.007183	-2555.000000	2700.000000
2022-09-21	-0.028435	0.009253	0.009253	-0.029257	-11939.000000	2500.000000
2022-09-20	-0.003489	-0.003871	-0.003489	-0.016229	-1470.000000	2400.000000
2022-09-19	0.016409	-0.007179	0.016409	-0.008793	6802.000000	3200.000000
2022-09-16	-0.006152	-0.004562	-0.002043	-0.011995	-2566.000000	2500.000000
2022-09-15	-0.008078	-0.004735	0.006671	-0.011600	-3397.000000	2500.000000
2022-09-14	0.004299	0.002813	0.005971	-0.010635	1800.000000	2700.000000
2022-09-13	-0.033164	-0.011830	-0.010659	-0.035706	-14362.000000	2900.000000
2022-09-12	0.007545	0.005384	0.011070	-0.000344	3243.000000	3000.000000
2022-09-09	0.006956	0.004845	0.010538	-0.001991	2969.000000	2300.000000
2022-09-08	0.011380	-0.003137	0.011380	-0.012446	4803.000000	2100.000000
2022-09-07	0.012443	0.000336	0.015319	-0.010039	5187.000000	2100.000000
2022-09-06	-0.002584	0.004903	0.005522	-0.008745	-1080.000000	3300.000000
2022-09-02	-0.014966	0.012136	0.012136	-0.021042	-6350.000000	2600.000000
2022-09-01	0.007078	-0.000731	0.008542	-0.010505	2982.000000	2500.000000
2022-08-31	-0.019530	0.004759	0.008436	-0.019530	-8392.000000	2500.000000
2022-08-30	-0.008308	0.006321	0.007602	-0.011950	-3600.000000	2200.000000
2022-08-29	-0.006651	-0.002607	-0.000912	-0.015392	-2901.000000	3200.000000
2022-08-26	-0.026337	0.002172	0.006402	-0.027299	-11799.000000	2500.000000
2022-08-25	0.013093	0.005617	0.013093	-0.004496	5790.000000	2200.000000
2022-08-24	0.014872	0.002054	0.015119	-0.001652	6480.000000	2200.000000
2022-08-23	0.004796	0.006360	0.010663	-0.002101	2080.000000	2200.000000
2022-08-22	-0.030202	-0.006521	-0.006521	-0.032881	-13505.000000	3600.000000
2022-08-19	-0.022398	-0.000866	-0.000866	-0.023804	-10245.000000	2600.000000
2022-08-18	0.000269	0.001970	0.001970	-0.008594	123.000000	2200.000000
2022-08-17	-0.008721	-0.002907	-0.000067	-0.015597	-4023.000000	2500.000000
2022-08-16	0.013467	0.008907	0.017202	0.001823	6130.000000	2700.000000
2022-08-15	0.005463	-0.003905	0.009488	-0.012881	2473.000000	3100.000000
2022-08-12	0.016607	0.006492	0.017420	0.001864	7395.000000	2400.000000
2022-08-11	0.005650	0.013638	0.013706	0.004293	2502.000000	2300.000000
2022-08-10	0.006231	0.011912	0.015557	0.003277	2742.000000	2300.000000
2022-08-09	0.002029	0.005035	0.018679	-0.001143	891.000000	2200.000000
2022-08-08	-0.000824	0.013037	0.023823	-0.001181	-362.000000	3100.000000
2022-08-05	-0.005926	-0.007948	0.002793	-0.012754	-2620.000000	2300.000000
2022-08-04	-0.002934	0.001903	0.003946	-0.005807	-1301.000000	2600.000000
2022-08-03	0.009723	0.010893	0.012913	-0.004952	4270.000000	2600.000000
2022-08-02	-0.012302	0.002438	0.002438	-0.013494	-5470.000000	2300.000000
2022-08-01	-0.015608	0.000640	0.000640	-0.019261	-7050.000000	3400.000000
2022-07-29	0.021946	0.009129	0.027115	0.003658	9700.000000	2900.000000
2022-07-28	0.013529	0.001543	0.013529	-0.012119	5900.000000	2200.000000
2022-07-27	0.017394	0.006663	0.021321	0.001507	7456.000000	1900.000000
2022-07-26	-0.009097	-0.001424	0.002668	-0.011938	-3935.000000	1900.000000
2022-07-25	0.007023	0.006255	0.010401	-0.003206	3017.000000	2500.000000
2022-07-22	-0.003105	0.008178	0.009069	-0.011578	-1338.000000	2000.000000
2022-07-21	0.003961	0.006615	0.008362	-0.013048	1700.000000	2300.000000
2022-07-20	0.009621	0.000353	0.011642	0.000353	4090.000000	2200.000000
2022-07-19	0.025721	0.017105	0.029311	0.006898	10660.000000	2200.000000
2022-07-18	-0.009320	0.012215	0.012611	-0.013111	-3899.000000	2800.000000
2022-07-15	0.013934	0.008621	0.019147	0.005075	5749.000000	1700.000000
2022-07-14	-0.011144	-0.011386	-0.008987	-0.022806	-4650.000000	2000.000000
2022-07-13	0.001923	-0.006097	0.010436	-0.012160	801.000000	1800.000000
2022-07-12	-0.003472	-0.005970	0.013879	-0.005970	-1451.000000	1700.000000
2022-07-11	-0.009246	-0.002314	0.001778	-0.010787	-3900.000000	2500.000000
2022-07-08	0.006202	0.004909	0.011927	-0.000532	2600.000000	2000.000000
2022-07-07	0.012199	0.006507	0.013708	0.004066	5052.000000	2000.000000
2022-07-06	0.000735	0.004096	0.006418	-0.010108	304.000000	1700.000000
2022-07-05	-0.004824	-0.002227	-0.002227	-0.018894	-2006.000000	2600.000000
2022-07-01	0.016872	-0.003057	0.021810	-0.003057	6900.000000	1700.000000
2022-06-30	-0.005109	-0.008310	0.004425	-0.018205	-2100.000000	1700.000000
2022-06-29	-0.002717	0.007446	0.007446	-0.005265	-1120.000000	1600.000000
2022-06-28	-0.013239	0.010239	0.014431	-0.015353	-5530.000000	1900.000000
2022-06-27	0.000716	0.014082	0.016013	-0.001560	299.000000	2400.000000
2022-06-24	0.037537	0.007927	0.043647	0.000621	15101.000000	2100.000000
2022-06-23	-0.008256	0.001883	0.007026	-0.022554	-3349.000000	2600.000000
2022-06-22	-0.005275	-0.012830	0.006579	-0.017310	-2151.000000	1900.000000
2022-06-21	0.011534	0.023810	0.023810	0.006325	4650.000000	2700.000000
2022-06-17	-0.002032	0.005540	0.005540	-0.012251	-821.000000	2200.000000
2022-06-16	-0.034947	-0.012482	-0.012482	-0.042836	-14629.000000	2800.000000
2022-06-15	0.007461	0.019706	0.026992	-0.009803	3100.000000	2200.000000
2022-06-14	-0.019353	-0.004836	0.010668	-0.022422	-8200.000000	2300.000000
2022-06-13	-0.036564	-0.016579	-0.013441	-0.039433	-16080.000000	3200.000000
2022-06-10	-0.027595	-0.009419	-0.008314	-0.029308	-12480.000000	2700.000000
2022-06-09	-0.023829	0.002104	0.002104	-0.024915	-11040.000000	2000.000000
2022-06-08	-0.017391	0.001251	0.001251	-0.019510	-8200.000000	2100.000000
2022-06-07	0.006618	-0.001601	0.006618	-0.008217	3100.000000	1800.000000
2022-06-06	0.001604	0.011226	0.013365	-0.000038	750.000000	2000.000000
2022-06-03	-0.010704	-0.005892	-0.001948	-0.014512	-5060.000000	1900.000000
2022-06-02	0.006580	0.005353	0.006955	-0.013432	3090.000000	2100.000000
2022-06-01	-0.009345	0.005367	0.005367	-0.019302	-4430.000000	2100.000000
2022-05-31	-0.009652	-0.001630	0.001335	-0.013705	-4620.000000	2900.000000
2022-05-27	0.021043	0.008511	0.021043	0.002594	9865.000000	1900.000000
2022-05-26	0.012778	0.004874	0.018821	0.004452	5915.000000	1800.000000
2022-05-25	-0.001544	-0.002968	0.006331	-0.009631	-716.000000	1700.000000
2022-05-24	-0.001946	0.002304	0.002304	-0.018921	-904.000000	1900.000000
2022-05-23	0.017547	0.013448	0.027558	0.006289	8010.000000	2300.000000
2022-05-20	0.001028	0.014021	0.014021	-0.017374	469.000000	2400.000000
2022-05-19	-0.010779	-0.006638	-0.002833	-0.019523	-4969.000000	3300.000000
2022-05-18	-0.022622	-0.001308	0.003424	-0.027668	-10670.000000	2500.000000
2022-05-17	0.015983	0.014046	0.031145	0.008791	7420.000000	2200.000000
2022-05-16	-0.001637	0.000267	0.006553	-0.008611	-761.000000	1800.000000
2022-05-13	0.007322	0.009694	0.016275	0.001508	3380.000000	2400.000000
2022-05-12	-0.013609	-0.016173	-0.006741	-0.028483	-6369.000000	3000.000000
2022-05-11	-0.003789	0.010122	0.014517	-0.006503	-1780.000000	2300.000000
2022-05-10	-0.003014	0.015418	0.016023	-0.010925	-1420.000000	2400.000000
2022-05-09	-0.017310	-0.003493	-0.003128	-0.022102	-8300.000000	3300.000000
2022-05-06	-0.003947	0.003041	0.004975	-0.013295	-1900.000000	2500.000000
2022-05-05	-0.026182	-0.013033	-0.000997	-0.035593	-12943.000000	2900.000000
2022-05-04	0.027317	0.011359	0.027317	-0.007244	13145.000000	2400.000000
2022-05-03	0.006375	0.005001	0.020000	0.000000	3048.000000	2400.000000
2022-05-02	-0.012780	0.003264	0.016073	-0.028179	-6190.000000	4100.000000
2022-04-29	-0.029379	-0.007603	0.002004	-0.029379	-14660.000000	3100.000000
2022-04-28	0.004428	0.000423	0.011129	-0.004962	2200.000000	2700.000000
2022-04-27	-0.001963	0.000635	0.010089	-0.005440	-977.000000	2500.000000
2022-04-26	-0.016640	0.001164	0.002408	-0.016640	-8423.000000	2800.000000
2022-04-25	0.001504	-0.007132	0.008329	-0.020358	760.000000	4300.000000
2022-04-22	-0.020114	-0.001483	0.003158	-0.021909	-10375.000000	3500.000000
2022-04-21	-0.013551	0.002855	0.007648	-0.015110	-7086.000000	3900.000000
2022-04-20	-0.000686	0.003876	0.006572	-0.004319	-359.000000	4500.000000
2022-04-19	0.007240	0.005467	0.009065	-0.000959	3761.000000	4200.000000
2022-04-18	0.005933	0.000656	0.008876	-0.003553	3064.000000	3300.000000
2022-04-14	-0.006474	-0.001225	0.003605	-0.006474	-3365.000000	1600.000000
2022-04-13	-0.008528	-0.000259	0.003107	-0.012013	-4471.000000	2000.000000
2022-04-12	-0.006291	0.002985	0.006463	-0.009282	-3319.000000	2100.000000
2022-04-11	-0.002665	-0.001110	0.005444	-0.009289	-1410.000000	2400.000000
2022-04-08	0.017777	0.008425	0.021702	0.000993	9240.000000	2100.000000
2022-04-07	0.005335	0.004079	0.009387	-0.005990	2758.000000	2000.000000
2022-04-06	0.001942	-0.008769	0.008467	-0.011161	1002.000000	2100.000000
2022-04-05	-0.005232	0.002622	0.011010	-0.005232	-2714.000000	2400.000000
2022-04-04	-0.017140	0.003060	0.008089	-0.021159	-9046.000000	4000.000000
2022-04-01	-0.002195	0.002089	0.007975	-0.009943	-1161.000000	2600.000000
2022-03-31	-0.014016	0.004138	0.007419	-0.014016	-7519.000000	2300.000000
2022-03-30	0.008325	-0.001327	0.010075	-0.008197	4429.000000	2300.000000
2022-03-29	-0.013296	0.009661	0.009661	-0.019344	-7169.000000	3700.000000
2022-03-28	0.000429	0.003644	0.009372	-0.010398	231.000000	3800.000000
2022-03-25	0.019160	0.004294	0.019160	0.002201	10132.000000	2600.000000
2022-03-24	0.013485	0.012712	0.013485	0.003827	7036.000000	2100.000000
2022-03-23	-0.007745	-0.005302	0.004110	-0.012747	-4073.000000	3000.000000
2022-03-22	0.001627	0.002288	0.014343	-0.002857	854.000000	3700.000000
2022-03-21	0.023410	0.008265	0.026788	0.005807	12009.000000	3300.000000
2022-03-18	-0.010507	-0.005221	0.004274	-0.018488	-5447.000000	3500.000000
2022-03-17	0.028573	0.002676	0.028573	-0.000784	14402.000000	2900.000000
2022-03-16	0.011795	0.008112	0.015796	-0.001098	5876.000000	2500.000000
2022-03-15	0.008860	0.009899	0.016513	0.000482	4375.000000	2600.000000
2022-03-14	0.008132	0.008546	0.020868	0.004379	3983.000000	2900.000000
2022-03-11	0.004063	0.004787	0.019501	0.001499	1982.000000	1800.000000
2022-03-10	-0.000870	-0.008178	0.005233	-0.011726	-425.000000	1600.000000
2022-03-09	0.021380	0.027852	0.028293	0.012884	10220.000000	1700.000000
2022-03-08	-0.013419	0.004464	0.014391	-0.015698	-6502.000000	2000.000000
2022-03-07	-0.005976	0.007383	0.009476	-0.013442	-2913.000000	2400.000000
2022-03-04	-0.007746	-0.011949	-0.005999	-0.022197	-3805.000000	2000.000000
2022-03-03	0.010566	0.009644	0.017097	-0.000523	5136.000000	1900.000000
2022-03-02	0.021497	0.006926	0.027078	0.002547	10230.000000	1600.000000
2022-03-01	-0.000685	0.012169	0.012486	-0.011676	-326.000000	1800.000000
2022-02-28	-0.006551	-0.005518	0.008956	-0.011297	-3140.000000	2400.000000
2022-02-25	0.037296	0.011876	0.044295	0.006959	17235.000000	2200.000000
2022-02-24	-0.007314	-0.027039	-0.004350	-0.033329	-3405.000000	2800.000000
2022-02-23	-0.012522	0.007545	0.009696	-0.014887	-5903.000000	1700.000000
2022-02-22	-0.001777	-0.003227	0.002547	-0.012705	-839.000000	2400.000000
2022-02-18	0.003404	0.001855	0.006937	-0.003323	1602.000000	1500.000000
2022-02-17	-0.007986	0.000811	0.000811	-0.011091	-3789.000000	1400.000000
2022-02-16	0.000979	-0.002103	0.003798	-0.005441	464.000000	1300.000000
2022-02-15	0.003323	0.006308	0.009674	0.000097	1570.000000	1500.000000
2022-02-14	-0.014519	-0.000338	0.003513	-0.022544	-6960.000000	2200.000000
2022-02-11	-0.001531	0.002006	0.009883	-0.006705	-735.000000	1600.000000
2022-02-10	-0.007843	-0.005993	-0.000360	-0.012193	-3795.000000	1800.000000
2022-02-09	0.003879	0.007510	0.013215	0.000979	1870.000000	1800.000000
2022-02-08	0.015014	0.005833	0.019583	-0.001659	7130.000000	1700.000000
2022-02-07	0.003245	0.001555	0.008421	-0.010797	1536.000000	2000.000000
2022-02-04	0.001752	-0.001155	0.009210	-0.007269	828.000000	2000.000000
2022-02-03	-0.014523	-0.001376	0.003189	-0.015472	-6964.000000	1600.000000
2022-02-02	0.017649	-0.001197	0.019559	-0.004633	8316.000000	1900.000000
2022-02-01	0.002935	-0.000724	0.004434	-0.009249	1379.000000	1900.000000
2022-01-31	-0.000160	-0.004714	0.001828	-0.016449	-75.000000	2600.000000
2022-01-28	0.018820	0.002949	0.018820	-0.010666	8680.000000	2000.000000
2022-01-27	-0.005288	0.011535	0.022103	-0.011757	-2452.000000	1900.000000
2022-01-26	0.003752	0.009186	0.019161	-0.003708	1733.000000	2000.000000
2022-01-25	0.010983	-0.008512	0.017131	-0.029545	5018.000000	2100.000000
2022-01-24	-0.003868	-0.020367	-0.001474	-0.029814	-1774.000000	3700.000000
2022-01-21	-0.018646	-0.005028	-0.000858	-0.023036	-8715.000000	2300.000000
2022-01-20	-0.012779	0.001126	0.006727	-0.014443	-6050.000000	1800.000000
2022-01-19	-0.013833	0.006080	0.009934	-0.015666	-6641.000000	1800.000000
2022-01-18	-0.010915	-0.000925	0.003865	-0.016058	-5298.000000	2800.000000
2022-01-14	0.003114	-0.007423	0.006462	-0.015574	1507.000000	2000.000000
2022-01-13	0.004509	0.000743	0.008512	-0.001109	2172.000000	1800.000000
2022-01-12	0.002831	0.001770	0.006058	-0.006758	1360.000000	1700.000000
2022-01-11	0.006654	0.004585	0.007901	-0.008341	3175.000000	1700.000000
2022-01-10	-0.005906	0.007917	0.007917	-0.013806	-2835.000000	2600.000000
2022-01-07	0.014471	0.003261	0.016348	-0.001148	6847.000000	2400.000000
2022-01-06	0.012581	0.007760	0.013418	-0.000081	5879.000000	1900.000000
2022-01-05	0.003326	0.005958	0.018157	0.000698	1549.000000	2200.000000
2022-01-04	0.025149	0.009630	0.026183	-0.004235	11425.000000	2300.000000
2022-01-03	0.008073	0.002980	0.009182	0.000794	3638.000000	2700.000000
2021-12-31	-0.004502	-0.006086	0.007091	-0.006086	-2038.000000	1500.000000
2021-12-30	0.001323	0.003597	0.006410	0.000980	598.000000	1600.000000
2021-12-29	0.005632	0.006228	0.008739	0.002413	2532.000000	1400.000000
2021-12-28	0.005502	0.001011	0.011483	-0.001577	2460.000000	1500.000000
2021-12-27	0.005523	-0.001010	0.005917	-0.001426	2456.000000	2500.000000
2021-12-23	0.000148	0.001815	0.008237	-0.002391	66.000000	1500.000000
2021-12-22	0.003585	-0.003476	0.003585	-0.006095	1588.000000	1200.000000
2021-12-21	0.012699	0.008847	0.018137	0.004435	5555.000000	1300.000000
2021-12-20	-0.013217	-0.011311	-0.007568	-0.020864	-5859.000000	1800.000000
2021-12-17	-0.024741	-0.012540	-0.010122	-0.029370	-11246.000000	2300.000000
2021-12-16	0.024449	0.008650	0.024449	0.002148	10848.000000	2200.000000
2021-12-15	-0.005384	-0.000395	0.003788	-0.010072	-2402.000000	2500.000000
2021-12-14	0.019131	-0.001976	0.020547	-0.006280	8374.000000	2200.000000
2021-12-13	0.006276	0.001979	0.010805	-0.009352	2730.000000	2100.000000
2021-12-10	0.015401	0.006657	0.015401	0.000000	6598.000000	1600.000000
2021-12-09	0.002333	0.003575	0.007592	-0.004658	997.000000	1300.000000
2021-12-08	-0.005642	0.000663	0.006782	-0.008910	-2425.000000	1200.000000
2021-12-07	0.008517	0.010650	0.012855	0.000000	3630.000000	1300.000000
2021-12-06	0.017971	0.010808	0.022270	0.003162	7524.000000	1700.000000
2021-12-03	-0.004494	0.002031	0.012921	-0.010619	-1890.000000	1700.000000
2021-12-02	0.011803	0.005091	0.017656	-0.000322	4906.000000	1200.000000
2021-12-01	-0.002917	0.011176	0.018694	-0.004500	-1216.000000	2000.000000
2021-11-30	-0.019715	-0.003379	0.002034	-0.020491	-8384.000000	1900.000000
2021-11-29	-0.006014	0.002840	0.010055	-0.006622	-2573.000000	1900.000000
2021-11-26	-0.012692	-0.021000	-0.008146	-0.028251	-5500.000000	1600.000000
2021-11-24	-0.003651	-0.000639	0.005100	-0.007873	-1588.000000	1500.000000
2021-11-23	0.011209	0.006364	0.012241	0.000000	4821.000000	2400.000000
2021-11-22	0.015887	0.004372	0.020374	-0.001982	6726.000000	1900.000000
2021-11-19	0.001590	0.000471	0.003780	-0.006392	672.000000	1600.000000
2021-11-18	-0.008203	0.005235	0.005235	-0.009327	-3496.000000	1600.000000
2021-11-17	-0.003516	-0.000119	0.004695	-0.008186	-1504.000000	1800.000000
2021-11-16	-0.003727	0.000783	0.005933	-0.005083	-1600.000000	1500.000000
2021-11-15	-0.005267	0.001432	0.006395	-0.005783	-2273.000000	1800.000000
2021-11-12	0.005529	0.007950	0.008614	-0.003583	2373.000000	1200.000000
2021-11-11	-0.003251	0.002782	0.008818	-0.004431	-1400.000000	1400.000000
2021-11-10	-0.002497	-0.000602	0.004005	-0.006347	-1078.000000	1700.000000
2021-11-09	-0.008088	0.000333	0.004687	-0.011721	-3520.000000	2100.000000
2021-11-08	0.002765	0.013016	0.025346	0.001733	1200.000000	2800.000000
2021-11-05	0.002073	0.004121	0.010730	-0.002281	898.000000	1700.000000
2021-11-04	-0.004409	0.003317	0.007538	-0.011816	-1918.000000	2000.000000
2021-11-03	0.001785	-0.001888	0.002061	-0.007095	775.000000	1400.000000
2021-11-02	0.007660	0.008112	0.008609	-0.002655	3301.000000	1700.000000
2021-11-01	-0.004523	0.003721	0.006925	-0.005498	-1958.000000	2300.000000
2021-10-29	-0.007674	-0.002744	0.000601	-0.010398	-3348.000000	2100.000000
2021-10-28	0.007389	0.003817	0.008830	-0.001233	3200.000000	2400.000000
2021-10-27	-0.011053	-0.000829	0.003058	-0.011053	-4840.000000	3200.000000
2021-10-26	0.003412	0.001751	0.007903	-0.002188	1489.000000	1900.000000
2021-10-25	0.001558	0.000553	0.003266	-0.006100	679.000000	1800.000000
2021-10-22	0.009363	0.000093	0.010478	-0.004552	4042.000000	1500.000000
2021-10-21	-0.001884	0.000449	0.005330	-0.007073	-815.000000	1400.000000
2021-10-20	0.010254	0.000019	0.011434	-0.004658	4390.000000	1700.000000
2021-10-19	0.004496	0.007382	0.007769	-0.000817	1916.000000	1300.000000
2021-10-18	-0.003535	0.002920	0.002920	-0.008651	-1512.000000	1500.000000
2021-10-15	0.009567	0.013341	0.013341	0.003062	4053.000000	1200.000000
2021-10-14	0.012538	0.005889	0.021455	0.005612	5246.000000	1200.000000
2021-10-13	-0.002846	-0.004028	0.006158	-0.010322	-1194.000000	1200.000000
2021-10-12	-0.008047	0.000596	0.004395	-0.009456	-3404.000000	1100.000000
2021-10-11	-0.011139	-0.001386	0.004725	-0.011139	-4765.000000	1600.000000
2021-10-08	0.005486	0.000498	0.007164	-0.003364	2334.000000	1300.000000
2021-10-07	0.008369	0.007345	0.016011	0.003830	3531.000000	1200.000000
2021-10-06	0.008030	-0.005096	0.008030	-0.011652	3361.000000	1100.000000
2021-10-05	0.014542	0.001874	0.020408	-0.002136	5999.000000	900.000000
2021-10-04	-0.005635	0.000646	0.004642	-0.008658	-2338.000000	1400.000000
2021-10-01	0.008506	0.003734	0.015251	-0.003111	3499.000000	1000.000000
2021-09-30	-0.013870	0.005144	0.006161	-0.014766	-5786.000000	1300.000000
2021-09-29	0.001404	0.001488	0.007535	-0.003070	585.000000	800.000000
2021-09-28	-0.010007	-0.001937	0.005784	-0.012823	-4211.000000	1000.000000
2021-09-27	0.006434	0.003676	0.009811	0.001978	2690.000000	900.000000
2021-09-24	-0.000691	0.000203	0.004063	-0.001981	-289.000000	900.000000
2021-09-23	0.015310	0.005380	0.021520	0.003929	6309.000000	1100.000000
2021-09-22	-0.001747	0.006950	0.009593	-0.002137	-721.000000	900.000000
2021-09-21	-0.007687	0.001373	0.001373	-0.011344	-3198.000000	1400.000000
2021-09-20	-0.000961	-0.011278	-0.000961	-0.017771	-400.000000	1800.000000
2021-09-17	-0.006490	-0.000990	0.004781	-0.009830	-2720.000000	1600.000000
2021-09-16	-0.001584	0.000917	0.002418	-0.008504	-665.000000	800.000000
2021-09-15	0.006688	0.000868	0.007199	-0.000880	2789.000000	900.000000
2021-09-14	-0.009042	0.003562	0.004038	-0.011290	-3805.000000	1500.000000
2021-09-13	0.006812	0.001330	0.010932	-0.000639	2847.000000	1300.000000
2021-09-10	-0.005546	0.001768	0.002394	-0.005575	-2331.000000	900.000000
2021-09-09	-0.001032	-0.001067	0.001833	-0.003763	-434.000000	1000.000000
2021-09-08	0.002067	-0.000281	0.003823	-0.004587	868.000000	1100.000000
2021-09-07	-0.010255	0.001148	0.009198	-0.011082	-4350.000000	1800.000000
2021-09-03	-0.010356	0.000432	0.000432	-0.010356	-4439.000000	1400.000000
2021-09-02	-0.003163	-0.000916	0.003063	-0.004651	-1360.000000	1000.000000
2021-09-01	0.000233	0.002980	0.008886	-0.002094	100.000000	1000.000000
2021-08-31	0.000419	-0.000733	0.002979	-0.002360	180.000000	1000.000000
2021-08-30	-0.002741	0.000369	0.002432	-0.004101	-1181.000000	1000.000000
2021-08-27	0.002760	0.000368	0.004154	-0.000891	1186.000000	700.000000
2021-08-26	-0.006104	0.002854	0.003132	-0.007857	-2639.000000	900.000000
2021-08-25	0.003840	0.002333	0.008644	-0.002589	1654.000000	800.000000
2021-08-24	0.013412	0.013379	0.016000	0.007059	5700.000000	900.000000
2021-08-23	-0.011644	0.004693	0.005863	-0.011644	-5007.000000	1000.000000
2021-08-20	0.002361	0.001424	0.003611	-0.002639	1013.000000	800.000000
2021-08-19	-0.003848	-0.005715	0.003077	-0.007108	-1657.000000	1100.000000
2021-08-18	-0.011384	-0.000999	0.002789	-0.011384	-4959.000000	900.000000
2021-08-17	0.000551	-0.001929	0.005010	-0.005131	240.000000	1000.000000
2021-08-16	0.005186	-0.001572	0.005848	-0.008455	2246.000000	1300.000000
2021-08-13	-0.007837	0.003184	0.003184	-0.010281	-3421.000000	1200.000000
2021-08-12	-0.003686	0.002193	0.003743	-0.007563	-1615.000000	1100.000000
2021-08-11	0.008168	0.000104	0.010476	0.000104	3550.000000	1300.000000
2021-08-10	0.006319	0.001873	0.007222	-0.003267	2729.000000	1200.000000
2021-08-09	0.004001	0.006732	0.009620	0.000758	1721.000000	1600.000000
2021-08-06	0.021016	0.007406	0.021016	0.006639	8854.000000	1300.000000
2021-08-05	0.003200	0.003324	0.009615	-0.002291	1344.000000	1100.000000
2021-08-04	-0.008836	-0.004055	-0.001940	-0.009353	-3744.000000	1000.000000
2021-08-03	0.011968	0.004493	0.015059	-0.004132	5011.000000	1100.000000
2021-08-02	-0.000489	0.004977	0.012752	-0.001463	-205.000000	1200.000000
2021-07-30	-0.004222	0.002601	0.005320	-0.006112	-1776.000000	900.000000
2021-07-29	0.004060	0.001575	0.010106	0.001575	1701.000000	1000.000000
2021-07-28	-0.007895	-0.000140	0.002728	-0.009659	-3334.000000	1000.000000
2021-07-27	0.006696	0.000739	0.008343	-0.005638	2809.000000	1100.000000
2021-07-26	0.001193	-0.001480	0.007160	-0.001480	500.000000	1100.000000
2021-07-23	0.002872	0.002528	0.008648	0.001005	1200.000000	800.000000
2021-07-22	-0.005368	-0.000200	0.000459	-0.005725	-2255.000000	900.000000
2021-07-21	0.009156	0.005540	0.015481	0.001816	3811.000000	1000.000000
2021-07-20	0.014116	-0.000346	0.019566	-0.001138	5794.000000	1100.000000
2021-07-19	-0.017124	-0.010699	-0.008072	-0.023534	-7151.000000	1600.000000
2021-07-16	-0.008898	0.001498	0.001498	-0.010056	-3749.000000	900.000000
2021-07-15	0.006810	-0.002781	0.008609	-0.003584	2850.000000	900.000000
2021-07-14	-0.003144	-0.000033	0.005338	-0.004335	-1320.000000	1000.000000
2021-07-13	-0.002654	0.000176	0.001397	-0.005257	-1117.000000	1000.000000
2021-07-12	-0.002519	-0.003055	0.005460	-0.007846	-1063.000000	1400.000000
2021-07-09	0.024670	0.007110	0.025398	0.006369	10160.000000	1200.000000
2021-07-08	-0.018028	-0.007470	-0.004361	-0.020031	-7561.000000	1600.000000
2021-07-07	0.005927	-0.003236	0.008575	-0.004411	2471.000000	1100.000000
2021-07-06	-0.007310	-0.002224	-0.002224	-0.014286	-3070.000000	1400.000000
2021-07-02	-0.002387	0.005753	0.005753	-0.004715	-1005.000000	1300.000000
2021-07-01	0.005743	0.000256	0.006904	-0.003180	2404.000000	1000.000000
2021-06-30	0.003839	-0.004230	0.005432	-0.004556	1601.000000	1000.000000
2021-06-29	0.001672	0.001912	0.006159	-0.003264	696.000000	1200.000000
2021-06-28	-0.006752	0.003071	0.004369	-0.009386	-2830.000000	1600.000000
2021-06-25	0.009961	0.005822	0.012986	-0.000080	4134.000000	1000.000000
2021-06-24	0.002682	0.002153	0.007185	-0.001699	1110.000000	1200.000000
2021-06-23	-0.011901	-0.005073	-0.004476	-0.012868	-4985.000000	1500.000000
2021-06-22	0.002621	0.000551	0.002621	-0.006353	1095.000000	1300.000000
2021-06-21	0.012238	0.005122	0.015623	0.003186	5051.000000	1400.000000
2021-06-18	-0.018151	-0.010734	-0.009573	-0.025355	-7630.000000	1900.000000
2021-06-17	-0.012419	0.003057	0.003726	-0.020252	-5286.000000	1800.000000
2021-06-16	-0.000939	-0.001291	0.003612	-0.008422	-400.000000	1400.000000
2021-06-15	0.000387	0.003663	0.004630	-0.002973	165.000000	1200.000000
2021-06-14	-0.010230	0.000291	0.000291	-0.016361	-4402.000000	2100.000000
2021-06-11	0.007318	0.003282	0.009821	0.001976	3126.000000	1200.000000
2021-06-10	-0.013781	0.004606	0.008065	-0.013781	-5969.000000	134800.000000
2021-06-09	-0.003187	0.000479	0.002854	-0.007365	-1385.000000	1300.000000
2021-06-08	-0.000232	0.001799	0.001949	-0.012312	-101.000000	1500.000000
2021-06-07	-0.010034	0.003604	0.003604	-0.011512	-4405.000000	1800.000000
2021-06-04	0.000618	0.005283	0.005283	-0.002225	271.000000	1400.000000
2021-06-03	0.007130	-0.005943	0.010373	-0.005943	3106.000000	2000.000000
2021-06-02	0.000770	0.005173	0.006079	-0.001509	335.000000	1900.000000
2021-06-01	-0.001596	0.006234	0.007110	-0.004002	-696.000000	1700.000000
2021-05-28	0.001332	0.000466	0.002320	-0.004095	580.000000	1300.000000
2021-05-27	0.006054	0.001040	0.007394	-0.003755	2620.000000	1500.000000
2021-05-26	0.001217	0.004840	0.004840	-0.005804	526.000000	1500.000000
2021-05-25	-0.007250	0.004288	0.006922	-0.008376	-3157.000000	1400.000000
2021-05-24	0.006849	0.006484	0.010479	0.001891	2962.000000	1300.000000
2021-05-21	0.002427	0.000542	0.008757	-0.000978	1047.000000	1300.000000
2021-05-20	0.001630	0.004766	0.009937	-0.001950	702.000000	1600.000000
2021-05-19	-0.002425	-0.011200	-0.002425	-0.016657	-1047.000000	1700.000000
2021-05-18	-0.005887	0.002570	0.003767	-0.005887	-2557.000000	1300.000000
2021-05-17	-0.006715	-0.003076	-0.002582	-0.010321	-2936.000000	1700.000000
2021-05-14	0.015372	0.007793	0.015728	0.007793	6620.000000	2100.000000
2021-05-13	0.012537	0.000536	0.019358	-0.002840	5332.000000	2400.000000
2021-05-12	-0.011505	-0.003837	0.002189	-0.016690	-4950.000000	1800.000000
2021-05-11	-0.020939	-0.008827	-0.005891	-0.026275	-9202.000000	2500.000000
2021-05-10	0.005328	0.004578	0.014055	0.004578	2329.000000	3200.000000
2021-05-07	0.004622	0.002454	0.022706	-0.005270	2011.000000	2700.000000
2021-05-06	0.024197	0.004378	0.025666	0.004378	10280.000000	3200.000000
2021-05-05	0.008115	0.009017	0.014273	0.006848	3420.000000	3000.000000
2021-05-04	0.003381	-0.002155	0.004405	-0.021786	1420.000000	2600.000000
2021-05-03	0.018182	0.015665	0.024601	0.011568	7500.000000	3100.000000
2021-04-30	-0.012934	-0.005903	-0.001821	-0.014130	-5405.000000	2100.000000
2021-04-29	0.016830	0.004307	0.016830	0.002462	6917.000000	2000.000000
2021-04-28	-0.001001	-0.002154	0.000999	-0.004971	-412.000000	1600.000000
2021-04-27	0.009504	0.001514	0.011538	-0.002564	3873.000000	1500.000000
2021-04-26	-0.003212	0.004043	0.008889	-0.003889	-1313.000000	1900.000000
2021-04-23	0.007241	0.002924	0.011917	0.001749	2939.000000	1700.000000
2021-04-22	-0.010367	-0.000532	-0.000373	-0.011939	-4252.000000	1800.000000
2021-04-21	0.017525	0.001407	0.017554	0.001275	7064.000000	1700.000000
2021-04-20	-0.008403	-0.004662	-0.002866	-0.011700	-3416.000000	1700.000000
2021-04-19	-0.006707	0.003660	0.003660	-0.011177	-2745.000000	2200.000000
2021-04-16	0.011021	0.002379	0.013862	0.002379	4461.000000	3000.000000
2021-04-15	0.004439	0.000839	0.004960	-0.005372	1789.000000	1700.000000
2021-04-14	0.001242	0.000718	0.004099	-0.001242	500.000000	1800.000000
2021-04-13	-0.000298	-0.002365	0.002121	-0.005583	-120.000000	1800.000000
2021-04-12	0.006550	0.003565	0.008552	0.001835	2620.000000	2000.000000
2021-04-09	0.010098	0.002841	0.010098	0.000306	3999.000000	1400.000000
2021-04-08	0.000285	-0.001041	0.002771	-0.004837	113.000000	1100.000000
2021-04-07	-0.002550	-0.002948	0.002771	-0.006047	-1012.000000	300.000000
2021-04-06	0.003451	0.000956	0.005954	-0.001762	1365.000000	1300.000000
2021-04-05	0.013257	0.005994	0.016421	0.005226	5175.000000	1800.000000
2021-04-01	0.012077	0.005904	0.013695	0.000000	4658.000000	1500.000000
2021-03-31	-0.011933	-0.003963	-0.000154	-0.011933	-4658.000000	1700.000000
2021-03-30	-0.003014	0.005427	0.007049	-0.006970	-1180.000000	1800.000000
2021-03-29	0.009137	-0.010160	0.014147	-0.010495	3545.000000	2000.000000
2021-03-26	0.024544	0.012142	0.029839	0.007082	9295.000000	1500.000000
2021-03-25	0.001852	0.000093	0.012169	-0.009304	700.000000	1700.000000
2021-03-24	0.001484	0.004668	0.012492	0.000212	560.000000	1600.000000
2021-03-23	-0.007789	-0.003525	0.004198	-0.011372	-2963.000000	1500.000000
2021-03-22	-0.005997	-0.002326	-0.000904	-0.011249	-2295.000000	2400.000000
2021-03-19	-0.002156	-0.003142	0.000229	-0.015710	-827.000000	2500.000000
2021-03-18	0.005305	0.009166	0.018687	-0.001313	2024.000000	2400.000000
2021-03-17	-0.003185	-0.000496	0.008131	-0.005317	-1219.000000	3300.000000
2021-03-16	-0.009524	0.001799	0.001954	-0.018602	-3680.000000	100.000000
2021-03-15	-0.021031	0.002746	0.003012	-0.024246	-8301.000000	3000.000000
2021-03-12	-0.004284	0.003787	0.012038	-0.004284	-1698.000000	2400.000000
2021-03-11	-0.006120	0.009164	0.009184	-0.009472	-2441.000000	3100.000000
2021-03-10	0.018853	0.006777	0.041613	0.001418	7380.000000	4200.000000
2021-03-09	0.007463	0.006712	0.022751	-0.007103	2900.000000	3200.000000
2021-03-08	0.018239	0.010406	0.026868	0.005503	6960.000000	3000.000000
2021-03-05	0.030683	0.015079	0.035815	0.009062	11360.000000	2500.000000
2021-03-04	-0.029973	-0.003241	0.001504	-0.034715	-11440.000000	2600.000000
2021-03-03	0.010176	-0.000693	0.018963	-0.000887	3845.000000	2400.000000
2021-03-02	0.000212	0.001504	0.005943	-0.002176	80.000000	2300.000000
2021-03-01	0.036137	0.021874	0.038244	0.020835	13175.000000	2900.000000
2021-02-26	-0.008755	0.006580	0.018189	-0.011202	-3220.000000	1900.000000
2021-02-25	-0.019200	0.000621	0.006285	-0.022931	-7200.000000	2200.000000
2021-02-24	0.010632	0.000345	0.014176	0.000183	3945.000000	2600.000000
2021-02-23	0.004888	0.003353	0.006906	-0.005454	1805.000000	2900.000000
2021-02-22	0.013310	-0.002799	0.018112	-0.004226	4850.000000	1700.000000
2021-02-19	-0.008165	0.003987	0.005264	-0.009254	-3000.000000	1300.000000
2021-02-18	-0.008367	-0.004359	-0.001350	-0.015493	-3100.000000	1300.000000
2021-02-17	0.003160	-0.002093	0.004170	-0.002093	1167.000000	500.000000
2021-02-16	0.011871	0.007282	0.020989	0.002740	4333.000000	900.000000
2021-02-12	0.009263	-0.005254	0.011268	-0.005254	3350.000000	400.000000
2021-02-11	0.000996	-0.000634	0.002796	-0.003269	360.000000	200.000000
2021-02-10	-0.002512	0.002609	0.002849	-0.004539	-910.000000	300.000000
2021-02-09	0.014282	-0.001434	0.014828	-0.005822	5100.000000	600.000000
2021-02-08	0.007616	0.001690	0.007616	0.000000	2699.000000	300.000000
2021-02-05	-0.001012	0.002791	0.004905	-0.002576	-359.000000	300.000000
2021-02-04	0.011574	0.002849	0.012258	0.001400	4059.000000	400.000000
2021-02-03	0.001428	-0.000003	0.002527	-0.002716	500.000000	200.000000
2021-02-02	0.011630	0.006139	0.016827	0.006139	4026.000000	400.000000
2021-02-01	0.006030	0.002616	0.008268	0.000436	2075.000000	300.000000
2021-01-29	-0.011832	-0.009968	-0.005356	-0.014991	-4120.000000	300.000000
2021-01-28	0.013888	0.002591	0.024825	0.002591	4770.000000	400.000000
2021-01-27	-0.016466	-0.008749	-0.007317	-0.023141	-5750.000000	500.000000
2021-01-26	-0.007673	-0.004856	-0.000284	-0.008170	-2700.000000	200.000000
2021-01-25	0.003651	-0.004620	0.004178	-0.009612	1280.000000	400.000000
2021-01-22	-0.009548	-0.006215	-0.006215	-0.012712	-3380.000000	300.000000
2021-01-21	0.003399	0.003965	0.005765	-0.001137	1199.000000	500.000000
2021-01-20	0.000928	-0.001416	0.002485	-0.005206	327.000000	300.000000
2021-01-19	0.006149	0.002446	0.012894	-0.006423	2154.000000	300.000000
2021-01-15	-0.007032	-0.006409	-0.000853	-0.012191	-2481.000000	300.000000
2021-01-14	-0.001113	-0.000266	0.001427	-0.004587	-393.000000	100.000000
2021-01-13	0.007801	-0.003747	0.007801	-0.006620	2734.000000	300.000000
2021-01-12	0.001171	0.000000	0.003428	-0.005142	410.000000	200.000000
2021-01-11	-0.005650	-0.011189	-0.002551	-0.011266	-1989.000000	200.000000
2021-01-08	0.005570	0.001174	0.005570	-0.005681	1950.000000	200.000000
2021-01-07	0.011266	0.004942	0.013897	0.002689	3900.000000	300.000000
2021-01-06	0.012782	0.003452	0.021005	0.000527	4369.000000	900.000000
2021-01-05	-0.004963	0.001092	0.003464	-0.007787	-1705.000000	300.000000
2021-01-04	-0.012334	0.000029	0.000029	-0.020123	-4290.000000	400.000000
2020-12-31	0.007882	-0.002298	0.009867	-0.003735	2720.000000	300.000000
2020-12-30	0.000798	-0.001189	0.003744	-0.002619	275.000000	200.000000
2020-12-29	0.006477	0.007423	0.011897	0.004010	2219.000000	300.000000
2020-12-28	0.006874	0.005108	0.014659	0.003477	2339.000000	500.000000
2020-12-24	0.010579	0.000891	0.012771	0.000891	3562.000000	200.000000
2020-12-23	0.002743	0.001849	0.008202	0.001849	921.000000	400.000000
2020-12-22	-0.007801	-0.008522	-0.005331	-0.011580	-2640.000000	500.000000
2020-12-21	0.001536	-0.012578	0.001536	-0.012578	519.000000	500.000000
2020-12-18	-0.005603	-0.005309	-0.003932	-0.017478	-1904.000000	700.000000
2020-12-17	0.003852	-0.010340	0.003852	-0.015805	1304.000000	900.000000
2020-12-16	0.003992	0.000000	0.004167	-0.011333	1346.000000	700.000000
2020-12-15	0.005230	0.003262	0.010495	-0.002257	1754.000000	500.000000
2020-12-14	-0.013715	0.006281	0.006281	-0.017711	-4664.000000	400.000000
2020-12-11	-0.001280	-0.006050	-0.000250	-0.009789	-436.000000	200.000000
2020-12-10	-0.000003	-0.002206	0.004232	-0.004229	-1.000000	300.000000
2020-12-09	-0.005200	0.000716	0.002101	-0.005788	-1780.000000	300.000000
2020-12-08	-0.003662	-0.004806	-0.001013	-0.009935	-1258.000000	300.000000
2020-12-07	-0.009974	-0.006383	-0.004323	-0.012680	-3461.000000	600.000000
2020-12-04	0.000894	0.000894	0.003779	-0.002279	310.000000	600.000000
2020-12-03	0.002342	-0.001099	0.004105	-0.006586	810.000000	200.000000
2020-12-02	0.003321	-0.001262	0.003464	-0.005323	1145.000000	300.000000
2020-12-01	0.003046	0.008124	0.013338	0.002302	1047.000000	200.000000
2020-11-30	-0.010688	-0.004033	-0.003172	-0.013613	-3713.000000	200.000000
2020-11-27	-0.008545	0.000140	0.001841	-0.011972	-2994.000000	200.000000
2020-11-25	-0.002011	-0.000461	-0.000288	-0.007562	-706.000000	300.000000
2020-11-24	0.019413	0.014996	0.023329	0.008406	6686.000000	400.000000
2020-11-23	0.009012	0.006331	0.012873	0.003050	3076.000000	300.000000
2020-11-20	-0.010612	-0.003478	-0.000438	-0.012383	-3661.000000	200.000000
2020-11-19	-0.001713	-0.005666	-0.001713	-0.010692	-592.000000	200.000000
2020-11-18	-0.011312	0.006734	0.006734	-0.011575	-3954.000000	300.000000
2020-11-17	0.000017	-0.007267	0.008468	-0.011796	6.000000	600.000000
2020-11-16	0.022782	0.009498	0.024128	0.009047	7786.000000	700.000000
2020-11-13	0.014676	0.003530	0.016205	0.003530	4943.000000	300.000000
2020-11-12	-0.013037	-0.010139	-0.008559	-0.017799	-4449.000000	300.000000
2020-11-11	-0.005073	-0.001653	0.002055	-0.013924	-1740.000000	400.000000
2020-11-10	0.037508	0.004235	0.037508	0.004165	12400.000000	600.000000
2020-11-09	0.053252	0.060898	0.075553	0.041888	16715.000000	1100.000000
2020-11-06	0.006255	0.001013	0.010823	-0.000054	1951.000000	200.000000
2020-11-05	0.007855	0.015399	0.022368	0.005754	2431.000000	200.000000
2020-11-04	-0.003721	-0.001497	0.014939	-0.009106	-1156.000000	200.000000
2020-11-03	0.013983	0.019339	0.027434	0.011832	4284.000000	400.000000
2020-11-02	0.012810	0.016529	0.023279	0.009064	3875.000000	200.000000
2020-10-30	-0.001650	-0.009703	0.002310	-0.013842	-500.000000	200.000000
2020-10-29	0.004176	-0.004375	0.010496	-0.013001	1260.000000	200.000000
2020-10-28	-0.028338	-0.018742	-0.014636	-0.033651	-8800.000000	500.000000
2020-10-27	-0.007019	-0.003533	0.001301	-0.007019	-2195.000000	200.000000
2020-10-26	-0.020696	-0.014073	-0.012037	-0.025815	-6609.000000	300.000000
2020-10-23	0.006823	0.004704	0.012040	0.002557	2164.000000	300.000000
2020-10-22	0.006263	-0.001669	0.007655	-0.002621	1974.000000	200.000000
2020-10-21	-0.000536	-0.005945	0.006738	-0.006104	-169.000000	200.000000
2020-10-20	0.005981	0.008561	0.012057	0.003576	1875.000000	200.000000
2020-10-19	-0.015711	0.000989	0.000989	-0.017453	-5004.000000	300.000000
2020-10-16	0.003036	0.004598	0.010144	0.002132	964.000000	200.000000
2020-10-15	0.004619	-0.004208	0.006707	-0.009808	1460.000000	100.000000
2020-10-14	-0.009057	0.000373	0.000373	-0.009057	-2889.000000	300.000000
2020-10-13	-0.017226	-0.001725	-0.001725	-0.018980	-5591.000000	300.000000
2020-10-12	0.003370	0.003648	0.008285	-0.000284	1090.000000	200.000000
2020-10-09	0.000603	0.001343	0.003904	-0.004912	195.000000	200.000000
2020-10-08	0.011591	0.004863	0.012827	0.002741	3704.000000	300.000000
2020-10-07	0.013385	0.011574	0.021370	0.007141	4221.000000	200.000000
2020-10-06	-0.011442	0.000000	0.004389	-0.012226	-3650.000000	300.000000
2020-10-05	0.004788	0.007015	0.011087	0.002274	1520.000000	300.000000
2020-10-02	-0.003515	-0.009997	0.006199	-0.012517	-1120.000000	300.000000
2020-10-01	-0.004378	0.003806	0.003806	-0.011869	-1401.000000	600.000000
2020-09-30	0.013011	0.009209	0.014590	0.001899	4110.000000	700.000000
2020-09-29	-0.013029	0.005746	0.005746	-0.015188	-4170.000000	600.000000
2020-09-28	0.015564	0.015053	0.025832	0.011252	4905.000000	500.000000
2020-09-25	0.004385	-0.007426	0.008866	-0.010163	1376.000000	200.000000
2020-09-24	-0.003367	-0.005199	0.002096	-0.013327	-1060.000000	300.000000
2020-09-23	-0.017969	0.002757	0.005250	-0.018905	-5761.000000	200.000000
2020-09-22	0.003339	0.003023	0.007717	-0.004748	1067.000000	300.000000
2020-09-21	-0.024624	-0.019338	-0.014045	-0.042799	-8067.000000	500.000000
2020-09-18	0.003676	0.005818	0.016112	0.001835	1200.000000	800.000000
2020-09-17	-0.010309	-0.008493	-0.004779	-0.013848	-3400.000000	400.000000
2020-09-16	0.003032	0.006679	0.013674	0.001545	997.000000	600.000000
2020-09-15	-0.002793	0.002487	0.008416	-0.005183	-921.000000	400.000000
2020-09-14	0.007979	0.004020	0.014934	0.001241	2610.000000	500.000000
2020-09-11	-0.000303	0.003136	0.005293	-0.004911	-99.000000	400.000000
2020-09-10	-0.007721	0.001334	0.003760	-0.010929	-2546.000000	400.000000
2020-09-09	0.007824	0.003973	0.016143	0.002980	2560.000000	400.000000
2020-09-08	-0.000614	-0.007517	0.004453	-0.012126	-201.000000	400.000000
2020-09-04	0.000125	0.008065	0.016233	-0.012207	41.000000	400.000000
2020-09-03	-0.016464	0.000030	0.006369	-0.021987	-5480.000000	600.000000
2020-09-02	0.016492	0.002245	0.017011	0.000205	5400.000000	400.000000
2020-09-01	-0.000366	-0.006289	0.000000	-0.006790	-120.000000	300.000000
2020-08-31	0.000394	0.000211	0.005705	-0.001622	129.000000	500.000000
2020-08-28	0.005441	0.000894	0.008045	-0.006415	1772.000000	300.000000
2020-08-27	0.010419	0.004341	0.014580	0.004341	3358.000000	600.000000
2020-08-26	0.007285	-0.001156	0.012404	-0.003344	2331.000000	400.000000
2020-08-25	0.003670	0.004705	0.006904	0.002302	1170.000000	300.000000
2020-08-24	0.024665	0.012773	0.028522	0.010848	7674.000000	400.000000
2020-08-21	0.005904	-0.000970	0.010669	-0.000970	1826.000000	400.000000
2020-08-20	-0.004826	-0.011017	-0.002230	-0.011017	-1500.000000	300.000000
2020-08-19	-0.008356	0.001040	0.006002	-0.009594	-2619.000000	300.000000
2020-08-18	0.010312	0.002224	0.014764	0.001547	3199.000000	200.000000
2020-08-17	-0.019070	-0.003516	-0.002375	-0.020566	-6031.000000	400.000000
2020-08-14	-0.005856	-0.002559	-0.000358	-0.008525	-1863.000000	200.000000
2020-08-13	-0.005894	-0.004687	-0.000594	-0.007903	-1886.000000	300.000000
2020-08-12	0.001941	0.002740	0.005789	-0.001813	620.000000	400.000000
2020-08-11	0.001725	0.011511	0.014647	-0.001035	550.000000	500.000000
2020-08-10	0.014303	0.007909	0.015639	-0.000299	4496.000000	400.000000
2020-08-07	0.022374	-0.005770	0.022475	-0.005770	6879.000000	400.000000
2020-08-06	0.007389	-0.000655	0.009174	-0.001245	2255.000000	41400.000000
2020-08-05	0.016215	0.005131	0.022109	0.002897	4870.000000	600.000000
2020-08-04	0.005120	-0.002677	0.005120	-0.004451	1530.000000	300.000000
2020-08-03	0.017604	0.004662	0.025096	0.002994	5169.000000	500.000000
2020-07-31	0.007788	0.001332	0.008361	-0.004160	2269.000000	300.000000
2020-07-30	-0.010642	-0.014129	-0.008723	-0.019987	-3134.000000	200.000000
2020-07-29	0.012222	0.000000	0.013508	0.000000	3556.000000	300.000000
2020-07-28	0.009833	-0.007313	0.012540	-0.007313	2833.000000	300.000000
2020-07-27	-0.012050	-0.003535	-0.003186	-0.012931	-3514.000000	300.000000
2020-07-24	0.007549	0.004312	0.016646	0.003749	2185.000000	300.000000
2020-07-23	0.005122	0.000000	0.007373	-0.001823	1475.000000	300.000000
2020-07-22	-0.000833	-0.004167	0.000409	-0.006905	-240.000000	200.000000
2020-07-21	0.009142	0.003960	0.016037	0.003537	2611.000000	500.000000
2020-07-20	-0.001922	-0.002586	0.002656	-0.005906	-550.000000	200.000000
2020-07-17	-0.000458	0.004433	0.006634	-0.001044	-131.000000	300.000000
2020-07-16	0.002630	-0.010367	0.007880	-0.010367	751.000000	300.000000
2020-07-15	0.002598	0.016574	0.017382	-0.004073	740.000000	500.000000
2020-07-14	0.031756	-0.007300	0.032553	-0.007300	8765.000000	400.000000
2020-07-13	0.007722	0.005988	0.017306	0.004381	2115.000000	500.000000
2020-07-10	0.019049	-0.002017	0.021095	-0.002902	5120.000000	300.000000
2020-07-09	-0.011002	0.000000	0.001656	-0.016422	-2990.000000	400.000000
2020-07-08	0.000479	-0.002356	0.007451	-0.005758	130.000000	300.000000
2020-07-07	-0.008794	-0.004452	-0.000657	-0.010921	-2410.000000	400.000000
2020-07-06	0.024291	0.024777	0.028140	0.018871	6499.000000	500.000000
2020-07-02	0.001989	0.014156	0.016778	0.001498	531.000000	500.000000
2020-07-01	-0.001048	0.001122	0.011972	-0.003528	-280.000000	400.000000
2020-06-30	0.007846	0.000682	0.012748	-0.000573	2081.000000	500.000000
2020-06-29	0.006906	0.003493	0.009123	0.000759	1819.000000	400.000000
2020-06-26	-0.016577	-0.001269	0.001004	-0.019191	-4440.000000	800.000000
2020-06-25	0.005254	-0.005405	0.012153	-0.006865	1400.000000	400.000000
2020-06-24	-0.022956	-0.010634	-0.010634	-0.023836	-6260.000000	700.000000
2020-06-23	0.002574	0.002757	0.006581	-0.003254	700.000000	900.000000
2020-06-22	0.001473	-0.009400	0.001473	-0.012518	400.000000	900.000000
2020-06-19	-0.005128	0.004249	0.005234	-0.015359	-1400.000000	900.000000
2020-06-18	-0.007273	-0.016364	-0.007273	-0.020727	-2000.000000	800.000000
2020-06-17	0.005558	0.005006	0.005558	-0.009544	1520.000000	800.000000
2020-06-16	0.005604	0.029376	0.029376	-0.007192	1524.000000	900.000000
2020-06-15	0.001624	-0.018839	0.003738	-0.027568	441.000000	800.000000
2020-06-12	0.014141	0.029885	0.033881	-0.000508	3786.000000	600.000000
2020-06-11	-0.067796	-0.032904	-0.024095	-0.070334	-19471.000000	900.000000
2020-06-10	-0.022980	-0.000187	0.001830	-0.022980	-6755.000000	400.000000
2020-06-09	-0.027396	-0.022281	-0.013284	-0.027912	-8280.000000	400.000000
2020-06-08	0.004370	0.008886	0.013525	-0.005051	1315.000000	600.000000
2020-06-05	0.045304	0.023020	0.049386	0.021961	13042.000000	600.000000
2020-06-04	0.006250	-0.001000	0.006676	-0.005988	1788.000000	300.000000
2020-06-03	0.027032	0.016298	0.031627	0.011631	7530.000000	400.000000
2020-06-02	0.010740	0.000004	0.013824	0.000004	2960.000000	400.000000
2020-06-01	-0.010910	-0.001698	-0.001698	-0.013063	-3040.000000	300.000000
2020-05-29	0.005793	-0.007346	0.005793	-0.011497	1605.000000	400.000000
2020-05-28	-0.005242	0.008632	0.008632	-0.008959	-1460.000000	400.000000
2020-05-27	0.030204	0.023767	0.032072	0.020419	8165.000000	500.000000
2020-05-26	0.027503	0.025869	0.035751	0.019008	7236.000000	600.000000
2020-05-22	0.004536	0.000359	0.004536	-0.007316	1188.000000	300.000000
2020-05-21	-0.008307	0.000379	0.003143	-0.009311	-2194.000000	300.000000
2020-05-20	0.020874	0.012292	0.024855	0.010823	5400.000000	200.000000
2020-05-19	-0.015976	-0.007988	-0.002663	-0.015976	-4200.000000	300.000000
2020-05-18	0.037077	0.025637	0.045369	0.019763	9399.000000	600.000000
2020-05-15	-0.010651	-0.006416	-0.000507	-0.013383	-2729.000000	300.000000
2020-05-14	0.002014	-0.006707	0.006050	-0.018728	515.000000	400.000000
2020-05-13	-0.016481	-0.001927	-0.001927	-0.019231	-4285.000000	600.000000
2020-05-12	-0.006120	0.004205	0.008406	-0.006120	-1601.000000	300.000000
2020-05-11	-0.013868	-0.003619	-0.003325	-0.016507	-3679.000000	400.000000
2020-05-08	0.017373	0.014635	0.020537	0.004756	4530.000000	300.000000
2020-05-07	0.006368	0.003898	0.017792	0.003898	1650.000000	400.000000
2020-05-06	-0.019600	0.002724	0.008022	-0.019600	-5180.000000	500.000000
2020-05-05	-0.010484	0.010929	0.010933	-0.010484	-2800.000000	500.000000
2020-05-04	-0.025167	-0.014509	-0.014509	-0.032758	-6895.000000	600.000000
2020-05-01	-0.027423	-0.012705	-0.010614	-0.032588	-7725.000000	600.000000
2020-04-30	-0.010708	-0.005440	-0.001040	-0.015695	-3049.000000	500.000000
2020-04-29	0.014786	0.020670	0.029537	0.011404	4149.000000	800.000000
2020-04-28	-0.002361	0.014705	0.018545	-0.002361	-664.000000	600.000000
2020-04-27	0.006455	0.005192	0.016385	0.001413	1804.000000	800.000000
2020-04-24	0.002547	0.004843	0.004951	-0.007706	710.000000	500.000000
2020-04-23	-0.003254	0.001216	0.004391	-0.008553	-910.000000	600.000000
2020-04-22	0.014180	0.015413	0.018633	0.008160	3910.000000	700.000000
2020-04-21	-0.024929	-0.024222	-0.014816	-0.027581	-7050.000000	700.000000
2020-04-20	-0.005626	-0.007736	-0.002110	-0.011955	-1600.000000	700.000000
2020-04-17	0.007503	0.025871	0.025871	0.004669	2118.000000	800.000000
2020-04-16	-0.005174	0.000000	0.000004	-0.017445	-1468.000000	800.000000
2020-04-15	-0.020640	-0.018051	-0.018051	-0.029438	-5980.000000	600.000000
2020-04-14	0.024505	0.030410	0.030880	0.012705	6930.000000	700.000000
2020-04-13	-0.026506	0.001549	0.001549	-0.039380	-7700.000000	600.000000
2020-04-09	0.012199	0.013767	0.030544	0.000770	3501.000000	600.000000
2020-04-08	0.037221	0.014998	0.037224	0.005710	10299.000000	400.000000
2020-04-07	-0.002020	0.027952	0.035129	-0.002020	-560.000000	700.000000
2020-04-06	0.034730	0.018835	0.043089	0.013025	9306.000000	600.000000
2020-04-03	-0.012970	-0.010222	-0.004678	-0.030327	-3521.000000	300.000000
2020-04-02	0.039139	0.003372	0.039139	0.002469	10225.000000	900.000000
2020-04-01	-0.039522	-0.022426	-0.015257	-0.039779	-10750.000000	900.000000
2020-03-31	-0.007375	-0.005054	0.018681	-0.011590	-2021.000000	500.000000
2020-03-30	0.021986	0.004789	0.029367	-0.004125	5895.000000	400.000000
2020-03-27	-0.028863	-0.030768	0.000971	-0.038965	-7969.000000	600.000000
2020-03-26	0.019708	0.000151	0.023652	-0.004650	5336.000000	800.000000
2020-03-25	0.013737	0.007900	0.060785	-0.016399	3669.000000	1000.000000
2020-03-24	0.112875	0.063442	0.118750	0.060417	27090.000000	1200.000000
2020-03-23	-0.067403	-0.032431	-0.028545	-0.069579	-17346.000000	1300.000000
2020-03-20	-0.016600	0.012649	0.012649	-0.040850	-4344.000000	1200.000000
2020-03-19	0.021030	-0.020289	0.031760	-0.024581	5390.000000	1100.000000
2020-03-18	-0.085453	-0.050841	-0.033449	-0.104004	-23948.000000	1500.000000
2020-03-17	0.045701	0.026119	0.047086	0.000000	12248.000000	1200.000000
2020-03-16	-0.072664	-0.100346	-0.019100	-0.100346	-21000.000000	700.000000
2020-03-13	0.062500	0.042279	0.088132	-0.006581	17000.000000	1100.000000
2020-03-12	-0.068908	-0.053332	-0.034676	-0.086708	-20130.000000	1900.000000
2020-03-11	-0.037656	-0.023096	-0.020055	-0.043355	-11431.000000	600.000000
2020-03-10	0.046744	0.041189	0.048944	0.012052	13556.000000	700.000000
2020-03-09	-0.067190	-0.059808	-0.039319	-0.067206	-20889.000000	1100.000000
2020-03-06	-0.013035	-0.019048	-0.011879	-0.032486	-4106.000000	500.000000
2020-03-05	-0.034113	-0.023059	-0.023059	-0.045611	-11125.000000	400.000000
2020-03-04	0.038899	0.022573	0.042470	0.002208	12211.000000	400.000000
2020-03-03	-0.032622	-0.006009	0.007704	-0.044684	-10586.000000	400.000000
2020-03-02	0.049836	0.015866	0.060955	-0.003222	15404.000000	500.000000
2020-02-28	-0.011269	-0.027570	-0.007300	-0.037966	-3523.000000	700.000000
2020-02-27	-0.036022	-0.011782	-0.006195	-0.036386	-11682.000000	500.000000
2020-02-26	-0.011277	0.000610	0.007936	-0.011277	-3699.000000	400.000000
2020-02-25	-0.015577	0.000015	0.005432	-0.021879	-5190.000000	600.000000
2020-02-24	-0.029871	-0.024600	-0.021214	-0.036422	-10259.000000	700.000000
2020-02-21	0.003879	-0.000795	0.008339	-0.004449	1327.000000	200.000000
2020-02-20	-0.005459	-0.000727	0.001866	-0.008823	-1878.000000	300.000000
2020-02-19	0.012524	0.002681	0.013784	0.001684	4255.000000	300.000000
2020-02-18	-0.001408	0.000000	0.002281	-0.006537	-479.000000	200.000000
2020-02-14	0.005093	0.002919	0.006204	-0.000186	1724.000000	100.000000
2020-02-13	-0.007331	-0.001466	0.000141	-0.007331	-2500.000000	300.000000
2020-02-12	0.000646	0.003287	0.006943	-0.001103	220.000000	200.000000
2020-02-11	0.001231	0.005844	0.005844	0.000294	419.000000	200.000000
2020-02-10	-0.001581	0.000012	0.000522	-0.008507	-539.000000	200.000000
2020-02-07	-0.009245	-0.006048	-0.003796	-0.010858	-3181.000000	200.000000
2020-02-06	0.004279	0.004889	0.006961	0.001328	1466.000000	200.000000
2020-02-05	0.015393	0.008829	0.016268	0.008707	5194.000000	300.000000
2020-02-04	0.007648	0.013020	0.016234	0.007227	2561.000000	200.000000
2020-02-03	-0.003381	0.006441	0.010280	-0.004214	-1136.000000	200.000000
2020-01-31	-0.017556	-0.006272	-0.006272	-0.020117	-6004.000000	300.000000
2020-01-30	0.016417	-0.006289	0.016417	-0.006289	5524.000000	200.000000
2020-01-29	0.001417	0.000744	0.010119	0.000744	476.000000	100.000000
2020-01-28	0.007131	0.005932	0.013126	0.004229	2379.000000	200.000000
2020-01-27	-0.019336	-0.016899	-0.013959	-0.024101	-6578.000000	500.000000
2020-01-24	-0.012238	-0.004541	-0.002596	-0.015316	-4215.000000	300.000000
2020-01-23	-0.000830	-0.003203	-0.000290	-0.010299	-286.000000	200.000000
2020-01-22	0.005983	0.001313	0.008318	0.000088	2050.000000	200.000000
2020-01-21	-0.006725	0.000087	0.005015	-0.008073	-2320.000000	300.000000
2020-01-17	0.001350	0.001437	0.008403	0.000131	465.000000	200.000000
2020-01-16	0.005707	0.001766	0.007152	0.000747	1955.000000	200.000000
2020-01-15	0.005412	-0.000751	0.006586	-0.000751	1844.000000	100.000000
2020-01-14	-0.006268	-0.005116	-0.001035	-0.006898	-2149.000000	200.000000
2020-01-13	0.007849	0.001220	0.007849	-0.001837	2670.000000	200.000000
2020-01-10	-0.008967	-0.001360	-0.001203	-0.009506	-3078.000000	100.000000
2020-01-09	0.012014	0.005637	0.012014	0.004753	4075.000000	300.000000
2020-01-08	0.000847	0.001620	0.007905	-0.000150	287.000000	200.000000
2020-01-07	-0.003848	-0.000617	-0.000617	-0.005908	-1309.000000	300.000000
2020-01-06	0.003111	-0.004143	0.003494	-0.006059	1055.000000	300.000000
2020-01-03	-0.009075	-0.011845	-0.003567	-0.013165	-3106.000000	200.000000
2020-01-02	0.007865	0.004594	0.007865	0.001399	2671.000000	400.000000
