2022-12-30	-0.002664	0.001381	0.004602	-0.005689	-0.636963	1521100.000000
2022-12-29	0.003425	0.012450	0.014129	0.000110	0.816101	1652500.000000
2022-12-28	-0.015464	0.004769	0.007579	-0.015315	-3.742142	2270000.000000
2022-12-27	0.013632	0.008204	0.026467	0.004141	3.254486	3381500.000000
2022-12-23	0.009809	0.002273	0.017459	0.000370	2.318939	1959900.000000
2022-12-22	-0.017333	-0.001798	0.000903	-0.031352	-4.170120	3129900.000000
2022-12-21	0.028026	0.015537	0.033698	0.015537	6.558716	4143600.000000
2022-12-20	0.012269	0.005418	0.019606	0.002909	2.836487	2649900.000000
2022-12-19	-0.001848	0.009864	0.022946	-0.002959	-0.427979	2622400.000000
2022-12-16	0.008931	-0.004074	0.015921	-0.006600	2.050232	7610700.000000
2022-12-15	-0.016291	-0.005172	-0.001873	-0.024198	-3.801865	2953200.000000
2022-12-14	-0.004289	0.007201	0.016417	-0.005343	-1.005219	3513800.000000
2022-12-13	0.010427	0.025290	0.025722	0.000760	2.418472	2945200.000000
2022-12-12	0.025386	0.005918	0.031779	0.003576	5.742615	2709200.000000
2022-12-09	-0.015720	0.009468	0.012993	-0.011461	-3.612762	2257000.000000
2022-12-08	0.008472	0.013238	0.020215	0.007226	1.930786	2189400.000000
2022-12-07	0.003022	-0.000909	0.011591	-0.006278	0.686722	3044000.000000
2022-12-06	-0.018403	0.004855	0.006843	-0.025516	-4.259689	3633800.000000
2022-12-05	-0.015076	-0.000890	0.003833	-0.011698	-3.543106	2064500.000000
2022-12-02	0.001867	-0.002905	0.016620	-0.004183	0.437912	2218300.000000
2022-12-01	-0.003046	0.006852	0.007277	-0.014229	-0.716583	2504700.000000
2022-11-30	0.005487	0.008102	0.011777	-0.013735	1.283890	3850000.000000
2022-11-29	0.012139	0.009094	0.019605	0.001525	2.806610	2277900.000000
2022-11-28	-0.014425	-0.002734	0.001615	-0.012837	-3.383865	2862100.000000
2022-11-25	-0.005149	0.005108	0.007186	-0.002568	-1.214203	1034800.000000
2022-11-23	-0.001433	0.006336	0.014806	-0.002218	-0.338379	2311300.000000
2022-11-22	0.021924	0.012689	0.027749	0.009919	5.065826	2523300.000000
2022-11-21	0.003198	0.005290	0.014494	-0.008950	0.736496	2522600.000000
2022-11-18	0.004296	0.006557	0.010873	-0.007483	0.985291	2868700.000000
2022-11-17	-0.008519	-0.015420	-0.003402	-0.025103	-1.970596	3256900.000000
2022-11-16	-0.009250	0.002242	0.005069	-0.011293	-2.159698	3062000.000000
2022-11-15	-0.008076	0.007318	0.017090	-0.011163	-1.900940	3371000.000000
2022-11-14	0.000042	0.002687	0.019045	-0.003686	0.009949	3217700.000000
2022-11-11	0.017380	0.007146	0.030488	0.002824	4.020828	3585400.000000
2022-11-10	0.030638	0.034528	0.036176	0.008289	6.877213	4590800.000000
2022-11-09	-0.018581	-0.011583	0.001840	-0.015999	-4.249741	6248300.000000
2022-11-08	0.005249	0.004769	0.022437	-0.003757	1.194305	3676600.000000
2022-11-07	0.003336	0.005431	0.010414	-0.018074	0.756393	3405600.000000
2022-11-04	0.039177	0.026582	0.052748	0.024657	8.549240	4973800.000000
2022-11-03	0.022001	-0.009281	0.038723	-0.010124	4.697586	3570400.000000
2022-11-02	-0.018124	0.000630	0.019484	-0.016246	-3.941208	3150000.000000
2022-11-01	0.009424	0.014842	0.018741	0.005930	2.030319	2717500.000000
2022-10-31	-0.013130	-0.013554	0.002616	-0.015066	-2.866333	3786100.000000
2022-10-28	0.033940	0.006474	0.039629	0.000364	7.165833	5161000.000000
2022-10-27	0.077071	0.072056	0.107664	0.057874	15.107941	7872200.000000
2022-10-26	0.010881	0.022612	0.029213	0.003377	2.109940	3546000.000000
2022-10-25	0.018505	-0.000536	0.027722	-0.007731	3.523193	2545000.000000
2022-10-24	0.005678	-0.003524	0.014911	-0.004580	1.074875	2919500.000000
2022-10-21	0.060667	0.006954	0.066790	0.004041	10.828369	3483800.000000
2022-10-20	-0.020986	0.012205	0.018787	-0.010174	-3.826035	2953900.000000
2022-10-19	0.004685	0.008131	0.023340	0.002951	0.850235	2088700.000000
2022-10-18	0.015210	0.034430	0.037954	0.012108	2.718750	2674000.000000
2022-10-17	0.014647	0.034822	0.046232	0.017225	2.580338	2940000.000000
2022-10-14	-0.027028	0.014861	0.018065	-0.019492	-4.893753	2830200.000000
2022-10-13	0.020279	-0.020909	0.042203	-0.026770	3.598648	3745900.000000
2022-10-12	-0.001391	0.009973	0.019201	0.006034	-0.247162	2260800.000000
2022-10-11	0.006045	0.001019	0.036458	0.000170	1.067749	2542400.000000
2022-10-10	0.006308	0.024367	0.032058	0.003061	1.107254	2633900.000000
2022-10-07	-0.007047	-0.000331	0.012341	-0.009268	-1.245682	2759200.000000
2022-10-06	0.002411	0.005992	0.026235	0.003043	0.425110	2415000.000000
2022-10-05	-0.006959	-0.002473	0.015040	-0.005063	-1.235794	3067400.000000
2022-10-04	0.049057	0.029627	0.064421	0.029096	8.304565	4008200.000000
2022-10-03	0.043576	0.032144	0.068762	0.023636	7.068756	3444700.000000
2022-09-30	-0.010970	0.011431	0.022955	-0.000763	-1.799316	2963000.000000
2022-09-29	-0.011087	-0.000928	0.004438	-0.013952	-1.838852	3518100.000000
2022-09-28	0.032750	0.024320	0.049102	0.018342	5.259537	3694800.000000
2022-09-27	-0.001107	0.022937	0.023621	-0.001072	-0.177948	2753500.000000
2022-09-26	-0.009864	0.010014	0.021408	-0.000948	-1.601593	3213400.000000
2022-09-23	-0.036998	0.000283	0.004909	-0.040817	-6.238312	4047200.000000
2022-09-22	-0.008142	0.015904	0.027198	0.001727	-1.384094	2508400.000000
2022-09-21	-0.033934	0.018823	0.025699	-0.023230	-5.971375	4061900.000000
2022-09-20	-0.022624	0.003050	0.003772	-0.020723	-4.073181	2512400.000000
2022-09-19	0.014710	-0.001020	0.029865	-0.003556	2.609985	2923700.000000
2022-09-16	-0.016549	-0.002309	-0.000425	-0.014669	-2.985672	5088300.000000
2022-09-15	-0.011698	0.011602	0.021845	-0.004777	-2.135452	1933100.000000
2022-09-14	0.001845	0.009352	0.016047	-0.001898	0.336136	2295000.000000
2022-09-13	-0.042048	-0.012428	-0.000862	-0.035297	-7.998093	2207500.000000
2022-09-12	0.015357	0.018752	0.028627	0.017471	2.876923	1937200.000000
2022-09-09	0.034617	0.035792	0.047998	0.033970	6.267990	2279600.000000
2022-09-08	0.012662	0.004893	0.025027	-0.004055	2.263977	2245700.000000
2022-09-07	0.001107	0.002814	0.018099	-0.002337	0.197723	2166900.000000
2022-09-06	-0.000940	0.023071	0.027322	0.004556	-0.168076	2141700.000000
2022-09-02	-0.008825	0.024854	0.029788	-0.002867	-1.591705	2185400.000000
2022-09-01	-0.012290	-0.001870	0.003278	-0.013753	-2.244217	2686200.000000
2022-08-31	-0.011929	0.009815	0.017552	-0.001710	-2.204651	2656600.000000
2022-08-30	-0.025237	0.010015	0.012442	-0.026430	-4.785004	2691200.000000
2022-08-29	-0.000729	0.001373	0.018080	-0.003897	-0.138412	1996600.000000
2022-08-26	-0.034996	0.014137	0.019070	-0.024872	-6.880936	2560400.000000
2022-08-25	0.024310	0.018421	0.036238	0.013628	4.666382	1888700.000000
2022-08-24	-0.015466	0.013287	0.019032	-0.007793	-3.015350	2503200.000000
2022-08-23	0.028421	0.016714	0.045145	0.015290	5.388077	2444900.000000
2022-08-22	-0.019632	-0.001384	0.002856	-0.009451	-3.796371	2008900.000000
2022-08-19	-0.008867	0.000831	0.010826	-0.006652	-1.730118	2003600.000000
2022-08-18	0.007248	0.017274	0.020268	0.007982	1.403870	1750900.000000
2022-08-17	-0.008050	-0.001413	0.008317	-0.007199	-1.571930	1576200.000000
2022-08-16	0.008012	0.008240	0.024139	0.006330	1.552170	1959300.000000
2022-08-15	-0.004521	-0.006185	0.009745	-0.007880	-0.879883	1752400.000000
2022-08-12	0.014639	0.016133	0.026977	0.010449	2.807724	1864800.000000
2022-08-11	0.017198	0.022683	0.037267	0.017803	3.242737	2538900.000000
2022-08-10	0.025211	0.026173	0.041343	0.019213	4.636703	2304300.000000
2022-08-09	0.001184	0.012254	0.022761	0.007954	0.217514	2460000.000000
2022-08-08	0.002265	0.019022	0.025732	0.004781	0.415222	2655000.000000
2022-08-05	0.009530	0.011162	0.025042	0.009234	1.730118	1908500.000000
2022-08-04	0.004211	0.011437	0.028418	0.001813	0.761246	2478900.000000
2022-08-03	-0.003488	0.010445	0.022130	0.000965	-0.632721	4155900.000000
2022-08-02	-0.058247	-0.024117	-0.016487	-0.049241	-11.221054	8193100.000000
2022-08-01	-0.017100	-0.004681	0.006084	-0.013253	-3.351486	3185100.000000
2022-07-29	0.055420	0.018762	0.074226	0.018385	10.291733	5188100.000000
2022-07-28	0.013981	0.020228	0.034807	0.005759	2.560562	2229200.000000
2022-07-27	0.022182	0.020925	0.039119	0.006413	3.974335	1856500.000000
2022-07-26	-0.003190	0.007876	0.021729	0.004649	-0.573410	1767700.000000
2022-07-25	0.017859	0.014607	0.034030	0.006679	3.153763	1845600.000000
2022-07-22	-0.013095	0.014286	0.021608	-0.008907	-2.343094	1961500.000000
2022-07-21	0.005668	0.002781	0.017675	-0.008123	1.008423	2214500.000000
2022-07-20	0.002674	0.007491	0.018875	-0.002145	0.474548	2175900.000000
2022-07-19	0.041790	0.020944	0.054995	0.014956	7.118195	2671400.000000
2022-07-18	0.000634	0.034692	0.038041	0.014601	0.107986	2476400.000000
2022-07-15	0.020242	0.032382	0.039155	0.014102	3.377396	2282100.000000
2022-07-14	-0.022603	-0.005598	-0.000033	-0.021239	-3.858475	2531200.000000
2022-07-13	-0.003553	0.005462	0.022973	0.003185	-0.608719	2389000.000000
2022-07-12	-0.003028	0.016908	0.031457	0.004454	-0.520355	2718400.000000
2022-07-11	-0.022781	0.008926	0.022348	-0.006940	-4.005737	2773300.000000
2022-07-08	-0.006545	0.018255	0.023961	-0.003440	-1.158524	2491100.000000
2022-07-07	0.046254	0.078771	0.078771	0.042300	7.824966	4677600.000000
2022-07-06	-0.008345	0.016896	0.023871	-0.007665	-1.423615	3190600.000000
2022-07-05	-0.025408	-0.007285	-0.003571	-0.025394	-4.447571	3724900.000000
2022-07-01	-0.002629	0.021671	0.033124	-0.010180	-0.461441	3423100.000000
2022-06-30	-0.025725	-0.017550	-0.007303	-0.034663	-4.720001	4197100.000000
2022-06-29	-0.021127	-0.000640	0.000694	-0.028329	-3.960007	2436900.000000
2022-06-28	-0.000800	0.012687	0.029373	-0.000853	-0.149994	3327200.000000
2022-06-27	0.011321	0.013963	0.024745	0.001779	2.099991	3061100.000000
2022-06-24	0.038171	0.014944	0.038787	0.003918	6.820007	4868900.000000
2022-06-23	-0.048768	-0.006655	-0.003194	-0.062876	-9.160004	6667900.000000
2022-06-22	-0.043489	-0.032439	-0.018231	-0.044100	-8.539993	4008700.000000
2022-06-21	0.019363	0.023152	0.030004	0.006385	3.729996	2755400.000000
2022-06-17	-0.011037	0.004569	0.015145	-0.020124	-2.149994	7226100.000000
2022-06-16	-0.054418	-0.023932	-0.023058	-0.061893	-11.210007	4789900.000000
2022-06-15	-0.003338	0.003822	0.009483	-0.017224	-0.690002	2343100.000000
2022-06-14	-0.000918	0.005704	0.013776	-0.007782	-0.190002	2359000.000000
2022-06-13	-0.038572	-0.026025	-0.024677	-0.047774	-8.299988	3559400.000000
2022-06-10	-0.037958	-0.018644	-0.015424	-0.038718	-8.490005	2604100.000000
2022-06-09	-0.026675	-0.010313	-0.006919	-0.026893	-6.130005	3045700.000000
2022-06-08	0.011889	-0.007970	0.023118	-0.010920	2.699997	4171300.000000
2022-06-07	0.015517	-0.007289	0.016277	-0.008854	3.470001	1799000.000000
2022-06-06	0.003275	0.000000	0.008345	-0.002916	0.730011	1565400.000000
2022-06-03	0.013182	-0.007955	0.018636	-0.007955	2.899994	2222500.000000
2022-06-02	0.011169	0.009284	0.015030	-0.001471	2.429993	1784100.000000
2022-06-01	0.007969	0.012092	0.014593	-0.007181	1.720001	2314000.000000
2022-05-31	-0.005941	-0.010823	0.004375	-0.016809	-1.289993	3773500.000000
2022-05-27	0.019484	0.009437	0.021785	0.005493	4.149994	2020400.000000
2022-05-26	0.017582	0.010702	0.020687	0.005208	3.680008	2016000.000000
2022-05-25	0.017797	-0.003161	0.021590	-0.004036	3.660004	3080200.000000
2022-05-24	0.007348	-0.010482	0.007592	-0.014009	1.500000	2467800.000000
2022-05-23	0.031999	0.010666	0.038773	0.006774	6.329987	3246600.000000
2022-05-20	-0.043238	-0.001499	-0.000629	-0.061521	-8.939987	5404500.000000
2022-05-19	-0.005675	-0.010003	0.006444	-0.029961	-1.180008	2887700.000000
2022-05-18	-0.024168	0.003520	0.022573	-0.026139	-5.149994	4723300.000000
2022-05-17	0.028476	0.027077	0.031758	0.009412	5.899994	2275900.000000
2022-05-16	0.013997	0.003377	0.023883	-0.003181	2.860001	2540800.000000
2022-05-13	0.006403	0.010442	0.016894	-0.000542	1.300003	2323800.000000
2022-05-12	-0.010623	-0.007797	0.000633	-0.028800	-2.180008	3282000.000000
2022-05-11	0.010937	0.012661	0.033105	0.002956	2.220001	2552400.000000
2022-05-10	-0.015997	0.009453	0.015658	-0.023753	-3.299988	3040400.000000
2022-05-09	-0.038947	-0.012206	-0.012113	-0.042907	-8.360001	2929900.000000
2022-05-06	-0.005928	0.005002	0.005002	-0.025842	-1.279999	2268400.000000
2022-05-05	-0.029920	-0.000854	0.002516	-0.039624	-6.660004	3005600.000000
2022-05-04	0.041990	0.006226	0.045267	0.000983	8.970001	3023700.000000
2022-05-03	0.007309	-0.000802	0.015514	-0.006036	1.549988	2121100.000000
2022-05-02	0.007267	-0.002565	0.010592	-0.013679	1.530014	2639500.000000
2022-04-29	-0.008944	0.001224	0.022453	-0.010732	-1.900009	3404000.000000
2022-04-28	-0.007104	-0.030520	-0.004674	-0.055898	-1.520004	6092800.000000
2022-04-27	0.017404	0.003852	0.024964	-0.014265	3.660004	3358300.000000
2022-04-26	-0.029534	-0.002630	0.006922	-0.033918	-6.399994	4176700.000000
2022-04-25	0.001849	-0.004577	0.003236	-0.031114	0.399994	4145500.000000
2022-04-22	-0.069957	-0.017930	-0.011953	-0.072967	-16.270004	5053700.000000
2022-04-21	-0.010677	0.009188	0.011996	-0.014591	-2.509995	3571400.000000
2022-04-20	0.012578	0.005987	0.018134	0.001809	2.919998	2907700.000000
2022-04-19	0.009743	0.001435	0.013135	-0.010221	2.240005	2689400.000000
2022-04-18	0.009262	0.000834	0.028840	0.000834	2.110001	3644000.000000
2022-04-14	0.043707	0.007514	0.050167	0.001558	9.539993	5337900.000000
2022-04-13	0.007245	0.001061	0.013752	-0.001384	1.570007	1898900.000000
2022-04-12	0.003009	-0.002777	0.015876	-0.004953	0.649994	2508200.000000
2022-04-11	-0.004515	0.000000	0.007971	-0.005898	-0.979996	2494700.000000
2022-04-08	0.005234	-0.000509	0.009171	-0.008661	1.130005	2450200.000000
2022-04-07	-0.001434	-0.003469	0.000462	-0.012257	-0.310013	2253600.000000
2022-04-06	0.000880	-0.004166	0.005138	-0.011434	0.190002	2783300.000000
2022-04-05	-0.021693	-0.003668	0.007065	-0.025678	-4.789993	3582100.000000
2022-04-04	0.004732	-0.002776	0.007189	-0.014424	1.039993	2181300.000000
2022-04-01	-0.013688	0.006867	0.012117	-0.020869	-3.050003	2618300.000000
2022-03-31	-0.001165	0.000583	0.009458	-0.002914	-0.259995	3152100.000000
2022-03-30	0.009229	0.004343	0.021897	-0.001538	2.040008	2507400.000000
2022-03-29	-0.003651	-0.004733	-0.001893	-0.023935	-0.810013	3667800.000000
2022-03-28	-0.006760	-0.004567	-0.003044	-0.019341	-1.509995	3072500.000000
2022-03-25	0.005175	-0.000540	0.007155	-0.004815	1.149994	1581100.000000
2022-03-24	0.000180	0.001665	0.012738	-0.002971	0.040008	2110900.000000
2022-03-23	-0.002425	-0.004580	0.009295	-0.004580	-0.540008	2001700.000000
2022-03-22	-0.004470	0.003353	0.009566	-0.010594	-1.000000	2461500.000000
2022-03-21	0.012675	0.000407	0.027794	0.000362	2.800003	2902200.000000
2022-03-18	-0.003563	-0.010014	0.000000	-0.016689	-0.789993	4105100.000000
2022-03-17	0.026009	-0.003517	0.026379	-0.008053	5.619995	3600400.000000
2022-03-16	-0.001756	0.004805	0.013998	-0.019126	-0.380005	4378700.000000
2022-03-15	0.004735	0.003156	0.009005	-0.022883	1.020004	4364200.000000
2022-03-14	0.002839	0.006843	0.016990	-0.008844	0.610001	3530700.000000
2022-03-11	0.014354	0.002408	0.028236	0.002408	3.040008	4045500.000000
2022-03-10	0.009581	-0.001859	0.036896	-0.007627	2.009995	4886300.000000
2022-03-09	-0.001048	0.012238	0.017143	-0.012143	-0.220001	4798300.000000
2022-03-08	0.067616	0.036451	0.092476	0.032028	13.300003	9318600.000000
2022-03-07	0.005315	-0.004447	0.040069	-0.010426	1.039993	6912300.000000
2022-03-04	0.004157	-0.019246	0.005953	-0.023300	0.809998	4334700.000000
2022-03-03	0.011630	0.003686	0.020612	-0.001402	2.240005	4429700.000000
2022-03-02	0.053492	0.012963	0.058688	0.011869	9.779999	5849900.000000
2022-03-01	-0.025323	0.001013	0.003412	-0.036998	-4.750000	5110600.000000
2022-02-28	0.002780	-0.014541	0.009141	-0.018123	0.520004	5168500.000000
2022-02-25	0.012832	0.001354	0.017543	-0.003086	2.369995	3594600.000000
2022-02-24	-0.010607	-0.024857	-0.007500	-0.037499	-1.979996	5919500.000000
2022-02-23	-0.023744	0.002667	0.005805	-0.025313	-4.540008	3550400.000000
2022-02-22	-0.003855	0.000000	0.015369	-0.007294	-0.739990	3488000.000000
2022-02-18	-0.014327	-0.007086	0.004519	-0.018281	-2.790009	4385200.000000
2022-02-17	-0.043705	-0.012964	-0.009232	-0.045178	-8.899994	4699600.000000
2022-02-16	0.001131	-0.001475	0.009881	-0.002016	0.229996	2253900.000000
2022-02-15	0.017610	0.004052	0.022813	0.000600	3.520004	2752600.000000
2022-02-14	-0.006708	-0.001441	0.002286	-0.015554	-1.350006	2730500.000000
2022-02-11	-0.009012	0.001723	0.007781	-0.014478	-1.830002	3826700.000000
2022-02-10	-0.002603	-0.005059	0.015471	-0.010020	-0.529999	3538500.000000
2022-02-09	0.010422	0.005658	0.012903	0.002928	2.100006	2743700.000000
2022-02-08	0.008408	0.002202	0.012461	-0.002953	1.679993	2407100.000000
2022-02-07	0.007107	0.002167	0.015725	-0.001915	1.410004	2402000.000000
2022-02-04	-0.010868	-0.001894	0.002094	-0.020440	-2.179993	3930800.000000
2022-02-03	-0.021226	0.000293	0.004538	-0.023665	-4.350006	2748200.000000
2022-02-02	-0.001997	-0.010470	0.002191	-0.019236	-0.410004	3492300.000000
2022-02-01	0.018803	-0.003771	0.020986	-0.005061	3.790008	4026400.000000
2022-01-31	0.001988	-0.008501	0.002187	-0.032213	0.399994	6179000.000000
2022-01-28	-0.051892	-0.031013	-0.019654	-0.072442	-11.009995	10747300.000000
2022-01-27	-0.009893	0.004293	0.016846	-0.019320	-2.119995	3678100.000000
2022-01-26	-0.000093	0.003220	0.021324	-0.009659	-0.020004	3558500.000000
2022-01-25	-0.000093	-0.010498	0.011664	-0.033733	-0.020004	4554300.000000
2022-01-24	0.001121	-0.013686	0.004110	-0.034705	0.240005	5107300.000000
2022-01-21	-0.011725	0.004062	0.004062	-0.019434	-2.540009	3754700.000000
2022-01-20	-0.022692	-0.002617	0.000947	-0.025354	-5.029999	3545600.000000
2022-01-19	-0.031037	0.003934	0.004590	-0.034228	-7.099991	4991700.000000
2022-01-18	0.004062	-0.000546	0.011392	-0.004277	0.925507	5411900.000000
2022-01-14	0.008546	-0.005241	0.016539	-0.010287	1.930633	3970600.000000
2022-01-13	0.020683	0.007066	0.029612	0.005937	4.577789	5002300.000000
2022-01-12	0.011139	0.014766	0.021939	0.005401	2.438171	2506900.000000
2022-01-11	-0.007625	0.006484	0.006892	-0.018043	-1.681854	2944300.000000
2022-01-10	-0.011374	0.008259	0.011844	-0.011194	-2.537689	3734900.000000
2022-01-07	0.009910	0.007161	0.022868	0.005939	2.189377	3673400.000000
2022-01-06	0.010193	0.012809	0.018387	-0.002876	2.229187	3913200.000000
2022-01-05	0.007658	0.005313	0.029181	0.005313	1.661942	5378200.000000
2022-01-04	0.053527	0.011066	0.062716	0.009415	11.026489	5242300.000000
2022-01-03	0.001258	0.007720	0.013893	0.000283	0.258743	2055600.000000
2021-12-31	0.003203	0.005437	0.012946	0.002853	0.656815	1374500.000000
2021-12-30	-0.006029	0.004852	0.012510	-0.001933	-1.243958	1465900.000000
2021-12-29	0.003436	0.003150	0.014238	0.002226	0.706573	1334900.000000
2021-12-28	0.001163	0.003878	0.014006	0.003684	0.238831	1393000.000000
2021-12-27	0.000873	0.003585	0.008263	-0.000313	0.179138	1711200.000000
2021-12-23	0.020035	0.011165	0.030452	0.010519	4.030456	2669600.000000
2021-12-22	0.019364	0.018381	0.030644	0.017621	3.821442	3558700.000000
2021-12-21	0.014581	0.012769	0.023154	0.011433	2.836227	2303400.000000
2021-12-20	-0.029349	-0.014210	-0.014210	-0.036615	-5.881439	3605100.000000
2021-12-17	-0.023282	-0.001094	0.000368	-0.019225	-4.776825	6079600.000000
2021-12-16	0.017872	0.017007	0.033031	0.015270	3.602509	2856800.000000
2021-12-15	0.004513	0.001663	0.009636	-0.010098	0.905609	2193700.000000
2021-12-14	0.001938	-0.001389	0.018483	-0.002388	0.388123	2248800.000000
2021-12-13	-0.010862	0.006630	0.008754	-0.010014	-2.199341	1868500.000000
2021-12-10	-0.003282	0.011104	0.013565	-0.005091	-0.666763	3315200.000000
2021-12-09	-0.000294	-0.000512	0.008691	-0.011437	-0.059708	1646600.000000
2021-12-08	-0.001467	0.004459	0.013255	0.000528	-0.298553	2341200.000000
2021-12-07	0.015948	0.014887	0.029464	0.013788	3.194504	2818000.000000
2021-12-06	0.017594	0.013895	0.032590	0.007595	3.463196	2838400.000000
2021-12-03	0.005132	0.009346	0.018128	-0.000509	1.005127	3250900.000000
2021-12-02	0.027785	0.009261	0.037128	0.006637	5.294311	3445700.000000
2021-12-01	-0.009723	0.026836	0.031253	-0.005490	-1.870926	3425300.000000
2021-11-30	-0.013118	-0.005816	0.009263	-0.017561	-2.557587	6358000.000000
2021-11-29	-0.014140	0.017493	0.018858	-0.022705	-2.796433	4559900.000000
2021-11-26	-0.040276	-0.024604	-0.022420	-0.045907	-8.299728	3496000.000000
2021-11-24	0.008474	-0.003320	0.019191	-0.006159	1.731598	3880500.000000
2021-11-23	0.014576	0.008179	0.020691	0.000930	2.935745	3127100.000000
2021-11-22	0.009679	0.010116	0.025356	0.003098	1.930633	2596500.000000
2021-11-19	-0.004865	0.002358	0.012336	-0.003928	-0.975250	2980100.000000
2021-11-18	-0.007686	0.006288	0.008466	-0.006633	-1.552475	2119900.000000
2021-11-17	-0.011926	0.002749	0.003678	-0.017551	-2.438156	3135700.000000
2021-11-16	-0.010977	0.006255	0.007126	-0.007000	-2.269013	2138000.000000
2021-11-15	-0.007454	0.008357	0.011671	-0.007200	-1.552460	2392600.000000
2021-11-12	0.003549	0.008804	0.015261	0.003744	0.736435	2018000.000000
2021-11-11	0.009000	0.010735	0.023182	0.010735	1.851013	4819800.000000
2021-11-10	-0.014966	0.002266	0.005523	-0.011336	-3.124832	3261800.000000
2021-11-09	-0.020723	0.009214	0.011043	-0.019958	-4.418564	3310300.000000
2021-11-08	0.040655	0.053709	0.056540	0.031062	8.329575	5944700.000000
2021-11-05	0.011248	0.014181	0.030962	0.012947	2.278946	2591300.000000
2021-11-04	0.000197	0.007074	0.011467	0.000212	0.039810	2543500.000000
2021-11-03	-0.017236	0.000680	0.002232	-0.020861	-3.552765	3137000.000000
2021-11-02	0.008472	0.006663	0.016741	-0.006792	1.731598	3429600.000000
2021-11-01	0.006715	0.006231	0.018988	0.003867	1.363388	3215200.000000
2021-10-29	-0.000392	0.024054	0.032720	0.000667	-0.079605	4292200.000000
2021-10-28	0.040585	0.011154	0.047735	0.009566	7.921539	4462700.000000
2021-10-27	-0.017582	0.007923	0.008829	-0.013872	-3.493042	3406700.000000
2021-10-26	-0.012710	0.007536	0.007734	-0.008764	-2.557587	2933600.000000
2021-10-25	0.007775	0.008007	0.018174	0.004151	1.552475	3294700.000000
2021-10-22	-0.001890	0.002903	0.011450	-0.004295	-0.378174	2632400.000000
2021-10-21	-0.010040	-0.002416	0.001048	-0.011619	-2.028900	3071300.000000
2021-10-20	0.015164	0.010501	0.030695	0.007336	3.018600	2936000.000000
2021-10-19	0.014936	0.012542	0.027225	0.011828	2.929550	2626900.000000
2021-10-18	-0.004221	0.002074	0.008674	-0.007216	-0.831375	2809400.000000
2021-10-15	0.024134	0.018876	0.037022	0.015444	4.641739	4736300.000000
2021-10-14	0.028528	0.035054	0.041738	0.030027	5.334519	5212900.000000
2021-10-13	-0.005160	0.013486	0.017476	-0.001304	-0.969925	3253200.000000
2021-10-12	-0.015397	0.007415	0.014015	-0.006938	-2.939423	4706700.000000
2021-10-11	-0.011632	0.016510	0.020807	-0.002439	-2.246643	2015200.000000
2021-10-08	-0.003014	0.010659	0.014685	0.005187	-0.583908	2713200.000000
2021-10-07	0.020275	0.020249	0.034257	0.019617	3.849960	3510500.000000
2021-10-06	-0.003325	-0.002721	0.009823	-0.014269	-0.633423	3777700.000000
2021-10-05	-0.003262	0.008465	0.017045	-0.002156	-0.623520	3074600.000000
2021-10-04	-0.006175	0.012532	0.018616	0.000418	-1.187637	2864600.000000
2021-10-01	0.012294	0.015295	0.030927	0.006558	2.335693	3695500.000000
2021-09-30	-0.029818	0.014230	0.015507	-0.021463	-5.839264	4978100.000000
2021-09-29	-0.013363	0.010048	0.013474	-0.003958	-2.652405	2954700.000000
2021-09-28	0.002750	0.011411	0.019949	0.004086	0.544342	3247500.000000
2021-09-27	0.016157	0.014405	0.036942	0.014405	3.147263	3033100.000000
2021-09-24	0.001017	0.005416	0.016413	0.001716	0.197952	2199500.000000
2021-09-23	0.027541	0.018638	0.043403	0.018321	5.215729	3367800.000000
2021-09-22	0.007954	0.021897	0.035203	0.017426	1.494476	3924400.000000
2021-09-21	-0.005136	0.016649	0.020408	-0.009932	-0.969940	5699900.000000
2021-09-20	-0.044706	-0.023440	-0.018735	-0.046607	-8.838058	9151100.000000
2021-09-17	-0.018910	0.005587	0.008763	-0.010194	-3.810364	6351100.000000
2021-09-16	-0.010353	0.009025	0.013642	-0.003891	-2.108078	3120100.000000
2021-09-15	0.016804	0.009602	0.031674	0.008103	3.365006	3342700.000000
2021-09-14	-0.018768	0.009617	0.009911	-0.011944	-3.830170	3757600.000000
2021-09-13	0.005805	0.020997	0.024447	0.005078	1.177750	2699100.000000
2021-09-10	-0.001996	0.018664	0.022501	0.007449	-0.405777	2551200.000000
2021-09-09	-0.006529	0.009081	0.017144	0.001263	-1.336121	2777900.000000
2021-09-08	-0.007011	0.005015	0.009867	-0.006388	-1.444946	2603100.000000
2021-09-07	-0.010173	0.008816	0.010257	-0.001703	-2.117981	2641100.000000
2021-09-03	-0.006658	0.007395	0.015267	0.001908	-1.395493	2512000.000000
2021-09-02	0.018369	0.015065	0.034645	0.015065	3.780685	2921600.000000
2021-09-01	-0.013800	0.010401	0.010976	-0.010011	-2.880035	4122900.000000
2021-08-31	-0.002743	0.009588	0.014462	0.005479	-0.574036	2857900.000000
2021-08-30	-0.006484	0.012252	0.014721	0.000763	-1.365799	1922100.000000
2021-08-27	0.007527	0.015279	0.023746	0.015088	1.573624	2511400.000000
2021-08-26	-0.016390	0.009224	0.009224	-0.009736	-3.483749	2513900.000000
2021-08-25	0.010207	0.013157	0.025182	0.008309	2.147659	2599800.000000
2021-08-24	0.016496	0.013348	0.030354	0.012285	3.414475	2485900.000000
2021-08-23	0.020494	0.021789	0.034115	0.014788	4.156769	2827400.000000
2021-08-20	0.002397	0.015194	0.024288	0.006150	0.484955	2765500.000000
2021-08-19	-0.025547	0.002503	0.006307	-0.021384	-5.304825	4788100.000000
2021-08-18	-0.017007	0.005951	0.010921	-0.007209	-3.592621	2947700.000000
2021-08-17	-0.019613	0.003485	0.004274	-0.022690	-4.226074	4022800.000000
2021-08-16	-0.003935	0.004807	0.007766	-0.009154	-0.851135	3132500.000000
2021-08-13	-0.007583	0.008749	0.011823	-0.001115	-1.652802	2049400.000000
2021-08-12	-0.006406	0.013044	0.019973	-0.004140	-1.405380	4444500.000000
2021-08-11	0.035456	0.018236	0.050520	0.012761	7.511856	7794100.000000
2021-08-10	0.024798	0.015770	0.039471	0.010739	5.126694	4193600.000000
2021-08-09	0.002592	0.005260	0.017820	-0.000414	0.534439	2747200.000000
2021-08-06	0.005599	0.019276	0.026006	0.012644	1.148056	2677100.000000
2021-08-05	0.013055	0.014007	0.025913	0.011290	2.642517	2685800.000000
2021-08-04	-0.019089	0.009044	0.015683	-0.009614	-3.939026	2948700.000000
2021-08-03	0.016280	0.011139	0.030741	0.001880	3.305618	3580500.000000
2021-08-02	-0.007690	0.016509	0.030682	0.001604	-1.573639	3977100.000000
2021-07-30	-0.027333	-0.011751	-0.008090	-0.034330	-5.750183	5834900.000000
2021-07-29	0.005297	0.022634	0.025071	0.002038	1.108460	3419700.000000
2021-07-28	0.007337	0.010882	0.023831	0.001736	1.524155	3246900.000000
2021-07-27	-0.005355	-0.006357	0.010544	-0.008895	-1.118378	2472000.000000
2021-07-26	0.007159	0.011896	0.022649	0.010256	1.484573	2157600.000000
2021-07-23	0.001769	0.012043	0.016246	0.004121	0.366180	2302600.000000
2021-07-22	-0.007450	0.011695	0.013517	-0.000100	-1.553833	1931500.000000
2021-07-21	0.013320	0.014093	0.024977	0.008554	2.741486	3407300.000000
2021-07-20	0.024030	0.010202	0.038014	0.006570	4.829758	3934300.000000
2021-07-19	-0.018178	-0.011924	-0.004694	-0.026774	-3.721283	5391100.000000
2021-07-16	-0.016366	0.020868	0.022021	-0.005319	-3.406113	4368800.000000
2021-07-15	-0.001087	0.009295	0.024222	0.008527	-0.226425	2737500.000000
2021-07-14	-0.016497	0.016153	0.017947	-0.002918	-3.494690	3185200.000000
2021-07-13	-0.015509	0.017589	0.018007	-0.002209	-3.337189	2373300.000000
2021-07-12	0.005335	0.009282	0.022971	0.003815	1.141922	2509000.000000
2021-07-09	0.025034	0.033974	0.046856	0.026790	5.227295	3163800.000000
2021-07-08	-0.012017	-0.006368	0.012085	-0.006699	-2.539826	3723800.000000
2021-07-07	0.005480	0.011874	0.023149	0.004595	1.151779	2707700.000000
2021-07-06	-0.019471	0.014190	0.014890	-0.014126	-4.173950	4348100.000000
2021-07-02	0.004845	0.020276	0.023604	0.010526	1.033646	2433600.000000
2021-07-01	-0.004227	0.022964	0.025905	0.008915	-0.905670	2426300.000000
2021-06-30	0.011762	0.013556	0.029282	0.010911	2.490585	3249500.000000
2021-06-29	-0.005410	0.024137	0.027237	0.007932	-1.151764	3443400.000000
2021-06-28	-0.000185	0.016480	0.018030	0.002909	-0.039383	3172000.000000
2021-06-25	-0.013814	0.024344	0.026984	-0.003026	-2.982788	11274200.000000
2021-06-24	0.025960	0.028890	0.054500	0.023140	5.463547	6827600.000000
2021-06-23	0.003097	0.018063	0.033172	0.013201	0.649704	3283400.000000
2021-06-22	-0.000375	0.017157	0.023541	0.006151	-0.078766	3776400.000000
2021-06-21	0.020827	0.028906	0.046804	0.028176	4.282242	5633900.000000
2021-06-18	-0.002817	-0.000036	0.027269	-0.003334	-0.580795	7156400.000000
2021-06-17	-0.035504	0.014934	0.021015	-0.027587	-7.589920	7995300.000000
2021-06-16	-0.010480	0.013740	0.015499	0.003048	-2.264160	4156900.000000
2021-06-15	0.002055	0.019905	0.024033	0.003068	0.443008	5055900.000000
2021-06-14	-0.007658	0.012923	0.021668	-0.007651	-1.663696	7213300.000000
2021-06-11	-0.022283	0.018388	0.025678	-0.009828	-4.951645	8734900.000000
2021-06-10	-0.038014	0.022273	0.024481	-0.023442	-8.781052	6281800.000000
2021-06-09	-0.022943	0.010916	0.011720	-0.008329	-5.424194	2919600.000000
2021-06-08	0.001668	0.014298	0.021966	0.000147	0.393784	2212300.000000
2021-06-07	-0.017458	0.015948	0.017113	-0.006657	-4.193649	2330700.000000
2021-06-04	0.000738	0.021155	0.027696	0.009491	0.177200	1837900.000000
2021-06-03	0.001561	0.011525	0.028257	0.005016	0.374069	1923200.000000
2021-06-02	0.002884	0.017120	0.025615	0.007203	0.689102	2348500.000000
2021-06-01	0.006969	0.028169	0.032045	0.018899	1.653839	2476000.000000
2021-05-28	-0.000829	0.018475	0.019949	0.005340	-0.196884	2290700.000000
2021-05-27	0.015018	0.032019	0.040010	0.021036	3.514389	3594700.000000
2021-05-26	0.002277	0.016851	0.025803	0.013467	0.531586	2070000.000000
2021-05-25	-0.007864	0.017778	0.027891	0.006007	-1.850708	2265700.000000
2021-05-24	0.007629	0.017750	0.026399	0.011455	1.781784	2372700.000000
2021-05-21	0.009575	0.022783	0.034887	0.015909	2.214966	2479100.000000
2021-05-20	-0.007937	0.018439	0.018954	-0.002532	-1.850693	3339200.000000
2021-05-19	-0.010857	0.001527	0.005685	-0.016119	-2.559540	3143100.000000
2021-05-18	-0.021733	0.015823	0.018935	-0.006503	-5.237091	2436200.000000
2021-05-17	0.010568	0.017962	0.029326	0.011168	2.520096	1998400.000000
2021-05-14	0.008997	0.023989	0.029702	0.015865	2.126343	2041600.000000
2021-05-13	0.011588	0.010344	0.031532	0.004052	2.707169	2228100.000000
2021-05-12	-0.008274	0.024185	0.032506	0.003682	-1.949158	3668500.000000
2021-05-11	-0.013643	-0.000214	0.017414	-0.009593	-3.258438	3163100.000000
2021-05-10	0.006722	0.026403	0.036014	0.022567	1.594757	3752900.000000
2021-05-07	0.016535	0.009695	0.036476	-0.000931	3.858948	3327900.000000
2021-05-06	-0.003405	0.016335	0.029061	0.007795	-0.797379	4527000.000000
2021-05-05	0.019151	0.021089	0.041587	0.009034	4.400375	3690600.000000
2021-05-04	0.022965	0.010614	0.041778	0.003268	5.158386	4040700.000000
2021-05-03	0.000263	0.024239	0.028381	0.011815	0.059067	3182900.000000
2021-04-30	0.002814	0.007115	0.019931	0.004257	0.630035	3953500.000000
2021-04-29	-0.020792	0.027630	0.028504	-0.023970	-4.754776	5442400.000000
2021-04-28	0.008509	0.014544	0.030729	0.011589	1.929474	2965300.000000
2021-04-27	-0.000954	0.014633	0.017145	0.004896	-0.216568	1959300.000000
2021-04-26	0.001956	0.017854	0.027919	0.015161	0.442978	1864800.000000
2021-04-23	0.009874	0.022510	0.032719	0.015912	2.214951	3458300.000000
2021-04-22	-0.015357	0.023883	0.024673	0.004217	-3.498581	2410700.000000
2021-04-21	0.021219	0.019025	0.042739	0.013198	4.733383	1977700.000000
2021-04-20	-0.020483	0.013872	0.015629	-0.009400	-4.664764	2815800.000000
2021-04-19	-0.004157	0.018403	0.019278	0.005329	-0.950607	1712600.000000
2021-04-16	0.003613	0.029630	0.035423	0.019318	0.823181	2128400.000000
2021-04-15	-0.000258	0.022916	0.024188	0.012342	-0.058777	1860200.000000
2021-04-14	0.014083	0.021527	0.042082	0.021305	3.165359	2491000.000000
2021-04-13	-0.006842	0.031373	0.031771	0.007689	-1.548370	2286400.000000
2021-04-12	0.000780	0.018425	0.022847	0.012366	0.176407	1688200.000000
2021-04-09	0.001171	0.024045	0.028030	0.007398	0.264587	2482900.000000
2021-04-08	0.000304	0.019175	0.023249	0.006066	0.068588	2158900.000000
2021-04-07	-0.000997	0.026255	0.036121	0.014708	-0.225372	2449600.000000
2021-04-06	-0.013136	0.015132	0.033382	0.005220	-3.008606	2614500.000000
2021-04-05	0.004168	0.030323	0.033217	0.018792	0.950592	2323400.000000
2021-04-01	0.003752	0.017906	0.034189	0.001579	0.852615	3787100.000000
2021-03-31	-0.005191	0.025975	0.037620	0.001896	-1.185806	4512300.000000
2021-03-30	0.012423	0.024758	0.040360	0.024493	2.802796	3139100.000000
2021-03-29	0.003137	0.014190	0.030863	0.012456	0.705582	3003200.000000
2021-03-26	0.023411	0.029970	0.045851	0.024783	5.144959	3040100.000000
2021-03-25	0.013651	0.011190	0.037665	-0.003524	2.959610	2901800.000000
2021-03-24	0.013654	0.030981	0.061839	0.030981	2.920364	4258000.000000
2021-03-23	-0.034378	0.002536	0.016893	-0.021888	-7.614563	4017600.000000
2021-03-22	0.003240	0.026439	0.028975	0.012624	0.715408	2211600.000000
2021-03-19	-0.023366	0.011877	0.015859	-0.008913	-5.282150	7485100.000000
2021-03-18	-0.012627	0.022031	0.038541	0.003425	-2.890991	4336200.000000
2021-03-17	0.031661	0.027940	0.055741	0.023434	7.026535	3518500.000000
2021-03-16	-0.018549	0.007059	0.022493	-0.005987	-4.194351	3539200.000000
2021-03-15	0.007598	0.019835	0.032891	0.006289	1.705170	4215300.000000
2021-03-12	0.042046	0.016886	0.063412	0.012800	9.055160	4756500.000000
2021-03-11	-0.005881	0.029370	0.032139	0.011598	-1.274017	2960000.000000
2021-03-10	0.019650	0.024792	0.045125	0.022250	4.174790	2435800.000000
2021-03-09	-0.021572	0.019494	0.023869	-0.004637	-4.684387	2902400.000000
2021-03-08	0.006450	0.024169	0.039603	0.011377	1.391602	3048700.000000
2021-03-05	0.034732	0.027944	0.058830	0.014324	7.242157	3602300.000000
2021-03-04	-0.009958	0.018373	0.028771	-0.010163	-2.097183	3568400.000000
2021-03-03	-0.004217	0.003015	0.028594	0.002401	-0.891800	2664000.000000
2021-03-02	-0.017929	0.015446	0.018465	-0.001641	-3.861160	2854300.000000
2021-03-01	0.017973	0.036628	0.052084	0.034690	3.802368	2871200.000000
2021-02-26	-0.026779	0.015492	0.023083	-0.007186	-5.821182	4461300.000000
2021-02-25	-0.002922	0.025690	0.029267	0.007801	-0.636963	4313000.000000
2021-02-24	0.010401	0.021481	0.050492	0.019024	2.244171	4925000.000000
2021-02-23	0.009722	0.027294	0.032956	-0.001953	2.077576	4125100.000000
2021-02-22	0.038826	0.019054	0.063971	0.017644	7.986954	4578300.000000
2021-02-19	0.049970	0.037411	0.079316	0.034604	9.790146	4937300.000000
2021-02-18	-0.011765	0.016632	0.023340	0.001651	-2.332382	2345800.000000
2021-02-17	-0.000395	0.020465	0.023037	0.007356	-0.078400	2290400.000000
2021-02-16	0.022173	0.029485	0.057471	0.026857	4.302155	3722700.000000
2021-02-12	-0.001815	0.018511	0.022524	0.012235	-0.352798	1804200.000000
2021-02-11	0.003186	0.019744	0.024027	0.003229	0.617401	2178200.000000
2021-02-10	0.002230	0.026725	0.032984	0.015139	0.431213	2816400.000000
2021-02-09	-0.000861	0.020880	0.026668	0.007185	-0.166611	2331600.000000
2021-02-08	0.023057	0.030989	0.044418	0.029244	4.360962	2725700.000000
2021-02-05	0.007044	0.025047	0.034684	0.011683	1.323013	2240000.000000
2021-02-04	0.001045	0.023346	0.026597	0.013752	0.195984	2253800.000000
2021-02-03	-0.005455	0.011986	0.015273	0.002180	-1.028992	2979000.000000
2021-02-02	0.042118	0.030248	0.064939	0.025497	7.624344	5265400.000000
2021-02-01	0.010282	0.037827	0.042515	0.015838	1.842392	2738200.000000
2021-01-29	-0.008137	0.015765	0.045214	0.000432	-1.469986	4541400.000000
2021-01-28	0.020539	0.029623	0.059846	0.024256	3.635773	3445400.000000
2021-01-27	-0.035148	0.004008	0.011367	-0.022482	-6.448349	4095300.000000
2021-01-26	-0.000694	0.021831	0.031690	0.017637	-0.127396	2506000.000000
2021-01-25	-0.023966	0.013078	0.017384	-0.006007	-4.507965	3837100.000000
2021-01-22	-0.001301	0.013300	0.023760	0.005124	-0.245010	2027000.000000
2021-01-21	-0.000780	0.020468	0.027736	0.008266	-0.147003	1951200.000000
2021-01-20	-0.008863	0.013053	0.019573	0.001275	-1.685577	2501100.000000
2021-01-19	0.002428	0.024104	0.033698	0.019624	0.460587	2361200.000000
2021-01-15	-0.014083	0.016802	0.017061	-0.008039	-2.709961	3317100.000000
2021-01-14	0.007708	0.026944	0.036422	0.023068	1.471954	2486600.000000
2021-01-13	-0.008353	0.032335	0.039502	0.016808	-1.608414	3154700.000000
2021-01-12	0.018983	0.030183	0.047751	0.022933	3.587280	2466100.000000
2021-01-11	-0.002059	0.011586	0.032181	0.004985	-0.389923	2540800.000000
2021-01-08	0.000154	0.023837	0.031284	0.010474	0.029236	3186600.000000
2021-01-07	0.001909	0.041666	0.044418	0.017060	0.360687	5297500.000000
2021-01-06	0.055652	0.045451	0.102039	0.039865	9.962524	8034700.000000
2021-01-05	0.008180	0.020550	0.046400	0.020550	1.452469	2933700.000000
2021-01-04	0.000714	0.031367	0.048162	0.015868	0.126709	4078300.000000
2020-12-31	0.010998	0.027041	0.037582	0.018494	1.930145	1717800.000000
2020-12-30	0.019190	0.043962	0.058248	0.037691	3.304581	2720600.000000
2020-12-29	-0.009643	0.030445	0.031653	0.007095	-1.676666	1490300.000000
2020-12-28	-0.006627	0.031100	0.034756	0.018703	-1.160019	1508800.000000
2020-12-24	0.006389	0.031766	0.034066	0.025441	1.111267	585700.000000
2020-12-23	0.010420	0.030898	0.041588	0.028342	1.793655	1862500.000000
2020-12-22	-0.019871	0.020890	0.025844	0.004890	-3.489807	2493300.000000
2020-12-21	-0.004421	0.003055	0.025447	-0.000460	-0.779877	2071000.000000
2020-12-18	0.009991	0.030997	0.038039	0.016110	1.744934	5262700.000000
2020-12-17	-0.001838	0.032530	0.032873	0.020586	-0.321686	2296500.000000
2020-12-16	-0.012325	0.020820	0.023191	0.006765	-2.183579	2031800.000000
2020-12-15	0.020725	0.036676	0.052981	0.031433	3.597046	2360300.000000
2020-12-14	-0.006916	0.033339	0.048960	0.017204	-1.208740	2533600.000000
2020-12-11	0.002460	0.015175	0.031178	0.010816	0.428879	2673400.000000
2020-12-10	-0.006775	0.021115	0.022768	0.009152	-1.189255	3109400.000000
2020-12-09	0.006878	0.030318	0.035251	0.015289	1.199020	2915500.000000
2020-12-08	0.000727	0.019817	0.037497	0.018898	0.126709	2001600.000000
2020-12-07	-0.019208	0.015597	0.015597	-0.005966	-3.411804	4587400.000000
2020-12-04	0.043406	0.033422	0.079771	0.031660	7.389038	6086200.000000
2020-12-03	0.004371	0.025844	0.032983	0.022363	0.740845	2903900.000000
2020-12-02	0.003521	0.025844	0.032712	0.020041	0.594635	1971000.000000
2020-12-01	-0.001901	0.036481	0.043454	0.022003	-0.321701	2710200.000000
2020-11-30	-0.008510	0.017231	0.024672	0.010317	-1.452423	2382600.000000
2020-11-27	0.002577	0.024552	0.033422	0.021438	0.438644	976900.000000
2020-11-25	-0.012832	0.023292	0.023408	0.001952	-2.212830	2506400.000000
2020-11-24	0.012130	0.034472	0.046622	0.028720	2.066620	3447000.000000
2020-11-23	0.014806	0.034957	0.045321	0.031860	2.485733	2403500.000000
2020-11-20	-0.003875	0.023174	0.027149	0.016410	-0.653107	2449800.000000
2020-11-19	0.000926	0.024418	0.028872	0.013788	0.155945	2012100.000000
2020-11-18	0.004828	0.026620	0.046550	0.026620	0.809097	3165100.000000
2020-11-17	-0.007391	0.019802	0.021638	0.008074	-1.247757	2110800.000000
2020-11-16	0.008619	0.045499	0.045499	0.026561	1.442718	3902400.000000
2020-11-13	0.015255	0.032940	0.044586	0.026208	2.514999	2120200.000000
2020-11-12	-0.001947	0.022030	0.035772	0.014887	-0.321670	2185500.000000
2020-11-11	-0.016483	0.026320	0.028464	-0.002913	-2.768463	2345500.000000
2020-11-10	0.008664	0.032330	0.050886	0.025544	1.442719	3499100.000000
2020-11-09	0.059086	0.106873	0.121756	0.082005	9.289932	5969600.000000
2020-11-06	-0.011037	0.031190	0.041254	0.011188	-1.754669	2983000.000000
2020-11-05	0.050635	0.041969	0.090145	0.041506	7.662003	4821600.000000
2020-11-04	-0.074304	-0.026216	-0.006640	-0.050380	-12.146133	9081700.000000
2020-11-03	0.027072	0.036714	0.061846	0.024587	4.308670	4843600.000000
2020-11-02	0.039605	0.039887	0.070261	0.029763	6.063278	4072400.000000
2020-10-30	0.015388	0.021135	0.043221	0.015033	2.320053	4373500.000000
2020-10-29	0.023220	0.022043	0.055365	0.015461	3.421570	3867200.000000
2020-10-28	-0.042746	-0.000856	0.009733	-0.022164	-6.579925	5645100.000000
2020-10-27	-0.032414	0.011764	0.017358	-0.013065	-5.156723	4857900.000000
2020-10-26	-0.031971	0.013978	0.013978	-0.021375	-5.254242	4506600.000000
2020-10-23	-0.000237	0.030346	0.038132	0.019335	-0.038986	2857300.000000
2020-10-22	0.013501	0.035686	0.047215	0.028965	2.189697	2356800.000000
2020-10-21	-0.009409	0.037118	0.041454	0.018368	-1.540543	2502000.000000
2020-10-20	0.008715	0.036237	0.055089	0.034451	1.414581	3007100.000000
2020-10-19	-0.007230	0.032049	0.039877	0.020183	-1.182037	2757700.000000
2020-10-16	0.022479	0.045931	0.066318	0.041991	3.594589	5569000.000000
2020-10-15	0.008740	0.011040	0.045799	0.010283	1.385513	2958500.000000
2020-10-14	0.009191	0.035548	0.049299	0.034529	1.443649	4087100.000000
2020-10-13	-0.003013	0.026461	0.035728	0.022652	-0.474777	3319000.000000
2020-10-12	0.023090	0.038798	0.059773	0.035876	3.555817	4279800.000000
2020-10-09	0.014554	0.040081	0.050096	0.036985	2.209076	4084200.000000
2020-10-08	0.012212	0.038645	0.045180	0.028575	1.831207	1842900.000000
2020-10-07	0.021382	0.044029	0.062965	0.043485	3.139191	2334200.000000
2020-10-06	-0.012770	0.035539	0.045289	0.017249	-1.899017	2559800.000000
2020-10-05	0.023676	0.047460	0.063154	0.043674	3.439560	2597700.000000
2020-10-02	0.022016	0.014944	0.064049	0.011286	3.129486	3220500.000000
2020-10-01	-0.016359	0.037438	0.040137	0.007890	-2.364059	2157400.000000
2020-09-30	0.011804	0.036241	0.056896	0.034420	1.685867	3642800.000000
2020-09-29	-0.001828	0.036932	0.041125	0.021836	-0.261597	1605600.000000
2020-09-28	0.012131	0.046894	0.063234	0.042720	1.714905	2212700.000000
2020-09-25	0.005305	0.023221	0.043203	0.016963	0.746063	1848900.000000
2020-09-24	0.005264	0.029536	0.053984	0.020315	0.736343	2138800.000000
2020-09-23	-0.018824	0.034424	0.044454	0.007210	-2.683807	2420100.000000
2020-09-22	0.012523	0.029837	0.047521	0.026215	1.763367	2579500.000000
2020-09-21	-0.046328	0.006170	0.012536	-0.025595	-6.840347	4278200.000000
2020-09-18	-0.009619	0.030835	0.047806	0.019969	-1.433960	5113500.000000
2020-09-17	0.018265	0.023504	0.067217	0.018723	2.674133	4487000.000000
2020-09-16	0.016891	0.041833	0.055586	0.030512	2.431900	3302000.000000
2020-09-15	-0.031985	0.036749	0.038564	-0.002516	-4.757233	4092400.000000
2020-09-14	-0.002080	0.033250	0.038618	0.021240	-0.310059	2569300.000000
2020-09-11	0.026492	0.036380	0.063378	0.034727	3.846512	3237100.000000
2020-09-10	-0.018534	0.027513	0.035895	0.005477	-2.741974	4387000.000000
2020-09-09	0.028077	0.041005	0.080477	0.036905	4.040268	5345100.000000
2020-09-08	0.002295	0.023891	0.050080	0.014975	0.329437	4775200.000000
2020-09-04	0.009676	0.045753	0.060381	0.027046	1.375824	5129400.000000
2020-09-03	-0.016815	0.027408	0.045455	0.004660	-2.431915	4479100.000000
2020-09-02	0.022047	0.037904	0.056844	0.034583	3.119812	4515500.000000
2020-09-01	0.026281	0.027468	0.059742	0.021956	3.623657	2673900.000000
2020-08-31	-0.009190	0.031176	0.031894	0.022337	-1.278946	2886500.000000
2020-08-28	0.001814	0.038661	0.049963	0.027215	0.251938	3698700.000000
2020-08-27	0.010858	0.034293	0.050375	0.028107	1.492081	3010300.000000
2020-08-26	0.004817	0.027211	0.041542	0.022311	0.658829	2379900.000000
2020-08-25	-0.003741	0.039322	0.055785	0.023805	-0.513489	2467500.000000
2020-08-24	0.023478	0.042026	0.060591	0.036956	3.148910	2921700.000000
2020-08-21	0.006910	0.027005	0.043521	0.027005	0.920410	2524600.000000
2020-08-20	-0.003913	0.017154	0.031810	0.014387	-0.523224	2279700.000000
2020-08-19	-0.002529	0.033080	0.043671	0.025322	-0.339081	1849500.000000
2020-08-18	-0.002523	0.033821	0.042452	0.027348	-0.339127	1563200.000000
2020-08-17	-0.008860	0.033511	0.036829	0.019868	-1.201416	2284000.000000
2020-08-14	-0.005047	0.023159	0.033724	0.018169	-0.687912	2038500.000000
2020-08-13	-0.013327	0.025088	0.033340	0.011840	-1.840897	2939900.000000
2020-08-12	0.000281	0.042392	0.043986	0.023420	0.038757	2541200.000000
2020-08-11	0.003591	0.046645	0.062487	0.034072	0.494141	4206000.000000
2020-08-10	0.052624	0.038306	0.087494	0.037924	6.879120	5181600.000000
2020-08-07	0.003944	0.029115	0.037639	0.017748	0.513504	2223700.000000
2020-08-06	-0.004297	0.028669	0.033945	0.022398	-0.561966	2446400.000000
2020-08-05	0.026232	0.041998	0.066796	0.040663	3.342659	2767800.000000
2020-08-04	-0.001973	0.028899	0.037279	0.023416	-0.251900	2301800.000000
2020-08-03	-0.008278	0.027605	0.033042	0.018284	-1.065781	2851100.000000
2020-07-31	-0.028158	-0.000349	0.020183	-0.017107	-3.730225	6780900.000000
2020-07-30	-0.027040	0.021460	0.021607	-0.001381	-3.681778	3063500.000000
2020-07-29	0.018112	0.036222	0.054916	0.030390	2.422226	2338300.000000
2020-07-28	-0.013296	0.025101	0.032848	0.017575	-1.802139	2029900.000000
2020-07-27	0.016790	0.028884	0.052815	0.028209	2.238129	2506900.000000
2020-07-24	0.007174	0.036643	0.047901	0.033999	0.949524	2036300.000000
2020-07-23	-0.002774	0.031507	0.036179	0.022541	-0.368164	1613700.000000
2020-07-22	0.008169	0.027400	0.047302	0.026944	1.075455	2156800.000000
2020-07-21	0.009210	0.033183	0.051659	0.030576	1.201401	3221100.000000
2020-07-20	-0.016581	0.023515	0.032487	0.012206	-2.199356	2478000.000000
2020-07-17	-0.004581	0.034661	0.038864	0.024605	-0.610397	2458200.000000
2020-07-16	0.001446	0.039389	0.059605	0.034128	0.192352	3621500.000000
2020-07-15	0.010812	0.064833	0.064833	0.041587	1.423279	4915200.000000
2020-07-14	0.048327	0.037849	0.093516	0.029168	6.068253	6540800.000000
2020-07-13	0.019998	0.051293	0.072982	0.046663	2.461914	3708400.000000
2020-07-10	0.018134	0.041824	0.060515	0.040584	2.192635	2691400.000000
2020-07-09	-0.018731	0.035051	0.041625	0.015412	-2.308044	2663500.000000
2020-07-08	0.007311	0.057252	0.057252	0.033872	0.894379	2279500.000000
2020-07-07	-0.017229	0.026262	0.034376	0.018710	-2.144569	2018100.000000
2020-07-06	0.013389	0.059461	0.062473	0.043503	1.644486	2491900.000000
2020-07-02	0.013168	0.057904	0.075144	0.049161	1.596405	2527500.000000
2020-07-01	-0.003478	0.063513	0.063678	0.034743	-0.423157	2807800.000000
2020-06-30	0.009980	0.029545	0.054866	0.029545	1.202125	2778800.000000
2020-06-29	0.023368	0.051139	0.070850	0.047401	2.750412	2798700.000000
2020-06-26	-0.018603	0.036671	0.037588	0.012657	-2.231110	3645800.000000
2020-06-25	0.021711	0.036006	0.063437	0.029105	2.548470	2903400.000000
2020-06-24	-0.033188	0.027815	0.028226	0.003435	-4.029457	3766500.000000
2020-06-23	0.003657	0.053066	0.054554	0.040170	0.442375	2357100.000000
2020-06-22	-0.013102	0.030865	0.031844	0.016507	-1.606033	2806300.000000
2020-06-19	-0.001019	0.059481	0.059481	0.024681	-0.125000	6488000.000000
2020-06-18	-0.004991	0.031000	0.045921	0.027432	-0.615494	2467700.000000
2020-06-17	-0.014449	0.040239	0.042717	0.021058	-1.807968	3228100.000000
2020-06-16	0.052585	0.105119	0.114120	0.063226	6.250969	6892400.000000
2020-06-15	0.003735	0.000661	0.050225	-0.003561	0.442360	4093100.000000
2020-06-12	0.013163	0.064221	0.070808	0.021019	1.538712	4492700.000000
2020-06-11	-0.082226	-0.007504	-0.004128	-0.045898	-10.472771	5969300.000000
2020-06-10	-0.013041	0.036197	0.049061	0.011711	-1.682960	4018700.000000
2020-06-09	-0.025632	0.019454	0.022398	0.005787	-3.394745	3819600.000000
2020-06-08	0.019242	0.041379	0.076933	0.041379	2.500382	4139200.000000
2020-06-05	0.047767	0.111522	0.123778	0.075560	5.923981	5591900.000000
2020-06-04	0.014714	0.026094	0.055712	0.020612	1.798363	3076700.000000
2020-06-03	0.030571	0.057800	0.073821	0.054090	3.625564	3712600.000000
2020-06-02	0.023403	0.051403	0.068489	0.046570	2.711960	2977500.000000
2020-06-01	0.003080	0.037502	0.049101	0.018027	0.355827	2131300.000000
2020-05-29	-0.005052	0.030280	0.039581	0.012539	-0.586632	4219000.000000
2020-05-28	-0.013723	0.059631	0.060310	0.021662	-1.615639	3743700.000000
2020-05-27	0.042671	0.060298	0.084830	0.058615	4.818039	4462700.000000
2020-05-26	0.043923	0.072291	0.096145	0.072291	4.750748	4185100.000000
2020-05-22	-0.013940	0.040478	0.040751	0.016228	-1.529076	2735100.000000
2020-05-21	-0.014089	0.033188	0.039750	0.023032	-1.567551	2342300.000000
2020-05-20	0.032209	0.051251	0.089939	0.048839	3.471695	3735700.000000
2020-05-19	-0.025561	0.039207	0.043637	0.012628	-2.827370	3404900.000000
2020-05-18	0.065789	0.081271	0.114417	0.079248	6.827972	5603500.000000
2020-05-15	0.016292	0.029949	0.057466	0.021136	1.663727	6583100.000000
2020-05-14	0.016367	0.020134	0.057754	-0.002558	1.644478	5542400.000000
2020-05-13	-0.004952	0.041226	0.042711	0.015577	-0.500084	5376100.000000
2020-05-12	-0.033238	0.044627	0.046733	0.005277	-3.471672	3874100.000000
2020-05-11	-0.031219	0.021753	0.027411	0.003388	-3.365906	4207300.000000
2020-05-08	0.044925	0.056122	0.087426	0.049628	4.635315	3911300.000000
2020-05-07	-0.003529	0.052877	0.062825	0.031244	-0.365433	4377900.000000
2020-05-06	-0.011386	0.050533	0.052538	0.018739	-1.192497	4465300.000000
2020-05-05	0.011047	0.054512	0.072371	0.049686	1.144409	3477400.000000
2020-05-04	-0.028499	0.031774	0.034213	-0.000486	-3.038933	4500700.000000
2020-05-01	-0.047259	0.018575	0.023846	-0.012072	-5.289276	3960400.000000
2020-04-30	-0.030651	0.021998	0.024163	-0.001127	-3.539001	4040500.000000
2020-04-29	0.039841	0.053349	0.088112	0.049476	4.423760	4261100.000000
2020-04-28	0.002257	0.063850	0.065113	0.023321	0.250038	5604600.000000
2020-04-27	0.010172	0.010752	0.058896	0.000540	1.115547	5344800.000000
2020-04-24	0.010008	0.049786	0.053377	0.024183	1.086700	3045300.000000
2020-04-23	0.020517	0.046324	0.082978	0.042753	2.183044	3545400.000000
2020-04-22	0.007192	0.060475	0.061138	0.033781	0.759727	3794000.000000
2020-04-21	-0.041448	0.007537	0.007537	-0.014602	-4.568008	5743300.000000
2020-04-20	-0.014617	0.023209	0.046724	0.002466	-1.634873	4083800.000000
2020-04-17	0.036634	0.060786	0.080158	0.055225	3.952530	4132300.000000
2020-04-16	0.015153	0.052397	0.067640	0.024264	1.610481	5926400.000000
2020-04-15	-0.042497	0.017674	0.018935	-0.010795	-4.717056	5652800.000000
2020-04-14	0.020501	0.071084	0.083403	0.052788	2.229881	7166300.000000
2020-04-13	-0.087099	0.006749	0.007589	-0.046715	-10.377495	10519600.000000
2020-04-09	-0.018603	0.059682	0.067508	0.014379	-2.258461	4752100.000000
2020-04-08	0.044947	0.058596	0.103267	0.041812	5.222099	4686100.000000
2020-04-07	0.012372	0.070822	0.122319	0.050083	1.419868	8489900.000000
2020-04-06	0.050231	0.098529	0.113995	0.081050	5.488922	5785600.000000
2020-04-03	-0.017732	0.038240	0.050285	0.007857	-1.972565	5036400.000000
2020-04-02	0.048406	0.048255	0.116958	0.047313	5.136330	8106500.000000
2020-04-01	-0.040417	0.013665	0.055807	-0.009757	-4.469292	6847000.000000
2020-03-31	0.038761	0.040180	0.098234	0.035765	4.126244	8970800.000000
2020-03-30	0.059465	0.058244	0.123034	0.044310	5.974907	5725600.000000
2020-03-27	-0.045792	-0.008259	0.041219	-0.018040	-4.821854	5746500.000000
2020-03-26	0.055699	0.051191	0.112548	0.031540	5.555618	6059600.000000
2020-03-25	0.032860	0.047626	0.123529	0.019978	3.173294	6578100.000000
2020-03-24	0.103320	0.097485	0.165693	0.087317	9.043365	7417100.000000
2020-03-23	-0.038220	0.031805	0.057518	-0.004017	-3.478210	6737500.000000
2020-03-20	-0.072906	0.050507	0.059369	-0.040771	-7.156586	7650300.000000
2020-03-19	0.028866	0.040058	0.094246	0.019305	2.754013	6870800.000000
2020-03-18	-0.000798	-0.015651	0.078187	-0.024867	-0.076241	6995100.000000
2020-03-17	0.072690	0.078595	0.128363	0.044443	6.470451	7206100.000000
2020-03-16	-0.062525	-0.062672	0.114789	-0.067938	-5.936798	9899000.000000
2020-03-13	0.079991	0.119110	0.136399	0.025273	7.032661	8718600.000000
2020-03-12	-0.083722	-0.025548	-0.017419	-0.088079	-8.033257	10285900.000000
2020-03-11	-0.054465	0.022878	0.032240	-0.013879	-5.527046	6543600.000000
2020-03-10	0.023254	0.095468	0.099703	-0.000628	2.306114	8293200.000000
2020-03-09	-0.142822	-0.023391	-0.023391	-0.100835	-16.523949	8636200.000000
2020-03-06	-0.004591	0.023833	0.048354	0.022371	-0.533638	5767900.000000
2020-03-05	-0.042622	0.014379	0.028382	-0.001353	-5.174454	6015300.000000
2020-03-04	0.024280	0.063645	0.075203	0.048796	2.877876	5074700.000000
2020-03-03	-0.025235	0.044452	0.065505	0.017970	-3.068466	6358100.000000
2020-03-02	0.027044	0.056228	0.080131	0.038997	3.201859	6100200.000000
2020-02-28	0.007869	0.017888	0.057644	0.013291	0.924362	8300700.000000
2020-02-27	-0.038830	0.027703	0.051677	0.008229	-4.745621	7369000.000000
2020-02-26	-0.005814	0.054674	0.065574	0.037591	-0.714707	3902500.000000
2020-02-25	-0.023984	0.055738	0.057088	0.018263	-3.020813	4840200.000000
2020-02-24	-0.036732	0.013593	0.023765	0.009922	-4.802811	4964800.000000
2020-02-21	0.002045	0.046091	0.053295	0.035438	0.266815	2855600.000000
2020-02-20	0.000512	0.044786	0.064951	0.044326	0.066711	2678200.000000
2020-02-19	0.002050	0.051000	0.054227	0.045391	0.266815	2134900.000000
2020-02-18	-0.010218	0.045356	0.053797	0.027256	-1.343628	3869700.000000
2020-02-14	-0.012382	0.047659	0.048635	0.028131	-1.648590	2813400.000000
2020-02-13	0.000931	0.052468	0.056227	0.040665	0.123856	3318800.000000
2020-02-12	0.024965	0.066415	0.078281	0.064026	3.239990	3222000.000000
2020-02-11	0.013922	0.058527	0.072121	0.055167	1.781998	2381900.000000
2020-02-10	0.007123	0.046790	0.056940	0.044744	0.905312	2331600.000000
2020-02-07	-0.028270	0.040135	0.043575	0.016892	-3.697395	3812300.000000
2020-02-06	-0.001383	0.055189	0.056181	0.039384	-0.181076	2283800.000000
2020-02-05	0.029436	0.065420	0.080512	0.064556	3.745048	4448100.000000
2020-02-04	0.028820	0.075506	0.089900	0.072918	3.564011	3501600.000000
2020-02-03	-0.012029	0.050105	0.063847	0.033008	-1.505653	4385300.000000
2020-01-31	-0.029696	0.037371	0.046440	0.011944	-3.830810	6785700.000000
2020-01-30	-0.003020	0.041503	0.050855	0.027205	-0.390701	3862600.000000
2020-01-29	-0.007021	0.055909	0.057214	0.041175	-0.914841	2620000.000000
2020-01-28	0.007441	0.059360	0.063844	0.048536	0.962494	2763800.000000
2020-01-27	-0.033124	0.023372	0.030175	0.013430	-4.431152	2920500.000000
2020-01-24	-0.016603	0.047916	0.049018	0.023730	-2.258499	2526200.000000
2020-01-23	0.000841	0.043353	0.053653	0.028565	0.114349	3182700.000000
2020-01-22	-0.022077	0.052264	0.054495	0.025427	-3.068436	3602400.000000
2020-01-21	-0.013060	0.045268	0.050025	0.034545	-1.839172	2476700.000000
2020-01-17	0.006401	0.052030	0.059605	0.047671	0.895737	3331500.000000
2020-01-16	0.015800	0.062990	0.073879	0.061611	2.176499	3070900.000000
2020-01-15	-0.007567	0.053433	0.057179	0.046084	-1.050385	2640500.000000
2020-01-14	-0.000953	0.061282	0.065096	0.053076	-0.132462	2742200.000000
2020-01-13	0.004722	0.059640	0.061809	0.052553	0.652924	3355200.000000
2020-01-10	-0.008010	0.057751	0.059688	0.046130	-1.116623	2393700.000000
2020-01-09	-0.002506	0.057677	0.058822	0.048375	-0.350143	2272500.000000
2020-01-08	0.008881	0.059996	0.072557	0.057325	1.230209	2153200.000000
2020-01-07	-0.013213	0.049694	0.051262	0.036587	-1.854767	2841900.000000
2020-01-06	-0.000674	0.048418	0.057601	0.043221	-0.094650	2549600.000000
2020-01-03	-0.013884	0.044391	0.052745	0.035125	-1.977753	3100600.000000
2020-01-02	0.019299	0.066192	0.077284	0.058894	2.696960	3311900.000000
