2022-12-30	-0.020013	0.006573	0.008986	-0.020849	-2.736801	1401500.000000
2022-12-29	0.026324	0.020536	0.040800	0.011080	3.507462	1612400.000000
2022-12-28	-0.015117	0.016787	0.024105	-0.004205	-2.045181	1317700.000000
2022-12-27	-0.000365	0.011096	0.015382	-0.003682	-0.049408	1131400.000000
2022-12-23	0.010177	0.008995	0.022729	0.007279	1.363449	978400.000000
2022-12-22	0.008178	0.007390	0.024171	0.001520	1.086823	2563300.000000
2022-12-21	0.005157	0.024308	0.031494	0.011903	0.681732	2338300.000000
2022-12-20	0.004504	0.006128	0.021400	-0.002306	0.592804	2315600.000000
2022-12-19	-0.011575	0.008826	0.015585	-0.008372	-1.541306	1842100.000000
2022-12-16	-0.023406	-0.002025	0.003989	-0.031729	-3.191284	4387700.000000
2022-12-15	0.003782	0.002118	0.026928	-0.001637	0.513779	2844800.000000
2022-12-14	-0.041317	0.009131	0.011742	-0.030605	-5.854004	3730900.000000
2022-12-13	0.030129	0.059019	0.080104	0.043024	4.143967	2895400.000000
2022-12-12	0.006508	0.028298	0.030859	0.014907	0.889374	3033400.000000
2022-12-09	0.004382	0.023984	0.044197	0.020824	0.596191	2415400.000000
2022-12-08	0.003532	0.022955	0.035051	0.016243	0.478897	1914300.000000
2022-12-07	0.010563	0.018182	0.044345	0.018182	1.417160	1947500.000000
2022-12-06	-0.009739	0.024209	0.025833	0.008266	-1.319412	1691200.000000
2022-12-05	-0.011058	0.010767	0.017774	-0.000110	-1.514893	2051200.000000
2022-12-02	-0.010867	0.012418	0.017472	-0.005561	-1.505127	1734400.000000
2022-12-01	0.001980	0.037934	0.051318	0.018835	0.273682	1718700.000000
2022-11-30	0.016677	0.018027	0.041490	0.011113	2.267426	5632400.000000
2022-11-29	0.011562	0.023771	0.037759	0.020795	1.553986	1789500.000000
2022-11-28	-0.025993	0.016944	0.023683	-0.008710	-3.586868	2629100.000000
2022-11-25	0.007636	0.032231	0.038949	0.025513	1.045776	1003500.000000
2022-11-23	0.007260	0.022882	0.035312	0.018910	0.987106	1273100.000000
2022-11-22	0.000000	0.025603	0.026633	0.012290	0.000000	2331500.000000
2022-11-21	0.024073	0.022573	0.050367	0.022498	3.195953	2105800.000000
2022-11-18	0.016614	0.030527	0.041630	0.024708	2.169708	1874300.000000
2022-11-17	-0.014674	0.009821	0.019177	-0.002402	-1.944931	1950400.000000
2022-11-16	-0.002868	0.021897	0.032806	0.016029	-0.381165	2472500.000000
2022-11-15	0.006587	0.045743	0.050817	0.022343	0.869827	2057400.000000
2022-11-14	-0.038158	0.020117	0.020189	-0.016085	-5.238586	2028100.000000
2022-11-11	0.013054	0.022955	0.046125	0.019265	1.769012	2717700.000000
2022-11-10	0.086251	0.071429	0.114953	0.063414	10.760605	3264000.000000
2022-11-09	-0.016715	0.024595	0.035313	0.003787	-2.120850	1558200.000000
2022-11-08	-0.000154	0.022467	0.032554	0.016714	-0.019531	2581600.000000
2022-11-07	-0.001615	0.027582	0.032066	0.015780	-0.205261	2454900.000000
2022-11-04	0.005645	0.029664	0.033620	0.009172	0.713470	2136500.000000
2022-11-03	0.003726	0.011899	0.034691	0.006578	0.469139	2224300.000000
2022-11-02	-0.025858	0.018070	0.028901	-0.005061	-3.342537	2718500.000000
2022-11-01	-0.007504	0.033234	0.041910	0.009509	-0.977356	2768400.000000
2022-10-31	0.005736	0.010203	0.031902	0.001940	0.742798	3297200.000000
2022-10-28	0.035156	0.019579	0.067860	0.019179	4.398056	2973300.000000
2022-10-27	-0.002416	0.032665	0.032665	0.007626	-0.302971	3095200.000000
2022-10-26	0.014870	0.021072	0.046969	0.019858	1.837410	3500600.000000
2022-10-25	0.032503	0.041559	0.061529	0.032117	3.889854	5489800.000000
2022-10-24	-0.009224	0.029137	0.044370	0.007612	-1.114182	3355800.000000
2022-10-21	-0.025315	0.030519	0.030519	-0.008294	-3.137291	5311200.000000
2022-10-20	-0.029839	-0.015183	0.014565	-0.026456	-3.811661	4425600.000000
2022-10-19	-0.020093	0.010518	0.026244	-0.000298	-2.619308	2576800.000000
2022-10-18	0.003084	0.038566	0.044952	0.016097	0.400726	3189400.000000
2022-10-17	0.041676	0.041131	0.074956	0.037123	5.199493	2436000.000000
2022-10-14	-0.026464	0.040109	0.044011	-0.005618	-3.391403	2449100.000000
2022-10-13	0.016198	0.001924	0.045934	-0.010208	2.042664	2976100.000000
2022-10-12	-0.026409	0.020397	0.020397	-0.014036	-3.420715	2759300.000000
2022-10-11	-0.000754	0.019396	0.033051	-0.001819	-0.097733	2596000.000000
2022-10-10	-0.012802	0.023176	0.036275	0.005203	-1.681046	1854700.000000
2022-10-07	-0.024328	0.014037	0.024216	-0.008181	-3.274109	2436700.000000
2022-10-06	-0.055361	0.023316	0.023316	-0.036065	-7.887222	2627300.000000
2022-10-05	-0.030527	0.008205	0.009906	-0.024186	-4.486038	1846500.000000
2022-10-04	0.017941	0.031280	0.057741	0.030172	2.589981	1724700.000000
2022-10-03	0.021861	0.035705	0.050569	0.021265	3.088425	1688200.000000
2022-09-30	0.002080	0.033390	0.037646	0.015586	0.293213	2517900.000000
2022-09-29	-0.038782	0.013631	0.016631	-0.022505	-5.688187	2217300.000000
2022-09-28	0.013028	0.034848	0.042308	0.021173	1.886292	1958300.000000
2022-09-27	-0.017379	0.029420	0.041161	0.003766	-2.560654	1622500.000000
2022-09-26	-0.018873	0.015119	0.021778	-0.012448	-2.834320	2134900.000000
2022-09-23	-0.021835	0.013536	0.015295	-0.010368	-3.352295	1587300.000000
2022-09-22	-0.008208	0.017168	0.027375	0.008641	-1.270569	1786100.000000
2022-09-21	-0.018284	0.031230	0.041504	0.004024	-2.883163	1697100.000000
2022-09-20	-0.012728	0.015162	0.015725	0.000448	-2.032898	2107100.000000
2022-09-19	0.001225	0.015591	0.025809	0.002615	0.195480	1443700.000000
2022-09-16	0.010025	0.029951	0.036725	0.019947	1.583282	2378500.000000
2022-09-15	-0.029429	0.022254	0.023176	-0.015170	-4.788986	1730900.000000
2022-09-14	-0.006919	0.014449	0.024396	0.007126	-1.133728	1574800.000000
2022-09-13	-0.043545	0.015453	0.021290	-0.017409	-7.460190	1551500.000000
2022-09-12	0.013062	0.036996	0.051246	0.034571	2.208984	1273300.000000
2022-09-09	0.001837	0.032029	0.042514	0.022491	0.310059	1555900.000000
2022-09-08	0.003167	0.026561	0.037555	0.022282	0.532867	1629700.000000
2022-09-07	0.026296	0.037270	0.061118	0.033794	4.311401	1611000.000000
2022-09-06	0.008763	0.029132	0.056203	0.029132	1.424225	1610000.000000
2022-09-02	-0.024651	0.039048	0.040008	0.004483	-4.107956	1584800.000000
2022-09-01	0.006849	0.027978	0.039699	0.022540	1.133545	1497900.000000
2022-08-31	0.003879	0.038940	0.048220	0.033360	0.639450	2380800.000000
2022-08-30	-0.018910	0.036967	0.036967	0.008225	-3.177826	1043800.000000
2022-08-29	0.000231	0.026552	0.044825	0.019290	0.038742	1069800.000000
2022-08-26	-0.022602	0.031681	0.035405	0.008120	-3.885101	1384500.000000
2022-08-25	0.014756	0.037519	0.048145	0.024236	2.499649	1331200.000000
2022-08-24	0.009994	0.033399	0.046695	0.031551	1.676102	1241900.000000
2022-08-23	-0.021977	0.030222	0.030222	0.007539	-3.768845	1244400.000000
2022-08-22	-0.017431	0.025615	0.032090	0.011405	-3.042191	999400.000000
2022-08-19	-0.005026	0.029353	0.037335	0.022341	-0.881653	980300.000000
2022-08-18	-0.002315	0.035275	0.038574	0.021454	-0.406937	771500.000000
2022-08-17	-0.004608	0.021503	0.035544	0.020937	-0.813843	789300.000000
2022-08-16	-0.009938	0.025421	0.033212	0.018414	-1.772980	779000.000000
2022-08-15	0.013540	0.034135	0.050554	0.032829	2.383392	1314200.000000
2022-08-12	0.015653	0.038436	0.049169	0.033070	2.712769	1091000.000000
2022-08-11	-0.016062	0.034986	0.034986	0.011708	-2.829056	1315300.000000
2022-08-10	0.010786	0.046723	0.046723	0.030081	1.879578	1274200.000000
2022-08-09	0.003459	0.033011	0.040324	0.029843	0.600693	988300.000000
2022-08-08	0.004709	0.044644	0.055174	0.029775	0.813843	1246500.000000
2022-08-05	0.000280	0.024161	0.032668	0.013917	0.048431	879800.000000
2022-08-04	-0.000840	0.032552	0.038450	0.025208	-0.145325	1081800.000000
2022-08-03	0.003655	0.036093	0.042709	0.028955	0.629745	901500.000000
2022-08-02	-0.011780	0.030426	0.041782	0.018440	-2.053955	1581000.000000
2022-08-01	-0.003819	0.028947	0.033861	0.017350	-0.668518	1043100.000000
2022-07-29	-0.003035	0.033913	0.037843	0.022977	-0.532867	1482500.000000
2022-07-28	0.044197	0.039700	0.079371	0.037976	7.431122	1431800.000000
2022-07-27	-0.006185	0.030492	0.034866	0.015597	-1.046371	1081000.000000
2022-07-26	0.018192	0.031304	0.052549	0.029679	3.022827	1254700.000000
2022-07-25	-0.007868	0.029281	0.030953	0.014533	-1.317627	1116300.000000
2022-07-22	-0.000867	0.036979	0.044317	0.019499	-0.145340	1050800.000000
2022-07-21	0.014543	0.038684	0.057568	0.020647	2.402756	1563800.000000
2022-07-20	-0.017288	0.029113	0.038809	0.013530	-2.906555	1820300.000000
2022-07-19	0.019985	0.039306	0.053320	0.032026	3.294098	1580000.000000
2022-07-18	-0.018858	0.033218	0.034290	0.009587	-3.168137	1702200.000000
2022-07-15	0.013916	0.043735	0.056831	0.038424	2.305862	1558700.000000
2022-07-14	0.000644	0.016506	0.035408	0.015237	0.106567	1269600.000000
2022-07-13	-0.000176	0.019708	0.041687	0.017172	-0.029068	1023500.000000
2022-07-12	-0.007663	0.025916	0.039217	0.018665	-1.278870	1410800.000000
2022-07-11	0.005017	0.029377	0.039072	0.014563	0.833206	1720000.000000
2022-07-08	-0.001398	0.026795	0.037860	0.020781	-0.232529	1027300.000000
2022-07-07	-0.000757	0.033048	0.043564	0.023254	-0.125961	1176700.000000
2022-07-06	0.001399	0.039729	0.051342	0.032207	0.232529	1288100.000000
2022-07-05	-0.004815	0.026458	0.027955	0.000948	-0.804138	1525500.000000
2022-07-01	0.023637	0.028162	0.059486	0.025649	3.856033	1505700.000000
2022-06-30	0.006395	0.008786	0.018230	-0.000239	1.070007	2245900.000000
2022-06-29	-0.007592	-0.017379	-0.002313	-0.032505	-1.279999	1988000.000000
2022-06-28	-0.028076	0.003171	0.003978	-0.032227	-4.870010	1976600.000000
2022-06-27	-0.008743	-0.002629	0.007943	-0.011658	-1.529999	1412700.000000
2022-06-24	0.019874	0.007110	0.023837	-0.012997	3.410004	2245100.000000
2022-06-23	0.020884	0.004581	0.026239	0.002082	3.509995	1608100.000000
2022-06-22	0.037725	-0.003890	0.058903	-0.005866	6.110001	2495800.000000
2022-06-21	0.037208	0.005508	0.042459	0.005444	5.810013	2265300.000000
2022-06-17	0.007484	0.011162	0.025808	0.000903	1.159988	3134600.000000
2022-06-16	-0.032824	-0.022902	-0.013042	-0.040874	-5.259995	2080700.000000
2022-06-15	0.014754	0.015388	0.032801	-0.000760	2.330002	2949700.000000
2022-06-14	-0.048904	-0.009275	-0.005601	-0.053300	-8.119995	3224600.000000
2022-06-13	-0.038286	-0.020214	-0.005502	-0.042861	-6.610001	1733800.000000
2022-06-10	-0.038858	-0.014196	-0.011245	-0.039581	-6.980011	1879100.000000
2022-06-09	-0.026132	-0.005150	0.007482	-0.027541	-4.819992	1381400.000000
2022-06-08	-0.008120	-0.011831	0.009518	-0.012207	-1.510010	1274900.000000
2022-06-07	0.006386	-0.004762	0.006873	-0.021810	1.180008	2158500.000000
2022-06-06	0.009506	0.006938	0.016718	-0.001366	1.740005	1295600.000000
2022-06-03	-0.022275	-0.008066	-0.003312	-0.023717	-4.170013	1775700.000000
2022-06-02	-0.004679	-0.020097	-0.004413	-0.063640	-0.879990	2695500.000000
2022-06-01	-0.008226	0.002162	0.002162	-0.015766	-1.559998	1056000.000000
2022-05-31	-0.019339	-0.015513	-0.009308	-0.027406	-3.740005	2354900.000000
2022-05-27	0.031248	0.005919	0.034235	-0.001386	5.860001	1326000.000000
2022-05-26	-0.013934	0.004312	0.008571	-0.019823	-2.649994	1106600.000000
2022-05-25	-0.007463	-0.013360	-0.000626	-0.023798	-1.430008	1606100.000000
2022-05-24	0.034555	-0.000594	0.037525	-0.006155	6.399994	1447400.000000
2022-05-23	0.016520	0.009550	0.019100	-0.000384	3.010010	1384500.000000
2022-05-20	0.021415	0.008521	0.025563	-0.000336	3.819992	1501800.000000
2022-05-19	0.016642	-0.004901	0.023196	-0.007409	2.919998	1751300.000000
2022-05-18	-0.007579	0.000905	0.004072	-0.011595	-1.339996	1634200.000000
2022-05-17	0.006318	0.007969	0.009107	-0.013262	1.110001	1675600.000000
2022-05-16	-0.004533	-0.002096	0.006686	-0.007876	-0.800003	1690600.000000
2022-05-13	0.025806	0.010230	0.026097	0.000174	4.440002	1855000.000000
2022-05-12	0.007909	0.000527	0.011482	-0.008319	1.350006	1439800.000000
2022-05-11	0.002408	0.003347	0.018146	0.000763	0.410004	1593200.000000
2022-05-10	-0.029023	0.008382	0.013399	-0.036093	-5.090012	1747000.000000
2022-05-09	-0.039540	-0.006736	-0.006188	-0.043045	-7.220001	1934600.000000
2022-05-06	0.005562	-0.007710	0.006498	-0.013657	1.010010	1876900.000000
2022-05-05	-0.015452	-0.003307	0.002874	-0.024669	-2.850006	1393400.000000
2022-05-04	0.003974	0.001742	0.008383	-0.014098	0.729996	1936200.000000
2022-05-03	0.015983	0.006636	0.027209	0.000719	2.889999	1347900.000000
2022-05-02	-0.023703	0.006749	0.008261	-0.041143	-4.389999	1612600.000000
2022-04-29	-0.035716	-0.003853	-0.003853	-0.037538	-6.860001	1827700.000000
2022-04-28	0.017643	0.001219	0.018915	-0.011762	3.330002	1603400.000000
2022-04-27	0.000636	0.000954	0.016011	-0.006468	0.120010	1443200.000000
2022-04-26	-0.022036	0.000363	0.007829	-0.024732	-4.250000	1915500.000000
2022-04-25	-0.006542	0.003812	0.004430	-0.018749	-1.270004	1381300.000000
2022-04-22	-0.011507	0.001833	0.001833	-0.014257	-2.259995	1840700.000000
2022-04-21	-0.007730	0.005962	0.010307	-0.007780	-1.529999	1308400.000000
2022-04-20	0.020942	0.001238	0.024346	-0.001651	4.059998	1440700.000000
2022-04-19	0.015292	0.004347	0.019063	0.001938	2.919998	1361800.000000
2022-04-18	-0.008979	-0.001090	0.001817	-0.014272	-1.729996	1120100.000000
2022-04-14	-0.004032	0.001706	0.002998	-0.005996	-0.780014	1099700.000000
2022-04-13	-0.003246	-0.000618	0.000773	-0.013396	-0.629990	1097500.000000
2022-04-12	-0.010048	-0.006376	-0.001326	-0.015913	-1.970001	1240800.000000
2022-04-11	-0.009898	-0.000707	0.008585	-0.013029	-1.960007	1562200.000000
2022-04-08	0.007633	-0.000153	0.011602	-0.005139	1.500000	1258200.000000
2022-04-07	-0.005315	-0.004505	0.004707	-0.010224	-1.050003	2119200.000000
2022-04-06	0.023096	-0.002071	0.028637	-0.003573	4.460007	2160700.000000
2022-04-05	0.021260	-0.001005	0.030938	-0.003596	4.020004	2250300.000000
2022-04-04	0.000265	-0.000053	0.005025	-0.008993	0.050003	1216000.000000
2022-04-01	0.024052	0.002438	0.024756	-0.009047	4.439987	1292800.000000
2022-03-31	0.000217	0.002384	0.016851	-0.000488	0.040009	2602500.000000
2022-03-30	0.003753	-0.005058	0.004460	-0.010823	0.690002	1595700.000000
2022-03-29	0.016811	0.004479	0.017917	0.004479	3.039993	1441500.000000
2022-03-28	0.018302	0.003886	0.018471	0.003717	3.250000	1470200.000000
2022-03-25	0.012949	0.006503	0.014546	-0.002966	2.270004	1422500.000000
2022-03-24	0.010898	-0.002537	0.011533	-0.007381	1.889999	1568700.000000
2022-03-23	-0.003448	-0.002011	0.007183	-0.013792	-0.600006	1206000.000000
2022-03-22	-0.006168	-0.000057	0.004854	-0.009252	-1.080002	1707100.000000
2022-03-21	0.001258	-0.001773	0.009892	-0.004575	0.220001	2036900.000000
2022-03-18	-0.011531	0.016561	0.017409	-0.012944	-2.039993	3674600.000000
2022-03-17	0.020300	0.000000	0.021569	0.000000	3.520004	1411500.000000
2022-03-16	0.003705	0.005731	0.012966	-0.014760	0.639999	1866400.000000
2022-03-15	-0.000058	0.010361	0.016496	-0.006251	-0.010010	1855800.000000
2022-03-14	-0.004953	-0.005068	0.001440	-0.016817	-0.860001	1435000.000000
2022-03-11	-0.014418	0.006471	0.017199	-0.014929	-2.539993	1179300.000000
2022-03-10	0.012704	-0.010980	0.015348	-0.020407	2.209991	1624500.000000
2022-03-09	0.000633	0.012022	0.018867	-0.002071	0.110001	1238300.000000
2022-03-08	-0.016574	-0.005487	0.014255	-0.016687	-2.929993	1962300.000000
2022-03-07	-0.012954	-0.005416	0.000056	-0.016862	-2.320007	2091800.000000
2022-03-04	0.018540	-0.006711	0.024056	-0.007450	3.260010	1741900.000000
2022-03-03	0.015242	0.005196	0.021189	0.000346	2.639999	1846200.000000
2022-03-02	0.030891	0.001726	0.036069	0.001726	5.190002	3584700.000000
2022-03-01	0.008524	0.006063	0.016568	-0.000720	1.419998	1985800.000000
2022-02-28	-0.005908	-0.005490	0.000060	-0.018021	-0.990005	3137900.000000
2022-02-25	0.015636	0.004182	0.016848	-0.006364	2.580002	1676300.000000
2022-02-24	0.031701	-0.013881	0.035266	-0.017320	5.070007	2967200.000000
2022-02-23	-0.019736	0.000858	0.009623	-0.020043	-3.220001	1920000.000000
2022-02-22	0.004990	-0.000246	0.016016	-0.012566	0.809998	2584500.000000
2022-02-18	-0.006305	-0.000122	0.008998	-0.013895	-1.029999	4020700.000000
2022-02-17	-0.007895	0.001822	0.002733	-0.009534	-1.300003	3107000.000000
2022-02-16	-0.005616	0.000181	0.002234	-0.013587	-0.930008	2050200.000000
2022-02-15	-0.011815	0.009548	0.011039	-0.015992	-1.979996	2536400.000000
2022-02-14	-0.007698	0.002724	0.005921	-0.015277	-1.300003	2146100.000000
2022-02-11	-0.024097	0.001098	0.008379	-0.031089	-4.169998	2920000.000000
2022-02-10	-0.036684	-0.014139	-0.004231	-0.040080	-6.589996	1877400.000000
2022-02-09	0.012113	0.010085	0.020395	0.006085	2.149994	2814900.000000
2022-02-08	-0.018796	-0.000608	0.002045	-0.020123	-3.399994	1840600.000000
2022-02-07	0.003272	0.001331	0.012313	-0.001442	0.589996	1098700.000000
2022-02-04	-0.007596	-0.011394	0.005890	-0.017503	-1.379990	1095100.000000
2022-02-03	-0.012609	-0.006522	-0.002011	-0.014185	-2.320007	990100.000000
2022-02-02	0.018995	0.005095	0.022484	0.002880	3.429993	1649300.000000
2022-02-01	-0.010629	-0.003013	0.001863	-0.021369	-1.939987	1460400.000000
2022-01-31	0.010128	-0.005424	0.011401	-0.010682	1.830002	2076200.000000
2022-01-28	0.053098	0.020108	0.053681	0.002914	9.109985	1934700.000000
2022-01-27	-0.030130	0.003392	0.006218	-0.038553	-5.329987	2298700.000000
2022-01-26	-0.028982	0.006148	0.012296	-0.034965	-5.279999	2469000.000000
2022-01-25	-0.007788	-0.010784	0.001416	-0.020859	-1.430008	1459800.000000
2022-01-24	0.007462	-0.004664	0.010316	-0.024417	1.360001	2102100.000000
2022-01-21	0.003303	0.007432	0.018552	-0.001707	0.600006	1413100.000000
2022-01-20	-0.008407	0.001365	0.017031	-0.010208	-1.540009	1440700.000000
2022-01-19	-0.004402	0.004457	0.015217	-0.004620	-0.809998	1981200.000000
2022-01-18	-0.000815	-0.011675	0.003367	-0.015531	-0.149994	1682700.000000
2022-01-14	-0.017238	-0.002295	-0.000374	-0.029726	-3.230011	1639100.000000
2022-01-13	-0.010770	0.000528	0.004012	-0.013937	-2.039993	1614900.000000
2022-01-12	0.009755	-0.000906	0.016899	-0.003145	1.830002	2051800.000000
2022-01-11	-0.016154	0.001468	0.001468	-0.024597	-3.080002	2446600.000000
2022-01-10	-0.020849	-0.010887	-0.010887	-0.033996	-4.059998	1937300.000000
2022-01-07	0.011584	0.000987	0.024571	-0.006442	2.229996	2260900.000000
2022-01-06	0.021437	0.005625	0.025416	-0.017033	4.039993	2592500.000000
2022-01-05	-0.067722	-0.016819	-0.016819	-0.070641	-13.689987	3577200.000000
2022-01-04	-0.026909	-0.002888	0.002455	-0.028112	-5.590012	1896600.000000
2022-01-03	-0.004791	0.001246	0.001246	-0.023762	-1.000000	1641800.000000
2021-12-31	0.003944	0.001828	0.009379	-0.001828	0.820007	739400.000000
2021-12-30	0.002991	0.003377	0.006705	-0.002846	0.619995	735500.000000
2021-12-29	0.004847	-0.001260	0.006932	-0.007804	1.000000	849500.000000
2021-12-28	0.007570	0.000000	0.010208	-0.003419	1.550003	1156000.000000
2021-12-27	0.026882	0.005918	0.027735	0.001705	5.360001	920600.000000
2021-12-23	-0.000952	0.000301	0.005361	-0.007115	-0.190002	1211000.000000
2021-12-22	0.005036	0.003575	0.006345	-0.002266	1.000000	1165100.000000
2021-12-21	-0.017563	0.004057	0.008410	-0.022609	-3.550003	1439500.000000
2021-12-20	0.003924	-0.008741	0.006457	-0.013559	0.790009	1096500.000000
2021-12-17	0.004340	0.001297	0.018357	-0.003342	0.869995	3381400.000000
2021-12-16	0.017614	0.001218	0.020152	-0.001472	3.470001	1631200.000000
2021-12-15	0.010775	0.005695	0.014161	-0.001180	2.100006	1291400.000000
2021-12-14	-0.011463	-0.001978	-0.000862	-0.022824	-2.260010	1629100.000000
2021-12-13	0.028052	0.006361	0.039002	0.006361	5.379883	1676900.000000
2021-12-10	0.018933	0.008944	0.028230	0.003312	3.563446	1642500.000000
2021-12-09	-0.010076	0.005089	0.008771	-0.006850	-1.915726	1430600.000000
2021-12-08	-0.003123	0.005726	0.016002	-0.001667	-0.595551	2298200.000000
2021-12-07	0.023054	0.015019	0.032559	0.012766	4.297943	1847900.000000
2021-12-06	0.016012	0.011162	0.030727	0.007238	2.938095	2042000.000000
2021-12-03	-0.004202	0.009518	0.013371	-0.005786	-0.774216	1232700.000000
2021-12-02	0.028135	0.014654	0.046234	0.012868	5.042404	1761000.000000
2021-12-01	-0.006001	0.009397	0.031970	0.000911	-1.081940	1410800.000000
2021-11-30	-0.022494	0.002902	0.010383	-0.016344	-4.149063	2658700.000000
2021-11-29	0.012698	0.007456	0.026672	-0.001877	2.312759	1295100.000000
2021-11-26	-0.016929	0.002436	0.013825	-0.011812	-3.136627	807300.000000
2021-11-24	0.016279	0.009485	0.024405	0.000380	2.967880	1035600.000000
2021-11-23	0.009398	0.004134	0.020190	0.004134	1.697342	1188900.000000
2021-11-22	-0.009688	0.007511	0.009265	-0.010145	-1.766830	1369100.000000
2021-11-19	0.002236	0.014710	0.018666	0.004323	0.406967	1478500.000000
2021-11-18	-0.007417	0.007674	0.008601	-0.011362	-1.359848	1285000.000000
2021-11-17	0.024915	0.007456	0.037812	0.005555	4.456757	2011600.000000
2021-11-16	-0.014061	0.010101	0.015613	-0.007867	-2.550980	1453800.000000
2021-11-15	0.011063	0.006843	0.018936	0.001549	1.985199	1085700.000000
2021-11-12	0.000664	0.010356	0.012252	0.004054	0.119110	1080300.000000
2021-11-11	0.001774	0.008350	0.010975	-0.002209	0.317642	1323700.000000
2021-11-10	-0.002820	0.007456	0.016202	0.000047	-0.506241	1246600.000000
2021-11-09	0.004890	0.007624	0.016524	0.005441	0.873505	1719200.000000
2021-11-08	-0.000888	0.009973	0.012881	-0.009155	-0.158829	1525100.000000
2021-11-05	-0.005081	0.012686	0.018140	0.000890	-0.913193	1373300.000000
2021-11-04	-0.010223	0.008833	0.011366	-0.006368	-1.856155	1343000.000000
2021-11-03	0.000656	0.011589	0.018148	-0.002960	0.119110	1334400.000000
2021-11-02	0.007107	0.010176	0.018390	-0.003145	1.280457	1750700.000000
2021-11-01	0.006711	0.011535	0.016228	-0.001149	1.201050	1738200.000000
2021-10-29	-0.008796	-0.000076	0.013271	-0.007609	-1.588150	2619700.000000
2021-10-28	0.020477	0.008586	0.029894	0.004517	3.622971	2031200.000000
2021-10-27	-0.010162	0.016799	0.020491	-0.004516	-1.816452	2486000.000000
2021-10-26	0.013736	0.010008	0.024016	0.007569	2.421936	1519400.000000
2021-10-25	-0.008263	0.005319	0.006443	-0.008011	-1.469040	1898100.000000
2021-10-22	0.006631	0.007796	0.018836	0.001624	1.171265	2834200.000000
2021-10-21	0.016800	-0.003194	0.025417	-0.012521	2.918243	2901600.000000
2021-10-20	0.012263	0.008155	0.020859	0.007572	2.104309	2364300.000000
2021-10-19	0.030213	0.023065	0.040115	0.017542	5.032486	2788000.000000
2021-10-18	-0.006159	0.005964	0.007873	-0.005074	-1.032318	1812300.000000
2021-10-15	-0.014187	0.009985	0.011279	-0.015542	-2.412003	2276400.000000
2021-10-14	0.009192	0.010127	0.020693	0.006506	1.548447	2173400.000000
2021-10-13	-0.005158	-0.000044	0.006039	-0.017878	-0.873489	2809700.000000
2021-10-12	0.010903	0.011277	0.022321	0.006262	1.826401	1478700.000000
2021-10-11	-0.006242	0.005795	0.012083	-0.001858	-1.052170	1202900.000000
2021-10-08	-0.017530	0.006815	0.006815	-0.012245	-3.007584	971700.000000
2021-10-07	-0.008546	0.011328	0.021498	-0.002657	-1.478958	947200.000000
2021-10-06	0.010960	0.003074	0.019724	-0.005280	1.876007	1250400.000000
2021-10-05	-0.006968	0.008268	0.009950	-0.007105	-1.201050	1514400.000000
2021-10-04	0.003699	0.003555	0.016539	0.000236	0.635269	1462500.000000
2021-10-01	-0.001731	0.010420	0.014780	0.001701	-0.297791	1457400.000000
2021-09-30	-0.013939	0.011010	0.012901	-0.007618	-2.431854	1701300.000000
2021-09-29	0.004056	0.011657	0.018448	0.005384	0.704742	1377800.000000
2021-09-28	-0.012355	-0.006072	0.004841	-0.013915	-2.173798	2823500.000000
2021-09-27	-0.026473	0.000816	0.007068	-0.020930	-4.784332	2153600.000000
2021-09-24	-0.012421	0.005489	0.010188	-0.013692	-2.273041	1622200.000000
2021-09-23	-0.016537	0.007402	0.009928	-0.014847	-3.077072	1651800.000000
2021-09-22	-0.001704	0.009709	0.013304	0.004076	-0.317627	978700.000000
2021-09-21	0.003098	0.011600	0.019941	0.007564	0.575714	1053400.000000
2021-09-20	-0.007107	0.001792	0.012318	-0.010071	-1.330078	1174100.000000
2021-09-17	-0.003594	0.001333	0.010757	-0.001169	-0.674973	2503100.000000
2021-09-16	0.003021	0.005800	0.013918	-0.002958	0.565781	1375700.000000
2021-09-15	-0.003170	0.011076	0.014217	0.003357	-0.595566	1845400.000000
2021-09-14	0.003979	0.014778	0.019855	0.007723	0.744461	1608200.000000
2021-09-13	0.007804	0.022051	0.029215	0.015749	1.448898	1812500.000000
2021-09-10	-0.021303	0.006077	0.008976	-0.011108	-4.041153	2294500.000000
2021-09-09	-0.020759	0.011880	0.013274	-0.007220	-4.021423	1516400.000000
2021-09-08	0.005114	0.006574	0.023437	0.003616	0.985657	1534700.000000
2021-09-07	-0.014912	0.014564	0.014564	-0.009305	-2.917526	1472100.000000
2021-09-03	0.003032	0.012565	0.018358	-0.002661	0.591400	1320700.000000
2021-09-02	-0.000253	0.015025	0.017383	0.002366	-0.049286	1454200.000000
2021-09-01	0.016745	0.015502	0.032647	0.013366	3.213196	1345300.000000
2021-08-31	0.012376	0.013826	0.028439	0.007811	2.345840	2023300.000000
2021-08-30	0.007017	0.014883	0.024021	0.013024	1.320770	1429500.000000
2021-08-27	0.006536	0.018147	0.022853	0.012532	1.222198	1437600.000000
2021-08-26	-0.002995	0.016217	0.022508	0.010032	-0.561829	1790300.000000
2021-08-25	-0.011583	0.014459	0.014828	0.000863	-2.197983	1404300.000000
2021-08-24	-0.017504	0.015341	0.015393	-0.004385	-3.380768	1353900.000000
2021-08-23	-0.010553	0.014923	0.017996	0.001860	-2.059998	1336000.000000
2021-08-20	0.000707	0.012719	0.027278	0.008771	0.137985	1558000.000000
2021-08-19	0.019839	0.015401	0.037306	0.010695	3.794739	1055600.000000
2021-08-18	-0.014123	0.012915	0.013018	-0.000125	-2.740082	1250800.000000
2021-08-17	0.009643	0.013315	0.028615	0.011910	1.852997	1100500.000000
2021-08-16	0.000924	0.015710	0.021284	0.009980	0.177429	1216400.000000
2021-08-13	0.007604	0.018186	0.022962	0.013777	1.448898	778900.000000
2021-08-12	0.007085	0.016573	0.025505	0.012292	1.340485	652300.000000
2021-08-11	0.005132	0.019239	0.024233	0.014724	0.965927	910800.000000
2021-08-10	-0.016734	0.017594	0.018639	-0.002936	-3.203354	1090900.000000
2021-08-09	-0.002977	0.014043	0.017064	0.008471	-0.571686	874700.000000
2021-08-06	0.001748	0.008043	0.019364	0.007051	0.335129	1171300.000000
2021-08-05	-0.003485	0.018879	0.019035	0.001566	-0.670242	1121700.000000
2021-08-04	0.001900	0.017325	0.019513	0.004354	0.364685	1291800.000000
2021-08-03	0.008596	0.015195	0.024179	0.011412	1.636169	1038500.000000
2021-08-02	0.000104	0.018347	0.025493	0.012515	0.019730	1104900.000000
2021-07-30	0.001400	0.015827	0.025666	0.013091	0.266113	1802800.000000
2021-07-29	-0.000570	0.019613	0.021874	0.002312	-0.108398	1219900.000000
2021-07-28	-0.008378	0.016024	0.016024	0.000745	-1.606613	961400.000000
2021-07-27	0.012068	0.016095	0.027283	0.010131	2.286682	1477800.000000
2021-07-26	-0.006255	0.011994	0.013673	-0.003477	-1.192627	1955700.000000
2021-07-23	0.007395	0.020587	0.028407	0.007273	1.399612	2226900.000000
2021-07-22	-0.045102	-0.036744	-0.016211	-0.044463	-8.939804	3394300.000000
2021-07-21	-0.010724	0.013965	0.015862	0.001488	-2.148697	1900800.000000
2021-07-20	0.006187	0.020390	0.027571	0.014715	1.232056	1173200.000000
2021-07-19	-0.005317	0.009169	0.020808	0.000428	-1.064484	1418600.000000
2021-07-16	0.004650	0.018177	0.023597	0.014815	0.926498	734800.000000
2021-07-15	0.001337	0.017529	0.021348	0.013861	0.266129	1086500.000000
2021-07-14	0.007535	0.016741	0.025956	0.013349	1.488327	1213400.000000
2021-07-13	-0.013246	0.007420	0.015563	-0.000423	-2.651398	1219400.000000
2021-07-12	0.006742	0.015268	0.022964	0.011194	1.340485	1299900.000000
2021-07-09	0.004882	0.018001	0.020225	0.010925	0.965927	1192700.000000
2021-07-08	-0.000448	0.011836	0.022799	0.007087	-0.088715	961900.000000
2021-07-07	0.006011	0.014158	0.025440	0.009736	1.182785	1524300.000000
2021-07-06	0.013402	0.014719	0.028625	0.012607	2.602097	1583700.000000
2021-07-02	0.011762	0.018577	0.028946	0.014668	2.257126	1372800.000000
2021-07-01	-0.002050	0.013316	0.018620	0.005516	-0.394257	2176700.000000
2021-06-30	-0.011401	0.010451	0.018985	0.001815	-2.217712	1643500.000000
2021-06-29	-0.003434	0.014923	0.020405	0.007443	-0.670227	1268300.000000
2021-06-28	0.007633	0.018178	0.026231	0.012344	1.478485	1218000.000000
2021-06-25	0.003062	0.014771	0.020778	0.013580	0.591385	1996800.000000
2021-06-24	-0.000408	0.020776	0.023001	0.009595	-0.078857	1079400.000000
2021-06-23	-0.005631	0.013947	0.015594	0.006844	-1.094070	1170700.000000
2021-06-22	-0.002681	0.012152	0.022623	0.011792	-0.522385	1396400.000000
2021-06-21	0.017556	0.018638	0.034204	0.011744	3.361038	1190700.000000
2021-06-18	-0.013309	0.013688	0.015131	0.000701	-2.582397	2997100.000000
2021-06-17	0.015004	0.011164	0.030833	0.009699	2.868240	1240900.000000
2021-06-16	-0.007979	0.018352	0.020636	0.002836	-1.537613	1381900.000000
2021-06-15	-0.007966	0.014152	0.014152	0.005349	-1.547470	1081300.000000
2021-06-14	0.014099	0.012789	0.029808	0.010492	2.700684	1057000.000000
2021-06-11	-0.022975	0.013697	0.014615	-0.013030	-4.504410	1807300.000000
2021-06-10	0.015983	0.018653	0.038864	0.017565	3.084183	2569200.000000
2021-06-09	0.004127	0.026447	0.030662	0.019423	0.793060	1695800.000000
2021-06-08	-0.008887	0.024752	0.026299	0.010569	-1.723221	1625800.000000
2021-06-07	0.006761	0.022335	0.032719	0.018856	1.302200	1271000.000000
2021-06-04	0.009235	0.026588	0.033086	0.022344	1.762390	1013100.000000
2021-06-03	-0.002048	0.018681	0.021609	0.013452	-0.391663	1662400.000000
2021-06-02	0.019789	0.024174	0.042573	0.022681	3.710785	1579300.000000
2021-06-01	0.010660	0.027924	0.032505	0.021456	1.977798	1412000.000000
2021-05-28	0.001162	0.025233	0.033651	0.022427	0.215393	1583800.000000
2021-05-27	0.004831	0.019722	0.027529	0.015438	0.890991	2905400.000000
2021-05-26	0.000903	0.021348	0.030357	0.018363	0.166443	1541100.000000
2021-05-25	0.010524	0.023377	0.036429	0.015261	1.919022	1497000.000000
2021-05-24	0.003719	0.024100	0.030045	0.019201	0.675583	1890300.000000
2021-05-21	0.000539	0.017933	0.024818	0.013142	0.097900	1567300.000000
2021-05-20	0.019797	0.022527	0.045274	0.019326	3.524750	1178000.000000
2021-05-19	-0.005034	0.017995	0.024142	0.003969	-0.900772	1301400.000000
2021-05-18	0.004231	0.021348	0.031898	0.011527	0.753906	1615200.000000
2021-05-17	0.004914	0.020220	0.030935	0.019656	0.871414	1198700.000000
2021-05-14	0.007566	0.026632	0.034076	0.023621	1.331573	1438500.000000
2021-05-13	0.005144	0.022890	0.034198	0.017407	0.900757	1764200.000000
2021-05-12	-0.018604	0.018041	0.019779	0.001786	-3.319138	1414300.000000
2021-05-11	-0.005295	0.015215	0.020289	0.006629	-0.949722	1262100.000000
2021-05-10	-0.000709	0.021348	0.024635	0.018562	-0.127289	1452000.000000
2021-05-07	0.013490	0.030383	0.040546	0.027446	2.389008	2023000.000000
2021-05-06	-0.012556	0.021627	0.021627	0.002781	-2.251923	2141600.000000
2021-05-05	-0.003915	0.020737	0.024847	0.009019	-0.704956	1929000.000000
2021-05-04	-0.020245	0.013240	0.022327	-0.008852	-3.720581	2966700.000000
2021-05-03	-0.007193	0.021456	0.021780	0.011084	-1.331558	1413300.000000
2021-04-30	0.005852	0.017979	0.030205	0.016946	1.076981	1310000.000000
2021-04-29	0.014958	0.028021	0.038831	0.019749	2.712128	1373700.000000
2021-04-28	0.002436	0.023946	0.028535	0.020740	0.440582	1097200.000000
2021-04-27	-0.007308	0.025025	0.025025	0.010646	-1.331589	1353600.000000
2021-04-26	-0.005770	0.022712	0.022821	0.007379	-1.057404	1382400.000000
2021-04-23	0.016123	0.026560	0.043082	0.023954	2.907928	1308700.000000
2021-04-22	0.007217	0.024755	0.038548	0.014702	1.292404	1971700.000000
2021-04-21	-0.000601	0.026706	0.030724	0.014595	-0.107697	1482100.000000
2021-04-20	0.012616	0.019879	0.042767	0.017731	2.232330	1900800.000000
2021-04-19	0.006124	0.025783	0.028968	0.015946	1.077026	1394600.000000
2021-04-16	0.000836	0.024364	0.026299	0.014633	0.146851	1390400.000000
2021-04-15	0.021515	0.027278	0.044311	0.026580	3.701004	2242500.000000
2021-04-14	-0.008018	0.021406	0.030287	0.011199	-1.390320	1564500.000000
2021-04-13	-0.002422	0.019565	0.031646	0.015998	-0.421021	1473500.000000
2021-04-12	0.013125	0.022863	0.035219	0.018667	2.251907	1425200.000000
2021-04-09	-0.002902	0.018733	0.026346	0.013386	-0.499329	1390800.000000
2021-04-08	-0.002893	0.027432	0.032126	0.017987	-0.499344	1606400.000000
2021-04-07	-0.002038	0.021175	0.025223	0.011344	-0.352448	1900000.000000
2021-04-06	-0.004621	0.021348	0.021348	0.006670	-0.802887	1751200.000000
2021-04-05	0.017081	0.023690	0.040375	0.021524	2.917709	2005900.000000
2021-04-01	0.013536	0.026570	0.035945	0.018678	2.281311	1815400.000000
2021-03-31	0.006667	0.021587	0.032637	0.014300	1.116150	2314300.000000
2021-03-30	-0.023082	0.014462	0.014462	-0.003627	-3.955536	2030800.000000
2021-03-29	0.010041	0.021348	0.033430	0.012154	1.703629	2317700.000000
2021-03-26	0.034629	0.032324	0.057936	0.023421	5.678757	1866700.000000
2021-03-25	-0.001133	0.020739	0.024516	0.013552	-0.185989	1485000.000000
2021-03-24	-0.005988	0.017655	0.023225	0.002458	-0.988922	1855700.000000
2021-03-23	0.004765	0.021470	0.035157	0.013987	0.783279	2269100.000000
2021-03-22	0.013706	0.021348	0.047125	0.021286	2.222565	2404200.000000
2021-03-19	0.002603	0.022955	0.040824	0.017020	0.420990	4115900.000000
2021-03-18	0.001394	0.014785	0.025992	0.003640	0.225204	1561500.000000
2021-03-17	-0.000545	0.019739	0.027227	0.010271	-0.088120	2235100.000000
2021-03-16	0.021728	0.024193	0.047144	0.018946	3.436646	2594500.000000
2021-03-15	0.018024	0.018516	0.042846	0.015362	2.800217	2622000.000000
2021-03-12	0.027654	0.017512	0.050783	0.011757	4.180740	2381300.000000
2021-03-11	0.025010	0.033942	0.061943	0.032044	3.688797	2568400.000000
2021-03-10	0.005959	0.032874	0.041058	0.023052	0.873672	1860900.000000
2021-03-09	0.029093	0.041516	0.065169	0.040182	4.145050	2533600.000000
2021-03-08	-0.022511	0.029802	0.035222	0.004623	-3.281097	3389500.000000
2021-03-05	0.006840	0.035741	0.043132	0.009560	0.990143	3773800.000000
2021-03-04	0.004107	0.033197	0.060040	0.030353	0.592148	2880900.000000
2021-03-03	-0.030295	0.031558	0.032029	-0.001198	-4.504211	2593500.000000
2021-03-02	-0.003708	0.030748	0.035305	0.017011	-0.553314	2443300.000000
2021-03-01	-0.012970	0.034048	0.044895	0.015991	-1.960892	2198700.000000
2021-02-26	-0.024184	0.032662	0.035889	0.004458	-3.747055	3615900.000000
2021-02-25	-0.009863	0.028995	0.039731	0.008993	-1.543457	2360600.000000
2021-02-24	-0.002722	0.026067	0.033141	0.021414	-0.427124	1731800.000000
2021-02-23	-0.022260	0.036252	0.036252	0.007214	-3.572327	2594800.000000
2021-02-22	-0.002895	0.025237	0.033190	0.014115	-0.465958	3437100.000000
2021-02-19	0.005458	0.033519	0.039454	0.029333	0.873688	4530800.000000
2021-02-18	0.010850	0.028945	0.043912	0.026167	1.718185	1744100.000000
2021-02-17	0.007224	0.024739	0.039177	0.024039	1.135757	1569300.000000
2021-02-16	-0.015201	0.029268	0.032839	0.006405	-2.426834	3150900.000000
2021-02-12	0.015185	0.032371	0.047314	0.027029	2.388016	2199500.000000
2021-02-11	-0.006623	0.022691	0.034125	0.016059	-1.048401	2336300.000000
2021-02-10	-0.005549	0.035296	0.039505	0.023173	-0.883362	1447600.000000
2021-02-09	0.019204	0.033539	0.052362	0.031490	2.999573	3077100.000000
2021-02-08	-0.008381	0.028368	0.028749	-0.001979	-1.320175	2556100.000000
2021-02-05	-0.005333	0.032482	0.032987	0.022504	-0.844574	2192900.000000
2021-02-04	-0.000184	0.026799	0.039553	0.017960	-0.029114	2014400.000000
2021-02-03	-0.014794	0.023614	0.026351	0.003709	-2.378311	2201500.000000
2021-02-02	0.008157	0.035225	0.047955	0.030020	1.300797	1608400.000000
2021-02-01	0.031458	0.034932	0.064298	0.022254	4.863388	1898500.000000
2021-01-29	0.007146	0.017116	0.041676	0.010471	1.096939	2569600.000000
2021-01-28	-0.010946	0.014488	0.036846	0.010751	-1.698807	2522300.000000
2021-01-27	-0.021841	0.025860	0.027309	0.002792	-3.465515	1866000.000000
2021-01-26	0.015912	0.028032	0.051979	0.022014	2.485092	1882800.000000
2021-01-25	0.012396	0.037470	0.052120	0.033970	1.912338	1720100.000000
2021-01-22	-0.002636	0.027301	0.032279	0.021224	-0.407684	1367800.000000
2021-01-21	0.001760	0.024252	0.034873	0.017516	0.271805	1491600.000000
2021-01-20	-0.002070	0.031244	0.043524	0.022907	-0.320358	1670800.000000
2021-01-19	0.013609	0.040758	0.048161	0.028639	2.077377	2824700.000000
2021-01-15	0.016089	0.030278	0.051446	0.025286	2.417130	2437200.000000
2021-01-14	0.013557	0.039591	0.053286	0.028324	2.009430	3882400.000000
2021-01-13	0.014821	0.029803	0.047193	0.029392	2.164734	1457400.000000
2021-01-12	-0.016987	0.025771	0.029674	0.003762	-2.523911	2304100.000000
2021-01-11	-0.006491	0.028139	0.034692	0.016103	-0.970734	1622500.000000
2021-01-08	0.010561	0.039403	0.048255	0.036227	1.562881	2432600.000000
2021-01-07	0.006736	0.027560	0.042594	0.025587	0.990158	2568000.000000
2021-01-06	-0.026862	0.023525	0.023856	0.001878	-4.057678	2709900.000000
2021-01-05	0.003935	0.031541	0.043703	0.029481	0.592133	2380600.000000
2021-01-04	-0.026321	0.024710	0.029304	-0.001046	-4.067383	2218700.000000
2020-12-31	0.017904	0.026259	0.049709	0.022307	2.718079	1579900.000000
2020-12-30	0.003722	0.031335	0.039269	0.029352	0.563019	1310100.000000
2020-12-29	-0.002816	0.035090	0.041551	0.023091	-0.427139	1771500.000000
2020-12-28	0.014610	0.032420	0.045664	0.026332	2.184158	1742200.000000
2020-12-24	0.010101	0.032983	0.042510	0.030956	1.494934	521800.000000
2020-12-23	-0.006710	0.034978	0.042830	0.022897	-0.999847	1977100.000000
2020-12-22	0.001501	0.026449	0.037069	0.021676	0.223282	2248400.000000
2020-12-21	-0.003576	0.021037	0.028739	0.012732	-0.533920	2423100.000000
2020-12-18	-0.012456	0.023994	0.030476	0.005938	-1.883224	5924500.000000
2020-12-17	0.010576	0.044583	0.052938	0.036161	1.582291	4831200.000000
2020-12-16	-0.008301	0.033261	0.042342	0.017617	-1.252243	4286500.000000
2020-12-15	0.001418	0.030875	0.035588	0.024569	0.213562	3088400.000000
2020-12-14	-0.007419	0.040424	0.046946	0.020723	-1.126053	2711700.000000
2020-12-11	0.002926	0.046970	0.050010	0.031772	0.442780	2702600.000000
2020-12-10	-0.007387	0.038843	0.046517	0.026512	-1.126175	2148200.000000
2020-12-09	-0.018224	0.033821	0.036397	0.010252	-2.829895	3029600.000000
2020-12-08	-0.006894	0.041147	0.047222	0.029763	-1.078049	2403800.000000
2020-12-07	-0.006422	0.034651	0.048440	0.025247	-1.010696	2032600.000000
2020-12-04	-0.023531	0.041886	0.042073	0.011546	-3.792450	2521300.000000
2020-12-03	0.003596	0.034923	0.049743	0.034923	0.577545	1861200.000000
2020-12-02	-0.023185	0.034285	0.037448	0.011658	-3.811707	1494000.000000
2020-12-01	0.019276	0.041574	0.059554	0.040024	3.109039	2891900.000000
2020-11-30	0.002393	0.037852	0.042513	0.019270	0.385025	3208900.000000
2020-11-27	0.013397	0.041113	0.052827	0.037460	2.127243	879700.000000
2020-11-25	0.004323	0.040996	0.053140	0.034228	0.683411	1932400.000000
2020-11-24	-0.012683	0.047901	0.050836	0.024233	-2.030991	2143900.000000
2020-11-23	-0.003653	0.042206	0.044633	0.027211	-0.587143	2037400.000000
2020-11-20	-0.006663	0.039032	0.043544	0.027536	-1.078064	1569800.000000
2020-11-19	-0.015001	0.036960	0.037021	0.017722	-2.464127	2220200.000000
2020-11-18	0.025911	0.038596	0.075071	0.036472	4.148575	3104400.000000
2020-11-17	0.005562	0.036899	0.048141	0.033130	0.885574	2371700.000000
2020-11-16	-0.015416	0.046700	0.047627	0.017204	-2.493011	2073100.000000
2020-11-13	0.006349	0.042393	0.047745	0.030756	1.020294	1649900.000000
2020-11-12	0.014031	0.036889	0.054621	0.034933	2.223495	1883700.000000
2020-11-11	0.026306	0.047457	0.083400	0.042470	4.061951	1254000.000000
2020-11-10	-0.008406	0.038908	0.040771	0.012515	-1.309067	2372500.000000
2020-11-09	-0.013958	0.058538	0.072785	0.022318	-2.204254	2174000.000000
2020-11-06	0.007059	0.042033	0.053958	0.033743	1.106949	877200.000000
2020-11-05	0.004872	0.049097	0.053774	0.035576	0.760391	1213400.000000
2020-11-04	0.011101	0.034244	0.071951	0.033790	1.713364	1684400.000000
2020-11-03	0.005455	0.047442	0.057930	0.036694	0.837418	1311500.000000
2020-11-02	0.020999	0.047222	0.069570	0.043764	3.157150	1260700.000000
2020-10-30	-0.009575	0.031860	0.038118	0.014996	-1.453461	1256000.000000
2020-10-29	0.005483	0.051890	0.057189	0.034735	0.827789	1310500.000000
2020-10-28	-0.023411	0.025260	0.035480	0.012323	-3.619171	1743400.000000
2020-10-27	0.004315	0.040662	0.054695	0.040208	0.664169	1763700.000000
2020-10-26	0.009150	0.033860	0.051758	0.027108	1.395691	1548100.000000
2020-10-23	0.014208	0.039839	0.057127	0.030597	2.136856	1784100.000000
2020-10-22	-0.046035	0.031614	0.036054	-0.019320	-7.257614	3377500.000000
2020-10-21	-0.004074	0.029180	0.045162	0.028106	-0.644928	1434300.000000
2020-10-20	0.000852	0.041121	0.047254	0.025884	0.134766	2080900.000000
2020-10-19	-0.015458	0.047312	0.050424	0.019300	-2.483368	3165600.000000
2020-10-16	-0.007375	0.032112	0.040824	0.027910	-1.193558	1171700.000000
2020-10-15	0.018845	0.033432	0.060753	0.028962	2.993530	1045700.000000
2020-10-14	-0.010612	0.041213	0.043206	0.024583	-1.703720	1463900.000000
2020-10-13	-0.008500	0.038044	0.038044	0.024766	-1.376450	1635400.000000
2020-10-12	0.005198	0.044309	0.045985	0.033694	0.837433	1029700.000000
2020-10-09	0.009531	0.044047	0.050502	0.033268	1.520828	1010400.000000
2020-10-08	0.005215	0.044137	0.066563	0.041554	0.827789	1329000.000000
2020-10-07	-0.001030	0.045893	0.047781	0.033182	-0.163651	1514400.000000
2020-10-06	-0.021167	0.039463	0.039463	0.012914	-3.436279	2010000.000000
2020-10-05	0.000237	0.038908	0.041250	0.018330	0.038498	1450200.000000
2020-10-02	0.003631	0.032106	0.046885	0.027098	0.587158	2275700.000000
2020-10-01	0.009069	0.040468	0.050140	0.029112	1.453430	1693200.000000
2020-09-30	0.014131	0.042832	0.056753	0.039984	2.233139	2341600.000000
2020-09-29	0.003607	0.036495	0.044688	0.031224	0.567902	1552600.000000
2020-09-28	0.011626	0.052914	0.058439	0.039679	1.809570	1843900.000000
2020-09-25	0.027382	0.032308	0.068346	0.030460	4.148590	1827100.000000
2020-09-24	0.011438	0.044983	0.063209	0.039109	1.713348	2292200.000000
2020-09-23	-0.027253	0.029947	0.032479	0.006633	-4.196716	2495500.000000
2020-09-22	0.015230	0.035744	0.060731	0.035414	2.310120	2203100.000000
2020-09-21	-0.013151	0.034549	0.037737	0.015421	-2.021362	2017400.000000
2020-09-18	-0.018260	0.036226	0.038717	0.015083	-2.858749	3016300.000000
2020-09-17	-0.021183	0.028530	0.035032	0.009023	-3.388184	1819900.000000
2020-09-16	0.016579	0.048315	0.066429	0.043357	2.608505	1598600.000000
2020-09-15	0.020604	0.041179	0.070953	0.039881	3.176422	2093600.000000
2020-09-14	0.017600	0.044519	0.061813	0.044387	2.666260	1390100.000000
2020-09-11	-0.001071	0.050918	0.056984	0.040236	-0.162399	1267100.000000
2020-09-10	-0.015686	0.042805	0.045531	0.029695	-2.416840	1892000.000000
2020-09-09	0.017603	0.056142	0.080051	0.055019	2.665207	1743100.000000
2020-09-08	-0.013015	0.041745	0.052370	0.027469	-1.996506	2921300.000000
2020-09-04	-0.006926	0.044046	0.050454	0.016339	-1.069916	1943200.000000
2020-09-03	-0.027484	0.047333	0.050229	0.010945	-4.365555	1749100.000000
2020-09-02	0.025786	0.040759	0.076665	0.036561	3.992996	2362600.000000
2020-09-01	-0.007044	0.042084	0.045483	0.028297	-1.098557	1148600.000000
2020-08-31	-0.003297	0.042483	0.048363	0.038776	-0.515808	1386400.000000
2020-08-28	0.002264	0.046061	0.050801	0.035811	0.353409	1781200.000000
2020-08-27	0.015220	0.050276	0.063998	0.049496	2.340424	1858900.000000
2020-08-26	0.001742	0.042334	0.051585	0.035103	0.267471	1828100.000000
2020-08-25	-0.001987	0.047154	0.050665	0.038247	-0.305679	1443600.000000
2020-08-24	-0.013238	0.046380	0.046380	0.020076	-2.063385	1144700.000000
2020-08-21	0.001781	0.050814	0.051585	0.037510	0.277039	1077600.000000
2020-08-20	0.001476	0.029837	0.053974	0.029837	0.229263	1261400.000000
2020-08-19	-0.020241	0.053955	0.055721	0.023370	-3.209702	1486900.000000
2020-08-18	-0.000361	0.044749	0.060383	0.042291	-0.057297	1071200.000000
2020-08-17	0.008686	0.047656	0.057576	0.045430	1.366013	1182100.000000
2020-08-14	0.001643	0.046702	0.056511	0.042180	0.257935	1435300.000000
2020-08-13	-0.005085	0.043661	0.048033	0.036691	-0.802429	1309700.000000
2020-08-12	0.021077	0.054594	0.075105	0.052200	3.257462	1098600.000000
2020-08-11	-0.026417	0.053066	0.053885	0.016718	-4.193619	1865200.000000
2020-08-10	-0.011951	0.046020	0.047078	0.026476	-1.920105	2287500.000000
2020-08-07	0.026363	0.047085	0.081901	0.046382	4.126785	1633400.000000
2020-08-06	-0.003951	0.043584	0.051729	0.039894	-0.620956	1513600.000000
2020-08-05	-0.008199	0.049922	0.051184	0.033261	-1.299133	1713500.000000
2020-08-04	0.010847	0.048743	0.070241	0.047148	1.700378	2300200.000000
2020-08-03	-0.035897	0.020506	0.021244	-0.003664	-5.836700	2799700.000000
2020-07-31	0.000000	0.046829	0.046829	0.046829	0.000000	0.000000
2020-07-30	-0.021050	0.017207	0.027744	0.006069	-3.496262	2780900.000000
2020-07-29	0.012167	0.053837	0.067366	0.048779	1.996490	2469800.000000
2020-07-28	0.019829	0.044841	0.074672	0.044716	3.190598	2070300.000000
2020-07-27	0.010438	0.048713	0.062466	0.044569	1.662170	1603200.000000
2020-07-24	-0.000360	0.044632	0.053546	0.040364	-0.057312	1498100.000000
2020-07-23	-0.007735	0.043590	0.051376	0.026025	-1.241867	1730700.000000
2020-07-22	0.003164	0.043018	0.059202	0.040456	0.506302	1368300.000000
2020-07-21	-0.015456	0.055073	0.055073	0.025420	-2.512360	2411100.000000
2020-07-20	0.007102	0.098378	0.098378	0.053830	1.146317	3817800.000000
2020-07-17	0.019428	0.053145	0.074683	0.046198	3.075958	1403400.000000
2020-07-16	-0.013452	0.040349	0.046954	0.025644	-2.158875	1623900.000000
2020-07-15	-0.007972	0.057894	0.060861	0.034405	-1.289627	1797100.000000
2020-07-14	0.014619	0.053666	0.065206	0.039115	2.330856	2534200.000000
2020-07-13	-0.026764	0.045486	0.049149	0.013502	-4.384689	2245400.000000
2020-07-10	-0.000874	0.048781	0.054819	0.035913	-0.143265	2070000.000000
2020-07-09	0.001400	0.043654	0.051959	0.031989	0.229263	1435300.000000
2020-07-08	-0.000583	0.050431	0.059098	0.035660	-0.095535	2282800.000000
2020-07-07	-0.016007	0.032776	0.044727	0.028211	-2.665192	1705000.000000
2020-07-06	0.020970	0.095209	0.103733	0.056947	3.419815	3263000.000000
2020-07-02	-0.006806	0.057974	0.059680	0.033431	-1.117615	2253800.000000
2020-07-01	0.027129	0.050457	0.082735	0.045954	4.336884	1780600.000000
2020-06-30	0.031115	0.050957	0.083530	0.050312	4.824081	2003100.000000
2020-06-29	0.006013	0.058898	0.060845	0.042547	0.926620	1402700.000000
2020-06-26	-0.020580	0.044859	0.047528	0.021154	-3.238342	2750500.000000
2020-06-25	0.016163	0.047733	0.064847	0.038176	2.502777	1302600.000000
2020-06-24	-0.020721	0.037154	0.048790	0.006482	-3.276535	2054600.000000
2020-06-23	-0.004870	0.051738	0.055892	0.040599	-0.773788	1727400.000000
2020-06-22	-0.024112	0.040872	0.044066	0.015016	-3.926117	2747500.000000
2020-06-19	0.031467	0.060196	0.081924	0.047273	4.967377	5207000.000000
2020-06-18	-0.024786	0.038922	0.043308	0.015199	-4.012115	1982300.000000
2020-06-17	-0.000826	0.057755	0.063187	0.045471	-0.133743	2422700.000000
2020-06-16	0.012055	0.074504	0.074504	0.041082	1.929626	2053000.000000
2020-06-15	0.019468	0.027532	0.068865	0.026641	3.056870	3733600.000000
2020-06-12	0.022710	0.073339	0.079266	0.058423	3.486710	1941300.000000
2020-06-11	-0.070392	0.029634	0.039140	-0.028372	-11.625580	3072000.000000
2020-06-10	-0.001434	0.053370	0.062560	0.038012	-0.237167	1858300.000000
2020-06-09	0.008737	0.051229	0.077150	0.049521	1.432510	1717800.000000
2020-06-08	0.025089	0.050344	0.082667	0.050344	4.012909	1958300.000000
2020-06-05	0.005667	0.067236	0.072329	0.046928	0.901260	3265800.000000
2020-06-04	-0.039585	0.047876	0.052404	0.003069	-6.555389	1941800.000000
2020-06-03	0.000057	0.066233	0.067985	0.050351	0.009476	1917600.000000
2020-06-02	0.004489	0.061071	0.067319	0.044268	0.739960	3183300.000000
2020-06-01	0.009352	0.051524	0.075280	0.038421	1.527390	2907100.000000
2020-05-29	0.019966	0.049911	0.077514	0.040169	3.197067	3286300.000000
2020-05-28	0.035140	0.066830	0.093787	0.059913	5.435944	2437000.000000
2020-05-27	0.021743	0.055746	0.077081	0.044188	3.291916	1690800.000000
2020-05-26	0.021703	0.085273	0.087635	0.058144	3.216019	2657200.000000
2020-05-22	0.035603	0.059127	0.096377	0.047945	5.094437	1874000.000000
2020-05-21	-0.010042	0.052988	0.056862	0.026560	-1.451508	2254200.000000
2020-05-20	-0.001311	0.060728	0.065358	0.045804	-0.189697	1816900.000000
2020-05-19	-0.024552	0.049378	0.051534	0.027810	-3.642944	1349800.000000
2020-05-18	0.041694	0.075930	0.105417	0.073964	5.938721	2565900.000000
2020-05-15	-0.012497	0.049866	0.058671	0.023035	-1.802505	2593900.000000
2020-05-14	-0.007507	0.051136	0.051480	0.028842	-1.090973	1718500.000000
2020-05-13	-0.006679	0.053685	0.083759	0.042749	-0.977127	2143700.000000
2020-05-12	-0.034858	0.055349	0.057130	0.000794	-5.284149	1961200.000000
2020-05-11	0.013253	0.041596	0.075017	0.039858	1.982727	2017700.000000
2020-05-08	0.019458	0.072017	0.078286	0.061932	2.855530	1370000.000000
2020-05-07	-0.001936	0.063141	0.074090	0.050355	-0.284607	2337300.000000
2020-05-06	-0.023254	0.057483	0.062465	0.029516	-3.500626	1581600.000000
2020-05-05	0.006023	0.053160	0.069132	0.051823	0.901260	1174900.000000
2020-05-04	0.008439	0.059082	0.063463	0.026329	1.252243	1803800.000000
2020-05-01	-0.018942	0.037897	0.044641	0.025335	-2.864990	1553200.000000
2020-04-30	0.025669	0.021273	0.084340	0.021273	3.785202	3669500.000000
2020-04-29	-0.036091	0.068149	0.068606	0.013568	-5.521317	3280000.000000
2020-04-28	-0.015507	0.049140	0.068253	0.035755	-2.409653	2059900.000000
2020-04-27	0.013551	0.063161	0.074380	0.056443	2.077606	1626500.000000
2020-04-24	0.006602	0.061055	0.065257	0.040833	1.005615	1475000.000000
2020-04-23	-0.016057	0.051317	0.058036	0.031873	-2.485535	1537200.000000
2020-04-22	0.021920	0.068553	0.090537	0.066506	3.320358	1649400.000000
2020-04-21	-0.016931	0.039493	0.044231	0.026383	-2.608856	2103500.000000
2020-04-20	-0.027716	0.042800	0.050751	0.024754	-4.392380	1883500.000000
2020-04-17	0.032447	0.076441	0.093379	0.066929	4.980545	2058900.000000
2020-04-16	-0.004063	0.066942	0.070770	0.044298	-0.626129	2038600.000000
2020-04-15	-0.020026	0.055621	0.057465	0.026754	-3.149597	2697900.000000
2020-04-14	0.055587	0.075842	0.113495	0.068123	8.281967	2460700.000000
2020-04-13	-0.043195	0.047994	0.050435	0.003876	-6.726166	1725500.000000
2020-04-09	0.043086	0.060124	0.103732	0.057177	6.432068	4349400.000000
2020-04-08	0.073837	0.064597	0.136745	0.055894	10.264755	2153800.000000
2020-04-07	-0.014857	0.088110	0.094700	0.036734	-2.096603	2645600.000000
2020-04-06	0.021494	0.074146	0.085801	0.047725	2.969376	3275700.000000
2020-04-03	-0.005124	0.043149	0.062449	0.027017	-0.711487	2117600.000000
2020-04-02	0.063813	0.053406	0.125957	0.042374	8.329391	3240000.000000
2020-04-01	-0.047161	0.004967	0.023655	-0.023283	-6.460510	2519000.000000
2020-03-31	-0.024720	0.039073	0.052315	0.009457	-3.472183	3078400.000000
2020-03-30	0.081598	0.081893	0.144728	0.072653	10.596756	2934600.000000
2020-03-27	-0.039166	0.031529	0.049138	0.000085	-5.293625	3220000.000000
2020-03-26	0.113395	0.054425	0.184086	0.054425	13.765366	4092400.000000
2020-03-25	0.034355	0.047790	0.150124	0.036713	4.031898	3121700.000000
2020-03-24	0.057531	0.097798	0.120956	0.028865	6.384613	4397100.000000
2020-03-23	-0.086522	0.043724	0.059281	-0.048055	-10.511375	4029300.000000
2020-03-20	-0.020574	0.042486	0.100451	0.012576	-2.551964	5346100.000000
2020-03-19	-0.054660	0.051047	0.052647	-0.030196	-7.172020	4548200.000000
2020-03-18	-0.058283	0.013114	0.067086	-0.059015	-8.120712	4357000.000000
2020-03-17	0.081358	0.076447	0.189446	0.072644	10.482910	4441300.000000
2020-03-16	-0.124250	-0.055739	0.001557	-0.082246	-18.281052	3833900.000000
2020-03-13	0.088274	0.106759	0.168669	0.058977	11.934387	3769000.000000
2020-03-12	-0.066426	-0.011229	0.038213	-0.083735	-9.619614	3854100.000000
2020-03-11	-0.034515	0.033913	0.040780	0.008646	-5.177078	3287100.000000
2020-03-10	0.060354	0.085923	0.127066	0.050788	8.537460	2944400.000000
2020-03-09	-0.065539	0.010590	0.025652	-0.016891	-9.921112	3291300.000000
2020-03-06	-0.008753	0.042868	0.058125	0.013204	-1.336639	3109400.000000
2020-03-05	-0.008070	0.044519	0.066019	0.039908	-1.242477	2513900.000000
2020-03-04	0.034339	0.079110	0.103297	0.064531	5.111160	2384700.000000
2020-03-03	0.012097	0.066393	0.104880	0.058506	1.779007	4248500.000000
2020-03-02	0.090376	0.067127	0.160472	0.066311	12.189606	4077800.000000
2020-02-28	-0.034434	0.038972	0.059303	0.007330	-4.809952	6204100.000000
2020-02-27	-0.087836	-0.028713	0.020328	-0.040076	-13.450912	5822200.000000
2020-02-26	-0.002024	0.067074	0.076393	0.057885	-0.310654	2293700.000000
2020-02-25	-0.020077	0.066788	0.072344	0.037284	-3.143845	2038500.000000
2020-02-24	-0.010116	0.045250	0.065100	0.033556	-1.600189	2092400.000000
2020-02-21	0.006408	0.060282	0.073579	0.055511	1.007172	3006000.000000
2020-02-20	0.008394	0.064114	0.077393	0.061163	1.308365	2180300.000000
2020-02-19	-0.003670	0.062765	0.066472	0.051579	-0.574173	1211500.000000
2020-02-18	0.001446	0.062894	0.064238	0.055404	0.225906	1275300.000000
2020-02-14	0.012506	0.065946	0.078455	0.062965	1.929642	1424600.000000
2020-02-13	0.004350	0.061405	0.068956	0.056653	0.668289	1202800.000000
2020-02-12	0.013538	0.061062	0.078281	0.047669	2.052032	1969900.000000
2020-02-11	0.053034	0.072247	0.135954	0.065508	7.633789	3488200.000000
2020-02-10	0.016147	0.066406	0.080101	0.065205	2.287308	1583600.000000
2020-02-07	-0.000066	0.066335	0.066335	0.061887	-0.009415	1119300.000000
2020-02-06	0.003601	0.063586	0.071237	0.058485	0.508270	1005100.000000
2020-02-05	-0.003257	0.061111	0.064571	0.054332	-0.461212	1257900.000000
2020-02-04	0.008446	0.065515	0.081395	0.060316	1.186020	1264700.000000
2020-02-03	-0.004338	0.068337	0.070110	0.056001	-0.611832	1225000.000000
2020-01-31	-0.008536	0.061890	0.067021	0.045440	-1.214249	1293900.000000
2020-01-30	0.013955	0.059388	0.077991	0.059032	1.957870	968300.000000
2020-01-29	-0.017663	0.062872	0.064062	0.042637	-2.522644	1519400.000000
2020-01-28	0.009514	0.061321	0.072843	0.058353	1.346039	1539100.000000
2020-01-27	0.002668	0.058342	0.065996	0.053097	0.376511	1363900.000000
2020-01-24	0.000801	0.063942	0.068978	0.058693	0.112946	868100.000000
2020-01-23	0.007331	0.065525	0.073242	0.057452	1.025986	1246800.000000
2020-01-22	0.003239	0.068116	0.069478	0.060733	0.451797	1920100.000000
2020-01-21	0.020379	0.062894	0.084983	0.061431	2.786255	1650500.000000
2020-01-17	0.000138	0.064430	0.069551	0.056456	0.018814	2070000.000000
2020-01-16	0.008192	0.064963	0.071232	0.060317	1.110718	1505500.000000
2020-01-15	0.014794	0.063953	0.081017	0.063654	1.976639	1431600.000000
2020-01-14	-0.009351	0.059861	0.063790	0.045774	-1.261292	1667100.000000
2020-01-13	0.006250	0.066261	0.073200	0.064247	0.837753	1743200.000000
2020-01-10	0.015330	0.063518	0.079880	0.062003	2.023743	2760400.000000
2020-01-09	0.005737	0.060477	0.072438	0.060249	0.753036	1534400.000000
2020-01-08	0.004177	0.063453	0.070338	0.060240	0.545944	2644600.000000
2020-01-07	-0.016919	0.060426	0.063585	0.039067	-2.249680	1667200.000000
2020-01-06	-0.008423	0.059995	0.064022	0.053358	-1.129547	1631100.000000
2020-01-03	0.005505	0.056158	0.070030	0.050534	0.734207	1254500.000000
2020-01-02	-0.003306	0.063727	0.066193	0.054758	-0.442398	1795500.000000
