2022-12-30	-0.002282	0.000880	0.005768	-0.007170	-0.079380	15386100.000000
2022-12-29	0.012420	0.013312	0.029031	0.010110	0.426678	12578200.000000
2022-12-28	-0.010857	0.010660	0.014979	-0.003449	-0.377068	14350100.000000
2022-12-27	-0.003984	0.006921	0.011796	-0.006559	-0.138916	15313600.000000
2022-12-23	0.009190	0.006623	0.018779	0.005466	0.317528	12383700.000000
2022-12-22	-0.007412	-0.001412	0.008643	-0.011467	-0.257996	30953300.000000
2022-12-21	0.019471	0.017153	0.036776	0.015396	0.664829	23001300.000000
2022-12-20	0.012655	0.007781	0.024983	0.001849	0.426682	31933000.000000
2022-12-19	-0.014787	0.010118	0.015086	-0.008582	-0.506065	23725000.000000
2022-12-16	-0.003467	-0.000372	0.012440	-0.008234	-0.119072	68862200.000000
2022-12-15	-0.020933	-0.004763	0.002649	-0.017877	-0.734283	27711600.000000
2022-12-14	-0.037047	-0.042732	-0.005945	-0.046575	-1.349503	33913400.000000
2022-12-13	0.005203	0.033721	0.045311	0.006953	0.188534	28358300.000000
2022-12-12	0.033975	0.014058	0.043447	0.011490	1.190735	29169100.000000
2022-12-09	0.010009	0.008069	0.030836	0.002882	0.347298	18016900.000000
2022-12-08	0.010110	0.007199	0.022918	0.000795	0.347298	17995500.000000
2022-12-07	-0.004314	0.005752	0.009520	-0.007001	-0.148842	22694000.000000
2022-12-06	-0.010811	0.012082	0.012368	-0.011142	-0.377068	22960400.000000
2022-12-05	-0.019799	-0.005990	0.012840	-0.012734	-0.704517	32751200.000000
2022-12-02	-0.011577	-0.010830	0.002503	-0.014719	-0.416756	25809000.000000
2022-12-01	-0.009825	0.000630	0.019883	-0.004321	-0.357220	21179400.000000
2022-11-30	0.032694	0.007213	0.042434	-0.001024	1.151043	36195700.000000
2022-11-29	-0.003091	0.004383	0.010329	-0.005811	-0.109150	16528800.000000
2022-11-28	-0.001683	-0.000417	0.008064	-0.003527	-0.059540	19257300.000000
2022-11-25	0.003377	0.010617	0.020545	0.006646	0.119076	10810900.000000
2022-11-23	0.012251	0.005771	0.024434	0.003474	0.426682	17890400.000000
2022-11-22	0.021834	0.014236	0.032719	0.010421	0.744209	25803400.000000
2022-11-21	-0.004348	0.011286	0.019173	-0.005948	-0.148846	19782900.000000
2022-11-18	0.007005	0.012488	0.026901	0.008369	0.238152	21407300.000000
2022-11-17	0.008240	-0.007641	0.024686	-0.015056	0.277836	26017600.000000
2022-11-16	-0.008751	0.005429	0.014837	-0.010740	-0.297684	19477700.000000
2022-11-15	0.004395	0.022545	0.035832	0.002466	0.148842	26088000.000000
2022-11-14	0.003233	0.004522	0.026740	0.001560	0.109150	28778100.000000
2022-11-11	0.038145	0.018852	0.047453	0.009626	1.240349	24484900.000000
2022-11-10	0.043963	0.050802	0.056260	0.032502	1.369347	31529100.000000
2022-11-09	-0.015987	0.000199	0.007781	-0.014965	-0.506063	20854300.000000
2022-11-08	0.009494	0.011608	0.031381	0.003635	0.297684	21878500.000000
2022-11-07	0.019355	0.018509	0.035414	0.012007	0.595367	26661900.000000
2022-11-04	0.020408	0.017733	0.042944	0.007781	0.615213	28961900.000000
2022-11-03	-0.017147	-0.006891	-0.002978	-0.020584	-0.525908	29178900.000000
2022-11-02	-0.020596	0.005546	0.021831	-0.014891	-0.644981	25285900.000000
2022-11-01	-0.005671	0.015719	0.035405	0.001431	-0.178610	23333000.000000
2022-10-31	-0.006573	0.005573	0.005573	-0.014930	-0.208380	25866700.000000
2022-10-28	-0.000626	-0.008611	0.009672	-0.034459	-0.019844	34414000.000000
2022-10-27	0.014921	0.055451	0.096082	0.019298	0.466370	38960100.000000
2022-10-26	-0.001901	0.021831	0.027579	0.004268	-0.059536	32053600.000000
2022-10-25	0.015444	0.011672	0.024966	0.007781	0.476294	25312700.000000
2022-10-24	0.019685	0.019684	0.037538	0.016047	0.595367	28650400.000000
2022-10-21	0.000657	0.002818	0.017376	-0.005784	0.019846	30818000.000000
2022-10-20	0.002303	0.011429	0.021709	0.003470	0.069460	22997100.000000
2022-10-19	-0.011707	0.007125	0.014663	-0.008278	-0.357222	29087900.000000
2022-10-18	-0.002271	0.024784	0.032959	-0.003664	-0.069460	29236400.000000
2022-10-17	0.025624	0.021866	0.038299	0.019519	0.764055	29109000.000000
2022-10-14	-0.005954	0.017449	0.028117	0.000447	-0.178610	27582500.000000
2022-10-13	0.053677	0.007078	0.071711	-0.002757	1.528109	35165800.000000
2022-10-12	0.000349	0.009538	0.030621	0.002159	0.009924	29784000.000000
2022-10-11	-0.015448	0.000862	0.008473	-0.009517	-0.446526	34744800.000000
2022-10-10	-0.004783	0.017077	0.024308	-0.000482	-0.138920	23583100.000000
2022-10-07	-0.025957	0.002080	0.005433	-0.020725	-0.773977	28850600.000000
2022-10-06	-0.022446	0.004175	0.007125	-0.016807	-0.684671	32508700.000000
2022-10-05	-0.008067	-0.007178	0.005179	-0.019861	-0.248070	22332700.000000
2022-10-04	0.020751	0.012096	0.032345	0.009109	0.625135	28183400.000000
2022-10-03	0.044323	0.034423	0.066662	0.025757	1.278591	34345600.000000
2022-09-30	-0.036149	0.024094	0.024094	-0.021681	-1.081886	31419600.000000
2022-09-29	-0.023427	0.006955	0.006955	-0.021107	-0.717978	28466500.000000
2022-09-28	0.029742	0.030520	0.054712	0.021447	0.885180	26406700.000000
2022-09-27	-0.020395	0.029580	0.033859	-0.012551	-0.619625	34363300.000000
2022-09-26	-0.029837	0.010995	0.017063	-0.025089	-0.934359	34149000.000000
2022-09-23	-0.019402	0.013612	0.014865	-0.015196	-0.619623	27448500.000000
2022-09-22	-0.007034	0.013634	0.023584	0.004306	-0.226213	25182900.000000
2022-09-21	-0.033688	0.022152	0.024255	-0.018109	-1.121223	36733700.000000
2022-09-20	-0.017992	0.002876	0.009957	-0.008631	-0.609795	26624000.000000
2022-09-19	-0.001738	0.012031	0.024107	0.001427	-0.059010	23407900.000000
2022-09-16	0.015294	0.019435	0.037975	0.014650	0.511433	52294500.000000
2022-09-15	-0.013635	0.016153	0.020578	-0.005379	-0.462257	36999500.000000
2022-09-14	0.030185	0.034064	0.054727	0.022517	0.993370	31751200.000000
2022-09-13	-0.062483	-0.000919	0.001645	-0.048210	-2.193279	35960600.000000
2022-09-12	0.007338	0.025066	0.030231	0.015022	0.255718	21781000.000000
2022-09-09	0.030841	0.018814	0.050171	0.015856	1.042545	28295000.000000
2022-09-08	-0.017439	0.014709	0.014709	-0.019299	-0.599957	39075700.000000
2022-09-07	0.006908	0.017621	0.026694	0.012353	0.236046	33188800.000000
2022-09-06	-0.028523	0.022999	0.022999	-0.016522	-1.003197	29842200.000000
2022-09-02	-0.030894	0.017846	0.020325	-0.017699	-1.121231	20091300.000000
2022-09-01	0.019619	0.015620	0.037533	0.015620	0.698311	22729200.000000
2022-08-31	0.013158	0.032114	0.038092	0.025567	0.462257	32478300.000000
2022-08-30	-0.015707	0.023187	0.024308	-0.002308	-0.560616	23702600.000000
2022-08-29	-0.013859	0.014533	0.018954	0.001548	-0.501595	23293300.000000
2022-08-26	-0.021277	0.020800	0.029723	-0.005430	-0.786827	21742300.000000
2022-08-25	0.013204	0.021675	0.033182	0.014551	0.481926	21571000.000000
2022-08-24	-0.003491	0.015924	0.028210	0.012102	-0.127857	17668300.000000
2022-08-23	-0.010101	0.017554	0.021879	0.005933	-0.373741	16505700.000000
2022-08-22	-0.027404	0.015429	0.015429	-0.013223	-1.042545	21400200.000000
2022-08-19	0.001813	0.010950	0.021484	0.004367	0.068848	19692200.000000
2022-08-18	-0.016556	0.017261	0.020628	-0.005270	-0.639294	29036900.000000
2022-08-17	-0.027255	0.007170	0.009690	-0.015502	-1.081890	18447700.000000
2022-08-16	-0.005176	0.006468	0.016493	0.000955	-0.206539	17641800.000000
2022-08-15	0.014250	0.006322	0.032757	0.001492	0.560612	19005700.000000
2022-08-12	0.015228	0.026549	0.034033	0.017776	0.590118	16930400.000000
2022-08-11	0.011294	0.022224	0.039709	0.021180	0.432755	15063600.000000
2022-08-10	0.020964	0.032996	0.040990	0.027401	0.786827	18426600.000000
2022-08-09	-0.011143	0.016743	0.020696	-0.002490	-0.422916	17541900.000000
2022-08-08	0.008362	0.030027	0.046234	0.023120	0.314728	15702300.000000
2022-08-05	-0.016953	-0.013552	0.003424	-0.013552	-0.649128	20752200.000000
2022-08-04	0.011694	0.019386	0.036296	0.013573	0.442589	19913300.000000
2022-08-03	0.021231	0.020521	0.042648	0.015664	0.786823	27677500.000000
2022-08-02	0.004532	0.018912	0.031923	0.014846	0.167206	25562500.000000
2022-08-01	-0.000267	0.003465	0.019453	-0.003852	-0.009838	26577100.000000
2022-07-29	-0.047957	0.008488	0.009004	-0.056526	-1.858879	54134700.000000
2022-07-28	-0.091307	-0.071873	-0.054759	-0.086173	-3.894787	46629900.000000
2022-07-27	0.015215	0.011507	0.040544	0.009841	0.639297	27414600.000000
2022-07-26	0.005887	0.010519	0.025601	0.010519	0.245884	25380500.000000
2022-07-25	-0.003052	0.023665	0.023665	0.006003	-0.127857	16842900.000000
2022-07-22	0.007807	0.020111	0.032138	0.015541	0.324562	24098600.000000
2022-07-21	0.010760	0.010908	0.030358	0.000211	0.442589	19527000.000000
2022-07-20	0.012346	0.019451	0.033234	0.007883	0.501602	16799300.000000
2022-07-19	0.018994	0.030287	0.038312	0.025020	0.757317	15112600.000000
2022-07-18	-0.008802	0.016743	0.023704	0.005308	-0.354069	16610000.000000
2022-07-15	0.033350	0.025991	0.051423	0.024707	1.298260	22142700.000000
2022-07-14	-0.007523	0.001191	0.010880	-0.004418	-0.295059	16462500.000000
2022-07-13	0.003270	0.007024	0.026975	-0.003208	0.127861	16994300.000000
2022-07-12	0.014807	0.020897	0.047633	0.015705	0.570450	24798700.000000
2022-07-11	-0.019770	0.012927	0.016234	-0.007428	-0.776993	20956700.000000
2022-07-08	0.000501	0.015980	0.023617	0.005542	0.019672	13100400.000000
2022-07-07	0.002762	0.013680	0.023380	0.006022	0.108185	19018400.000000
2022-07-06	0.000000	0.020317	0.023891	0.011127	0.000000	20011300.000000
2022-07-05	-0.004748	-0.000279	0.011916	-0.011457	-0.186867	19320400.000000
2022-07-01	0.026758	0.026994	0.053601	0.024646	1.025784	16175900.000000
2022-06-30	-0.002288	-0.001445	0.015194	-0.014499	-0.089397	21566300.000000
2022-06-29	0.005111	0.010606	0.013950	-0.002773	0.198662	16980100.000000
2022-06-28	-0.017575	0.011802	0.025451	-0.011705	-0.695309	17305000.000000
2022-06-27	0.006571	0.008273	0.018450	0.004966	0.258259	18156800.000000
2022-06-24	0.011762	0.001856	0.020132	0.001598	0.456917	26686900.000000
2022-06-23	0.005398	0.007523	0.014511	-0.004382	0.208591	26629300.000000
2022-06-22	0.010915	0.003084	0.028985	-0.001102	0.417187	26817800.000000
2022-06-21	-0.005942	0.014029	0.022091	-0.004437	-0.228458	29169000.000000
2022-06-17	0.021103	0.006747	0.030647	0.006747	0.794640	52141600.000000
2022-06-16	-0.055320	-0.009058	-0.008306	-0.057727	-2.205124	36040400.000000
2022-06-15	0.007279	0.019129	0.034038	0.003461	0.288055	31767000.000000
2022-06-14	-0.008955	0.013258	0.025780	-0.007779	-0.357586	23707000.000000
2022-06-13	-0.034350	-0.007280	-0.003894	-0.030979	-1.420418	32051100.000000
2022-06-10	-0.013039	-0.001846	0.002928	-0.009006	-0.546314	21302200.000000
2022-06-09	-0.015406	0.004632	0.011917	-0.009233	-0.655575	21662300.000000
2022-06-08	0.004926	0.004149	0.025639	0.001787	0.208591	17198800.000000
2022-06-07	0.008278	-0.001111	0.016986	-0.006350	0.347656	14485000.000000
2022-06-06	-0.015141	0.010733	0.016127	-0.014828	-0.645645	20144500.000000
2022-06-03	-0.019863	0.003759	0.006287	-0.016009	-0.864170	19670700.000000
2022-06-02	-0.002959	-0.001733	0.004684	-0.014795	-0.129131	16742800.000000
2022-06-01	-0.007904	0.012885	0.013113	-0.011669	-0.347652	17980700.000000
2022-05-31	0.002717	0.001047	0.018145	-0.008756	0.119194	25249600.000000
2022-05-27	0.000680	0.006747	0.018381	0.003325	0.029800	18073500.000000
2022-05-26	0.009840	0.007668	0.024946	0.007668	0.427116	24427800.000000
2022-05-25	0.014627	0.005578	0.025914	-0.000733	0.625782	16583300.000000
2022-05-24	0.004431	0.002521	0.011912	-0.012036	0.188725	20921300.000000
2022-05-23	0.020709	0.022563	0.032868	0.007466	0.864170	20260400.000000
2022-05-20	-0.000238	0.015372	0.022559	-0.013379	-0.009933	24325700.000000
2022-05-19	-0.002611	0.001728	0.013915	-0.001139	-0.109264	17423700.000000
2022-05-18	-0.016573	0.003692	0.009332	-0.014638	-0.705238	23558200.000000
2022-05-17	0.023167	0.011796	0.031753	0.008189	0.963497	18435500.000000
2022-05-16	0.009402	0.008203	0.023251	0.003834	0.387386	21015700.000000
2022-05-13	0.002174	-0.001280	0.019152	-0.001523	0.089397	29684100.000000
2022-05-12	0.038906	0.008010	0.047684	0.005230	1.539612	39604300.000000
2022-05-11	-0.011414	0.008495	0.019237	-0.010490	-0.456917	31757000.000000
2022-05-10	0.013582	0.020420	0.039410	0.011558	0.536385	31368300.000000
2022-05-09	-0.006000	0.006747	0.016562	-0.003573	-0.238396	36675600.000000
2022-05-06	-0.009411	0.003505	0.007744	-0.015941	-0.377453	36595600.000000
2022-05-05	-0.029793	-0.005106	0.006263	-0.031472	-1.231689	30240500.000000
2022-05-04	0.030964	0.009490	0.039665	0.002258	1.241623	27140500.000000
2022-05-03	-0.001978	0.014213	0.014960	-0.005200	-0.079464	24371300.000000
2022-05-02	0.017354	0.014343	0.029535	0.002695	0.685379	37611800.000000
2022-04-29	-0.046523	-0.005083	0.009644	-0.043711	-1.927002	44133800.000000
2022-04-28	-0.061867	-0.032210	-0.009787	-0.076828	-2.731571	49934000.000000
2022-04-27	-0.002692	0.007650	0.018267	-0.004321	-0.119194	25547900.000000
2022-04-26	-0.024940	-0.002504	0.009830	-0.020123	-1.132362	29225000.000000
2022-04-25	0.007272	0.007634	0.017617	-0.004789	0.327789	28083200.000000
2022-04-22	-0.033234	0.005245	0.008033	-0.027784	-1.549545	29978900.000000
2022-04-21	-0.009705	0.009720	0.023526	-0.005360	-0.456921	22347300.000000
2022-04-20	-0.014758	0.002352	0.005700	-0.009366	-0.705242	22555700.000000
2022-04-19	0.026675	0.004383	0.035965	0.004169	1.241627	21438500.000000
2022-04-18	-0.015133	0.008439	0.015845	-0.012931	-0.715179	14839400.000000
2022-04-14	-0.006888	0.008428	0.013681	-0.002079	-0.327785	16540100.000000
2022-04-13	0.013968	0.008664	0.023579	0.006107	0.655579	14469800.000000
2022-04-12	-0.007561	0.014993	0.018800	-0.003403	-0.357590	13902100.000000
2022-04-11	0.004007	0.011630	0.027977	0.009507	0.188728	20256000.000000
2022-04-08	0.005726	0.006106	0.015928	-0.006278	0.268188	18218900.000000
2022-04-07	-0.012152	0.004005	0.007801	-0.017299	-0.576111	18831000.000000
2022-04-06	-0.002925	0.006957	0.014738	-0.002507	-0.139061	21346500.000000
2022-04-05	0.000627	-0.002092	0.016216	-0.002302	0.029797	15442000.000000
2022-04-04	0.008595	0.012216	0.024739	0.010943	0.404964	15149300.000000
2022-04-01	0.018795	0.019781	0.033620	0.013077	0.869198	15070200.000000
2022-03-31	-0.018243	0.016250	0.017311	-0.006041	-0.859314	21186600.000000
2022-03-30	-0.001884	0.007979	0.013700	0.004588	-0.088898	15452000.000000
2022-03-29	0.005260	0.022014	0.026700	0.009446	0.246933	20459300.000000
2022-03-28	0.008487	0.013073	0.021451	0.003836	0.395084	18965400.000000
2022-03-25	0.007051	0.017837	0.024759	0.013510	0.325951	15011500.000000
2022-03-24	0.006019	0.020263	0.023310	0.010470	0.276562	13375400.000000
2022-03-23	-0.014824	0.010928	0.015216	-0.002580	-0.691406	16229600.000000
2022-03-22	0.011785	0.022624	0.030434	0.018937	0.543251	15409600.000000
2022-03-21	-0.005116	0.011997	0.017177	-0.003111	-0.237057	17884700.000000
2022-03-18	0.009251	0.008726	0.023102	0.000666	0.424725	35185400.000000
2022-03-17	0.005408	0.012429	0.018341	-0.004653	0.246929	16955600.000000
2022-03-16	0.015152	0.014207	0.030214	0.000868	0.681530	20107700.000000
2022-03-15	0.012675	0.025711	0.029989	0.015580	0.563000	22824200.000000
2022-03-14	-0.001111	0.020075	0.029070	0.008381	-0.049385	17564200.000000
2022-03-11	-0.008152	0.025142	0.031611	0.002614	-0.365456	19584800.000000
2022-03-10	-0.015828	0.000794	0.006062	-0.013255	-0.721039	18179500.000000
2022-03-09	-0.000217	0.026694	0.034595	0.009136	-0.009880	20113700.000000
2022-03-08	-0.003672	0.013303	0.034295	0.007618	-0.167908	24592700.000000
2022-03-07	-0.019276	0.007925	0.016718	-0.015665	-0.898834	30718700.000000
2022-03-04	0.001910	0.007702	0.018445	-0.003041	0.088898	21368700.000000
2022-03-03	0.015955	0.023125	0.039933	0.019414	0.730911	23131600.000000
2022-03-02	-0.000215	0.020067	0.027924	0.009373	-0.009872	25978700.000000
2022-03-01	-0.007913	-0.000995	0.016542	-0.008140	-0.365456	21843400.000000
2022-02-28	-0.006586	-0.000692	0.013719	-0.008435	-0.306198	29824700.000000
2022-02-25	0.023039	0.016389	0.044335	0.012208	1.046989	30441900.000000
2022-02-24	0.019499	-0.002378	0.033292	-0.006864	0.869194	29784000.000000
2022-02-23	-0.038560	0.009840	0.013723	-0.033728	-1.787777	36279100.000000
2022-02-22	0.006432	0.020243	0.030446	0.011994	0.296314	21635500.000000
2022-02-18	-0.002780	0.012645	0.020654	0.005068	-0.128407	21220400.000000
2022-02-17	-0.027449	0.002955	0.003376	-0.017467	-1.303795	20569000.000000
2022-02-16	0.000833	0.009689	0.016853	0.004000	0.039513	14852100.000000
2022-02-15	0.013713	0.019050	0.032079	0.018623	0.642017	21087800.000000
2022-02-14	-0.004620	0.022634	0.028799	0.000735	-0.217297	24481600.000000
2022-02-11	-0.026574	0.008703	0.020914	-0.016959	-1.284042	26312600.000000
2022-02-10	-0.017079	-0.004252	0.009174	-0.008320	-0.839565	21583400.000000
2022-02-09	0.011380	0.018395	0.024361	0.013251	0.553127	19142900.000000
2022-02-08	0.007163	0.016987	0.026519	0.011807	0.345703	17964500.000000
2022-02-07	-0.009528	0.014891	0.016533	-0.000296	-0.464233	19034000.000000
2022-02-04	-0.006245	0.002639	0.013244	-0.006335	-0.306194	23203100.000000
2022-02-03	-0.007001	0.021542	0.032479	0.004327	-0.345703	28416400.000000
2022-02-02	0.001001	0.012429	0.018713	0.000670	0.049389	20280500.000000
2022-02-01	-0.001000	-0.004584	0.012833	-0.009849	-0.049389	23489800.000000
2022-01-31	0.005430	0.003673	0.020166	-0.001622	0.266685	24470700.000000
2022-01-28	0.035618	0.009687	0.052074	0.006524	1.689011	34458000.000000
2022-01-27	-0.009286	-0.050039	0.046065	-0.050039	-0.444477	49168100.000000
2022-01-26	-0.024361	0.009371	0.026289	-0.024261	-1.195145	34221300.000000
2022-01-25	-0.007989	-0.003950	0.011822	-0.012847	-0.395088	32154300.000000
2022-01-24	0.006837	0.029326	0.042356	-0.006912	0.335823	41581900.000000
2022-01-21	-0.009757	0.015654	0.027145	0.000937	-0.483986	33155400.000000
2022-01-20	-0.002186	0.016049	0.038378	0.008808	-0.108650	20052300.000000
2022-01-19	0.002989	0.013034	0.024534	-0.001089	0.148159	17852300.000000
2022-01-18	-0.029025	0.000478	0.006747	-0.019308	-1.481586	23364500.000000
2022-01-14	0.007800	0.016180	0.028618	0.009664	0.395092	18789900.000000
2022-01-13	0.006477	0.009448	0.026934	-0.004064	0.325951	17924700.000000
2022-01-12	-0.003715	0.018170	0.023317	0.006093	-0.187672	17992600.000000
2022-01-11	0.012272	0.013631	0.025655	0.009222	0.612389	18836200.000000
2022-01-10	0.009391	0.018902	0.030027	0.008787	0.464233	20216700.000000
2022-01-07	-0.009107	0.009222	0.014032	0.001605	-0.454350	17894500.000000
2022-01-06	0.005774	0.016662	0.027750	0.011824	0.286434	18288200.000000
2022-01-05	0.000598	0.020094	0.032802	0.011622	0.029633	20727900.000000
2022-01-04	-0.005942	0.016840	0.023056	0.000999	-0.296318	24592800.000000
2022-01-03	0.008146	0.010366	0.029975	0.004908	0.402973	20706000.000000
2021-12-31	-0.005139	0.021464	0.031520	0.011408	-0.255543	12345400.000000
2021-12-30	0.000000	0.020056	0.029710	0.016235	0.000000	11343100.000000
2021-12-29	0.001584	0.019859	0.022679	0.013413	0.078629	12045600.000000
2021-12-28	0.000793	0.017442	0.028529	0.014216	0.039318	9282800.000000
2021-12-27	0.008795	0.017238	0.028830	0.009917	0.432453	16421700.000000
2021-12-23	0.020396	0.024497	0.042136	0.023252	0.982861	18420000.000000
2021-12-22	0.003479	0.015776	0.023689	0.008487	0.167084	26552000.000000
2021-12-21	0.009504	0.022277	0.036781	0.017442	0.452114	19756300.000000
2021-12-20	-0.007179	0.007006	0.015981	0.001371	-0.343998	18991200.000000
2021-12-17	-0.001843	0.004317	0.025983	0.000776	-0.088459	41441400.000000
2021-12-16	0.013699	0.025255	0.045739	0.022510	0.648685	28400900.000000
2021-12-15	-0.011895	0.004504	0.016398	-0.003216	-0.570057	23040400.000000
2021-12-14	0.022008	-0.012841	0.044952	-0.012841	1.032001	34729600.000000
2021-12-13	-0.015274	0.007572	0.016392	-0.003558	-0.727318	30178300.000000
2021-12-10	0.013386	0.027444	0.032338	0.016803	0.629032	27865400.000000
2021-12-09	-0.023090	0.011828	0.014947	-0.010624	-1.110630	35048200.000000
2021-12-08	-0.012908	0.011080	0.022777	-0.002874	-0.629028	36605500.000000
2021-12-07	-0.052913	0.016470	0.033767	-0.053109	-2.722511	46086900.000000
2021-12-06	0.011008	0.025694	0.047702	0.022943	0.560230	22333500.000000
2021-12-03	0.005437	0.016256	0.032259	0.015664	0.275196	22351400.000000
2021-12-02	0.049307	0.031538	0.077145	0.029880	2.378513	26158400.000000
2021-12-01	-0.018007	0.040852	0.046348	-0.001490	-0.884571	21235900.000000
2021-11-30	-0.030080	0.012900	0.012900	-0.016519	-1.523430	31517200.000000
2021-11-29	0.008415	0.026800	0.030583	0.011867	0.422630	19104100.000000
2021-11-26	-0.015035	0.001752	0.007440	-0.005896	-0.766632	12874800.000000
2021-11-24	-0.003075	0.014900	0.019201	0.006688	-0.157257	10122200.000000
2021-11-23	0.010289	0.022577	0.037391	0.017442	0.520920	19514100.000000
2021-11-22	-0.007706	0.014306	0.029594	0.002349	-0.393147	17994600.000000
2021-11-19	-0.016483	0.016671	0.017634	-0.005113	-0.855083	18226200.000000
2021-11-18	-0.017681	0.006459	0.015169	-0.002441	-0.933720	15052800.000000
2021-11-17	0.011483	0.017825	0.030274	0.013611	0.599545	14720100.000000
2021-11-16	-0.004871	0.018966	0.024113	0.011342	-0.255547	12853600.000000
2021-11-15	-0.002243	0.016491	0.021816	0.012497	-0.117939	9970200.000000
2021-11-12	-0.002982	0.021803	0.023699	0.007961	-0.157253	12100200.000000
2021-11-11	-0.009415	0.015751	0.017817	0.003730	-0.501263	10846300.000000
2021-11-10	0.007814	0.018009	0.033342	0.018009	0.412800	16272000.000000
2021-11-09	0.004861	0.014969	0.027332	0.013067	0.255543	13501900.000000
2021-11-08	-0.007607	0.016120	0.020084	0.004606	-0.402969	13428400.000000
2021-11-05	0.022189	0.029598	0.048314	0.028633	1.149944	17624800.000000
2021-11-04	-0.004155	0.014367	0.023206	0.001685	-0.216228	16582100.000000
2021-11-03	0.005889	0.014349	0.026139	0.010097	0.304684	16311900.000000
2021-11-02	0.007271	0.021335	0.030875	0.010044	0.373493	15469800.000000
2021-11-01	0.016138	0.018431	0.042368	0.017639	0.815765	19052200.000000
2021-10-29	-0.009056	0.010384	0.030380	0.002150	-0.461945	26924000.000000
2021-10-28	-0.010297	-0.022139	0.023262	-0.033780	-0.530743	21159400.000000
2021-10-27	-0.024553	0.017631	0.019334	-0.013407	-1.297367	22840300.000000
2021-10-26	-0.005917	0.018382	0.022709	0.007282	-0.314522	13446400.000000
2021-10-25	-0.002582	0.015753	0.018567	0.006745	-0.137596	13471100.000000
2021-10-22	0.003517	0.017818	0.023468	0.007461	0.186749	14906900.000000
2021-10-21	-0.012429	0.017999	0.017999	0.000146	-0.668350	13686600.000000
2021-10-20	0.008665	0.022694	0.029447	0.011251	0.461945	12658700.000000
2021-10-19	0.019166	0.026809	0.037133	0.022603	1.002514	15335000.000000
2021-10-18	-0.014809	0.009719	0.012168	-0.003841	-0.786285	20106100.000000
2021-10-15	0.000556	0.022341	0.027806	0.011788	0.029484	18876600.000000
2021-10-14	0.024673	0.018986	0.048724	0.018986	1.277718	20940500.000000
2021-10-13	0.006879	0.035135	0.036301	0.013164	0.353828	19948200.000000
2021-10-12	0.002107	0.020364	0.025430	0.003608	0.108116	27671100.000000
2021-10-11	-0.045338	0.003119	0.006281	-0.029617	-2.437489	31934900.000000
2021-10-08	-0.047038	0.009997	0.009997	-0.032722	-2.653717	24009700.000000
2021-10-07	0.008787	0.026740	0.036396	0.024236	0.491432	13838400.000000
2021-10-06	0.001937	0.004900	0.020666	0.001676	0.108109	22844900.000000
2021-10-05	0.004599	0.013842	0.031480	0.012762	0.255550	15620500.000000
2021-10-04	-0.007516	0.021762	0.021762	0.009616	-0.420773	14261500.000000
2021-10-01	0.022886	0.030346	0.050262	0.024682	1.252522	15489500.000000
2021-09-30	0.000000	0.023403	0.040030	0.021758	0.000000	19457300.000000
2021-09-29	0.021552	0.025674	0.048820	0.021194	1.154663	16926800.000000
2021-09-28	-0.027358	0.008506	0.013590	-0.008741	-1.506939	21386700.000000
2021-09-27	0.000889	0.014854	0.023576	0.013037	0.048923	10188100.000000
2021-09-24	0.001246	0.017393	0.027581	0.014300	0.068504	11417800.000000
2021-09-23	0.002678	0.022853	0.037812	0.019205	0.146774	15254700.000000
2021-09-22	-0.000713	0.036707	0.040171	0.019207	-0.039135	17508100.000000
2021-09-21	-0.007612	0.030625	0.036594	0.008554	-0.420773	13698000.000000
2021-09-20	-0.010856	0.018004	0.019794	-0.000427	-0.606686	19287200.000000
2021-09-17	-0.002968	0.015697	0.028542	0.013556	-0.166348	23758600.000000
2021-09-16	0.004912	0.026423	0.035029	0.011184	0.273987	18590800.000000
2021-09-15	0.025364	0.020287	0.060363	0.020287	1.379723	37041400.000000
2021-09-14	-0.073036	0.028417	0.036937	-0.055936	-4.285957	54749300.000000
2021-09-13	0.011298	0.033660	0.044172	0.025905	0.655613	14017800.000000
2021-09-10	-0.004365	0.019882	0.026917	0.013362	-0.254417	10211200.000000
2021-09-09	-0.009644	0.025849	0.025849	0.009876	-0.567547	10390500.000000
2021-09-08	-0.002653	0.019568	0.025670	0.017535	-0.156567	16750400.000000
2021-09-07	-0.023007	0.017139	0.019457	-0.003227	-1.389515	15979000.000000
2021-09-03	-0.000486	0.016149	0.022769	0.014990	-0.029350	8080400.000000
2021-09-02	0.009977	0.025785	0.032973	0.024281	0.596901	10223700.000000
2021-09-01	0.007581	0.027499	0.036088	0.019920	0.450123	15040100.000000
2021-08-31	0.016245	0.017833	0.039912	0.016807	0.949173	16718700.000000
2021-08-30	0.005219	0.019016	0.027963	0.016780	0.303349	11995100.000000
2021-08-27	0.006780	0.023846	0.030775	0.021248	0.391411	13129600.000000
2021-08-26	-0.008070	0.023831	0.025721	0.013179	-0.469692	8118600.000000
2021-08-25	-0.000840	0.021598	0.026919	0.016448	-0.048927	7757000.000000
2021-08-24	-0.004515	0.022966	0.026213	0.015105	-0.264206	9613500.000000
2021-08-23	0.006565	0.016781	0.034154	0.014888	0.381626	12419800.000000
2021-08-20	0.007632	0.020208	0.034594	0.017435	0.440342	11538200.000000
2021-08-19	-0.001186	0.021941	0.025057	0.013112	-0.068497	10460100.000000
2021-08-18	-0.007399	0.021941	0.025550	0.013521	-0.430557	12514000.000000
2021-08-17	0.003713	0.019699	0.026253	0.014352	0.215282	12911600.000000
2021-08-16	-0.001180	0.018840	0.026420	0.014016	-0.068504	12221300.000000
2021-08-13	0.004913	0.027827	0.030078	0.021249	0.283779	7542700.000000
2021-08-12	-0.001015	0.021249	0.022806	0.013294	-0.058716	9314900.000000
2021-08-11	0.010950	0.029984	0.034180	0.022291	0.626259	8849700.000000
2021-08-10	0.002917	0.020889	0.025097	0.017908	0.166351	8229300.000000
2021-08-09	-0.006986	0.021419	0.021941	0.010449	-0.401196	12119200.000000
2021-08-06	0.005999	0.019489	0.032977	0.018438	0.342484	10589100.000000
2021-08-05	0.006383	0.027759	0.033576	0.022823	0.362057	8723500.000000
2021-08-04	-0.004465	0.018080	0.025451	0.008954	-0.254421	9507600.000000
2021-08-03	-0.004105	0.025961	0.026835	0.000443	-0.234844	11207500.000000
2021-08-02	-0.006119	0.024199	0.029584	0.007697	-0.352268	11634300.000000
2021-07-30	0.012390	0.021238	0.041638	0.018424	0.704540	22478300.000000
2021-07-29	0.002242	0.043445	0.052257	0.023351	0.127209	19769600.000000
2021-07-28	-0.009904	0.016531	0.021592	0.001349	-0.567547	13239600.000000
2021-07-27	-0.002385	0.021419	0.028557	0.014629	-0.136993	11625300.000000
2021-07-26	0.005826	0.019314	0.029121	0.015637	0.332695	11595400.000000
2021-07-23	0.009863	0.024240	0.036088	0.021764	0.557762	8550800.000000
2021-07-22	-0.000346	0.022295	0.024769	0.005678	-0.019573	13377400.000000
2021-07-21	0.012789	0.019255	0.040382	0.016212	0.714329	13990300.000000
2021-07-20	0.007946	0.023746	0.036558	0.019956	0.440346	17575300.000000
2021-07-19	-0.015986	0.020698	0.022296	0.000099	-0.900249	18287500.000000
2021-07-16	-0.006903	0.021412	0.028995	0.014005	-0.391415	12409600.000000
2021-07-15	0.003116	0.019641	0.028309	0.016988	0.176136	12757300.000000
2021-07-14	-0.000865	0.027420	0.028304	0.018229	-0.048923	9776800.000000
2021-07-13	-0.007552	0.021941	0.025274	0.012118	-0.430550	11367100.000000
2021-07-12	0.003963	0.025991	0.027929	0.012960	0.225056	11576300.000000
2021-07-09	-0.003435	0.021766	0.030365	0.018080	-0.195709	14741400.000000
2021-07-08	0.001032	0.015441	0.025455	0.008589	0.058716	21483600.000000
2021-07-07	0.008845	0.027613	0.033284	0.023182	0.499046	12869000.000000
2021-07-06	-0.008767	0.018779	0.023698	0.000157	-0.499043	12866600.000000
2021-07-02	0.011602	0.030776	0.040195	0.027755	0.652802	10668500.000000
2021-07-01	0.012803	0.027233	0.043793	0.026333	0.711277	10033900.000000
2021-06-30	0.008490	0.026152	0.037225	0.023429	0.467682	12985100.000000
2021-06-29	0.007843	0.027614	0.043347	0.027614	0.428719	12496400.000000
2021-06-28	-0.005672	0.030153	0.031245	0.015419	-0.311798	13483900.000000
2021-06-25	0.006422	0.024502	0.036219	0.023404	0.350761	17280700.000000
2021-06-24	0.010454	0.030403	0.041687	0.028553	0.565121	20521500.000000
2021-06-23	-0.037307	0.023484	0.029361	-0.022107	-2.094837	34001700.000000
2021-06-22	0.006110	0.029558	0.035830	0.026512	0.341019	14324500.000000
2021-06-21	0.010051	0.031220	0.038821	0.029048	0.555382	12966100.000000
2021-06-18	-0.014082	0.021516	0.025619	0.007063	-0.789219	26722700.000000
2021-06-17	0.007003	0.023818	0.039809	0.019685	0.389736	15549400.000000
2021-06-16	-0.003489	0.032600	0.040299	0.017739	-0.194866	14960000.000000
2021-06-15	0.000698	0.026154	0.035113	0.025258	0.038967	12092700.000000
2021-06-14	0.007032	0.024529	0.033731	0.015146	0.389736	12473900.000000
2021-06-11	0.004947	0.025427	0.031592	0.023069	0.272823	9737900.000000
2021-06-10	0.006043	0.029982	0.040562	0.027975	0.331272	12373300.000000
2021-06-09	-0.003013	0.032881	0.035245	0.022514	-0.165638	9220900.000000
2021-06-08	-0.008609	0.023989	0.026694	0.012089	-0.477428	14745600.000000
2021-06-07	-0.001403	0.021472	0.030655	0.019671	-0.077946	11099400.000000
2021-06-04	0.010818	0.031247	0.041258	0.027061	0.594349	11314900.000000
2021-06-03	-0.005292	0.023255	0.025247	0.011126	-0.292301	10671400.000000
2021-06-02	-0.004565	0.027775	0.027775	0.013358	-0.253330	13816500.000000
2021-06-01	-0.006802	0.036536	0.036715	0.017384	-0.379997	12070200.000000
2021-05-28	0.000000	0.032419	0.035641	0.024185	0.000000	13017700.000000
2021-05-27	0.008619	0.029222	0.037526	0.025250	0.477428	25521100.000000
2021-05-26	0.020646	0.030203	0.060053	0.024675	1.120491	23719200.000000
2021-05-25	0.000719	0.036844	0.036844	0.023383	0.038979	11993900.000000
2021-05-24	0.010530	0.031737	0.039190	0.022420	0.565121	13206400.000000
2021-05-21	0.000727	0.031741	0.034724	0.024095	0.038971	16449300.000000
2021-05-20	0.014749	0.024062	0.046958	0.023495	0.779472	15317200.000000
2021-05-19	-0.012921	0.019983	0.020356	0.002426	-0.691784	18582500.000000
2021-05-18	-0.009196	0.028924	0.035401	0.011899	-0.496910	34702100.000000
2021-05-17	-0.054874	0.016714	0.019162	-0.036107	-3.137383	31534600.000000
2021-05-14	0.022478	0.034559	0.052980	0.026154	1.256897	15864400.000000
2021-05-13	0.013599	0.022164	0.052436	0.022164	0.750244	15645000.000000
2021-05-12	-0.015304	0.015802	0.019907	0.009555	-0.857418	19274400.000000
2021-05-11	-0.000174	0.026512	0.031152	0.016339	-0.009747	15397500.000000
2021-05-10	-0.010325	0.030395	0.043995	0.015383	-0.584602	19221200.000000
2021-05-07	0.019831	0.031376	0.052271	0.021290	1.101002	17847300.000000
2021-05-06	0.010105	0.031064	0.038887	0.027061	0.555382	13075800.000000
2021-05-05	-0.003885	0.033220	0.033583	0.019627	-0.214355	17858800.000000
2021-05-04	0.001061	0.022523	0.031413	0.019257	0.058456	25314100.000000
2021-05-03	0.007480	0.031634	0.041321	0.026699	0.409225	14498900.000000
2021-04-30	-0.004433	0.025969	0.025969	-0.004057	-0.243587	21907400.000000
2021-04-29	0.042514	0.061999	0.071674	0.048719	2.240993	21710400.000000
2021-04-28	-0.003683	0.023498	0.031625	0.019718	-0.194874	12561800.000000
2021-04-27	-0.000368	0.028978	0.034836	0.024444	-0.019485	12420100.000000
2021-04-26	-0.001287	0.026144	0.029918	0.019163	-0.068203	12802300.000000
2021-04-23	-0.000184	0.024447	0.032182	0.018221	-0.009743	12252300.000000
2021-04-22	-0.004757	0.019761	0.027835	0.016569	-0.253330	15017600.000000
2021-04-21	0.009232	0.023491	0.037893	0.018943	0.487175	16122300.000000
2021-04-20	0.000369	0.020077	0.028798	0.017234	0.019485	14351200.000000
2021-04-19	-0.017601	0.022608	0.024471	0.003985	-0.945114	17005200.000000
2021-04-16	0.017917	0.042636	0.052115	0.034864	0.945114	19244100.000000
2021-04-15	0.015760	0.034228	0.049440	0.030377	0.818443	18330600.000000
2021-04-14	-0.010765	0.019476	0.026333	0.012428	-0.565117	13334600.000000
2021-04-13	0.010503	0.029605	0.039230	0.025178	0.545631	15783000.000000
2021-04-12	-0.004667	0.024226	0.028824	0.017712	-0.243584	14826200.000000
2021-04-09	-0.013989	0.016321	0.017832	-0.008993	-0.740505	18205900.000000
2021-04-08	-0.004945	0.025957	0.026897	0.016934	-0.263069	10780300.000000
2021-04-07	-0.004376	0.031199	0.031573	0.015104	-0.233845	17331800.000000
2021-04-06	0.005316	0.023135	0.035740	0.018619	0.282558	15551900.000000
2021-04-05	0.000913	0.027835	0.038005	0.025387	0.048500	14837900.000000
2021-04-01	0.011828	0.040754	0.049520	0.033323	0.620728	16665000.000000
2021-03-31	-0.015824	0.027286	0.028974	0.012096	-0.843807	21976300.000000
2021-03-30	-0.003805	0.034586	0.037202	0.019267	-0.203682	12201700.000000
2021-03-29	0.000181	0.028234	0.039258	0.012165	0.009705	20468200.000000
2021-03-26	-0.019893	0.029205	0.035798	-0.013648	-1.086285	24127300.000000
2021-03-25	0.006795	0.035646	0.041731	0.022002	0.368565	17462700.000000
2021-03-24	-0.003919	0.029384	0.037832	0.025894	-0.213383	15751200.000000
2021-03-23	-0.004080	0.032683	0.037438	0.024269	-0.223080	14716600.000000
2021-03-22	0.016408	0.035499	0.050743	0.027133	0.882610	18293000.000000
2021-03-19	-0.007338	0.024578	0.034174	0.019964	-0.397659	33957100.000000
2021-03-18	-0.028348	0.016333	0.024223	0.000554	-1.580933	18937700.000000
2021-03-17	-0.009304	0.019668	0.028195	0.004746	-0.523739	19237300.000000
2021-03-16	0.008865	0.032112	0.050034	0.028169	0.494644	15151700.000000
2021-03-15	0.007707	0.033565	0.040067	0.020923	0.426754	14733100.000000
2021-03-12	0.003516	0.030312	0.040099	0.018713	0.193985	18368400.000000
2021-03-11	-0.005593	0.020404	0.039868	0.020224	-0.310368	17490200.000000
2021-03-10	0.029512	0.040870	0.070371	0.034748	1.590626	23595800.000000
2021-03-09	0.001622	0.030851	0.042930	0.024161	0.087292	25293200.000000
2021-03-08	0.007079	0.025984	0.044886	0.023176	0.378262	25302400.000000
2021-03-05	0.021509	0.045566	0.056655	0.031037	1.125076	22052700.000000
2021-03-04	0.003722	0.032764	0.060204	0.028542	0.193981	28187000.000000
2021-03-03	-0.009585	0.024765	0.041490	0.019444	-0.504345	22761200.000000
2021-03-02	-0.003673	0.028386	0.037285	0.023841	-0.193985	14983100.000000
2021-03-01	0.032815	0.040815	0.069955	0.034166	1.677933	17367300.000000
2021-02-26	0.009188	0.031629	0.055115	0.024129	0.465542	22782600.000000
2021-02-25	-0.021723	0.025051	0.031230	0.003040	-1.125080	22603700.000000
2021-02-24	0.001125	0.016153	0.034709	0.016153	0.058193	19295800.000000
2021-02-23	0.016000	0.036928	0.049104	0.022788	0.814716	18276000.000000
2021-02-22	0.007678	0.028464	0.046077	0.025298	0.387962	13478300.000000
2021-02-19	-0.008752	0.028094	0.031821	0.015540	-0.446156	15143500.000000
2021-02-18	-0.008115	0.025005	0.028702	0.016833	-0.417061	14533500.000000
2021-02-17	0.002839	0.028890	0.039037	0.022646	0.145489	10978500.000000
2021-02-16	-0.007327	0.026582	0.031037	0.017672	-0.378258	10818000.000000
2021-02-12	0.000000	0.032780	0.038203	0.025613	0.000000	10113300.000000
2021-02-11	0.009099	0.034359	0.041982	0.026346	0.465546	11176400.000000
2021-02-10	0.000569	0.037295	0.037686	0.017738	0.029106	16432700.000000
2021-02-09	0.016779	0.034020	0.053706	0.021293	0.843807	15090000.000000
2021-02-08	0.014479	0.030028	0.050605	0.029221	0.717724	14767100.000000
2021-02-05	-0.006608	0.039253	0.043461	0.020816	-0.329769	14203000.000000
2021-02-04	0.019417	0.028177	0.052078	0.026134	0.950500	18708100.000000
2021-02-03	-0.013873	0.032447	0.038088	0.015726	-0.688625	17253300.000000
2021-02-02	0.020538	0.035149	0.058380	0.029392	0.998993	17361400.000000
2021-02-01	0.011701	0.037069	0.047469	0.021261	0.562546	16865700.000000
2021-01-29	-0.039341	0.005261	0.023044	-0.011124	-1.968895	27480200.000000
2021-01-28	0.065675	0.064681	0.113443	0.059996	3.084274	29163100.000000
2021-01-27	-0.033340	0.018275	0.033919	-0.005396	-1.619728	24670000.000000
2021-01-26	0.022871	0.034827	0.057144	0.029142	1.086285	23562200.000000
2021-01-25	0.005957	0.027224	0.040568	0.023412	0.281265	16328400.000000
2021-01-22	-0.009159	0.024951	0.027049	0.012779	-0.436451	13960700.000000
2021-01-21	0.005115	0.023021	0.039263	0.017537	0.242474	22602300.000000
2021-01-20	0.000614	0.033992	0.037791	0.027027	0.029102	15814200.000000
2021-01-19	0.003286	0.030613	0.039507	0.022990	0.155178	18946300.000000
2021-01-15	-0.017951	0.023342	0.024382	0.001299	-0.863209	25973100.000000
2021-01-14	-0.011563	0.031037	0.033298	0.016237	-0.562538	18806000.000000
2021-01-13	0.002999	0.022996	0.038665	0.020935	0.145489	16227000.000000
2021-01-12	-0.029309	0.026434	0.031637	-0.007187	-1.464550	20999500.000000
2021-01-11	-0.000388	0.035038	0.035038	0.014833	-0.019394	18794300.000000
2021-01-08	0.017371	0.024931	0.051389	0.023914	0.853508	22140400.000000
2021-01-07	0.001978	0.023695	0.039601	0.021656	0.096985	20230800.000000
2021-01-06	0.011605	0.013296	0.047334	0.012883	0.562542	22552600.000000
2021-01-05	-0.005967	0.028576	0.031447	0.008890	-0.290966	17854600.000000
2021-01-04	-0.036069	0.033381	0.035753	-0.019197	-1.824764	22302100.000000
2020-12-31	0.023238	0.038787	0.061440	0.036360	1.148922	11651200.000000
2020-12-30	-0.006595	0.038566	0.043388	0.028520	-0.328259	9954000.000000
2020-12-29	0.008609	0.036766	0.048318	0.034335	0.424812	11245200.000000
2020-12-28	0.014490	0.043977	0.055901	0.038837	0.704796	13510700.000000
2020-12-24	0.006795	0.039065	0.044032	0.036788	0.328262	3875300.000000
2020-12-23	0.000400	0.038445	0.040930	0.028092	0.019314	12934200.000000
2020-12-22	-0.006948	0.028145	0.034519	0.024032	-0.337914	13739800.000000
2020-12-21	-0.010413	0.028021	0.030666	0.006858	-0.511707	19672400.000000
2020-12-18	-0.008956	0.039786	0.040593	0.016393	-0.444126	31640400.000000
2020-12-17	-0.001361	0.037969	0.044816	0.028705	-0.067577	13464900.000000
2020-12-16	-0.001553	0.039172	0.047014	0.025699	-0.077236	13129800.000000
2020-12-15	0.010198	0.043675	0.058300	0.042050	0.502048	18869000.000000
2020-12-14	0.001178	0.034126	0.042668	0.032092	0.057922	14005700.000000
2020-12-11	0.008915	0.037600	0.048680	0.028572	0.434475	19640200.000000
2020-12-10	-0.015217	0.036157	0.036157	0.015345	-0.753082	17304100.000000
2020-12-09	-0.002918	0.039984	0.054893	0.030515	-0.144817	17327400.000000
2020-12-08	-0.010014	0.023188	0.033160	0.021393	-0.502052	13352400.000000
2020-12-07	0.004643	0.033549	0.042366	0.026736	0.231716	12195900.000000
2020-12-04	0.001938	0.038965	0.042178	0.033745	0.096542	12258100.000000
2020-12-03	0.010578	0.030072	0.049347	0.028246	0.521362	14677200.000000
2020-12-02	0.000588	0.033926	0.042249	0.031490	0.028961	14438000.000000
2020-12-01	0.015526	0.046267	0.056988	0.033073	0.753078	14369600.000000
2020-11-30	-0.029179	0.023344	0.030349	-0.002475	-1.457874	34359800.000000
2020-11-27	-0.000965	0.025955	0.043951	0.025955	-0.048275	6243700.000000
2020-11-25	-0.010317	0.032389	0.032983	0.004882	-0.521362	19322100.000000
2020-11-24	0.050793	0.039704	0.091481	0.038040	2.442669	31754000.000000
2020-11-23	0.013016	0.034068	0.052815	0.027748	0.617905	14676800.000000
2020-11-20	-0.006265	0.031567	0.039940	0.027799	-0.299294	19830000.000000
2020-11-19	0.006919	0.037229	0.048400	0.032802	0.328266	13484500.000000
2020-11-18	-0.012857	0.032008	0.048237	0.020356	-0.617912	18279200.000000
2020-11-17	0.004845	0.028435	0.045161	0.024045	0.231712	19426000.000000
2020-11-16	0.011020	0.044208	0.051606	0.041038	0.521362	19426600.000000
2020-11-13	0.021259	0.032083	0.063169	0.030356	0.984791	17032600.000000
2020-11-12	0.006503	0.034884	0.044879	0.026628	0.299301	20020400.000000
2020-11-11	-0.002093	0.035970	0.040090	0.021660	-0.096550	11840000.000000
2020-11-10	0.012505	0.013580	0.052877	0.008751	0.569633	21103100.000000
2020-11-09	0.059511	0.107160	0.121814	0.086692	2.558529	37456800.000000
2020-11-06	0.004059	0.040891	0.043927	0.026412	0.173786	14129100.000000
2020-11-05	0.014874	0.056610	0.062062	0.047841	0.627560	18897400.000000
2020-11-04	0.025340	0.075852	0.084114	0.054709	1.042721	23064100.000000
2020-11-03	0.029469	0.049513	0.075282	0.044510	1.177891	20761600.000000
2020-11-02	-0.019887	0.048259	0.052672	0.004612	-0.811012	24480400.000000
2020-10-30	-0.019043	0.021561	0.035513	0.004243	-0.791695	22001800.000000
2020-10-29	0.025727	0.038220	0.077943	0.033533	1.042721	20354400.000000
2020-10-28	-0.033609	0.023116	0.027170	-0.000727	-1.409595	20256200.000000
2020-10-27	-0.007540	0.031730	0.037410	0.026051	-0.318615	11134900.000000
2020-10-26	-0.028629	0.027708	0.030236	0.001044	-1.245472	15634600.000000
2020-10-23	-0.001108	0.042412	0.045856	0.024043	-0.048275	10529200.000000
2020-10-22	0.013252	0.035288	0.052504	0.032031	0.569633	15956600.000000
2020-10-21	0.005647	0.029436	0.050493	0.028734	0.241375	13198900.000000
2020-10-20	-0.001354	0.042762	0.043463	0.031080	-0.057934	13137400.000000
2020-10-19	-0.026997	0.035753	0.040300	0.004835	-1.187538	17520400.000000
2020-10-16	0.009976	0.038508	0.053662	0.030931	0.434464	13360900.000000
2020-10-15	-0.003754	0.030035	0.032780	0.018597	-0.164127	12904800.000000
2020-10-14	-0.013293	0.033722	0.038461	0.015440	-0.588947	15325000.000000
2020-10-13	-0.002174	0.038906	0.042960	0.022015	-0.096542	13854400.000000
2020-10-12	0.025418	0.046145	0.068315	0.037370	1.100647	19520100.000000
2020-10-09	-0.009934	0.037582	0.043298	0.021577	-0.434471	25103900.000000
2020-10-08	0.007562	0.038748	0.045659	0.032758	0.328270	15366000.000000
2020-10-07	0.010110	0.047853	0.049715	0.029935	0.434460	17829200.000000
2020-10-06	-0.023475	0.028936	0.034390	0.008257	-1.033066	17911200.000000
2020-10-05	0.014618	0.044438	0.058963	0.037982	0.634014	12599400.000000
2020-10-02	-0.027778	0.026634	0.030893	0.011167	-1.239212	18103900.000000
2020-10-01	0.003891	0.047955	0.052456	0.038954	0.172916	15524400.000000
2020-09-30	0.001299	0.048641	0.052696	0.030840	0.057640	27897300.000000
2020-09-29	-0.011976	0.042983	0.043429	0.027845	-0.537952	11873800.000000
2020-09-28	0.013218	0.057671	0.061732	0.043010	0.585983	16208800.000000
2020-09-25	0.009847	0.033007	0.055330	0.030046	0.432281	12556000.000000
2020-09-24	0.007496	0.037078	0.057503	0.030652	0.326614	14500600.000000
2020-09-23	-0.017969	0.041205	0.045262	0.019795	-0.797321	19671200.000000
2020-09-22	0.033796	0.047037	0.082917	0.044707	1.450554	32899300.000000
2020-09-21	-0.012815	0.033160	0.045120	-0.001570	-0.557167	32257700.000000
2020-09-18	-0.007021	0.038696	0.047146	0.011518	-0.307404	39626000.000000
2020-09-17	-0.026276	0.021632	0.032529	0.001173	-1.181580	21253500.000000
2020-09-16	0.007533	0.054199	0.064282	0.046357	0.336224	26326900.000000
2020-09-15	0.026287	0.038450	0.074782	0.035921	1.143154	18415900.000000
2020-09-14	0.013432	0.049136	0.060089	0.041912	0.576382	11435700.000000
2020-09-11	0.014766	0.042635	0.058006	0.039797	0.624405	18316200.000000
2020-09-10	-0.013004	0.042147	0.050549	0.023708	-0.557159	16023600.000000
2020-09-09	0.018032	0.045257	0.069018	0.038603	0.758900	15420900.000000
2020-09-08	-0.013955	0.026453	0.036996	0.010287	-0.595596	20897600.000000
2020-09-04	-0.000225	0.051989	0.053395	0.028330	-0.009605	16201700.000000
2020-09-03	-0.016161	0.051120	0.058725	0.016090	-0.701260	18515100.000000
2020-09-02	0.002664	0.040980	0.061314	0.040055	0.115276	20421100.000000
2020-09-01	0.005356	0.032384	0.047484	0.027738	0.230553	16941900.000000
2020-08-31	0.005610	0.033971	0.054296	0.033738	0.240154	24898100.000000
2020-08-28	0.000449	0.040746	0.041681	0.026723	0.019211	10975100.000000
2020-08-27	0.007692	0.049458	0.055111	0.041922	0.326618	14317500.000000
2020-08-26	0.018199	0.031627	0.063761	0.028989	0.758900	14428200.000000
2020-08-25	-0.008904	0.040267	0.040504	0.026244	-0.374641	8413000.000000
2020-08-24	0.016949	0.035904	0.059107	0.035662	0.701256	15266700.000000
2020-08-21	-0.004622	0.035446	0.040017	0.027748	-0.192123	12931400.000000
2020-08-20	-0.001154	0.038817	0.043863	0.030887	-0.048035	11318700.000000
2020-08-19	-0.005053	0.043849	0.046239	0.031894	-0.211342	9857900.000000
2020-08-18	0.000230	0.045284	0.046002	0.035001	0.009609	8717300.000000
2020-08-17	-0.005483	0.043358	0.045260	0.029802	-0.230553	12333300.000000
2020-08-14	0.008758	0.046498	0.059933	0.036421	0.365044	15238000.000000
2020-08-13	0.001154	0.035215	0.043141	0.032573	0.048031	12649500.000000
2020-08-12	0.008141	0.041464	0.058898	0.040495	0.336216	10407500.000000
2020-08-11	-0.000697	0.046545	0.064693	0.038560	-0.028812	17140700.000000
2020-08-10	0.004905	0.034900	0.050949	0.034900	0.201729	16375000.000000
2020-08-07	-0.001399	0.034181	0.042194	0.031267	-0.057629	10353000.000000
2020-08-06	0.013715	0.034826	0.055749	0.034334	0.557163	13772200.000000
2020-08-05	-0.021291	0.042907	0.047243	0.017852	-0.883781	16207600.000000
2020-08-04	0.007696	0.034668	0.049719	0.032726	0.317009	12102500.000000
2020-08-03	0.001869	0.038304	0.049249	0.031494	0.076847	13733000.000000
2020-07-31	-0.019922	0.037881	0.040264	0.000218	-0.835751	23913000.000000
2020-07-30	-0.005239	0.054733	0.071806	0.022484	-0.220947	17658600.000000
2020-07-29	0.015969	0.043871	0.062662	0.042184	0.662842	25499900.000000
2020-07-28	-0.008035	0.024251	0.041219	0.022818	-0.336220	17574600.000000
2020-07-27	0.004844	0.037378	0.047944	0.036177	0.201733	18268600.000000
2020-07-24	0.020240	0.064009	0.075524	0.046369	0.826134	21926100.000000
2020-07-23	-0.001879	0.045626	0.050516	0.035355	-0.076843	22357200.000000
2020-07-22	0.000000	0.039757	0.045626	0.037067	0.000000	16360500.000000
2020-07-21	0.014779	0.045694	0.061328	0.043709	0.595589	23363500.000000
2020-07-20	-0.005453	0.036291	0.039252	0.030614	-0.220943	12964100.000000
2020-07-17	0.000949	0.049379	0.049379	0.035051	0.038425	15912900.000000
2020-07-16	0.004290	0.034777	0.046437	0.033537	0.172913	14817900.000000
2020-07-15	0.018941	0.039210	0.063731	0.037693	0.749298	21068800.000000
2020-07-14	0.015787	0.025830	0.060238	0.022748	0.614799	21030600.000000
2020-07-13	0.000741	0.039952	0.056141	0.032500	0.028828	17464700.000000
2020-07-10	0.031051	0.039390	0.074098	0.037005	1.171970	19032700.000000
2020-07-09	-0.011324	0.039932	0.040456	0.022381	-0.432289	15335200.000000
2020-07-08	-0.008235	0.042538	0.045396	0.026691	-0.317005	12536000.000000
2020-07-07	-0.006447	0.033494	0.041496	0.032462	-0.249763	19404700.000000
2020-07-06	0.027516	0.055567	0.070684	0.051588	1.037483	17551400.000000
2020-07-02	-0.011335	0.049895	0.056188	0.027082	-0.432281	23372800.000000
2020-07-01	0.018471	0.057804	0.073827	0.052196	0.691647	18269800.000000
2020-06-30	0.006975	0.035332	0.052274	0.025114	0.259380	22169400.000000
2020-06-29	0.007503	0.053125	0.057460	0.040120	0.276928	20573800.000000
2020-06-26	0.002074	0.039834	0.051780	0.032504	0.076408	50945600.000000
2020-06-25	0.000259	0.041733	0.052053	0.025711	0.009544	18159200.000000
2020-06-24	-0.016326	0.054645	0.054645	0.018581	-0.611172	20958900.000000
2020-06-23	0.019771	0.060513	0.080127	0.053975	0.725769	24917900.000000
2020-06-22	-0.016880	0.039130	0.045826	0.026275	-0.630268	20800700.000000
2020-06-19	-0.008621	0.058051	0.074247	0.032031	-0.324692	35341300.000000
2020-06-18	0.005609	0.046364	0.057311	0.039956	0.210087	17008200.000000
2020-06-17	-0.013333	0.047955	0.050853	0.030568	-0.506126	18935700.000000
2020-06-16	-0.002009	0.065831	0.079240	0.029024	-0.076397	21212400.000000
2020-06-15	0.009377	0.042653	0.063883	0.022750	0.353336	16585500.000000
2020-06-12	0.005350	0.056236	0.066374	0.027689	0.200546	18507300.000000
2020-06-11	-0.051016	0.035772	0.044886	-0.007776	-2.014969	22805900.000000
2020-06-10	-0.018743	0.045922	0.046419	0.021824	-0.754425	15634600.000000
2020-06-09	-0.022495	0.036236	0.041579	0.017051	-0.926308	14413900.000000
2020-06-08	0.024471	0.043184	0.074283	0.042438	0.983604	17212000.000000
2020-06-05	0.019375	0.068468	0.093068	0.064918	0.763973	20271600.000000
2020-06-04	-0.000242	0.038797	0.049193	0.035501	-0.009552	12756500.000000
2020-06-03	0.012751	0.056666	0.067707	0.052557	0.496582	17141900.000000
2020-06-02	0.014933	0.045862	0.064105	0.045601	0.572971	19060100.000000
2020-06-01	0.014647	0.045578	0.064882	0.041876	0.553879	13350600.000000
2020-05-29	0.001264	0.047429	0.054313	0.027307	0.047749	20298700.000000
2020-05-28	-0.009517	0.048214	0.052410	0.034314	-0.362888	18254000.000000
2020-05-27	0.010375	0.050079	0.072337	0.049814	0.391541	20654900.000000
2020-05-26	0.020134	0.066356	0.084737	0.065005	0.744865	21584900.000000
2020-05-22	-0.005391	0.039637	0.048509	0.034260	-0.200535	12383000.000000
2020-05-21	-0.005617	0.038343	0.047699	0.030857	-0.210098	20744200.000000
2020-05-20	0.025124	0.058127	0.075392	0.055112	0.916763	23123500.000000
2020-05-19	0.003150	0.040017	0.062835	0.026271	0.114594	27763200.000000
2020-05-18	0.060412	0.076900	0.118006	0.073694	2.072266	24827400.000000
2020-05-15	0.004474	0.033987	0.053607	0.020517	0.152794	31571600.000000
2020-05-14	0.022591	0.041475	0.073217	0.023209	0.754414	24334900.000000
2020-05-13	-0.010749	0.041833	0.045684	0.019616	-0.362877	30898300.000000
2020-05-12	-0.022401	0.044558	0.049192	0.023418	-0.773525	17133000.000000
2020-05-11	-0.010128	0.039425	0.040572	0.018786	-0.353329	21758100.000000
2020-05-08	0.026700	0.066884	0.078656	0.059526	0.907207	12979000.000000
2020-05-07	0.012521	0.060277	0.069217	0.054019	0.420181	17462400.000000
2020-05-06	-0.025243	0.052103	0.053265	0.019569	-0.869015	20151900.000000
2020-05-05	-0.004694	0.052080	0.054971	0.040515	-0.162342	18784100.000000
2020-05-04	-0.020552	0.051979	0.053394	0.017149	-0.725769	24906000.000000
2020-05-01	-0.017273	0.033529	0.043825	0.023511	-0.620724	19951600.000000
2020-04-30	-0.035128	-0.019693	0.021120	-0.033118	-1.308292	33212500.000000
2020-04-29	0.024159	0.067514	0.075764	0.054589	0.878555	19110200.000000
2020-04-28	-0.003402	0.058675	0.070733	0.038943	-0.124138	15958700.000000
2020-04-27	0.028256	0.058719	0.080699	0.053928	1.002716	21775600.000000
2020-04-24	0.029648	0.048906	0.079952	0.048906	1.021793	19188000.000000
2020-04-23	0.010076	0.050095	0.070318	0.049216	0.343788	21194200.000000
2020-04-22	0.000560	0.062413	0.065932	0.046285	0.019100	20117300.000000
2020-04-21	-0.040312	0.034219	0.035345	-0.000114	-1.432438	23004500.000000
2020-04-20	-0.022847	0.036165	0.051014	0.020765	-0.830822	18444500.000000
2020-04-17	0.006609	0.067095	0.071524	0.043013	0.238743	28736600.000000
2020-04-16	0.018030	0.057592	0.071400	0.033075	0.639835	20973800.000000
2020-04-15	-0.035307	0.027048	0.034388	-0.000953	-1.298752	19786300.000000
2020-04-14	0.035762	0.057583	0.087993	0.048291	1.270096	21803300.000000
2020-04-13	-0.021316	0.032008	0.044133	0.008034	-0.773521	20237400.000000
2020-04-09	0.008492	0.041884	0.057447	0.022708	0.305584	28615800.000000
2020-04-08	0.020033	0.055385	0.074662	0.042062	0.706673	26522500.000000
2020-04-07	0.019597	0.067975	0.097456	0.061616	0.678024	26379000.000000
2020-04-06	0.067157	0.090963	0.122733	0.082327	2.177303	31583200.000000
2020-04-03	-0.012220	0.038939	0.055391	0.017916	-0.401073	19312300.000000
2020-04-02	0.060148	0.036829	0.113380	0.035537	1.862167	24683900.000000
2020-04-01	-0.057010	0.010005	0.028280	-0.023804	-1.871727	26097200.000000
2020-03-31	-0.024957	0.034394	0.062608	0.017169	-0.840363	27786300.000000
2020-03-30	0.026613	0.059178	0.086313	0.053386	0.872871	31400200.000000
2020-03-27	-0.059064	0.021004	0.026742	-0.012848	-2.058838	27910400.000000
2020-03-26	0.094430	0.042064	0.171420	0.037983	3.007607	38329500.000000
2020-03-25	-0.030889	0.027828	0.051561	-0.033026	-1.015179	57834100.000000
2020-03-24	0.013755	0.091010	0.091010	0.034254	0.445919	46492800.000000
2020-03-23	0.023974	0.047678	0.095056	0.001564	0.759018	38600900.000000
2020-03-20	-0.071508	0.058394	0.058394	-0.042782	-2.438339	47309000.000000
2020-03-19	0.007287	0.052814	0.161226	0.022092	0.246674	36830400.000000
2020-03-18	-0.066457	-0.000883	0.013457	-0.082511	-2.409878	42533400.000000
2020-03-17	0.060488	0.069788	0.121552	0.058967	2.068325	38934900.000000
2020-03-16	-0.083651	-0.071691	0.044884	-0.075443	-3.121464	41485700.000000
2020-03-13	0.125644	0.092909	0.198188	0.040119	4.165112	66243400.000000
2020-03-12	-0.078343	-0.010784	0.052327	-0.042479	-2.817844	63254500.000000
2020-03-11	-0.030435	0.018952	0.037552	0.007631	-1.129036	38865100.000000
2020-03-10	0.032207	0.075142	0.089333	0.020328	1.157494	48724300.000000
2020-03-09	-0.061680	-0.003443	0.015355	-0.030074	-2.362442	46926200.000000
2020-03-06	-0.009811	0.005910	0.049600	0.003842	-0.379505	31302100.000000
2020-03-05	-0.040706	0.027211	0.036139	0.002411	-1.641376	25284600.000000
2020-03-04	0.025579	0.067476	0.082482	0.055521	1.005703	24996900.000000
2020-03-03	-0.025400	0.042841	0.077048	0.018796	-1.024673	43253400.000000
2020-03-02	0.051694	0.051649	0.108742	0.027144	1.982929	40006900.000000
2020-02-28	-0.015104	0.027036	0.052198	0.000590	-0.588238	62186700.000000
2020-02-27	-0.027712	0.045008	0.063482	0.023289	-1.110062	36098100.000000
2020-02-26	-0.022006	0.078655	0.078655	0.030069	-0.901325	30526000.000000
2020-02-25	-0.032063	0.057540	0.060849	0.016893	-1.356754	22440600.000000
2020-02-24	-0.026626	0.037893	0.058366	0.022941	-1.157501	21720800.000000
2020-02-21	-0.004346	0.048040	0.063156	0.045750	-0.189751	21235400.000000
2020-02-20	0.001088	0.050097	0.058122	0.043219	0.047436	12037800.000000
2020-02-19	-0.003900	0.055594	0.056507	0.047372	-0.170776	14814400.000000
2020-02-18	0.001302	0.055139	0.060856	0.047592	0.056923	13694500.000000
2020-02-14	0.000434	0.054224	0.056512	0.046674	0.018982	15930600.000000
2020-02-13	0.001086	0.051247	0.061553	0.046437	0.047436	17913100.000000
2020-02-12	0.027461	0.058466	0.085763	0.056819	1.166985	23638000.000000
2020-02-11	0.002911	0.057771	0.058479	0.046915	0.123341	11075700.000000
2020-02-10	-0.001788	0.051639	0.053760	0.042687	-0.075897	15016100.000000
2020-02-07	0.003139	0.052105	0.059903	0.046197	0.132824	14104200.000000
2020-02-06	0.000224	0.058014	0.065105	0.046904	0.009487	15222400.000000
2020-02-05	0.007001	0.062802	0.074466	0.058756	0.294125	20332100.000000
2020-02-04	0.037975	0.074749	0.099950	0.071784	1.537003	28143200.000000
2020-02-03	-0.012271	0.063025	0.065221	0.040085	-0.502838	26383600.000000
2020-01-31	-0.021523	0.053518	0.053995	0.026774	-0.901337	24008300.000000
2020-01-30	0.018929	0.043047	0.075163	0.038911	0.777992	25105100.000000
2020-01-29	-0.016349	0.059261	0.059261	0.032695	-0.683113	21913200.000000
2020-01-28	0.000909	0.055672	0.064056	0.049444	0.037949	15875700.000000
2020-01-27	-0.013232	0.038394	0.057777	0.035322	-0.559780	24048800.000000
2020-01-24	-0.023220	0.036679	0.040373	0.020748	-1.005688	39229300.000000
2020-01-23	-0.037732	0.034000	0.043775	0.011116	-1.698307	37753000.000000
2020-01-22	0.002960	0.058452	0.062909	0.053327	0.132828	18251600.000000
2020-01-21	-0.004210	0.053552	0.053552	0.038241	-0.189747	19141600.000000
2020-01-17	0.013441	0.072210	0.073560	0.059392	0.597725	27667100.000000
2020-01-16	0.012748	0.057639	0.068571	0.054678	0.559765	24424400.000000
2020-01-15	0.005431	0.054682	0.065902	0.053537	0.237198	15413500.000000
2020-01-14	0.005022	0.048702	0.063661	0.047091	0.218212	16711900.000000
2020-01-13	0.018230	0.052589	0.074850	0.052121	0.777996	21789300.000000
2020-01-10	-0.011646	0.056775	0.056775	0.040563	-0.502846	15896200.000000
2020-01-09	0.002644	0.053995	0.059104	0.049119	0.113850	14195400.000000
2020-01-08	0.010238	0.054230	0.069009	0.050007	0.436440	18097400.000000
2020-01-07	0.010571	0.049017	0.067034	0.048306	0.445923	24563700.000000
2020-01-06	-0.007554	0.050739	0.055680	0.048151	-0.321072	17628200.000000
2020-01-03	-0.007935	0.046370	0.055473	0.040301	-0.339947	20496400.000000
2020-01-02	0.008895	0.068158	0.069100	0.058032	0.377724	20170500.000000
