2022-12-30	0.013833	0.001691	0.020159	0.001173	1.602867	4220500.000000
2022-12-29	0.009366	-0.000600	0.019174	-0.001558	1.075211	2921600.000000
2022-12-28	-0.026673	0.002248	0.002756	-0.027173	-3.145996	3856400.000000
2022-12-27	0.012132	0.011918	0.021701	0.004538	1.413704	3849400.000000
2022-12-23	0.043226	0.017433	0.048319	0.017433	4.828514	5001500.000000
2022-12-22	-0.029068	0.008720	0.015065	-0.045258	-3.344162	5295400.000000
2022-12-21	0.032224	0.031265	0.046787	0.018794	3.591499	5433000.000000
2022-12-20	0.020011	0.010810	0.041560	0.006692	2.186562	5538700.000000
2022-12-19	0.000000	0.026460	0.031951	0.003397	0.000000	4991400.000000
2022-12-16	-0.018747	-0.008140	-0.001225	-0.021071	-2.087624	17422600.000000
2022-12-15	-0.002835	-0.000295	0.011167	-0.010772	-0.316605	6400900.000000
2022-12-14	-0.004761	0.022661	0.030682	-0.001491	-0.534271	5927000.000000
2022-12-13	0.014582	0.034861	0.045169	0.025096	1.612717	6285200.000000
2022-12-12	0.015997	0.018803	0.031665	0.011178	1.741341	5636500.000000
2022-12-09	-0.022913	0.009013	0.022837	-0.015043	-2.552643	6385700.000000
2022-12-08	-0.019847	0.036321	0.037201	-0.015675	-2.255814	7720400.000000
2022-12-07	-0.006314	0.016664	0.028116	-0.002570	-0.722267	6099100.000000
2022-12-06	-0.031499	0.002844	0.013852	-0.030177	-3.720123	6498400.000000
2022-12-05	-0.022999	0.027925	0.031483	-0.017986	-2.780197	5478700.000000
2022-12-02	-0.007151	0.002998	0.017372	-0.003408	-0.870667	4879700.000000
2022-12-01	-0.003643	0.020212	0.025940	0.005645	-0.445229	5285100.000000
2022-11-30	-0.005956	0.030242	0.030486	-0.004005	-0.732155	8484500.000000
2022-11-29	0.003311	0.026879	0.035122	0.011372	0.405655	4909700.000000
2022-11-28	-0.023421	-0.022039	-0.003229	-0.033676	-2.938499	5648600.000000
2022-11-25	0.000552	0.011915	0.018933	0.008805	0.069252	2547800.000000
2022-11-23	-0.024927	-0.007866	0.004809	-0.021784	-3.205620	7482600.000000
2022-11-22	0.035780	0.030935	0.051473	0.018531	4.442368	5604200.000000
2022-11-21	-0.024108	-0.017184	-0.000914	-0.042572	-3.067123	6573200.000000
2022-11-18	-0.019819	-0.010699	-0.004613	-0.025414	-2.572433	5727200.000000
2022-11-17	0.015088	-0.002185	0.027376	-0.006564	1.929321	5735800.000000
2022-11-16	-0.036170	-0.000663	0.006272	-0.026969	-4.798553	7365600.000000
2022-11-15	0.007968	0.014974	0.024471	0.002210	1.048752	8300600.000000
2022-11-14	-0.003147	0.002615	0.027608	0.001858	-0.415543	6163400.000000
2022-11-11	0.034760	0.028218	0.056823	0.023202	4.435303	8662000.000000
2022-11-10	0.033530	0.037585	0.051112	0.017092	4.139656	7543900.000000
2022-11-09	-0.068283	-0.000361	0.000469	-0.057490	-9.048058	7069500.000000
2022-11-08	-0.003705	0.009769	0.017138	-0.005794	-0.492828	5039800.000000
2022-11-07	0.019800	0.017878	0.046019	0.016805	2.582336	6882400.000000
2022-11-04	-0.011209	0.038691	0.049988	-0.017034	-1.478424	10663700.000000
2022-11-03	0.057782	0.039523	0.091652	0.028857	7.204941	13209100.000000
2022-11-02	-0.009939	0.009024	0.030620	-0.001219	-1.251747	7680400.000000
2022-11-01	0.013403	0.035905	0.040572	0.021019	1.665718	5875600.000000
2022-10-31	-0.008493	0.001896	0.037080	0.001816	-1.064484	7121000.000000
2022-10-28	0.004185	0.029483	0.033409	-0.006489	0.522385	7293200.000000
2022-10-27	0.000553	0.023640	0.037668	0.011936	0.068993	8948500.000000
2022-10-26	0.021220	0.020967	0.049290	0.019821	2.592201	8139100.000000
2022-10-25	-0.009589	0.008014	0.017419	-0.003742	-1.182747	7000800.000000
2022-10-24	0.005221	0.014908	0.030148	0.012218	0.640656	5734900.000000
2022-10-21	0.022002	0.021745	0.039153	0.012583	2.641487	5886200.000000
2022-10-20	0.005780	0.026226	0.046416	0.020194	0.689934	6456100.000000
2022-10-19	0.027314	0.019143	0.046510	0.016303	3.173721	5500400.000000
2022-10-18	-0.003971	0.025039	0.028982	-0.008220	-0.463249	6826200.000000
2022-10-17	0.003391	0.030235	0.044513	0.015098	0.394257	6667000.000000
2022-10-14	-0.038944	0.000942	0.016565	-0.032535	-4.711304	7646000.000000
2022-10-13	0.055374	-0.001121	0.076608	-0.001732	6.347443	7999100.000000
2022-10-12	0.006229	0.007383	0.030031	0.000624	0.709656	6221600.000000
2022-10-11	-0.010445	-0.008785	0.025961	-0.016603	-1.202477	7602400.000000
2022-10-10	-0.014429	0.015438	0.031105	-0.011616	-1.685417	5883200.000000
2022-10-07	0.007310	0.018807	0.046576	0.011736	0.847641	9373500.000000
2022-10-06	0.014836	0.004605	0.035848	0.003642	1.695274	6388900.000000
2022-10-05	0.002681	0.020110	0.028973	-0.001740	0.305542	10073000.000000
2022-10-04	0.051378	0.037647	0.068830	0.030727	5.568810	7582900.000000
2022-10-03	0.074555	0.060086	0.098849	0.056120	7.520340	7701900.000000
2022-09-30	-0.012734	0.002543	0.017224	-0.011453	-1.301025	7172000.000000
2022-09-29	0.006408	0.000693	0.025318	-0.016053	0.650513	5929800.000000
2022-09-28	0.057929	0.029900	0.077941	0.026044	5.558929	9207500.000000
2022-09-27	-0.004435	0.051684	0.064237	0.022116	-0.427513	8779000.000000
2022-09-26	-0.013818	0.024055	0.050964	0.014131	-1.350601	8719000.000000
2022-09-23	-0.086044	-0.017304	-0.015620	-0.068641	-9.201584	10157300.000000
2022-09-22	-0.009272	0.048718	0.054740	0.018424	-1.000809	4971600.000000
2022-09-21	-0.008745	0.048456	0.055068	0.019896	-0.952232	5818000.000000
2022-09-20	-0.007088	0.026253	0.028897	0.008017	-0.777321	5655400.000000
2022-09-19	-0.002298	-0.001123	0.032355	-0.004398	-0.252625	6600600.000000
2022-09-16	-0.021028	0.029260	0.029883	-0.009659	-2.361130	14608000.000000
2022-09-15	-0.018265	0.006701	0.024887	0.002242	-2.089058	9997500.000000
2022-09-14	0.047895	0.041631	0.084693	0.039524	5.227501	9457900.000000
2022-09-13	-0.018008	0.015765	0.029171	0.006049	-2.001595	6977400.000000
2022-09-12	0.021613	0.038178	0.060790	0.036984	2.351402	6208600.000000
2022-09-09	0.033696	0.045608	0.068126	0.043898	3.546539	6085000.000000
2022-09-08	0.014612	0.034762	0.052596	0.027628	1.515778	7147200.000000
2022-09-07	-0.017214	0.002549	0.018560	-0.007494	-1.816986	6890900.000000
2022-09-06	-0.014783	0.036078	0.042425	0.008823	-1.583809	7270900.000000
2022-09-02	0.025388	0.049366	0.071953	0.043240	2.652634	6096400.000000
2022-09-01	-0.017542	0.013468	0.024375	-0.005621	-1.865578	6717300.000000
2022-08-31	-0.009502	0.004489	0.041838	-0.002962	-1.020248	6775700.000000
2022-08-30	-0.025745	0.008754	0.011840	-0.011844	-2.837234	7746900.000000
2022-08-29	0.011595	0.028895	0.059921	0.027060	1.263153	6479700.000000
2022-08-26	0.000357	0.034129	0.049097	0.023753	0.038857	6508800.000000
2022-08-25	0.014115	0.037831	0.044256	0.030381	1.515793	5241000.000000
2022-08-24	0.019087	0.025944	0.051092	0.023382	2.011322	6286100.000000
2022-08-23	0.030502	0.048632	0.082370	0.043840	3.119026	8253000.000000
2022-08-22	0.000951	0.014782	0.034652	0.003720	0.097153	6701700.000000
2022-08-19	0.002479	0.026325	0.037119	0.015923	0.252640	7067100.000000
2022-08-18	0.034728	0.042269	0.067247	0.037903	3.420227	5966500.000000
2022-08-17	0.012587	0.029171	0.055800	0.025778	1.224281	5346500.000000
2022-08-16	-0.006649	0.033665	0.042244	0.010379	-0.651001	6924400.000000
2022-08-15	-0.014860	-0.010068	0.020820	-0.018520	-1.476913	6585900.000000
2022-08-12	0.023814	0.027516	0.060581	0.023395	2.311859	6683800.000000
2022-08-11	0.045634	0.056849	0.091316	0.050386	4.236794	6481600.000000
2022-08-10	0.004921	0.032500	0.042458	0.008363	0.454628	5625500.000000
2022-08-09	0.020079	0.052238	0.074100	0.047380	1.818542	7477700.000000
2022-08-08	0.008401	0.035692	0.054286	0.033799	0.754501	4788100.000000
2022-08-05	0.033044	0.014706	0.074516	0.012175	2.872894	5848000.000000
2022-08-04	-0.015769	0.049874	0.052818	0.010705	-1.392914	7810500.000000
2022-08-03	-0.035793	0.040785	0.044387	-0.012919	-3.279167	6783300.000000
2022-08-02	-0.004101	0.033799	0.041952	0.021080	-0.377251	4653000.000000
2022-08-01	-0.023915	0.011304	0.019262	-0.005991	-2.253815	5598900.000000
2022-07-29	0.035828	0.057100	0.076224	0.048527	3.259819	7394800.000000
2022-07-28	0.008470	0.044329	0.055856	0.026373	0.764175	4656100.000000
2022-07-27	0.023932	0.044581	0.062967	0.036069	2.108727	6237800.000000
2022-07-26	-0.010429	0.049410	0.057721	0.010439	-0.928627	7127000.000000
2022-07-25	0.044480	0.049400	0.080838	0.029811	3.791847	5815100.000000
2022-07-22	-0.008996	0.037054	0.048446	0.017640	-0.773849	6243500.000000
2022-07-21	-0.019623	-0.004494	0.014994	-0.009965	-1.721817	8016700.000000
2022-07-20	0.025203	0.025270	0.065813	0.019077	2.157097	7720500.000000
2022-07-19	0.040085	0.037931	0.078034	0.031490	3.298523	6674800.000000
2022-07-18	0.026300	0.056872	0.077451	0.055750	2.108719	7057600.000000
2022-07-15	0.015684	0.062428	0.063314	0.036459	1.238159	5899000.000000
2022-07-14	-0.018048	-0.007001	0.017131	-0.026032	-1.450958	8890200.000000
2022-07-13	-0.004074	0.020296	0.055355	0.020296	-0.328880	5535300.000000
2022-07-12	-0.024547	-0.002333	0.015552	-0.013813	-2.031357	5573100.000000
2022-07-11	-0.010525	0.023396	0.035473	0.006657	-0.880241	4685700.000000
2022-07-08	0.001274	0.047926	0.051877	0.013686	0.106407	5615500.000000
2022-07-07	0.036117	0.069152	0.081805	0.062826	2.911591	8072400.000000
2022-07-06	-0.015359	0.022440	0.046624	-0.017500	-1.257492	12130900.000000
2022-07-05	-0.069686	0.015277	0.015277	-0.056195	-6.132729	13483600.000000
2022-07-01	0.013027	0.058202	0.062576	0.016533	1.131744	6005000.000000
2022-06-30	-0.018041	-0.031708	0.002733	-0.039689	-1.650002	12748900.000000
2022-06-29	-0.039488	0.017538	0.023419	-0.041378	-3.760002	7990100.000000
2022-06-28	0.032419	0.029817	0.052477	0.014312	2.989998	8903000.000000
2022-06-27	0.014520	0.007370	0.031680	0.000440	1.320000	8986100.000000
2022-06-24	0.034361	0.024007	0.047332	0.005348	3.020004	12282400.000000
2022-06-23	-0.055556	0.007415	0.012250	-0.062325	-5.169998	13554900.000000
2022-06-22	-0.062651	-0.064766	-0.042607	-0.078767	-6.220001	11284200.000000
2022-06-21	0.059100	0.024323	0.067847	0.023896	5.540001	10454900.000000
2022-06-17	-0.084749	-0.009080	-0.000781	-0.093829	-8.680000	24455100.000000
2022-06-16	-0.063203	-0.039513	-0.028537	-0.075002	-6.910004	11848400.000000
2022-06-15	-0.019374	0.000000	0.005113	-0.034981	-2.159996	7681400.000000
2022-06-14	-0.002416	0.020222	0.039370	-0.015390	-0.270004	7737700.000000
2022-06-13	-0.043396	-0.037490	-0.024052	-0.072413	-5.070000	9516900.000000
2022-06-10	-0.014592	-0.013158	0.009109	-0.027497	-1.729996	7298800.000000
2022-06-09	-0.027080	-0.010176	-0.000657	-0.028147	-3.300003	6643000.000000
2022-06-08	-0.006927	0.000082	0.011165	-0.009861	-0.849998	7010900.000000
2022-06-07	0.045408	-0.001704	0.045408	-0.002130	5.330002	8559000.000000
2022-06-06	-0.006265	0.000593	0.005841	-0.012699	-0.740005	5608400.000000
2022-06-03	0.027488	0.004262	0.030097	0.001392	3.160004	5387100.000000
2022-06-02	-0.006825	-0.012873	0.001728	-0.022808	-0.790001	5042700.000000
2022-06-01	0.030171	0.017800	0.043966	0.016198	3.389999	7246600.000000
2022-05-31	-0.019546	0.014223	0.029581	-0.028621	-2.239998	17278500.000000
2022-05-27	0.012815	-0.008838	0.012815	-0.011312	1.449997	6788700.000000
2022-05-26	0.017536	0.012860	0.030576	0.008813	1.950005	6159000.000000
2022-05-25	0.015711	0.004293	0.018725	0.000639	1.719994	6707000.000000
2022-05-24	0.004219	-0.009815	0.008806	-0.024949	0.460007	6859100.000000
2022-05-23	0.038088	0.009712	0.041992	0.007141	4.000000	8646900.000000
2022-05-20	0.003919	0.004971	0.028104	-0.023134	0.409996	6717700.000000
2022-05-19	0.001244	-0.025364	0.021344	-0.025364	0.129997	6784100.000000
2022-05-18	-0.023734	0.006541	0.010092	-0.039806	-2.539993	8957000.000000
2022-05-17	0.014408	0.014976	0.026540	0.001991	1.519997	6577500.000000
2022-05-16	0.025168	0.001652	0.040618	-0.002624	2.589996	7990600.000000
2022-05-13	0.033233	0.012349	0.042269	0.011044	3.310005	6549900.000000
2022-05-12	0.005654	-0.005957	0.006260	-0.036046	0.559998	7244400.000000
2022-05-11	0.010612	0.017449	0.049898	0.008163	1.040001	6651600.000000
2022-05-10	0.008230	0.017284	0.044444	-0.012654	0.800003	7845900.000000
2022-05-09	-0.097409	-0.023401	-0.020336	-0.104095	-10.490005	9750900.000000
2022-05-06	0.046957	0.012736	0.047151	-0.000583	4.830002	9213100.000000
2022-05-05	-0.009628	0.007029	0.026285	-0.032062	-1.000000	10593000.000000
2022-05-04	0.049833	0.020924	0.053169	0.001819	4.930000	7989800.000000
2022-05-03	0.031380	0.007923	0.037636	0.002294	3.010002	5748000.000000
2022-05-02	0.004188	-0.013086	0.005549	-0.030779	0.400002	6980500.000000
2022-04-29	-0.020810	0.002050	0.012916	-0.026961	-2.030006	8777700.000000
2022-04-28	0.048249	-0.000215	0.058027	-0.019987	4.490005	9520600.000000
2022-04-27	0.019054	0.004380	0.028581	-0.027924	1.739998	6765800.000000
2022-04-26	-0.003709	0.009273	0.028693	-0.003928	-0.340004	5970100.000000
2022-04-25	-0.045308	-0.031351	-0.026976	-0.075096	-4.349998	11913400.000000
2022-04-22	-0.026959	-0.008108	0.007905	-0.029391	-2.659996	6483900.000000
2022-04-21	-0.038960	0.004383	0.010617	-0.042466	-4.000000	6290600.000000
2022-04-20	0.010930	0.005317	0.018807	-0.001772	1.110001	6059200.000000
2022-04-19	-0.018459	-0.006185	0.001063	-0.023678	-1.910004	5331700.000000
2022-04-18	0.020716	0.013219	0.027030	0.003255	2.099998	4867000.000000
2022-04-14	0.011374	-0.000399	0.021451	-0.003891	1.139999	6337800.000000
2022-04-13	0.002300	0.010800	0.017300	-0.010800	0.230003	7365100.000000
2022-04-12	0.020616	0.021127	0.039804	0.014595	2.019997	7412100.000000
2022-04-11	-0.049199	-0.011160	-0.010189	-0.051043	-5.070000	7002200.000000
2022-04-08	0.030912	0.007303	0.033513	0.005702	3.090004	6175200.000000
2022-04-07	0.024810	0.012200	0.027271	-0.006459	2.419998	6285300.000000
2022-04-06	-0.005201	0.017338	0.021622	-0.012545	-0.510002	5680000.000000
2022-04-05	-0.024863	0.002984	0.011039	-0.026355	-2.500000	5708100.000000
2022-04-04	-0.000298	0.008252	0.013223	-0.009545	-0.029999	4946500.000000
2022-04-01	0.005800	0.001500	0.016600	-0.007200	0.580002	6934100.000000
2022-03-31	-0.010880	-0.010880	0.013353	-0.016815	-1.099998	9777900.000000
2022-03-30	0.004072	0.006455	0.020558	-0.000894	0.409996	6069200.000000
2022-03-29	-0.027150	-0.033913	-0.024734	-0.054686	-2.809998	10977600.000000
2022-03-28	-0.037209	-0.022698	-0.021953	-0.041767	-4.000000	6091100.000000
2022-03-25	0.028315	-0.003539	0.028506	-0.006887	2.959999	7833800.000000
2022-03-24	0.001629	0.005749	0.014180	-0.005940	0.169998	6192500.000000
2022-03-23	0.025548	0.014248	0.031935	0.013953	2.600006	7681500.000000
2022-03-22	-0.009634	-0.000876	0.001070	-0.023745	-0.990005	6377500.000000
2022-03-21	0.031727	0.015763	0.043876	0.012751	3.160004	8107400.000000
2022-03-18	0.007791	0.002833	0.013356	-0.003643	0.769997	16146900.000000
2022-03-17	0.042291	0.019300	0.044822	0.017823	4.010002	8868300.000000
2022-03-16	-0.002420	0.001578	0.007470	-0.009995	-0.230003	9314200.000000
2022-03-15	-0.015536	-0.038219	-0.007561	-0.043812	-1.500000	8863600.000000
2022-03-14	-0.018901	-0.010466	-0.008739	-0.042679	-1.860001	10532200.000000
2022-03-11	-0.013137	-0.008925	0.013438	-0.015644	-1.309998	7666500.000000
2022-03-10	0.036483	0.011122	0.037626	0.002391	3.510002	9481000.000000
2022-03-09	-0.026215	-0.034818	-0.000810	-0.061134	-2.590004	12656200.000000
2022-03-08	-0.024390	0.002370	0.031303	-0.053422	-2.469994	17231400.000000
2022-03-07	0.009973	0.012167	0.034906	-0.011469	1.000000	13788800.000000
2022-03-04	0.029360	0.002053	0.030079	0.000308	2.859993	10977300.000000
2022-03-03	-0.006426	-0.008568	0.001530	-0.024582	-0.629997	8704900.000000
2022-03-02	0.011139	0.014542	0.031044	0.002372	1.080002	16168000.000000
2022-03-01	0.022138	0.010436	0.037951	-0.000632	2.099998	14453500.000000
2022-02-28	0.039334	-0.006574	0.041635	-0.015558	3.590004	15096000.000000
2022-02-25	0.040351	0.007409	0.043201	0.001026	3.539993	10563000.000000
2022-02-24	-0.005667	0.020061	0.022895	-0.033322	-0.500000	11509300.000000
2022-02-23	0.004554	0.001936	0.018786	-0.005465	0.400002	7355000.000000
2022-02-22	-0.020083	0.034587	0.035925	-0.035814	-1.799995	9267500.000000
2022-02-18	-0.016784	-0.017003	-0.005704	-0.026986	-1.530006	6574800.000000
2022-02-17	0.010531	-0.000554	0.018180	-0.000554	0.950005	6842800.000000
2022-02-16	0.005910	0.001004	0.024755	-0.000446	0.529999	6854400.000000
2022-02-15	-0.020426	-0.031349	-0.017805	-0.041726	-1.870003	8379300.000000
2022-02-14	-0.021065	-0.010907	-0.008554	-0.035393	-1.969994	7274400.000000
2022-02-11	0.022635	0.004265	0.024494	-0.001094	2.069992	9580800.000000
2022-02-10	-0.011189	-0.002647	0.019951	-0.012919	-1.034790	7149900.000000
2022-02-09	0.017738	0.007231	0.034852	0.004150	1.611885	6973200.000000
2022-02-08	-0.017323	-0.005676	0.007301	-0.026762	-1.601936	7481500.000000
2022-02-07	0.011647	-0.010833	0.030848	-0.018928	1.064644	8420600.000000
2022-02-04	0.011005	0.017528	0.049934	0.014763	0.994995	12035300.000000
2022-02-03	-0.014532	0.011243	0.013096	-0.024834	-1.333290	13258500.000000
2022-02-02	0.007319	-0.006937	0.016778	-0.023077	0.666641	8803400.000000
2022-02-01	0.032950	-0.008806	0.042115	-0.010847	2.905388	9424900.000000
2022-01-31	-0.006725	0.000074	0.007396	-0.020879	-0.597000	7539800.000000
2022-01-28	-0.004907	-0.013802	0.005703	-0.016940	-0.437798	11561400.000000
2022-01-27	0.029864	0.026848	0.035968	0.013688	2.586990	9624600.000000
2022-01-26	-0.000574	0.023605	0.029028	-0.003623	-0.049751	9416400.000000
2022-01-25	0.049265	0.006241	0.056359	-0.015550	4.069534	8514800.000000
2022-01-24	0.003627	-0.019513	0.013899	-0.042840	0.298492	9505400.000000
2022-01-21	-0.033983	-0.003420	-0.001073	-0.035814	-2.895432	10625600.000000
2022-01-20	-0.018905	-0.009133	0.018733	-0.016618	-1.641739	7707700.000000
2022-01-19	-0.002628	0.009394	0.015711	-0.015528	-0.228851	7370100.000000
2022-01-18	0.008877	0.019629	0.032491	-0.005630	0.766144	10782900.000000
2022-01-14	0.037312	0.012241	0.044092	0.008035	3.104385	7946600.000000
2022-01-13	-0.009242	-0.000448	0.010508	-0.009379	-0.776100	6814000.000000
2022-01-12	0.009690	0.009960	0.016452	-0.000861	0.805954	7740100.000000
2022-01-11	0.031593	0.012224	0.039015	0.000069	2.547188	8510600.000000
2022-01-10	0.004836	0.005155	0.011511	-0.012792	0.388046	9125400.000000
2022-01-07	0.027392	0.009896	0.036273	0.003622	2.139236	10838800.000000
2022-01-06	0.037541	0.033859	0.046746	0.021637	2.825783	8679000.000000
2022-01-05	-0.017150	0.018218	0.022005	-0.013903	-1.313393	9034500.000000
2022-01-04	0.043378	0.015793	0.054212	0.011978	3.183990	9189300.000000
2022-01-03	0.022028	0.002941	0.029815	0.002802	1.582039	5769900.000000
2021-12-31	0.001387	0.001265	0.013257	-0.000547	0.099503	3453900.000000
2021-12-30	-0.008777	0.010030	0.018599	-0.002132	-0.635033	3340200.000000
2021-12-29	-0.002735	0.009748	0.016915	-0.001554	-0.198456	3947300.000000
2021-12-28	-0.001229	0.010572	0.017593	0.003414	-0.089294	3383700.000000
2021-12-27	0.028375	0.007819	0.036982	-0.002516	2.004326	3967800.000000
2021-12-23	0.001547	0.010796	0.022848	0.007251	0.109138	3902700.000000
2021-12-22	0.005659	0.005252	0.021222	-0.003874	0.396904	3775100.000000
2021-12-21	0.030321	0.020012	0.040727	0.018103	2.063866	6324800.000000
2021-12-20	-0.000146	-0.015096	0.008259	-0.029639	-0.009926	11485000.000000
2021-12-17	-0.043096	-0.003426	-0.000615	-0.037161	-3.066025	22913100.000000
2021-12-16	0.014001	0.022357	0.041313	0.016513	0.982323	7068200.000000
2021-12-15	0.000424	0.006821	0.015519	-0.020842	0.029762	6805600.000000
2021-12-14	-0.004787	0.001291	0.018036	-0.006230	-0.337357	6669300.000000
2021-12-13	-0.033610	-0.000684	0.002882	-0.032911	-2.450844	5719100.000000
2021-12-10	0.012957	0.019487	0.023099	-0.005517	0.932709	6065000.000000
2021-12-09	-0.021050	0.005779	0.005779	-0.014620	-1.547897	6511600.000000
2021-12-08	-0.006169	0.008495	0.018631	-0.005426	-0.456429	6313200.000000
2021-12-07	0.024173	0.026505	0.051420	0.025675	1.746346	8136600.000000
2021-12-06	0.023907	0.027519	0.041833	0.015188	1.686806	6200100.000000
2021-12-03	-0.002105	0.020689	0.031579	-0.007456	-0.148834	6995700.000000
2021-12-02	0.029769	0.007673	0.043500	-0.006163	2.044022	8410900.000000
2021-12-01	-0.013261	0.034836	0.037279	-0.006265	-0.922791	10070500.000000
2021-11-30	-0.027997	-0.012575	0.009076	-0.022074	-2.004333	15723700.000000
2021-11-29	0.009373	0.036017	0.053218	0.014445	0.664810	9191600.000000
2021-11-26	-0.044768	-0.050094	-0.035414	-0.066121	-3.324020	10258700.000000
2021-11-24	0.014232	0.000306	0.031177	-0.000104	1.041870	7215800.000000
2021-11-23	0.026290	0.022118	0.047492	0.021137	1.875336	9107200.000000
2021-11-22	0.032754	0.008253	0.054438	0.007819	2.262306	7445600.000000
2021-11-19	-0.042767	-0.017127	-0.011861	-0.038054	-3.085876	8817100.000000
2021-11-18	0.010421	0.009919	0.025183	0.002777	0.744179	6548800.000000
2021-11-17	-0.009223	0.000604	0.025716	-0.004807	-0.664795	7628600.000000
2021-11-16	-0.001100	0.011699	0.022925	0.005740	-0.079384	7451100.000000
2021-11-15	0.004975	0.006008	0.022164	-0.000817	0.357208	6181400.000000
2021-11-12	0.003050	0.000135	0.013407	-0.001122	0.218300	5329600.000000
2021-11-11	-0.011781	0.011960	0.016931	-0.006125	-0.853333	7784500.000000
2021-11-10	-0.036304	-0.008812	-0.002559	-0.029700	-2.728668	7484700.000000
2021-11-09	-0.002371	0.006226	0.008615	-0.008242	-0.178604	6049800.000000
2021-11-08	0.006362	0.010757	0.030526	0.007952	0.476280	6957700.000000
2021-11-05	0.029191	0.025003	0.042187	0.016205	2.123398	6987600.000000
2021-11-04	0.007836	0.025276	0.036083	0.009620	0.565575	8573500.000000
2021-11-03	-0.003971	0.002575	0.016927	-0.002945	-0.287743	9311800.000000
2021-11-02	-0.020914	0.007143	0.016736	-0.016232	-1.547897	10891900.000000
2021-11-01	0.001342	0.014042	0.020266	0.006872	0.099220	11944600.000000
2021-10-29	-0.008782	-0.001837	0.009830	-0.008006	-0.654884	8079300.000000
2021-10-28	0.009674	0.007006	0.020140	0.003621	0.714417	5195900.000000
2021-10-27	-0.027948	-0.005475	0.009003	-0.022717	-2.123398	9025600.000000
2021-10-26	0.006665	0.016126	0.028580	0.013211	0.503021	5898200.000000
2021-10-25	0.010565	0.025121	0.044134	0.020300	0.789055	7471200.000000
2021-10-22	0.015150	0.021077	0.034126	0.019310	1.114540	7170200.000000
2021-10-21	-0.018811	0.008939	0.008939	-0.011600	-1.410431	5836300.000000
2021-10-20	0.009294	0.005797	0.024373	0.003374	0.690414	5506000.000000
2021-10-19	0.011007	0.018500	0.032245	0.012240	0.808777	6589400.000000
2021-10-18	0.004856	0.022489	0.035890	0.013736	0.355080	9917700.000000
2021-10-15	0.003927	0.024582	0.028700	0.017717	0.286034	6945100.000000
2021-10-14	0.008466	0.028549	0.032979	0.008474	0.611511	8152600.000000
2021-10-13	-0.002452	0.000615	0.018707	-0.013058	-0.177536	8517500.000000
2021-10-12	-0.007571	0.016203	0.022645	0.000852	-0.552338	7635600.000000
2021-10-11	-0.012680	0.016715	0.021993	-0.001960	-0.936996	9585200.000000
2021-10-08	0.047686	0.023514	0.064772	0.023514	3.363335	12310500.000000
2021-10-07	-0.004178	0.016697	0.018391	-0.003069	-0.295891	11521300.000000
2021-10-06	0.001115	-0.004926	0.019244	-0.013548	0.078903	10613500.000000
2021-10-05	0.003357	0.022524	0.033303	0.002811	0.236710	11270100.000000
2021-10-04	0.019829	0.024721	0.050176	0.021539	1.370995	12423500.000000
2021-10-01	0.034381	0.022999	0.052172	0.021952	2.298111	13482300.000000
2021-09-30	-0.003968	0.016555	0.026539	0.009105	-0.266312	15845900.000000
2021-09-29	0.003540	0.011331	0.024042	-0.003922	0.236725	10563700.000000
2021-09-28	0.016339	0.026640	0.043206	0.020864	1.075081	14995200.000000
2021-09-27	0.025992	0.040070	0.043968	0.026036	1.666878	13508700.000000
2021-09-24	0.020562	0.015146	0.045383	0.011168	1.292072	11128300.000000
2021-09-23	0.023289	0.013710	0.044162	0.013710	1.430161	11886800.000000
2021-09-22	0.049385	0.028911	0.074709	0.028911	2.889904	15753000.000000
2021-09-21	0.039601	0.038745	0.062906	0.025421	2.229076	13923100.000000
2021-09-20	-0.031398	-0.010734	-0.001786	-0.031211	-1.824684	10001800.000000
2021-09-17	-0.005234	0.011134	0.025513	0.006170	-0.305756	13741300.000000
2021-09-16	-0.001517	0.013190	0.019684	0.004302	-0.088772	8773100.000000
2021-09-15	0.041798	0.034350	0.058744	0.033816	2.347431	10766000.000000
2021-09-14	-0.011287	0.024964	0.026197	-0.003380	-0.641106	7880700.000000
2021-09-13	0.033375	0.029155	0.056626	0.029155	1.834553	8456500.000000
2021-09-10	0.002699	0.032662	0.035034	0.011684	0.147945	5055200.000000
2021-09-09	0.005427	0.011489	0.036983	0.005620	0.295895	6285800.000000
2021-09-08	-0.012504	0.020031	0.025283	-0.000435	-0.690422	5228900.000000
2021-09-07	-0.004623	0.007564	0.018200	-0.002712	-0.256443	6632600.000000
2021-09-03	-0.006360	0.009216	0.020143	0.002051	-0.355072	7954200.000000
2021-09-02	0.035682	0.025190	0.057100	0.024262	1.923313	6696600.000000
2021-09-01	-0.015847	0.014421	0.020994	-0.006393	-0.867954	9319800.000000
2021-08-31	-0.011922	0.005755	0.016218	-0.002363	-0.660835	10500500.000000
2021-08-30	-0.009517	0.018162	0.021021	0.003867	-0.532608	4838600.000000
2021-08-27	0.029204	0.026011	0.050471	0.021046	1.587971	6549100.000000
2021-08-26	-0.015887	0.008987	0.015140	-0.005311	-0.877827	5209000.000000
2021-08-25	0.011009	0.014605	0.031805	0.007286	0.601658	6125200.000000
2021-08-24	0.011316	0.021090	0.030527	0.011098	0.611515	6245500.000000
2021-08-23	0.038279	0.040387	0.059216	0.037890	1.992359	8022200.000000
2021-08-20	0.006293	0.002853	0.024507	-0.002561	0.325485	7068200.000000
2021-08-19	-0.020362	-0.002415	0.003456	-0.026280	-1.075085	11306400.000000
2021-08-18	-0.018158	0.011270	0.023915	-0.005839	-0.976452	6647700.000000
2021-08-17	-0.005291	0.006474	0.025527	0.003514	-0.286034	6497900.000000
2021-08-16	-0.020725	0.000287	0.006809	-0.010944	-1.144127	7464600.000000
2021-08-13	-0.018759	0.012273	0.017250	-0.007279	-1.055363	7399800.000000
2021-08-12	-0.002623	0.012987	0.020787	0.002173	-0.147942	4729200.000000
2021-08-11	0.012571	0.012078	0.029670	0.004359	0.700283	6071800.000000
2021-08-10	0.018575	0.021187	0.038192	0.019541	1.015903	6781800.000000
2021-08-09	-0.018584	-0.001021	0.007951	-0.008916	-1.035629	5410600.000000
2021-08-06	0.009830	0.025471	0.035981	0.016591	0.542473	5038900.000000
2021-08-05	0.018569	0.023656	0.045066	0.016088	1.006042	6573100.000000
2021-08-04	-0.030191	-0.009576	0.011367	-0.017094	-1.686600	7629600.000000
2021-08-03	0.022752	0.008564	0.039321	-0.002054	1.242756	9888200.000000
2021-08-02	-0.012130	0.022373	0.044619	0.000671	-0.670692	8469500.000000
2021-07-30	-0.017870	0.008189	0.010676	-0.010284	-1.006046	8660100.000000
2021-07-29	0.006347	0.026386	0.033893	0.016376	0.355076	6306400.000000
2021-07-28	0.006923	0.016573	0.028632	0.004514	0.384663	6167200.000000
2021-07-27	-0.009495	0.001215	0.009416	-0.013403	-0.532608	7363600.000000
2021-07-26	0.027647	0.020652	0.050698	0.018087	1.509060	8756300.000000
2021-07-23	-0.016003	0.009547	0.014594	-0.013168	-0.887680	10623800.000000
2021-07-22	-0.006138	0.021625	0.025029	0.006575	-0.342594	6765500.000000
2021-07-21	0.046815	0.045257	0.076955	0.043007	2.496025	9378000.000000
2021-07-20	0.014339	0.017820	0.051113	0.013635	0.753700	9358200.000000
2021-07-19	-0.032432	-0.016479	-0.000464	-0.027707	-1.761898	13342100.000000
2021-07-16	-0.027680	0.032722	0.036302	-0.010055	-1.546558	8805300.000000
2021-07-15	-0.010231	0.009756	0.031368	0.006036	-0.577507	8723300.000000
2021-07-14	-0.030104	0.029013	0.041384	-0.014800	-1.752110	8489600.000000
2021-07-13	-0.005686	0.016329	0.024871	0.004541	-0.332806	6510400.000000
2021-07-12	-0.005488	0.000897	0.026892	-0.002161	-0.323013	6063100.000000
2021-07-09	0.015538	0.030942	0.043193	0.023868	0.900528	6973700.000000
2021-07-08	0.003389	0.008467	0.032532	0.003966	0.195763	10551500.000000
2021-07-07	-0.021068	0.016880	0.030099	-0.006339	-1.243118	8239600.000000
2021-07-06	-0.039362	0.022114	0.023904	-0.019728	-2.417713	11699400.000000
2021-07-02	-0.002067	0.014801	0.026337	0.000666	-0.127251	7635000.000000
2021-07-01	0.032512	0.051653	0.066416	0.045950	1.938091	11637200.000000
2021-06-30	0.031329	0.046366	0.054497	0.034774	1.810841	9309600.000000
2021-06-29	-0.009062	0.030369	0.032083	0.008767	-0.528576	6437000.000000
2021-06-28	-0.028054	0.018459	0.019292	-0.010702	-1.683590	7647300.000000
2021-06-25	-0.001303	0.026784	0.027616	0.015468	-0.078304	8099200.000000
2021-06-24	0.010369	0.025156	0.034236	0.014227	0.616665	6424400.000000
2021-06-23	-0.000494	0.026835	0.047842	0.020953	-0.029369	8184000.000000
2021-06-22	0.005624	0.016555	0.032948	0.007936	0.332802	6745100.000000
2021-06-21	0.050756	0.034056	0.074899	0.033701	2.858196	8234300.000000
2021-06-18	-0.025081	0.002062	0.025088	-0.004863	-1.448673	18583800.000000
2021-06-17	-0.034680	0.017781	0.028979	-0.021493	-2.075123	13667200.000000
2021-06-16	-0.000654	0.020289	0.031813	0.011437	-0.039154	9745800.000000
2021-06-15	0.014260	0.028232	0.042800	0.024335	0.841793	7835700.000000
2021-06-14	0.005670	0.033209	0.040364	0.019581	0.332806	7744300.000000
2021-06-11	-0.003324	0.027228	0.034529	0.015343	-0.195766	8117000.000000
2021-06-10	0.008210	0.044393	0.049014	0.014778	0.479626	9396000.000000
2021-06-09	-0.013064	0.024328	0.028552	0.006589	-0.773273	7026300.000000
2021-06-08	0.011035	0.015134	0.035461	0.001469	0.646027	7345200.000000
2021-06-07	-0.000668	0.020942	0.033233	0.017187	-0.039154	5405100.000000
2021-06-04	0.006390	0.027638	0.032963	0.011833	0.371956	6504800.000000
2021-06-03	0.008137	0.016949	0.039117	0.014178	0.469837	8280800.000000
2021-06-02	0.012356	0.028463	0.041612	0.012333	0.704762	6103300.000000
2021-06-01	0.045389	0.046185	0.071845	0.045635	2.476448	9943600.000000
2021-05-28	0.003782	0.026593	0.029352	0.017762	0.205559	5745400.000000
2021-05-27	0.001985	0.027340	0.038216	0.016095	0.107670	7484100.000000
2021-05-26	0.009840	0.025162	0.034284	0.017716	0.528568	6716000.000000
2021-05-25	-0.021747	0.019804	0.026724	-0.002595	-1.194172	8090600.000000
2021-05-24	0.008086	0.030253	0.032823	0.014465	0.440468	6372800.000000
2021-05-21	0.004694	0.033983	0.040807	0.024945	0.254498	6032300.000000
2021-05-20	-0.003418	0.022912	0.023096	0.004163	-0.185978	8798800.000000
2021-05-19	-0.029848	-0.002449	0.008072	-0.022421	-1.673805	9406200.000000
2021-05-18	-0.017324	0.021100	0.027583	-0.001856	-0.988613	10322000.000000
2021-05-17	0.031493	0.013491	0.054342	0.013491	1.742317	11441900.000000
2021-05-14	0.042035	0.036693	0.067018	0.036505	2.231735	6419900.000000
2021-05-13	-0.018458	0.009608	0.024768	-0.009619	-0.998405	7581500.000000
2021-05-12	-0.000538	0.036781	0.066345	0.024771	-0.029137	7925100.000000
2021-05-11	-0.022456	0.007719	0.024517	-0.003841	-1.243237	9741400.000000
2021-05-10	-0.001751	0.049589	0.069964	0.027050	-0.097126	8801700.000000
2021-05-07	0.025135	0.017930	0.059889	0.013309	1.359783	9645500.000000
2021-05-06	0.004690	0.030689	0.034775	-0.002925	0.252529	9648200.000000
2021-05-05	0.054594	0.064436	0.090288	0.042305	2.787560	12715300.000000
2021-05-04	-0.003223	0.009858	0.035236	0.008101	-0.165115	12834300.000000
2021-05-03	0.031287	0.045278	0.065612	0.038030	1.554043	9325100.000000
2021-04-30	-0.037455	0.011165	0.027249	-0.012282	-1.932835	9448200.000000
2021-04-29	0.001697	0.048210	0.057915	0.025887	0.087410	9446900.000000
2021-04-28	0.033918	0.037603	0.070718	0.037001	1.690025	8897100.000000
2021-04-27	0.020895	0.033468	0.059079	0.029780	1.019836	8309600.000000
2021-04-26	0.010660	0.027918	0.054424	0.027090	0.514771	6642400.000000
2021-04-23	0.005257	0.028950	0.040816	0.023330	0.252533	5670100.000000
2021-04-22	-0.011591	0.029575	0.030398	0.012086	-0.563347	6582700.000000
2021-04-21	0.028572	0.016454	0.060896	0.012644	1.350079	7718900.000000
2021-04-20	-0.044017	0.021685	0.024517	-0.020397	-2.175655	11928600.000000
2021-04-19	-0.003915	0.033605	0.042472	0.019297	-0.194260	6587700.000000
2021-04-16	-0.015607	0.036320	0.037510	0.012514	-0.786728	7665500.000000
2021-04-15	-0.014993	0.029770	0.031920	0.011598	-0.767307	6763700.000000
2021-04-14	0.037409	0.041535	0.085726	0.041535	1.845417	8342200.000000
2021-04-13	-0.001376	0.021882	0.039089	0.020060	-0.067982	6980000.000000
2021-04-12	-0.007222	0.040025	0.049873	0.021335	-0.359371	8564000.000000
2021-04-09	-0.000195	0.032187	0.044645	0.023145	-0.009716	6665300.000000
2021-04-08	-0.021764	0.014636	0.018567	0.003236	-1.107254	10040800.000000
2021-04-07	-0.003804	0.033687	0.040932	0.020959	-0.194252	12408400.000000
2021-04-06	0.007087	0.037660	0.058169	0.033519	0.359375	6253600.000000
2021-04-05	-0.033506	0.027478	0.027478	-0.009878	-1.758015	10460000.000000
2021-04-01	0.019823	0.032490	0.050372	0.021022	1.019840	10165000.000000
2021-03-31	-0.008609	0.027262	0.034585	0.014544	-0.446789	9293100.000000
2021-03-30	-0.007615	0.017336	0.035694	0.014276	-0.398220	7910200.000000
2021-03-29	-0.021802	0.019474	0.019848	-0.006341	-1.165531	7901000.000000
2021-03-26	0.027441	0.050524	0.059365	0.038416	1.427776	8723100.000000
2021-03-25	0.006766	0.007323	0.040991	-0.002158	0.349663	9275200.000000
2021-03-24	0.029008	0.050481	0.074174	0.048888	1.456909	9671100.000000
2021-03-23	-0.010146	0.007501	0.040217	-0.004127	-0.514778	11853800.000000
2021-03-22	-0.006844	0.034664	0.037600	0.018614	-0.349655	11003000.000000
2021-03-19	-0.014612	0.027839	0.043848	0.009708	-0.757599	26925500.000000
2021-03-18	-0.060707	0.021966	0.025046	-0.037820	-3.350899	12297200.000000
2021-03-17	0.004419	0.024844	0.039583	0.010286	0.242825	9461700.000000
2021-03-16	-0.027166	0.010456	0.016121	-0.009194	-1.534615	9399900.000000
2021-03-15	-0.017402	0.006962	0.018790	-0.009041	-1.000416	9825200.000000
2021-03-12	-0.010697	0.036630	0.040588	0.014948	-0.621620	6758400.000000
2021-03-11	0.006900	0.031134	0.059377	0.029228	0.398228	9328100.000000
2021-03-10	0.026252	0.028863	0.062827	0.020328	1.476334	12002400.000000
2021-03-09	-0.014971	0.026947	0.043938	0.006279	-0.854721	10193200.000000
2021-03-08	0.007542	0.037163	0.057811	0.018104	0.427361	11283400.000000
2021-03-05	0.048903	0.073631	0.101212	0.057156	2.641872	18699600.000000
2021-03-04	0.036526	0.035331	0.093468	0.029959	1.903702	15181000.000000
2021-03-03	0.026396	0.037058	0.078415	0.034892	1.340355	8007500.000000
2021-03-02	-0.006273	0.027618	0.042882	0.022334	-0.320526	7741100.000000
2021-03-01	0.011536	0.058477	0.068176	0.032742	0.582771	7182500.000000
2021-02-26	-0.019234	0.021226	0.026274	-0.012556	-0.990700	13234100.000000
2021-02-25	-0.029998	0.035225	0.045394	-0.020331	-1.592888	12864500.000000
2021-02-24	0.049328	0.027599	0.084709	0.016927	2.496170	12286600.000000
2021-02-23	0.023978	0.052238	0.062356	0.004888	1.184959	10796500.000000
2021-02-22	0.050805	0.045522	0.098894	0.037868	2.389332	12331000.000000
2021-02-19	0.015307	0.028711	0.048573	0.025689	0.709030	8502500.000000
2021-02-18	-0.033833	0.022066	0.024777	-0.006510	-1.622032	8382200.000000
2021-02-17	0.010440	0.036741	0.042853	0.017140	0.495354	9055700.000000
2021-02-16	0.035835	0.047913	0.074766	0.043984	1.641453	11066700.000000
2021-02-12	0.015504	0.022259	0.046867	0.018712	0.699322	8805400.000000
2021-02-11	-0.008116	0.022538	0.022978	-0.005829	-0.369087	8939100.000000
2021-02-10	0.007893	0.045901	0.063854	0.028614	0.356106	10853200.000000
2021-02-09	0.002138	0.026592	0.053690	0.018596	0.096241	8990300.000000
2021-02-08	0.053129	0.058445	0.104759	0.054936	2.271351	12181600.000000
2021-02-05	0.009316	0.059806	0.060515	0.040919	0.394600	9543400.000000
2021-02-04	0.018514	0.048649	0.058508	0.024122	0.769947	11372300.000000
2021-02-03	0.054674	0.046132	0.106490	0.040045	2.155853	11133600.000000
2021-02-02	0.006387	0.060470	0.079612	0.043880	0.250237	8834000.000000
2021-02-01	0.016987	0.049413	0.063689	0.030465	0.654457	9229400.000000
2021-01-29	-0.026271	0.026393	0.047876	0.010470	-1.039440	11660400.000000
2021-01-28	0.011316	0.050788	0.064335	0.032129	0.442726	10283300.000000
2021-01-27	-0.024712	0.021580	0.049251	0.002385	-0.991310	8841600.000000
2021-01-26	-0.021137	0.050987	0.066361	0.015361	-0.866192	7616300.000000
2021-01-25	-0.002577	0.025401	0.037570	0.003739	-0.105865	10739700.000000
2021-01-22	-0.011577	0.011846	0.033979	0.004388	-0.481216	9535400.000000
2021-01-21	-0.047840	0.040176	0.046819	-0.021900	-2.088490	16897000.000000
2021-01-20	-0.013913	0.047388	0.050099	0.023219	-0.615955	21178000.000000
2021-01-19	0.019504	0.039721	0.062750	0.033043	0.846943	14498800.000000
2021-01-15	-0.057447	0.026224	0.026224	-0.033465	-2.646702	30004600.000000
2021-01-14	0.017861	0.047647	0.066868	0.033286	0.808449	12857900.000000
2021-01-13	-0.008224	0.037497	0.040126	0.021063	-0.375347	11839900.000000
2021-01-12	0.045414	0.054149	0.091944	0.047277	1.982613	13013700.000000
2021-01-11	0.014765	0.025084	0.062507	0.006721	0.635204	10839600.000000
2021-01-08	0.000000	0.046004	0.057161	0.027176	0.000000	9448700.000000
2021-01-07	0.027350	0.051926	0.074373	0.041180	1.145302	9648200.000000
2021-01-06	0.039914	0.056166	0.091429	0.041017	1.607269	11035300.000000
2021-01-05	0.057367	0.056624	0.125682	0.050322	2.184731	12393600.000000
2021-01-04	-0.010503	0.052281	0.056179	0.017985	-0.404224	8597600.000000
2020-12-31	-0.000500	0.036433	0.046302	0.028643	-0.019253	7612500.000000
2020-12-30	0.024059	0.036903	0.064827	0.032116	0.904694	6268900.000000
2020-12-29	-0.005852	0.040617	0.055951	0.025018	-0.221359	7003100.000000
2020-12-28	-0.004811	0.040872	0.064816	0.028769	-0.182865	6178200.000000
2020-12-24	-0.014721	0.037216	0.037216	0.009996	-0.567837	3530300.000000
2020-12-23	0.026902	0.049147	0.083754	0.047017	1.010555	6137600.000000
2020-12-22	-0.030070	0.037998	0.040063	0.003914	-1.164547	9189600.000000
2020-12-21	-0.018058	-0.000776	0.037509	-0.012946	-0.712200	10998100.000000
2020-12-18	-0.023588	0.039526	0.044725	0.008332	-0.952812	20819300.000000
2020-12-17	-0.008270	0.050079	0.050079	0.021844	-0.336849	9294200.000000
2020-12-16	-0.011215	0.040244	0.042429	0.022765	-0.461967	9311000.000000
2020-12-15	0.011342	0.047378	0.055235	0.024054	0.461967	9853600.000000
2020-12-14	-0.026679	0.053369	0.057431	0.009877	-1.116425	17094500.000000
2020-12-11	-0.011818	0.027460	0.034780	0.019431	-0.500465	14242300.000000
2020-12-10	0.030445	0.036840	0.076017	0.032947	1.251160	14997800.000000
2020-12-09	0.000469	0.053637	0.058993	0.015660	0.019257	10773100.000000
2020-12-08	-0.003270	0.019133	0.054075	0.011854	-0.134743	10575500.000000
2020-12-07	-0.032754	0.017438	0.019550	-0.002042	-1.395535	10586100.000000
2020-12-04	0.074515	0.066520	0.118471	0.061980	2.954681	12730500.000000
2020-12-03	0.030773	0.041110	0.095700	0.030192	1.183792	16215400.000000
2020-12-02	0.017825	0.036649	0.084010	0.027389	0.673706	12460200.000000
2020-12-01	-0.007331	0.074225	0.075538	0.030101	-0.279106	12424900.000000
2020-11-30	-0.075269	0.018386	0.021058	-0.039662	-3.099045	20248600.000000
2020-11-27	-0.019482	0.033553	0.045699	0.009739	-0.818069	4694000.000000
2020-11-25	-0.017563	0.029438	0.039733	0.014465	-0.750694	15644800.000000
2020-11-24	0.039803	0.072359	0.103499	0.065061	1.636135	15439200.000000
2020-11-23	0.077175	0.057636	0.122625	0.055278	2.945049	14643900.000000
2020-11-20	0.004560	0.034819	0.051140	0.030343	0.173241	12037800.000000
2020-11-19	0.007402	0.026566	0.050434	0.017815	0.279110	12504100.000000
2020-11-18	0.008494	0.041972	0.093055	0.033682	0.317600	23319600.000000
2020-11-17	0.020221	0.023751	0.067680	0.016111	0.741074	14466800.000000
2020-11-16	0.076923	0.085752	0.120425	0.069590	2.617828	18701200.000000
2020-11-13	0.039694	0.049418	0.086384	0.046363	1.299294	11997500.000000
2020-11-12	-0.035998	0.019004	0.036969	-0.010447	-1.222305	10944500.000000
2020-11-11	-0.007036	0.051605	0.058624	0.025286	-0.240601	17225000.000000
2020-11-10	0.064410	0.069224	0.106266	0.045567	2.069237	20650600.000000
2020-11-09	0.143542	0.180344	0.239789	0.170022	4.032602	17614500.000000
2020-11-06	-0.030877	0.039375	0.057314	-0.007195	-0.895067	10484500.000000
2020-11-05	-0.008558	0.029454	0.057157	0.027402	-0.250229	10316600.000000
2020-11-04	0.036506	0.048956	0.085470	0.035486	1.029804	15178400.000000
2020-11-03	-0.030433	0.055872	0.056560	0.001566	-0.885437	12131300.000000
2020-11-02	0.056254	0.068074	0.109098	0.035037	1.549517	13762900.000000
2020-10-30	-0.018518	0.030835	0.032260	-0.015486	-0.519712	15681700.000000
2020-10-29	0.012852	0.014850	0.053467	-0.006443	0.356100	15560100.000000
2020-10-28	-0.048579	0.008128	0.023579	-0.019685	-1.414780	15274500.000000
2020-10-27	-0.001979	0.033548	0.051710	0.026694	-0.057745	13017800.000000
2020-10-26	-0.068224	0.014124	0.019553	-0.039519	-2.136612	11522800.000000
2020-10-23	0.019743	0.050753	0.080709	0.039356	0.606337	15335200.000000
2020-10-22	0.041449	0.038352	0.084132	0.033266	1.222294	15029400.000000
2020-10-21	-0.059546	0.025955	0.033609	-0.024753	-1.867126	19210200.000000
2020-10-20	-0.003670	0.045703	0.050151	0.019012	-0.115496	19243000.000000
2020-10-19	-0.031685	0.049799	0.052261	0.005494	-1.029800	21684100.000000
2020-10-16	-0.034315	0.034277	0.039031	0.002782	-1.154926	8312900.000000
2020-10-15	0.025196	0.031703	0.080440	0.025611	0.827160	8633700.000000
2020-10-14	-0.010035	0.026477	0.071408	0.026477	-0.332767	9817400.000000
2020-10-13	-0.019949	0.050034	0.063924	0.025504	-0.675030	8121000.000000
2020-10-12	0.013094	0.050010	0.073064	0.039831	0.437340	7214600.000000
2020-10-09	-0.011258	0.063944	0.064832	0.031380	-0.380295	6382000.000000
2020-10-08	0.034955	0.057015	0.091330	0.050888	1.140892	6758800.000000
2020-10-07	0.030931	0.057176	0.090657	0.052438	0.979267	6633200.000000
2020-10-06	-0.028588	0.070216	0.076353	0.016215	-0.931728	6645600.000000
2020-10-05	0.036589	0.067392	0.091246	0.056896	1.150402	5652500.000000
2020-10-02	0.019735	0.024239	0.079699	0.020022	0.608475	7069100.000000
2020-10-01	-0.012485	0.032269	0.048604	0.014974	-0.389809	7929600.000000
2020-09-30	0.011707	0.060556	0.078701	0.054723	0.361286	8111700.000000
2020-09-29	-0.037081	0.052119	0.053991	0.003756	-1.188427	6662600.000000
2020-09-28	0.000297	0.071782	0.084266	0.049310	0.009506	8958400.000000
2020-09-25	0.002976	0.035842	0.064015	0.032398	0.095070	5240900.000000
2020-09-24	0.020656	0.048292	0.094620	0.037110	0.646511	7084000.000000
2020-09-23	-0.040233	0.053647	0.060700	0.008263	-1.312031	7714500.000000
2020-09-22	-0.001746	0.051195	0.065582	0.041093	-0.057045	7963000.000000
2020-09-21	-0.042097	0.020725	0.028642	-0.000388	-1.435627	11316000.000000
2020-09-18	-0.006096	0.043355	0.062299	0.031697	-0.209164	12409800.000000
2020-09-17	0.028791	0.031418	0.082689	0.024222	0.960251	13147700.000000
2020-09-16	0.037870	0.061765	0.105642	0.047139	1.216957	9240700.000000
2020-09-15	0.008353	0.058396	0.073772	0.054631	0.266211	8333400.000000
2020-09-14	0.012383	0.055936	0.075950	0.048630	0.389801	5436000.000000
2020-09-11	0.005772	0.050529	0.068421	0.042861	0.180647	6769100.000000
2020-09-10	-0.044690	0.050891	0.053638	0.002971	-1.464149	8582800.000000
2020-09-09	0.011744	0.076203	0.076203	0.056748	0.380295	6440000.000000
2020-09-08	-0.050195	0.035381	0.035381	-0.010375	-1.711338	9338600.000000
2020-09-04	-0.003612	0.062620	0.072264	0.042455	-0.123600	8285300.000000
2020-09-03	-0.010720	0.041687	0.065973	0.036194	-0.370792	8733400.000000
2020-09-02	-0.020990	0.047278	0.052090	0.029729	-0.741573	7441600.000000
2020-09-01	-0.019266	0.038760	0.043757	0.016552	-0.694042	6267700.000000
2020-08-31	-0.012767	0.050985	0.053725	0.029609	-0.465870	6165700.000000
2020-08-28	0.006029	0.056770	0.060354	0.044363	0.218674	5058100.000000
2020-08-27	0.015708	0.057687	0.071969	0.050126	0.560932	6231600.000000
2020-08-26	-0.033204	0.051265	0.054785	0.015799	-1.226456	6753300.000000
2020-08-25	-0.000514	0.066419	0.067502	0.040442	-0.019009	4160600.000000
2020-08-24	0.018606	0.056768	0.090395	0.049877	0.675026	5357400.000000
2020-08-21	-0.015734	0.048280	0.052892	0.029561	-0.579960	5034200.000000
2020-08-20	-0.022194	0.036156	0.042787	0.027402	-0.836655	3943200.000000
2020-08-19	-0.016861	0.046069	0.051546	0.030682	-0.646507	4526200.000000
2020-08-18	-0.009091	0.049739	0.068088	0.037076	-0.351776	5711500.000000
2020-08-17	-0.002940	0.050003	0.055929	0.028359	-0.114094	6089300.000000
2020-08-14	0.004676	0.041193	0.061385	0.034462	0.180645	3349800.000000
2020-08-13	-0.024724	0.038931	0.056099	0.025549	-0.979267	8286400.000000
2020-08-12	0.049106	0.069288	0.103987	0.066110	1.853958	11822500.000000
2020-08-11	0.001766	0.076483	0.091873	0.050215	0.066547	7975900.000000
2020-08-10	0.034987	0.057574	0.089430	0.055926	1.273994	5612600.000000
2020-08-07	0.006570	0.046831	0.061205	0.032457	0.237686	4445300.000000
2020-08-06	0.000789	0.041294	0.063149	0.040464	0.028526	6588700.000000
2020-08-05	0.010096	0.075838	0.081148	0.053763	0.361286	7315000.000000
2020-08-04	0.025334	0.050374	0.090773	0.044930	0.884193	5808100.000000
2020-08-03	-0.018187	0.048431	0.051807	0.032115	-0.646507	8064700.000000
2020-07-31	-0.006642	0.035320	0.050689	0.025819	-0.237686	7719900.000000
2020-07-30	-0.057586	0.003878	0.013095	-0.054585	-2.186714	13421000.000000
2020-07-29	0.025154	0.052077	0.078264	0.042088	0.931736	6305200.000000
2020-07-28	-0.020367	0.046517	0.056832	0.026153	-0.770115	6188300.000000
2020-07-27	-0.012661	0.042406	0.057029	0.029872	-0.484879	5312400.000000
2020-07-24	-0.004449	0.059086	0.075203	0.044008	-0.171131	5202600.000000
2020-07-23	-0.010516	0.042546	0.057980	0.034830	-0.408821	5953500.000000
2020-07-22	-0.018483	0.036911	0.041455	0.017975	-0.732075	5158400.000000
2020-07-21	0.059242	0.072399	0.125350	0.069725	2.215237	7950900.000000
2020-07-20	-0.015766	0.051807	0.061809	0.032855	-0.598961	6407600.000000
2020-07-17	-0.029391	0.056405	0.064580	0.016295	-1.150414	6699300.000000
2020-07-16	-0.000721	0.054112	0.073770	0.038028	-0.028233	4655700.000000
2020-07-15	0.007504	0.085171	0.091087	0.055849	0.291759	5777100.000000
2020-07-14	0.041604	0.056643	0.107546	0.052088	1.552887	4953500.000000
2020-07-13	-0.000756	0.074316	0.084489	0.044065	-0.028240	5887000.000000
2020-07-10	0.034942	0.062814	0.103265	0.058935	1.261139	9218300.000000
2020-07-09	-0.065546	0.052698	0.058653	-0.008661	-2.531681	9189500.000000
2020-07-08	0.009843	0.060968	0.086852	0.053648	0.376465	4896800.000000
2020-07-07	-0.023781	0.050286	0.062537	0.035482	-0.931736	5995100.000000
2020-07-06	-0.003590	0.084154	0.090257	0.051856	-0.141171	5825100.000000
2020-07-02	0.025528	0.090704	0.108700	0.084445	0.978783	4775000.000000
2020-07-01	-0.030461	0.070881	0.083019	0.028653	-1.204655	5600000.000000
2020-06-30	0.017433	0.051474	0.089293	0.036295	0.677620	6313900.000000
2020-06-29	0.023544	0.063854	0.088870	0.051214	0.894085	5764800.000000
2020-06-26	-0.040656	0.050158	0.051421	0.014538	-1.609360	8399400.000000
2020-06-25	0.026104	0.053983	0.091828	0.050094	1.007027	5981000.000000
2020-06-24	-0.064369	0.042892	0.047015	-0.007313	-2.654026	7137200.000000
2020-06-23	0.005739	0.076197	0.086197	0.063269	0.235287	4962200.000000
2020-06-22	-0.003204	0.051352	0.069345	0.037250	-0.131760	5009100.000000
2020-06-19	-0.016873	0.097198	0.097198	0.036959	-0.705856	13702800.000000
2020-06-18	0.009768	0.050709	0.082330	0.042261	0.404694	7293700.000000
2020-06-17	-0.024163	0.059710	0.062301	0.034272	-1.025852	5967200.000000
2020-06-16	0.040600	0.110333	0.119647	0.068665	1.656422	6932400.000000
2020-06-15	-0.008690	-0.002095	0.066910	-0.007441	-0.357643	7992100.000000
2020-06-12	0.038224	0.143009	0.145532	0.062285	1.515244	8928400.000000
2020-06-11	-0.082553	-0.026104	0.024118	-0.032585	-3.566936	8435200.000000
2020-06-10	-0.055933	0.049646	0.055108	0.002232	-2.559910	7882300.000000
2020-06-09	-0.033393	0.019030	0.038883	0.011216	-1.581123	8203600.000000
2020-06-08	0.035398	0.097962	0.110645	0.067348	1.618771	10242200.000000
2020-06-05	0.086781	0.126227	0.159261	0.117672	3.651638	11578800.000000
2020-06-04	-0.009087	0.052175	0.062772	0.040401	-0.385872	5577000.000000
2020-06-03	0.020814	0.084413	0.087297	0.058210	0.865852	8024200.000000
2020-06-02	0.018668	0.077964	0.094371	0.070128	0.762329	5858300.000000
2020-06-01	0.028686	0.064552	0.100826	0.048934	1.138779	6344300.000000
2020-05-29	-0.019298	0.052655	0.056855	0.029433	-0.781136	10172200.000000
2020-05-28	-0.037162	0.063726	0.063726	0.017581	-1.562309	5871500.000000
2020-05-27	0.022899	0.078839	0.087111	0.045262	0.941147	5768100.000000
2020-05-26	0.009011	0.100099	0.107709	0.067938	0.367050	7702600.000000
2020-05-22	-0.010064	0.042851	0.053788	0.028026	-0.414104	4674000.000000
2020-05-21	-0.009740	0.068313	0.079865	0.049782	-0.404697	6646000.000000
2020-05-20	0.034685	0.085446	0.115577	0.078225	1.392895	7203000.000000
2020-05-19	-0.021330	0.064974	0.069361	0.038410	-0.875263	6126300.000000
2020-05-18	0.066797	0.129612	0.159769	0.122332	2.569324	9047300.000000
2020-05-15	0.023541	0.060940	0.105645	0.056949	0.884670	7242300.000000
2020-05-14	0.001003	0.036966	0.077720	0.006333	0.037643	6718700.000000
2020-05-13	-0.040644	0.048227	0.052315	0.010407	-1.590530	7666400.000000
2020-05-12	-0.016324	0.071335	0.084657	0.043935	-0.649391	7375900.000000
2020-05-11	-0.018802	0.041572	0.067470	0.037873	-0.762318	7076800.000000
2020-05-08	0.025714	0.090871	0.096690	0.064055	1.016430	6974200.000000
2020-05-07	0.047666	0.113184	0.148965	0.110799	1.798428	9520700.000000
2020-05-06	-0.010508	0.077621	0.097028	0.044314	-0.400684	8213000.000000
2020-05-05	0.013875	0.146018	0.158515	0.081139	0.521816	10096700.000000
2020-05-04	0.031170	0.058905	0.107710	0.046018	1.136837	12515600.000000
2020-05-01	-0.070309	0.033396	0.052769	-0.013252	-2.758217	9256700.000000
2020-04-30	-0.002606	0.082569	0.107993	0.038331	-0.102501	11760700.000000
2020-04-29	0.096934	0.117505	0.186670	0.105513	3.475712	12958100.000000
2020-04-28	0.035801	0.094539	0.126315	0.085006	1.239330	9445700.000000
2020-04-27	0.029371	0.066620	0.112413	0.031235	0.987736	8302500.000000
2020-04-24	-0.002488	0.096595	0.106383	0.061297	-0.083866	8683900.000000
2020-04-23	0.034305	0.123170	0.141270	0.085127	1.118195	9849600.000000
2020-04-22	0.053932	0.138153	0.148824	0.116813	1.667967	12048400.000000
2020-04-21	-0.039919	0.022872	0.059503	0.012317	-1.285925	13639500.000000
2020-04-20	-0.019569	-0.011753	0.085641	-0.013884	-0.642956	13226400.000000
2020-04-17	0.134857	0.104594	0.221685	0.100103	3.904348	13162600.000000
2020-04-16	-0.035093	0.061164	0.074162	0.017171	-1.052959	13220600.000000
2020-04-15	-0.055164	0.013017	0.039153	-0.032328	-1.751837	11354700.000000
2020-04-14	-0.006414	0.075352	0.078481	0.053451	-0.204996	11082200.000000
2020-04-13	-0.012381	0.110551	0.111787	0.043498	-0.400690	10222000.000000
2020-04-09	-0.026626	0.140836	0.142340	0.001277	-0.885235	14176800.000000
2020-04-08	0.072438	0.098322	0.157673	0.092516	2.245701	8171100.000000
2020-04-07	0.014329	0.141216	0.175898	0.080360	0.437960	11704200.000000
2020-04-06	-0.003342	0.091749	0.102184	0.036640	-0.102501	13532900.000000
2020-04-03	-0.028057	0.096933	0.108660	0.001850	-0.885235	11505000.000000
2020-04-02	0.143146	0.132219	0.283302	0.112654	3.950937	14693200.000000
2020-04-01	-0.038312	0.021595	0.063755	0.004522	-1.099550	11101400.000000
2020-03-31	0.051553	0.100275	0.169523	0.088551	1.407053	13481100.000000
2020-03-30	0.001368	0.046012	0.105816	0.009690	0.037277	11089600.000000
2020-03-27	-0.088501	0.007281	0.012297	-0.036863	-2.646387	10647200.000000
2020-03-26	0.037169	0.079406	0.125884	0.054432	1.071602	13576900.000000
2020-03-25	0.006506	0.090269	0.136700	0.029524	0.186365	14295900.000000
2020-03-24	0.252138	0.156218	0.349430	0.156218	5.768000	16724400.000000
2020-03-23	-0.085320	0.069564	0.078360	-0.066381	-2.133881	16239400.000000
2020-03-20	0.048847	0.134809	0.190585	0.085743	1.164780	23790200.000000
2020-03-19	0.128805	0.094938	0.230326	-0.005893	2.720932	15655100.000000
2020-03-18	-0.136381	-0.008603	0.046589	-0.148012	-3.335938	17039700.000000
2020-03-17	0.006519	0.084684	0.104847	0.003621	0.158413	18692900.000000
2020-03-16	-0.168897	-0.059872	0.065297	-0.113906	-4.938673	13774100.000000
2020-03-13	0.112766	0.164495	0.207878	0.049948	2.963203	17506900.000000
2020-03-12	-0.133907	-0.000008	0.035259	-0.083066	-4.062761	16581700.000000
2020-03-11	-0.066514	0.033472	0.044549	-0.030524	-2.161837	18460700.000000
2020-03-10	0.023775	0.154114	0.178683	0.039459	0.754782	20337700.000000
2020-03-09	-0.248401	-0.196253	-0.142985	-0.242418	-10.492357	29828600.000000
2020-03-06	-0.049685	0.034465	0.045940	0.005218	-2.208424	14504800.000000
2020-03-05	-0.034999	0.041682	0.056011	0.015629	-1.612061	9603800.000000
2020-03-04	0.027224	0.087212	0.105054	0.064688	1.220692	8924200.000000
2020-03-03	-0.022547	0.079702	0.122428	0.034360	-1.034328	11785400.000000
2020-03-02	0.016729	0.093110	0.094439	0.039030	0.754784	10672800.000000
2020-02-28	0.027371	0.034225	0.102991	0.027394	1.202049	16558800.000000
2020-02-27	-0.078953	0.040235	0.040445	-0.011567	-3.764576	14676100.000000
2020-02-26	-0.049415	0.076950	0.081535	0.018936	-2.478653	11646700.000000
2020-02-25	-0.045229	0.075827	0.079063	0.019104	-2.376156	10447900.000000
2020-02-24	-0.035250	0.031110	0.045617	0.028172	-1.919559	10350200.000000
2020-02-21	-0.007473	0.062956	0.068241	0.052931	-0.410000	5216300.000000
2020-02-20	-0.006413	0.072981	0.078414	0.060848	-0.354099	5755000.000000
2020-02-19	0.016467	0.081446	0.092674	0.080157	0.894550	5267400.000000
2020-02-18	-0.005459	0.069318	0.072247	0.056503	-0.298180	3937800.000000
2020-02-14	-0.003400	0.074075	0.078271	0.061486	-0.186359	4204500.000000
2020-02-13	-0.008763	0.068641	0.075152	0.059779	-0.484550	5995600.000000
2020-02-12	0.017884	0.102664	0.125674	0.096037	0.971535	5906800.000000
2020-02-11	0.014515	0.099060	0.102048	0.087108	0.777233	6143000.000000
2020-02-10	-0.002069	0.070880	0.083553	0.066221	-0.111038	6756300.000000
2020-02-07	-0.007191	0.069656	0.080018	0.065030	-0.388615	5081800.000000
2020-02-06	-0.006295	0.086090	0.086090	0.065129	-0.342354	5901700.000000
2020-02-05	0.040538	0.095872	0.127822	0.087071	2.118881	12891800.000000
2020-02-04	-0.045454	0.076192	0.092446	0.030537	-2.488991	13403000.000000
2020-02-03	-0.004207	0.080394	0.097307	0.070392	-0.231316	7015300.000000
2020-01-31	-0.023978	0.064961	0.072238	0.049342	-1.350903	7673000.000000
2020-01-30	0.006613	0.067536	0.089691	0.064678	0.370106	6931500.000000
2020-01-29	-0.011278	0.088001	0.089590	0.064682	-0.638443	4102500.000000
2020-01-28	0.002294	0.090850	0.092090	0.078279	0.129543	4824700.000000
2020-01-27	-0.025232	0.059184	0.067123	0.050037	-1.461937	7321100.000000
2020-01-24	-0.008236	0.073226	0.073226	0.062100	-0.481144	5689500.000000
2020-01-23	0.002063	0.063606	0.086761	0.056916	0.120293	6199900.000000
2020-01-22	-0.015930	0.076876	0.076876	0.060503	-0.943790	6755800.000000
2020-01-21	-0.015983	0.072453	0.077104	0.061989	-0.962288	6974000.000000
2020-01-17	0.000000	0.084246	0.086737	0.076938	0.000000	4765500.000000
2020-01-16	0.001077	0.087242	0.090900	0.076767	0.064774	4315200.000000
2020-01-15	-0.002149	0.078435	0.083910	0.069144	-0.129539	3933300.000000
2020-01-14	0.000154	0.082251	0.084077	0.072959	0.009258	6119400.000000
2020-01-13	-0.004433	0.079767	0.082245	0.071837	-0.268341	3675300.000000
2020-01-10	-0.009838	0.077323	0.082884	0.068653	-0.601425	7233100.000000
2020-01-09	0.017401	0.074600	0.100895	0.069940	1.045559	6005100.000000
2020-01-08	-0.023165	0.080270	0.083196	0.048894	-1.424927	6470100.000000
2020-01-07	0.000000	0.080108	0.080920	0.068728	0.000000	5974800.000000
2020-01-06	0.011872	0.090299	0.101156	0.083719	0.721722	8823800.000000
2020-01-03	0.003666	0.106844	0.108330	0.074319	0.222065	6333200.000000
2020-01-02	0.006612	0.084913	0.091560	0.077766	0.397869	4122800.000000
