2022-12-30	-0.000066	-0.002384	0.002114	-0.010942	-0.029968	1803200.000000
2022-12-29	0.007815	0.007579	0.015031	0.002780	3.533875	1465000.000000
2022-12-28	-0.012017	-0.000357	0.006023	-0.010713	-5.500427	1324100.000000
2022-12-27	-0.008970	0.005530	0.006180	-0.010255	-4.142792	1230800.000000
2022-12-23	0.008589	-0.000858	0.011502	-0.006798	3.933136	1229500.000000
2022-12-22	-0.007250	-0.005652	-0.001858	-0.017056	-3.344177	1906100.000000
2022-12-21	0.009261	0.005154	0.014585	-0.001804	4.232635	1462400.000000
2022-12-20	-0.001766	-0.002781	0.005279	-0.011583	-0.808594	1993700.000000
2022-12-19	-0.006111	0.000590	0.005996	-0.011480	-2.815094	1939200.000000
2022-12-16	-0.005303	-0.003981	0.003641	-0.013439	-2.455719	4909200.000000
2022-12-15	-0.040557	-0.015206	-0.012389	-0.040440	-19.575928	3437700.000000
2022-12-14	-0.009586	0.003095	0.008902	-0.012951	-4.671875	2145000.000000
2022-12-13	0.001066	0.020967	0.022877	-0.010851	0.519104	2626700.000000
2022-12-12	0.009648	0.001139	0.011696	-0.003133	4.651917	2276400.000000
2022-12-09	0.003323	-0.011410	0.019781	-0.020982	1.597198	4211100.000000
2022-12-08	-0.001141	0.003674	0.004567	-0.015864	-0.549042	2901000.000000
2022-12-07	0.001683	-0.002569	0.012942	-0.003027	0.808594	2072600.000000
2022-12-06	-0.015348	0.005841	0.007501	-0.021813	-7.486969	2995900.000000
2022-12-05	-0.011870	-0.002371	-0.001966	-0.018110	-5.859802	2455300.000000
2022-12-02	-0.018517	-0.008876	-0.007981	-0.021620	-9.313782	3632100.000000
2022-12-01	-0.065628	-0.035617	-0.035617	-0.079216	-35.328522	6970400.000000
2022-11-30	0.019453	-0.001195	0.027534	-0.011175	10.272095	3601800.000000
2022-11-29	-0.003692	0.001967	0.007024	-0.003769	-1.956543	1685700.000000
2022-11-28	-0.005134	-0.003459	0.006603	-0.007119	-2.735229	1684300.000000
2022-11-25	-0.001553	0.001122	0.004308	-0.000921	-0.828552	744200.000000
2022-11-23	0.004775	0.005601	0.010874	-0.001178	2.535583	1288200.000000
2022-11-22	0.016394	0.014354	0.019790	0.008076	8.565063	1809100.000000
2022-11-21	-0.000573	0.005701	0.008647	-0.001301	-0.299438	1268300.000000
2022-11-18	0.004508	0.012405	0.017536	-0.004274	2.345886	1584400.000000
2022-11-17	-0.005323	-0.008026	-0.002694	-0.019570	-2.785156	1902500.000000
2022-11-16	-0.004483	-0.008077	0.005718	-0.010247	-2.355896	1833600.000000
2022-11-15	0.032942	0.022024	0.041285	0.022024	16.760834	2502200.000000
2022-11-14	-0.011232	0.002324	0.011905	-0.010016	-5.779938	1820200.000000
2022-11-11	0.004560	0.001741	0.008984	-0.010792	2.335938	2393500.000000
2022-11-10	0.047268	0.032367	0.052608	0.025109	23.119751	3098300.000000
2022-11-09	-0.005662	-0.000008	0.011539	-0.010253	-2.785187	1640500.000000
2022-11-08	0.008617	0.006211	0.021651	-0.006543	4.202728	1709900.000000
2022-11-07	0.004400	-0.017536	0.009134	-0.022787	2.136261	2036000.000000
2022-11-04	0.000247	0.010207	0.014801	-0.018447	0.119781	1987300.000000
2022-11-03	0.005750	-0.003708	0.017942	-0.006132	2.775177	2010400.000000
2022-11-02	-0.032903	-0.002587	0.008313	-0.031700	-16.421417	2464400.000000
2022-11-01	-0.003071	0.006135	0.013506	-0.001695	-1.537323	1586300.000000
2022-10-31	-0.018341	-0.000671	-0.000671	-0.018593	-9.353699	2192200.000000
2022-10-28	0.028860	0.003274	0.034585	0.000591	14.305084	2369300.000000
2022-10-27	-0.004032	0.004272	0.010702	-0.007120	-2.006531	1576600.000000
2022-10-26	0.000782	0.001418	0.020360	-0.003227	0.388641	2088700.000000
2022-10-25	0.004205	-0.003821	0.010051	-0.009516	2.082611	2130900.000000
2022-10-24	0.039295	0.010748	0.045145	0.009488	18.723541	2366200.000000
2022-10-21	0.029185	0.001584	0.035840	-0.001505	13.512024	2508400.000000
2022-10-20	-0.014445	0.002634	0.004933	-0.014588	-6.785919	1709500.000000
2022-10-19	-0.003888	-0.008029	0.006942	-0.009852	-1.833466	1207600.000000
2022-10-18	0.019605	0.023072	0.030250	0.013624	9.067810	1864000.000000
2022-10-17	0.020939	0.019000	0.030545	0.016418	9.486359	2097500.000000
2022-10-14	-0.028505	0.012212	0.015129	-0.026901	-13.292847	2301600.000000
2022-10-13	0.003452	-0.014074	0.015083	-0.033784	1.604279	3390900.000000
2022-10-12	-0.011949	0.008439	0.019962	-0.008612	-5.620026	2043900.000000
2022-10-11	0.012245	0.000730	0.027093	-0.002068	5.689789	2341400.000000
2022-10-10	-0.003930	0.006850	0.008051	-0.010470	-1.833466	1616300.000000
2022-10-07	-0.029721	-0.005249	-0.003481	-0.030499	-14.289276	2568100.000000
2022-10-06	0.004518	0.010089	0.031881	0.006892	2.162292	2430700.000000
2022-10-05	-0.011952	-0.006422	-0.001116	-0.019799	-5.789459	1587700.000000
2022-10-04	0.017583	0.016363	0.025165	0.009851	8.370300	2175600.000000
2022-10-03	0.011561	0.008288	0.021760	-0.000424	5.440704	2338500.000000
2022-09-30	-0.014009	0.007069	0.013711	-0.011348	-6.686279	2436700.000000
2022-09-29	-0.019067	-0.001959	0.005029	-0.025676	-9.277069	1963900.000000
2022-09-28	0.020886	0.010326	0.031350	-0.005074	9.954681	2419500.000000
2022-09-27	-0.004164	0.014393	0.020474	-0.006626	-1.992920	2412400.000000
2022-09-26	0.029803	0.002409	0.041656	0.000989	13.850830	4001900.000000
2022-09-23	-0.042634	-0.013404	-0.006442	-0.045148	-20.696564	5377800.000000
2022-09-22	-0.011966	0.005442	0.005442	-0.014077	-5.879150	3133100.000000
2022-09-21	-0.012912	0.009536	0.017432	-0.009550	-6.427155	2082600.000000
2022-09-20	-0.013917	-0.003523	-0.002671	-0.022502	-7.025085	1843100.000000
2022-09-19	0.004820	-0.000392	0.008665	-0.006902	2.421417	1441300.000000
2022-09-16	0.001271	-0.004284	0.009409	-0.008808	0.637726	3004800.000000
2022-09-15	-0.008858	0.004339	0.005643	-0.011208	-4.484070	1749600.000000
2022-09-14	-0.004507	0.010550	0.010845	-0.010571	-2.291840	2007300.000000
2022-09-13	-0.054159	-0.012689	-0.009992	-0.053797	-29.116760	2881400.000000
2022-09-12	0.005479	0.005700	0.014808	0.004335	2.929688	1522400.000000
2022-09-09	0.014099	0.009239	0.020505	0.004327	7.433594	1930900.000000
2022-09-08	-0.000982	-0.006512	0.009973	-0.011761	-0.518127	1600800.000000
2022-09-07	0.020698	0.005677	0.028227	0.003549	10.701965	1827900.000000
2022-09-06	-0.000404	0.005579	0.011359	-0.009171	-0.209229	1933400.000000
2022-09-02	-0.019011	0.010244	0.014302	-0.021332	-10.024414	1901700.000000
2022-09-01	0.013541	-0.001026	0.017927	-0.006196	7.044983	2280600.000000
2022-08-31	-0.003892	0.006230	0.007723	-0.003880	-2.032837	2179800.000000
2022-08-30	-0.013030	0.009634	0.012903	-0.014498	-6.895447	1872700.000000
2022-08-29	-0.001429	-0.005490	0.010493	-0.011207	-0.757324	1579900.000000
2022-08-26	-0.034406	0.002146	0.007011	-0.031253	-18.882996	1886800.000000
2022-08-25	0.013899	0.008205	0.017756	-0.003231	7.523376	1483300.000000
2022-08-24	0.002121	0.004808	0.009381	-0.001468	1.145874	1145800.000000
2022-08-23	-0.006233	0.004046	0.004543	-0.012255	-3.388000	1359000.000000
2022-08-22	-0.016338	0.000780	0.000780	-0.014983	-9.027954	1860900.000000
2022-08-19	-0.011463	-0.000583	0.000508	-0.010387	-6.407288	1617000.000000
2022-08-18	0.008341	0.008492	0.018756	0.003729	4.623596	1619200.000000
2022-08-17	0.005967	-0.001931	0.015217	-0.003728	3.288330	1835200.000000
2022-08-16	0.013321	0.013387	0.029697	0.009470	7.244263	2498000.000000
2022-08-15	0.015897	0.002036	0.021838	0.000691	8.509827	1848000.000000
2022-08-12	0.009414	0.011054	0.015240	0.006434	4.992249	1918200.000000
2022-08-11	-0.014116	0.009907	0.010372	-0.011193	-7.593018	2340200.000000
2022-08-10	0.007465	0.019769	0.029939	0.006302	3.985840	2336600.000000
2022-08-09	-0.011220	0.006771	0.009290	-0.011285	-6.058472	1877300.000000
2022-08-08	0.002275	0.009433	0.016226	-0.000163	1.225647	1344100.000000
2022-08-05	-0.004804	-0.007608	0.000446	-0.014794	-2.600830	1711500.000000
2022-08-04	-0.006819	0.003531	0.003898	-0.008082	-3.716736	2000500.000000
2022-08-03	0.006532	0.006393	0.013225	0.001075	3.537415	1693300.000000
2022-08-02	-0.006126	-0.001553	0.011312	-0.007536	-3.338074	1984200.000000
2022-08-01	0.010179	0.003772	0.024703	0.003456	5.490479	2256000.000000
2022-07-29	0.009549	-0.004274	0.014667	-0.004462	5.101868	2131500.000000
2022-07-28	0.028327	0.001374	0.037751	0.001374	14.717834	2083300.000000
2022-07-27	0.020276	0.007579	0.031575	0.003789	10.325409	2060100.000000
2022-07-26	-0.032525	-0.021583	-0.012691	-0.033437	-17.119659	3334800.000000
2022-07-25	-0.001095	0.008508	0.010159	-0.001778	-0.576843	1452700.000000
2022-07-22	0.000491	0.007655	0.019806	-0.001155	0.258606	1800800.000000
2022-07-21	0.010034	0.004974	0.015906	0.000295	5.232361	1716100.000000
2022-07-20	0.007631	0.007272	0.016740	-0.001327	3.949219	1740700.000000
2022-07-19	0.007612	0.017178	0.023350	0.006586	3.909302	2391000.000000
2022-07-18	-0.012716	0.003186	0.016008	-0.008713	-6.615051	2464100.000000
2022-07-15	0.021506	0.015060	0.030534	0.012822	10.952118	4265100.000000
2022-07-14	0.040063	0.013185	0.048273	0.008141	19.616394	3715600.000000
2022-07-13	0.003363	-0.007526	0.019114	-0.008551	1.641327	2008400.000000
2022-07-12	-0.016697	0.001473	0.011326	-0.016601	-8.286224	1775300.000000
2022-07-11	-0.005264	0.004439	0.013319	-0.008148	-2.626160	1891100.000000
2022-07-08	0.013314	0.010095	0.026750	0.009445	6.555389	2607800.000000
2022-07-07	0.004669	0.004077	0.011158	-0.001718	2.287903	2125200.000000
2022-07-06	0.008991	0.005281	0.023317	0.004293	4.366974	2262300.000000
2022-07-05	0.005146	0.004867	0.015919	-0.009826	2.486816	2489400.000000
2022-07-01	0.013520	0.009267	0.030388	0.002597	6.446014	2660400.000000
2022-06-30	0.020092	-0.003278	0.026073	-0.010897	9.440002	3852400.000000
2022-06-29	0.002625	0.004994	0.009304	-0.004673	1.230011	1275600.000000
2022-06-28	-0.027276	0.003633	0.011396	-0.028770	-13.140015	1754600.000000
2022-06-27	-0.005409	0.002973	0.005925	-0.014493	-2.619995	2034700.000000
2022-06-24	0.019726	0.010526	0.020695	0.003537	9.369995	2862600.000000
2022-06-23	0.032699	0.013936	0.035481	0.012501	15.040009	2030100.000000
2022-06-22	-0.006802	-0.008033	0.003477	-0.009954	-3.149994	1827500.000000
2022-06-21	0.036759	0.008641	0.040587	0.005485	16.419983	2420600.000000
2022-06-17	-0.011223	-0.001572	0.008699	-0.018948	-5.070007	3623400.000000
2022-06-16	-0.015323	-0.018483	-0.002223	-0.023584	-7.029999	2906600.000000
2022-06-15	0.008773	0.008135	0.021020	-0.007498	3.990021	2250200.000000
2022-06-14	0.005638	0.000000	0.014395	-0.004356	2.549988	2224600.000000
2022-06-13	-0.023872	-0.028728	-0.010080	-0.031102	-11.059998	3113400.000000
2022-06-10	-0.018515	-0.014935	-0.008177	-0.030272	-8.739990	2549900.000000
2022-06-09	0.008675	-0.001389	0.034723	-0.001795	4.059998	3087500.000000
2022-06-08	-0.008033	0.000000	0.005617	-0.010365	-3.790009	1697000.000000
2022-06-07	-0.001460	-0.026584	0.002667	-0.027261	-0.690002	2435500.000000
2022-06-06	-0.007937	0.008924	0.009974	-0.015412	-3.779999	2297000.000000
2022-06-03	-0.023297	-0.005291	0.001107	-0.024651	-11.359985	2857400.000000
2022-06-02	0.067004	0.008556	0.074706	0.001948	30.619995	4950600.000000
2022-06-01	-0.019798	0.006778	0.009180	-0.020420	-9.230011	2319400.000000
2022-05-31	-0.009644	0.000000	0.000085	-0.027041	-4.540009	4424500.000000
2022-05-27	0.012409	-0.017613	0.021269	-0.021226	5.770020	5719600.000000
2022-05-26	0.056531	0.020427	0.063484	0.016814	24.880005	5917600.000000
2022-05-25	0.005483	-0.003153	0.012680	-0.015718	2.399994	3225100.000000
2022-05-24	0.019163	-0.010897	0.021538	-0.011945	8.229980	3473400.000000
2022-05-23	0.031338	0.008573	0.032587	0.000576	13.050018	3687200.000000
2022-05-20	-0.015369	0.013879	0.013998	-0.038824	-6.500000	5115000.000000
2022-05-19	-0.015068	0.002259	0.002632	-0.024872	-6.470001	5839600.000000
2022-05-18	-0.124513	-0.062124	-0.054254	-0.134402	-61.070007	9511600.000000
2022-05-17	-0.008210	-0.010859	-0.001961	-0.028916	-4.059998	2602800.000000
2022-05-16	-0.005510	-0.002272	0.000825	-0.015384	-2.739990	1579700.000000
2022-05-13	0.022810	0.014254	0.025937	0.007034	11.089996	2338600.000000
2022-05-12	-0.005929	-0.004682	0.016725	-0.019056	-2.899994	2829500.000000
2022-05-11	-0.024688	0.004906	0.013042	-0.027221	-12.380005	2782900.000000
2022-05-10	0.005272	0.021791	0.023655	-0.006415	2.630005	2729400.000000
2022-05-09	-0.009000	-0.014423	0.007331	-0.017920	-4.529999	3292700.000000
2022-05-06	-0.026985	-0.005644	-0.001701	-0.035761	-13.960022	3560800.000000
2022-05-05	-0.049795	-0.005253	-0.003839	-0.059255	-27.109985	3977000.000000
2022-05-04	0.030961	0.006666	0.034199	-0.009980	16.349976	2465200.000000
2022-05-03	-0.001645	0.001985	0.010058	-0.009925	-0.869995	2398000.000000
2022-05-02	-0.005209	0.000959	0.014068	-0.025295	-2.769958	3303400.000000
2022-04-29	-0.053879	-0.001904	-0.000747	-0.057473	-30.280029	2968000.000000
2022-04-28	0.014294	0.002509	0.019347	-0.014944	7.919983	2118700.000000
2022-04-27	0.000578	0.004388	0.017806	-0.001643	0.320007	2261600.000000
2022-04-26	-0.025431	-0.005209	0.000229	-0.026223	-14.450012	2057400.000000
2022-04-25	-0.006105	-0.002431	-0.002396	-0.031782	-3.489990	3154500.000000
2022-04-22	-0.033866	-0.002349	0.000270	-0.034965	-20.039978	2878200.000000
2022-04-21	-0.019535	0.006213	0.009362	-0.020513	-11.790039	2027900.000000
2022-04-20	0.015531	0.008161	0.018476	0.005048	9.230042	1793300.000000
2022-04-19	0.020924	0.002113	0.021834	-0.000206	12.179993	2327800.000000
2022-04-18	-0.014008	-0.008486	0.002913	-0.018276	-8.270020	2161900.000000
2022-04-14	-0.001184	0.001167	0.008780	-0.006835	-0.700012	2206200.000000
2022-04-13	0.016737	0.001909	0.020865	0.001909	9.730042	2211800.000000
2022-04-12	-0.005661	0.003455	0.012075	-0.010108	-3.309998	2142000.000000
2022-04-11	-0.025615	-0.002083	0.001600	-0.028731	-15.369995	2792700.000000
2022-04-08	-0.013173	-0.002746	-0.000082	-0.016972	-8.010010	3230200.000000
2022-04-07	0.039775	0.012825	0.046991	0.006823	23.260010	4804200.000000
2022-04-06	0.016460	-0.002242	0.019954	-0.008604	9.469971	2646200.000000
2022-04-05	0.000330	-0.004416	0.015388	-0.005268	0.190002	1826800.000000
2022-04-04	-0.000764	-0.002832	0.007158	-0.007123	-0.440002	2201800.000000
2022-04-01	-0.000486	0.002657	0.012399	-0.006147	-0.279968	1933500.000000
2022-03-31	-0.001076	0.003868	0.017087	-0.001665	-0.619995	3439800.000000
2022-03-30	0.011386	0.001702	0.014509	-0.002439	6.489990	2086500.000000
2022-03-29	0.008439	0.004936	0.010633	-0.001203	4.769958	2005400.000000
2022-03-28	0.017095	0.001853	0.017185	-0.003977	9.500000	2056100.000000
2022-03-25	-0.004300	0.003064	0.004157	-0.014119	-2.399963	1974900.000000
2022-03-24	0.007382	0.002689	0.007653	-0.008664	4.089966	1614200.000000
2022-03-23	-0.009653	-0.004415	0.002270	-0.013425	-5.399963	1546800.000000
2022-03-22	0.007002	0.002574	0.008676	-0.005760	3.889954	1777500.000000
2022-03-21	-0.010368	-0.002155	0.009620	-0.018723	-5.819946	3136900.000000
2022-03-18	0.015485	0.000308	0.017656	-0.005933	8.559998	3597800.000000
2022-03-17	0.017299	-0.000074	0.017998	-0.000350	9.399963	1974200.000000
2022-03-16	0.001973	0.004075	0.017149	-0.020394	1.070007	3017200.000000
2022-03-15	0.031125	0.007700	0.034034	0.003746	16.369995	2547900.000000
2022-03-14	-0.002787	0.000664	0.014960	-0.007357	-1.469971	1950000.000000
2022-03-11	-0.009949	0.007321	0.018640	-0.011807	-5.299988	1735100.000000
2022-03-10	0.009609	-0.008604	0.012736	-0.018023	5.069946	1777700.000000
2022-03-09	0.008197	0.008140	0.014330	-0.014617	4.290039	2789700.000000
2022-03-08	-0.009763	-0.004352	0.021210	-0.011561	-5.160034	3649700.000000
2022-03-07	0.005747	-0.003901	0.037659	-0.003958	3.020020	3896900.000000
2022-03-04	-0.014164	-0.025420	-0.005872	-0.039902	-7.549988	4417900.000000
2022-03-03	0.009564	0.012292	0.020758	0.002917	5.049988	3851800.000000
2022-03-02	0.009695	0.002046	0.019429	-0.006043	5.070007	2571500.000000
2022-03-01	0.007087	0.000404	0.019470	-0.000116	3.679993	2316000.000000
2022-02-28	0.003401	-0.006164	0.004135	-0.011962	1.760010	2408900.000000
2022-02-25	0.023557	0.005934	0.025060	-0.000653	11.910004	2003000.000000
2022-02-24	0.020837	-0.024210	0.022796	-0.024795	10.319977	2859800.000000
2022-02-23	-0.013780	0.001513	0.011530	-0.014736	-6.919983	2021400.000000
2022-02-22	-0.020461	-0.005208	0.003726	-0.028303	-10.489990	2451800.000000
2022-02-18	-0.004544	-0.000233	0.005612	-0.009087	-2.340027	2154700.000000
2022-02-17	0.005094	-0.005386	0.011339	-0.010480	2.609985	2022800.000000
2022-02-16	-0.002958	-0.004728	0.001226	-0.023759	-1.519958	1770800.000000
2022-02-15	0.014529	0.013384	0.018636	0.008291	7.359985	1984600.000000
2022-02-14	-0.006102	-0.001334	0.003649	-0.016148	-3.110016	1749600.000000
2022-02-11	-0.016992	-0.000154	0.005535	-0.021409	-8.809967	2349700.000000
2022-02-10	-0.019572	-0.015052	-0.008245	-0.026625	-10.350037	2558900.000000
2022-02-09	0.014737	0.013144	0.025117	0.008692	7.679993	2256700.000000
2022-02-08	0.010196	0.000000	0.014538	-0.010448	5.260010	1462000.000000
2022-02-07	-0.007465	0.002944	0.004290	-0.010659	-3.880005	1863600.000000
2022-02-04	-0.003833	-0.007015	0.000441	-0.021025	-2.000000	2387400.000000
2022-02-03	-0.000479	-0.011762	0.008467	-0.014961	-0.250000	2665100.000000
2022-02-02	0.026770	0.005311	0.030645	0.003796	13.610016	2547600.000000
2022-02-01	0.006493	-0.000257	0.009008	-0.016214	3.279999	2347200.000000
2022-01-31	0.025790	-0.000873	0.028410	-0.003655	12.700012	2480700.000000
2022-01-28	0.020538	0.002528	0.021160	-0.013720	9.910004	1918500.000000
2022-01-27	-0.001965	0.007136	0.025482	-0.006536	-0.950012	2372300.000000
2022-01-26	0.012884	0.012382	0.034673	0.003038	6.149994	3074900.000000
2022-01-25	-0.023686	-0.018409	-0.012804	-0.033811	-11.579987	3076800.000000
2022-01-24	0.015137	-0.012583	0.017358	-0.026162	7.290009	4412600.000000
2022-01-21	-0.002506	-0.001864	0.024419	-0.003107	-1.210022	3295600.000000
2022-01-20	-0.014975	0.001204	0.019830	-0.016974	-7.339996	2893700.000000
2022-01-19	0.004282	0.003729	0.016739	-0.001987	2.089996	2709400.000000
2022-01-18	-0.029663	-0.016959	-0.015726	-0.032068	-14.919983	3801900.000000
2022-01-14	-0.026873	-0.010273	-0.007545	-0.029059	-13.890015	3872500.000000
2022-01-13	-0.016965	0.003499	0.006181	-0.020103	-8.919983	2428100.000000
2022-01-12	0.007222	0.000000	0.015325	-0.000038	3.769958	1729500.000000
2022-01-11	0.006226	0.000000	0.007074	-0.016403	3.230042	2457300.000000
2022-01-10	-0.032414	-0.012850	-0.010761	-0.051624	-17.380005	4916800.000000
2022-01-07	-0.024773	-0.004092	-0.002601	-0.028301	-13.619995	2323900.000000
2022-01-06	-0.000218	-0.006765	0.006546	-0.011583	-0.119995	2503100.000000
2022-01-05	-0.025362	-0.000957	0.001453	-0.025628	-14.309998	2887500.000000
2022-01-04	-0.004376	-0.004376	0.003547	-0.008682	-2.480042	2097500.000000
2022-01-03	-0.001744	-0.004703	-0.000405	-0.021473	-0.989990	2714100.000000
2021-12-31	0.006721	-0.000887	0.007696	-0.008654	3.790039	1509200.000000
2021-12-30	-0.006799	0.003100	0.003716	-0.009511	-3.860046	1338700.000000
2021-12-29	0.005543	0.003117	0.012132	-0.002019	3.130005	1753000.000000
2021-12-28	0.002076	-0.000071	0.005626	-0.004916	1.170044	1155000.000000
2021-12-27	0.023802	0.002126	0.027927	0.001944	13.099976	2262900.000000
2021-12-23	0.001274	0.003766	0.005349	-0.003966	0.700012	1757800.000000
2021-12-22	0.007774	-0.000092	0.008379	-0.010322	4.239990	1454500.000000
2021-12-21	-0.005706	0.003537	0.005870	-0.022750	-3.130005	2472800.000000
2021-12-20	0.001735	-0.010007	0.002794	-0.017494	0.950012	2033600.000000
2021-12-17	-0.009084	-0.005990	0.006949	-0.021081	-5.020020	5752000.000000
2021-12-16	-0.022724	-0.001220	0.001892	-0.028348	-12.849976	2683000.000000
2021-12-15	0.036931	0.001595	0.038783	0.000348	20.139954	2937100.000000
2021-12-14	-0.021320	-0.001364	-0.000090	-0.035264	-11.879944	3494400.000000
2021-12-13	-0.002863	-0.014996	0.001664	-0.019398	-1.600037	3415200.000000
2021-12-10	0.065779	0.019797	0.070452	0.019606	34.489990	6333600.000000
2021-12-09	-0.010903	-0.002471	0.004188	-0.011903	-5.779968	3200500.000000
2021-12-08	-0.021973	0.007730	0.010645	-0.030386	-11.910034	3037500.000000
2021-12-07	0.016542	0.009471	0.018380	0.002832	8.820007	2579800.000000
2021-12-06	0.008073	0.006277	0.013461	-0.002571	4.270020	2432900.000000
2021-12-03	0.006508	0.008525	0.022816	-0.001408	3.419983	2984400.000000
2021-12-02	-0.008172	-0.021384	0.002019	-0.029820	-4.330017	3277500.000000
2021-12-01	-0.017687	0.006897	0.016445	-0.018503	-9.539978	2877100.000000
2021-11-30	-0.027934	-0.006993	0.004127	-0.034224	-15.500000	4244200.000000
2021-11-29	0.016022	0.000000	0.026825	-0.006812	8.750000	2919100.000000
2021-11-26	-0.006549	-0.000327	0.008768	-0.009859	-3.599976	1844800.000000
2021-11-24	0.008198	0.000513	0.010215	-0.003558	4.469971	2316400.000000
2021-11-23	0.010396	-0.003132	0.011433	-0.010896	5.609985	2147000.000000
2021-11-22	0.010978	-0.000880	0.021788	-0.002754	5.860046	2190500.000000
2021-11-19	0.008350	0.008897	0.011164	-0.002569	4.419983	1909800.000000
2021-11-18	0.005852	0.003553	0.008569	-0.007220	3.080017	1664200.000000
2021-11-17	-0.000816	0.001481	0.007632	-0.004196	-0.429993	1609400.000000
2021-11-16	0.013137	-0.000096	0.016176	-0.004770	6.829956	1690700.000000
2021-11-15	0.005259	0.002552	0.011466	0.001624	2.720032	1392300.000000
2021-11-12	0.009743	0.004042	0.014604	0.002050	4.989990	1780200.000000
2021-11-11	0.013195	0.001365	0.013828	-0.002908	6.669983	1227300.000000
2021-11-10	-0.006290	-0.000885	0.003243	-0.009711	-3.199982	1226600.000000
2021-11-09	0.009726	0.002600	0.010500	0.000496	4.899994	1881800.000000
2021-11-08	-0.018144	0.000565	0.000565	-0.025179	-9.309998	2834800.000000
2021-11-05	-0.004849	-0.001648	0.004422	-0.013556	-2.500000	2071700.000000
2021-11-04	0.026457	0.009317	0.035594	0.007326	13.290009	2615000.000000
2021-11-03	0.010745	0.008753	0.012012	-0.002495	5.339996	1856000.000000
2021-11-02	0.010409	0.005835	0.015492	0.001728	5.119995	2012200.000000
2021-11-01	0.000671	0.005310	0.006815	-0.008829	0.329987	1548700.000000
2021-10-29	0.002059	-0.007645	0.007421	-0.007889	1.010010	2471600.000000
2021-10-28	0.002903	-0.004396	0.005561	-0.005377	1.420013	1362400.000000
2021-10-27	0.007373	-0.003460	0.012296	-0.004057	3.579987	1741800.000000
2021-10-26	-0.009325	-0.016262	-0.003775	-0.018098	-4.570007	2378600.000000
2021-10-25	0.016826	0.000000	0.021204	-0.005166	8.110016	1903400.000000
2021-10-22	0.009974	0.003688	0.016344	0.002808	4.759979	1710300.000000
2021-10-21	0.015880	0.000000	0.016774	-0.001469	7.460022	1423300.000000
2021-10-20	0.005759	0.003083	0.011604	0.001627	2.690002	1352900.000000
2021-10-19	0.011105	0.002273	0.011278	-0.003550	5.129974	1365300.000000
2021-10-18	0.021132	-0.006145	0.022016	-0.008599	9.559998	2141300.000000
2021-10-15	0.003839	0.007167	0.007278	-0.003284	1.730011	1494800.000000
2021-10-14	0.012037	0.004065	0.014372	0.002695	5.360016	1480400.000000
2021-10-13	-0.003513	0.003737	0.008146	-0.006266	-1.570007	1621500.000000
2021-10-12	-0.006293	0.001001	0.007005	-0.008784	-2.830017	1380900.000000
2021-10-11	-0.004758	-0.004006	0.004072	-0.005112	-2.149994	1011700.000000
2021-10-08	-0.002252	0.005675	0.006359	-0.006337	-1.019989	1545800.000000
2021-10-07	0.007856	0.015868	0.022811	0.006076	3.529999	1966200.000000
2021-10-06	0.006947	-0.005177	0.007933	-0.008650	3.100006	1334600.000000
2021-10-05	0.013859	-0.001272	0.020380	-0.002022	6.099976	1808700.000000
2021-10-04	-0.018268	0.000022	0.002275	-0.027123	-8.189972	2264000.000000
2021-10-01	-0.002270	0.000846	0.003850	-0.019116	-1.020020	1860700.000000
2021-09-30	-0.005401	0.004051	0.007902	-0.005511	-2.440002	1836400.000000
2021-09-29	0.009925	0.005633	0.019336	0.003465	4.440002	1922000.000000
2021-09-28	-0.028682	-0.007426	-0.006644	-0.032330	-13.209991	2632700.000000
2021-09-27	-0.015371	-0.004703	0.005858	-0.022469	-7.190002	2526000.000000
2021-09-24	0.033062	0.007067	0.035205	0.004903	14.970001	3353800.000000
2021-09-23	0.000995	-0.000066	0.007119	-0.002719	0.450012	2061200.000000
2021-09-22	0.000487	0.005729	0.007166	-0.005021	0.220001	1380800.000000
2021-09-21	0.002150	0.000000	0.012635	-0.002172	0.969971	1531300.000000
2021-09-20	-0.018215	-0.006268	0.003134	-0.028052	-8.369995	2602000.000000
2021-09-17	-0.008202	-0.003648	-0.001058	-0.013576	-3.799988	3411400.000000
2021-09-16	0.005600	0.000130	0.006598	-0.009029	2.579987	1577500.000000
2021-09-15	0.005061	-0.000371	0.008377	-0.004952	2.320007	1770300.000000
2021-09-14	-0.002719	0.002806	0.005526	-0.004873	-1.250000	1383900.000000
2021-09-13	-0.011824	0.004085	0.006621	-0.014963	-5.500000	1679500.000000
2021-09-10	-0.001674	0.002640	0.005280	-0.005881	-0.779999	1324800.000000
2021-09-09	0.000515	0.003522	0.008739	-0.000988	0.239990	1398700.000000
2021-09-08	0.013272	-0.001066	0.013555	-0.003307	6.100006	1372000.000000
2021-09-07	-0.006378	-0.000108	0.001405	-0.010637	-2.949982	1463400.000000
2021-09-03	0.003428	-0.004274	0.005705	-0.004274	1.579987	1302400.000000
2021-09-02	0.009748	0.006352	0.010777	0.004096	4.450012	1455000.000000
2021-09-01	0.002261	-0.000022	0.002613	-0.007991	1.029999	1325400.000000
2021-08-31	-0.000965	0.000461	0.002084	-0.007655	-0.440002	1699000.000000
2021-08-30	0.012413	0.001554	0.013878	0.000222	5.589996	1219800.000000
2021-08-27	0.002292	0.000000	0.005141	-0.005586	1.029999	1310200.000000
2021-08-26	-0.004255	0.000000	0.002770	-0.010039	-1.920013	1418600.000000
2021-08-25	-0.001240	-0.002125	0.002280	-0.009894	-0.559998	1520600.000000
2021-08-24	-0.006902	0.000703	0.001011	-0.010177	-3.139984	1541700.000000
2021-08-23	-0.008846	-0.003747	0.000153	-0.009586	-4.059998	1835900.000000
2021-08-20	0.010412	0.002708	0.014001	-0.001321	4.729980	1911200.000000
2021-08-19	0.018041	-0.007306	0.020820	-0.010981	8.050018	1953700.000000
2021-08-18	-0.013552	-0.003051	0.006411	-0.014237	-6.130005	2030100.000000
2021-08-17	-0.001148	0.000000	0.002032	-0.006978	-0.519989	1936700.000000
2021-08-16	0.011254	0.000201	0.011991	-0.001719	5.039978	1515600.000000
2021-08-13	0.005524	0.000943	0.006736	-0.001841	2.460022	1309300.000000
2021-08-12	0.002386	-0.002926	0.005244	-0.004614	1.059998	1230700.000000
2021-08-11	0.002867	0.005575	0.011218	-0.002776	1.269989	2267500.000000
2021-08-10	0.005812	0.000431	0.007560	0.000431	2.559998	1893700.000000
2021-08-09	0.001911	0.002320	0.007165	-0.000728	0.839996	1472500.000000
2021-08-06	-0.008033	-0.001038	0.000609	-0.009680	-3.559998	1789800.000000
2021-08-05	0.018734	0.006229	0.019446	0.003885	8.149994	1742600.000000
2021-08-04	-0.000069	0.002138	0.006712	-0.005011	-0.029999	1280500.000000
2021-08-03	0.014338	0.002331	0.018372	0.000466	6.149994	1448100.000000
2021-08-02	-0.001862	0.002094	0.002304	-0.009867	-0.799988	1366900.000000
2021-07-30	0.010440	0.001646	0.014626	0.001552	4.440002	2283900.000000
2021-07-29	0.009136	0.000593	0.010488	-0.002539	3.850006	1434200.000000
2021-07-28	-0.004996	-0.000652	0.003102	-0.007097	-2.116028	1362700.000000
2021-07-27	0.002623	0.003697	0.005023	-0.001984	1.107880	1666500.000000
2021-07-26	-0.000472	0.001804	0.004406	-0.005413	-0.199585	1220000.000000
2021-07-23	0.014106	0.003674	0.017351	0.000699	5.878967	1344500.000000
2021-07-22	0.006096	0.004264	0.010541	-0.001650	2.525238	1339200.000000
2021-07-21	-0.002955	0.003969	0.003969	-0.007801	-1.227661	1480000.000000
2021-07-20	0.005046	0.001512	0.011358	-0.001270	2.086090	2045400.000000
2021-07-19	0.009211	0.001118	0.013959	0.001093	3.772919	2293100.000000
2021-07-16	-0.003521	0.002604	0.005767	-0.003113	-1.447296	1413900.000000
2021-07-15	0.004561	0.003121	0.007373	-0.003184	1.866486	1894100.000000
2021-07-14	0.007100	0.005616	0.010267	0.002367	2.884613	1265800.000000
2021-07-13	-0.002010	-0.005936	0.005338	-0.005936	-0.818481	1540300.000000
2021-07-12	-0.010888	0.005932	0.006685	-0.017173	-4.481567	2491300.000000
2021-07-09	0.012821	0.005320	0.018730	0.002957	5.210236	2304200.000000
2021-07-08	0.006104	-0.001047	0.011678	-0.001889	2.465363	2235500.000000
2021-07-07	0.014592	0.002729	0.020111	0.002729	5.809113	2308600.000000
2021-07-06	-0.000201	0.004135	0.008052	-0.002721	-0.079865	2113100.000000
2021-07-02	0.011178	0.006141	0.017720	0.005887	4.401764	1676600.000000
2021-07-01	-0.002881	0.003470	0.006989	-0.002658	-1.137878	1523400.000000
2021-06-30	-0.007824	-0.000186	0.006095	-0.007647	-3.114166	2031700.000000
2021-06-29	0.005674	0.001268	0.009202	-0.000829	2.245789	1523600.000000
2021-06-28	0.005146	0.003119	0.009265	-0.001630	2.026215	1645500.000000
2021-06-25	0.006223	0.004174	0.008212	-0.000221	2.435425	2056100.000000
2021-06-24	0.000255	0.005581	0.010897	0.001440	0.099823	1487300.000000
2021-06-23	-0.000535	0.003969	0.005093	-0.002187	-0.209595	1538000.000000
2021-06-22	0.013909	0.002444	0.016639	0.001253	5.369934	1934800.000000
2021-06-21	0.015543	0.005478	0.019682	0.001033	5.908905	1631600.000000
2021-06-18	-0.010058	0.001875	0.002291	-0.009713	-3.862762	3415700.000000
2021-06-17	0.014075	0.004436	0.020517	0.001346	5.330017	1686500.000000
2021-06-16	-0.011721	0.003153	0.008477	-0.015845	-4.491577	1801700.000000
2021-06-15	0.000391	0.001875	0.003806	-0.003869	0.149719	1252000.000000
2021-06-14	0.005055	-0.000854	0.007516	-0.005341	1.926392	1652600.000000
2021-06-11	-0.003081	0.004098	0.004098	-0.004613	-1.177795	1404200.000000
2021-06-10	0.008027	0.002692	0.010840	0.000635	3.044312	1404000.000000
2021-06-09	0.000685	0.003220	0.007363	0.000371	0.259491	1398900.000000
2021-06-08	-0.001840	0.001901	0.004008	-0.005263	-0.698669	1553800.000000
2021-06-07	-0.018373	-0.003425	-0.000892	-0.021264	-7.106689	2515800.000000
2021-06-04	0.009508	0.002710	0.012027	0.001457	3.643158	1765900.000000
2021-06-03	0.008618	-0.000626	0.011351	-0.002680	3.273865	1780300.000000
2021-06-02	0.006240	0.002272	0.011649	0.000497	2.355560	1881000.000000
2021-06-01	-0.000106	0.006271	0.006986	-0.005462	-0.039886	2117800.000000
2021-05-28	-0.023819	-0.006787	-0.003788	-0.025195	-9.212738	4681200.000000
2021-05-27	0.004875	0.000602	0.007460	-0.003633	1.876495	4452000.000000
2021-05-26	0.000623	0.003122	0.008036	0.000939	0.239532	1648000.000000
2021-05-25	0.005033	0.002319	0.007858	-0.001836	1.926392	1379700.000000
2021-05-24	0.007171	0.011401	0.015137	0.004953	2.724884	1657000.000000
2021-05-21	-0.007456	0.005714	0.006498	-0.006353	-2.854645	1706600.000000
2021-05-20	0.010325	0.000608	0.014699	-0.001767	3.912659	1427300.000000
2021-05-19	-0.008229	-0.012939	-0.000952	-0.015608	-3.144104	1725000.000000
2021-05-18	-0.002995	0.008372	0.016200	-0.001909	-1.147827	1698200.000000
2021-05-17	-0.001197	0.003490	0.008729	-0.002087	-0.459167	1830800.000000
2021-05-14	0.012884	0.008764	0.018479	0.003379	4.880859	1876100.000000
2021-05-13	0.019694	0.004270	0.026746	0.000179	7.316284	2023100.000000
2021-05-12	-0.015813	-0.003901	-0.001410	-0.016855	-5.968811	2344600.000000
2021-05-11	-0.008651	-0.003824	0.000404	-0.012517	-3.293823	1859700.000000
2021-05-10	-0.007390	0.004925	0.011181	-0.006050	-2.834686	1998700.000000
2021-05-07	0.004076	0.002058	0.011533	0.000409	1.557068	1817100.000000
2021-05-06	0.027544	0.003730	0.029954	0.003730	10.240814	2641400.000000
2021-05-05	-0.007434	0.004704	0.007828	-0.006775	-2.784790	1905300.000000
2021-05-04	-0.010624	0.001109	0.001637	-0.012837	-4.022461	2133800.000000
2021-05-03	0.019431	0.006587	0.022150	0.004029	7.216492	2685800.000000
2021-04-30	-0.003882	0.000185	0.003537	-0.004053	-1.447296	2118900.000000
2021-04-29	0.012853	0.001168	0.017930	0.001141	4.731140	1848300.000000
2021-04-28	-0.001675	0.002231	0.004807	-0.001485	-0.617523	1305600.000000
2021-04-27	0.004586	0.003067	0.010668	-0.004779	1.683228	1875900.000000
2021-04-26	-0.012752	0.005688	0.005688	-0.009616	-4.740936	2059700.000000
2021-04-23	0.005441	0.004021	0.013729	0.001722	2.011902	1404500.000000
2021-04-22	-0.007565	0.004692	0.007644	-0.006876	-2.818634	2138000.000000
2021-04-21	0.006349	0.003696	0.011718	0.003318	2.350525	1531800.000000
2021-04-20	0.005899	0.002526	0.019806	0.001793	2.171265	2330700.000000
2021-04-19	-0.003156	0.004779	0.006214	-0.002804	-1.165314	1560000.000000
2021-04-16	0.005206	0.006471	0.014910	0.003422	1.912323	2249200.000000
2021-04-15	0.015502	0.008748	0.021659	0.007062	5.607422	1850100.000000
2021-04-14	-0.005586	0.003031	0.003031	-0.003292	-2.031799	1509400.000000
2021-04-13	0.001096	0.005479	0.010874	0.002534	0.398407	1796400.000000
2021-04-12	0.004405	0.002998	0.009660	-0.001149	1.593597	1836600.000000
2021-04-09	0.005509	0.003159	0.010942	-0.000482	1.982025	1610800.000000
2021-04-08	0.006717	0.015185	0.024196	0.006231	2.400330	2839200.000000
2021-04-07	-0.003638	0.006112	0.007757	-0.002977	-1.304749	1808400.000000
2021-04-06	-0.001940	0.001182	0.009530	-0.001044	-0.697205	2142000.000000
2021-04-05	0.016566	0.011262	0.025887	0.009395	5.856476	2705700.000000
2021-04-01	0.006979	0.004192	0.017807	0.001599	2.450134	2938600.000000
2021-03-31	0.007806	0.006633	0.026125	0.002528	2.719055	2832200.000000
2021-03-30	-0.017970	-0.003224	0.000130	-0.016587	-6.374359	2602400.000000
2021-03-29	0.011732	0.002395	0.020421	0.001140	4.113495	3012000.000000
2021-03-26	0.016400	0.003644	0.021762	-0.002473	5.657227	3061200.000000
2021-03-25	0.024553	0.003337	0.032950	0.001734	8.266724	4307100.000000
2021-03-24	-0.006758	0.009567	0.010422	-0.006334	-2.290771	3006400.000000
2021-03-23	0.017489	0.002220	0.028094	0.001949	5.826599	3641200.000000
2021-03-22	0.016965	0.002617	0.026182	0.001823	5.557648	4064900.000000
2021-03-19	0.018360	0.005979	0.023512	0.002187	5.906250	4859300.000000
2021-03-18	-0.018864	-0.004245	0.000818	-0.016750	-6.185120	2736900.000000
2021-03-17	0.005928	0.000186	0.013992	-0.005582	1.932220	2672400.000000
2021-03-16	-0.009864	0.001469	0.002562	-0.007736	-3.246948	3066700.000000
2021-03-15	-0.001903	0.011479	0.011722	-0.007562	-0.627502	3243000.000000
2021-03-12	0.007577	0.002340	0.013125	-0.005297	2.480072	3182100.000000
2021-03-11	0.014884	0.024422	0.027026	0.012981	4.800690	4338900.000000
2021-03-10	0.015842	0.011454	0.031139	-0.000578	5.029785	4523500.000000
2021-03-09	0.023634	0.011565	0.032585	0.008179	7.330475	5426800.000000
2021-03-08	-0.018593	0.009051	0.019873	-0.016229	-5.876343	4873500.000000
2021-03-05	-0.005391	-0.007655	0.002101	-0.033869	-1.713104	8102800.000000
2021-03-04	-0.015065	0.002316	0.009228	-0.023504	-4.860474	5501200.000000
2021-03-03	-0.013822	0.003134	0.003898	-0.010346	-4.521790	4064200.000000
2021-03-02	-0.009977	0.009831	0.012857	-0.006117	-3.296753	4660100.000000
2021-03-01	0.002326	0.016791	0.019187	0.005113	0.766907	4653200.000000
2021-02-26	-0.008685	0.008862	0.010005	-0.004880	-2.888367	3362200.000000
2021-02-25	-0.019959	0.004463	0.010799	-0.017639	-6.772797	3618100.000000
2021-02-24	-0.004238	0.002964	0.005048	-0.008480	-1.444183	3305800.000000
2021-02-23	-0.023015	0.002845	0.006286	-0.019431	-8.027710	3692600.000000
2021-02-22	-0.012853	-0.001696	-0.000168	-0.012818	-4.541748	2215600.000000
2021-02-19	-0.006024	0.003374	0.006862	-0.002562	-2.141418	1839400.000000
2021-02-18	-0.003128	-0.012132	0.004469	-0.012132	-1.115479	1914900.000000
2021-02-17	0.011412	0.001496	0.015848	-0.001907	4.023804	2143000.000000
2021-02-16	0.003544	0.004960	0.011449	0.002000	1.244995	1829000.000000
2021-02-12	0.001562	0.003422	0.006244	-0.001966	0.547791	2096600.000000
2021-02-11	-0.011008	0.002921	0.005092	-0.009315	-3.904297	2088400.000000
2021-02-10	-0.009567	0.008042	0.008042	-0.008377	-3.426208	2162400.000000
2021-02-09	-0.000750	0.004607	0.009155	-0.000248	-0.268921	2154000.000000
2021-02-08	0.013120	0.007978	0.017788	0.005151	4.641327	2520700.000000
2021-02-05	-0.001911	0.005996	0.006842	-0.000917	-0.677307	2165600.000000
2021-02-04	0.003780	0.010251	0.014981	0.002152	1.334686	3411600.000000
2021-02-03	-0.001041	0.007842	0.011520	-0.000702	-0.367798	1759800.000000
2021-02-02	0.014436	0.009562	0.026610	0.006577	5.029816	1905000.000000
2021-02-01	-0.005420	0.002521	0.007031	-0.003188	-1.898621	2371200.000000
2021-01-29	-0.012967	-0.000505	0.003834	-0.008591	-4.602356	2598700.000000
2021-01-28	0.001880	0.007301	0.020738	0.005100	0.665924	2251100.000000
2021-01-27	-0.023535	0.000518	0.008263	-0.021918	-8.538696	3120800.000000
2021-01-26	0.008566	0.001333	0.017178	-0.002337	3.081512	1807000.000000
2021-01-25	-0.001159	0.002005	0.005059	-0.009213	-0.417480	2735900.000000
2021-01-22	-0.001378	0.007112	0.011077	-0.002177	-0.497040	1960300.000000
2021-01-21	0.004152	0.006003	0.013493	0.002216	1.491028	2121600.000000
2021-01-20	0.019268	0.005776	0.027090	0.002995	6.789276	2767200.000000
2021-01-19	-0.021234	0.006559	0.008198	-0.020997	-7.644104	4533800.000000
2021-01-15	-0.000524	0.002422	0.013111	0.001700	-0.188873	2340400.000000
2021-01-14	-0.012536	0.003399	0.004769	-0.008774	-4.572571	2363900.000000
2021-01-13	0.007551	0.006473	0.018544	0.002688	2.733582	1968800.000000
2021-01-12	0.000522	0.005976	0.008933	-0.004388	0.188904	2387600.000000
2021-01-11	-0.016030	0.002305	0.008886	-0.010531	-5.894653	2562500.000000
2021-01-08	0.005490	0.006550	0.012401	-0.003922	2.007935	2599700.000000
2021-01-07	-0.005675	0.008695	0.010435	-0.002779	-2.087433	2849500.000000
2021-01-06	-0.015223	0.000863	0.006164	-0.010302	-5.685852	2661400.000000
2021-01-05	-0.011601	0.002589	0.006162	-0.006964	-4.383698	2748400.000000
2021-01-04	0.008944	0.007739	0.018739	0.000743	3.349915	3322200.000000
2020-12-31	0.006222	0.007454	0.012961	0.000657	2.316071	1628900.000000
2020-12-30	0.004642	0.009998	0.014478	0.007515	1.719696	1778000.000000
2020-12-29	0.004474	0.009229	0.011968	0.003834	1.650085	2072600.000000
2020-12-28	0.017774	0.008542	0.025622	0.007383	6.441345	3207700.000000
2020-12-24	0.007433	0.004669	0.015594	0.004669	2.673920	972500.000000
2020-12-23	-0.000387	0.007170	0.008976	-0.001027	-0.139160	1782100.000000
2020-12-22	-0.008055	0.003605	0.005424	-0.006015	-2.922455	2105500.000000
2020-12-21	-0.005531	0.000768	0.003591	-0.008223	-2.017883	2329700.000000
2020-12-18	-0.008885	0.008204	0.008910	-0.005842	-3.270386	4140000.000000
2020-12-17	0.002301	0.008236	0.010169	0.002082	0.844971	2314200.000000
2020-12-16	-0.006561	0.004055	0.008600	-0.002194	-2.425476	2385100.000000
2020-12-15	-0.006678	0.006325	0.009523	-0.007648	-2.485107	2133900.000000
2020-12-14	-0.001919	0.009919	0.014264	0.000934	-0.715668	2778400.000000
2020-12-11	0.006196	0.024839	0.024839	0.005328	2.296204	3483900.000000
2020-12-10	-0.004008	0.006003	0.007911	-0.001334	-1.491028	2566300.000000
2020-12-09	-0.008766	0.012078	0.015061	-0.006785	-3.290253	2461600.000000
2020-12-08	0.011438	0.007674	0.022683	-0.000949	4.244507	2685500.000000
2020-12-07	-0.000268	0.008266	0.014273	0.003902	-0.099426	2652900.000000
2020-12-04	-0.001657	0.009123	0.009392	0.000194	-0.616272	2839700.000000
2020-12-03	-0.024641	-0.008425	-0.006510	-0.020806	-9.393616	3976400.000000
2020-12-02	-0.010476	0.000578	0.004238	-0.009545	-4.035767	2212800.000000
2020-12-01	0.015166	0.013197	0.022604	0.004448	5.755463	2996800.000000
2020-11-30	0.008702	0.041285	0.045006	0.023955	3.274017	3733800.000000
2020-11-27	0.001651	0.039569	0.040128	0.032354	0.619995	1329400.000000
2020-11-25	0.009187	0.036573	0.043424	0.035955	3.419373	2034200.000000
2020-11-24	0.006576	0.037709	0.044092	0.029650	2.431305	2061100.000000
2020-11-23	0.001548	0.037447	0.037609	0.030241	0.571503	1679600.000000
2020-11-20	-0.006310	0.033458	0.037630	0.025544	-2.344177	1807600.000000
2020-11-19	0.003427	0.036081	0.039052	0.027168	1.268982	1768900.000000
2020-11-18	0.000812	0.034976	0.048924	0.031841	0.300262	2134600.000000
2020-11-17	0.005608	0.052822	0.055975	0.037791	2.063232	3299100.000000
2020-11-16	0.002508	0.027095	0.039003	0.027095	0.920258	1691500.000000
2020-11-13	0.008331	0.034580	0.043675	0.030376	3.031921	1274600.000000
2020-11-12	0.007481	0.043510	0.047081	0.033960	2.702515	1535900.000000
2020-11-11	0.017184	0.040971	0.055106	0.036691	6.102600	1688800.000000
2020-11-10	0.004438	0.029186	0.050852	0.019881	1.569183	2662600.000000
2020-11-09	-0.053570	0.039287	0.042633	-0.023592	-20.012512	4371300.000000
2020-11-06	0.001116	0.023377	0.036561	0.020724	0.416534	1950200.000000
2020-11-05	0.024085	0.049671	0.060923	0.041493	8.776062	2255800.000000
2020-11-04	0.011319	0.038072	0.059221	0.038016	4.078094	2449800.000000
2020-11-03	0.020774	0.045245	0.061847	0.042270	7.332703	2013100.000000
2020-11-02	0.018931	0.045633	0.055563	0.041274	6.557831	1646300.000000
2020-10-30	-0.019843	0.021800	0.029496	0.006691	-7.013062	2724100.000000
2020-10-29	0.001647	0.029435	0.046043	0.027394	0.581207	1838500.000000
2020-10-28	-0.020820	0.019380	0.033478	0.011998	-7.502411	1908300.000000
2020-10-27	0.005422	0.028925	0.046057	0.028925	1.943268	1525400.000000
2020-10-26	-0.010384	0.012469	0.028898	0.010923	-3.760864	2145000.000000
2020-10-23	-0.003061	0.033953	0.036458	0.028309	-1.111816	1108000.000000
2020-10-22	-0.005479	0.033051	0.035871	0.018487	-2.001282	1813200.000000
2020-10-21	-0.001295	0.035021	0.042458	0.030811	-0.473724	1466500.000000
2020-10-20	0.007322	0.040204	0.052295	0.035880	2.658691	1282300.000000
2020-10-19	-0.015673	0.035666	0.038540	0.015822	-5.781464	1938100.000000
2020-10-16	0.013171	0.045105	0.057108	0.041315	4.795349	2459400.000000
2020-10-15	-0.004652	0.029198	0.034393	0.019903	-1.701569	1697800.000000
2020-10-14	-0.006147	0.040343	0.043006	0.023524	-2.262299	1904400.000000
2020-10-13	0.011156	0.039668	0.050300	0.034338	4.060516	1823300.000000
2020-10-12	0.019001	0.038649	0.065693	0.038005	6.786987	2806900.000000
2020-10-09	0.011970	0.036916	0.047540	0.036066	4.224915	1730700.000000
2020-10-08	0.005702	0.039410	0.042743	0.030719	2.001282	1793100.000000
2020-10-07	0.013032	0.040457	0.052782	0.038119	4.514954	1959100.000000
2020-10-06	-0.000641	0.043915	0.047088	0.029896	-0.222351	2760400.000000
2020-10-05	0.010056	0.035270	0.045905	0.035270	3.451477	2093500.000000
2020-10-02	-0.009625	0.023575	0.032549	0.018150	-3.335480	2125000.000000
2020-10-01	0.009747	0.038009	0.048003	0.033814	3.345154	2053000.000000
2020-09-30	0.008122	0.035572	0.050669	0.031489	2.765045	2525800.000000
2020-09-29	0.007208	0.032356	0.048154	0.026883	2.436310	2526000.000000
2020-09-28	0.020550	0.037901	0.056047	0.035908	6.806366	3459200.000000
2020-09-25	-0.012738	0.015678	0.024710	-0.000359	-4.273315	7338500.000000
2020-09-24	0.006877	0.035448	0.042441	0.015370	2.291290	5779300.000000
2020-09-23	0.000523	0.044998	0.045749	0.033167	0.174042	3577100.000000
2020-09-22	0.014371	0.037780	0.050573	0.034399	4.717957	2128100.000000
2020-09-21	0.010746	0.028211	0.045606	0.027411	3.490234	2427400.000000
2020-09-18	-0.008617	0.038367	0.041480	0.010897	-2.823120	3409300.000000
2020-09-17	-0.014110	0.021850	0.031810	0.012191	-4.688965	2681500.000000
2020-09-16	-0.000523	0.044443	0.048925	0.032353	-0.174011	1656500.000000
2020-09-15	0.002887	0.040672	0.048937	0.033825	0.957153	1362500.000000
2020-09-14	0.011176	0.040011	0.051753	0.038425	3.664154	1522300.000000
2020-09-11	-0.001178	0.036623	0.045701	0.023889	-0.386688	1599600.000000
2020-09-10	-0.019918	0.033860	0.039026	0.011438	-6.670959	1959600.000000
2020-09-09	0.022340	0.040565	0.067426	0.039008	7.318726	2100900.000000
2020-09-08	-0.022247	0.026190	0.029414	0.009298	-7.454102	2144300.000000
2020-09-04	-0.004967	0.051206	0.051206	0.010878	-1.672546	2557000.000000
2020-09-03	-0.029426	0.046473	0.048202	-0.004112	-10.209412	3630400.000000
2020-09-02	0.021287	0.040902	0.059477	0.034132	7.231659	2434900.000000
2020-09-01	0.010700	0.028536	0.045733	0.027644	3.596497	1773700.000000
2020-08-31	-0.002038	0.029825	0.035466	0.022224	-0.686401	1586900.000000
2020-08-28	0.005803	0.037653	0.042401	0.031770	1.943268	1487300.000000
2020-08-27	0.006071	0.038364	0.044763	0.029170	2.020599	2220700.000000
2020-08-26	-0.001276	0.029237	0.034698	0.025276	-0.425385	1757000.000000
2020-08-25	0.001685	0.034368	0.036682	0.026313	0.560760	1176200.000000
2020-08-24	-0.001393	0.035839	0.038840	0.026834	-0.464050	1461500.000000
2020-08-21	0.010972	0.031911	0.049419	0.029665	3.615814	2372600.000000
2020-08-20	-0.000088	0.032032	0.036644	0.027784	-0.028992	1717500.000000
2020-08-19	0.000440	0.035461	0.037950	0.031910	0.144989	1730100.000000
2020-08-18	0.002324	0.037502	0.042979	0.024754	0.763794	1489400.000000
2020-08-17	0.010943	0.038552	0.046918	0.037660	3.557831	1504700.000000
2020-08-14	0.001728	0.036895	0.043766	0.034030	0.560699	1522900.000000
2020-08-13	-0.003148	0.035044	0.042631	0.029332	-1.024780	1536500.000000
2020-08-12	0.013025	0.038445	0.054469	0.036640	4.186249	1853900.000000
2020-08-11	-0.022265	0.036924	0.036924	0.009392	-7.318695	2065600.000000
2020-08-10	-0.002669	0.033731	0.034823	0.027268	-0.879822	1503800.000000
2020-08-07	-0.006991	0.033826	0.038616	0.023251	-2.320282	1759000.000000
2020-08-06	0.009824	0.041761	0.050006	0.039327	3.229095	2104300.000000
2020-08-05	0.000530	0.040639	0.043288	0.027641	0.174042	2923700.000000
2020-08-04	0.031793	0.035092	0.067317	0.033082	10.122437	3933300.000000
2020-08-03	0.011642	0.034401	0.048191	0.030430	3.664154	2480200.000000
2020-07-31	0.002186	0.034338	0.039083	0.027109	0.686432	2149900.000000
2020-07-30	-0.001905	0.025598	0.037548	0.023405	-0.599426	1390300.000000
2020-07-29	-0.004366	0.034822	0.038050	0.029664	-1.379578	1341300.000000
2020-07-28	-0.000091	0.037734	0.044157	0.030931	-0.028900	1374000.000000
2020-07-27	0.005586	0.036244	0.046808	0.034654	1.755768	2083300.000000
2020-07-24	-0.001012	0.036913	0.044954	0.031986	-0.318298	1423400.000000
2020-07-23	-0.006671	0.035931	0.043130	0.027185	-2.112793	1561700.000000
2020-07-22	0.001709	0.042604	0.042635	0.027928	0.540253	1312600.000000
2020-07-21	0.003767	0.038118	0.052373	0.036531	1.186615	1874200.000000
2020-07-20	0.005296	0.036882	0.045020	0.029765	1.659302	1863300.000000
2020-07-17	-0.004536	0.039835	0.041424	0.031194	-1.427704	1768100.000000
2020-07-16	-0.001316	0.036309	0.040370	0.028186	-0.414917	1402000.000000
2020-07-15	-0.003963	0.036879	0.040734	0.029041	-1.254150	1770700.000000
2020-07-14	0.015731	0.031427	0.054988	0.028634	4.900787	1844800.000000
2020-07-13	-0.010146	0.036785	0.045714	0.021534	-3.193207	2583200.000000
2020-07-10	0.002120	0.038027	0.042485	0.028825	0.665649	2484100.000000
2020-07-09	0.029148	0.048622	0.078049	0.047573	8.894836	5313600.000000
2020-07-08	0.000284	0.039546	0.042528	0.029286	0.086792	2364500.000000
2020-07-07	0.015217	0.031671	0.058393	0.030673	4.572845	3346600.000000
2020-07-06	0.018807	0.042632	0.056295	0.041648	5.547150	2332400.000000
2020-07-02	0.003248	0.040814	0.050746	0.036053	0.955048	2540500.000000
2020-07-01	0.005079	0.034135	0.044665	0.028153	1.485687	1906100.000000
2020-06-30	0.005372	0.034569	0.046977	0.031579	1.562866	2391700.000000
2020-06-29	0.016961	0.039638	0.054284	0.037506	4.852539	1841700.000000
2020-06-26	-0.013210	0.036149	0.042047	0.020766	-3.829895	2866000.000000
2020-06-25	0.008422	0.033224	0.047449	0.027450	2.421448	2274300.000000
2020-06-24	-0.010853	0.034774	0.036528	0.020427	-3.154694	2398100.000000
2020-06-23	0.002796	0.040979	0.051915	0.037529	0.810394	2409600.000000
2020-06-22	0.001834	0.035872	0.042024	0.030860	0.530609	2094400.000000
2020-06-19	0.001102	0.038673	0.044625	0.033345	0.318359	3438000.000000
2020-06-18	-0.000133	0.037912	0.040714	0.030266	-0.038574	1881800.000000
2020-06-17	-0.005807	0.035393	0.038764	0.028102	-1.688232	2188400.000000
2020-06-16	0.014065	0.051108	0.055956	0.043678	4.032532	2633800.000000
2020-06-15	-0.005089	0.030837	0.034376	0.019697	-1.466461	3266800.000000
2020-06-12	-0.007080	0.042903	0.051448	0.020782	-2.054840	4020000.000000
2020-06-11	-0.021150	0.035416	0.042870	0.013999	-6.270721	3443000.000000
2020-06-10	0.005826	0.039718	0.047012	0.036902	1.717224	2713700.000000
2020-06-09	-0.005339	0.037609	0.041321	0.029747	-1.582153	3155800.000000
2020-06-08	-0.015543	0.031978	0.034071	0.018026	-4.678955	3764500.000000
2020-06-05	0.004151	0.044502	0.046169	0.025021	1.244507	4375600.000000
2020-06-04	0.013403	0.050794	0.066006	0.044845	3.964996	4553900.000000
2020-06-03	-0.001465	0.037947	0.040310	0.032614	-0.434082	2165900.000000
2020-06-02	-0.003892	0.035420	0.039017	0.024559	-1.157684	2528900.000000
2020-06-01	-0.000583	0.034647	0.040830	0.029809	-0.173615	2293700.000000
2020-05-29	-0.003521	0.018615	0.034286	0.012420	-1.051575	4971800.000000
2020-05-28	0.011601	0.040763	0.053466	0.039577	3.424774	4301900.000000
2020-05-27	0.003970	0.035747	0.041698	0.018437	1.167328	2980200.000000
2020-05-26	0.007837	0.048833	0.051883	0.040333	2.286407	3234600.000000
2020-05-22	0.001523	0.036700	0.043325	0.032650	0.443787	2366400.000000
2020-05-21	-0.009642	0.036155	0.037005	0.024120	-2.836334	2492100.000000
2020-05-20	0.000919	0.043844	0.047758	0.031697	0.270142	2827000.000000
2020-05-19	0.006176	0.042931	0.057995	0.037898	1.804016	3523000.000000
2020-05-18	0.011865	0.045258	0.050351	0.039023	3.424835	3987300.000000
2020-05-15	-0.001768	0.034246	0.036874	0.023145	-0.511322	4577200.000000
2020-05-14	-0.007943	0.032686	0.039101	0.010489	-2.315369	3718900.000000
2020-05-13	-0.008857	0.036563	0.041867	0.020513	-2.604736	2954900.000000
2020-05-12	-0.017691	0.038266	0.040638	0.018058	-5.296326	2264900.000000
2020-05-11	0.014349	0.035546	0.056519	0.033378	4.235107	1865900.000000
2020-05-08	0.003082	0.039622	0.043972	0.032145	0.906891	2337400.000000
2020-05-07	-0.012594	0.038073	0.039851	0.021932	-3.752838	2601800.000000
2020-05-06	0.003150	0.043295	0.047066	0.031917	0.935760	2406700.000000
2020-05-05	0.011265	0.038503	0.054639	0.032988	3.309052	2460900.000000
2020-05-04	0.008512	0.040271	0.048957	0.030211	2.479370	2477500.000000
2020-05-01	-0.003564	0.032389	0.042789	0.026916	-1.041931	2525400.000000
2020-04-30	-0.011064	0.035751	0.041671	0.023639	-3.270416	3794300.000000
2020-04-29	0.007017	0.038931	0.051639	0.025883	2.059784	3667700.000000
2020-04-28	-0.012404	0.045828	0.047309	0.023790	-3.686462	2425900.000000
2020-04-27	-0.005699	0.047295	0.048098	0.029029	-1.703644	2287300.000000
2020-04-24	0.016863	0.045497	0.057403	0.039305	4.957001	2019400.000000
2020-04-23	-0.012992	0.030906	0.039670	0.023385	-3.869354	2625200.000000
2020-04-22	0.026848	0.048137	0.072720	0.041379	7.786835	2970600.000000
2020-04-21	-0.034446	0.035802	0.038299	-0.003448	-10.347137	3833000.000000
2020-04-20	-0.018370	0.039029	0.040434	0.018049	-5.621216	3156300.000000
2020-04-17	-0.011320	0.038123	0.040773	0.014570	-3.503571	3688000.000000
2020-04-16	0.036388	0.053865	0.080318	0.044858	10.866943	3940000.000000
2020-04-15	-0.012319	0.030663	0.037641	0.014722	-3.725006	2937300.000000
2020-04-14	0.048461	0.049784	0.091394	0.044583	13.975891	4288300.000000
2020-04-13	-0.001300	0.033979	0.052575	0.030793	-0.375366	3120400.000000
2020-04-09	-0.019479	0.016792	0.033430	0.010442	-5.736694	6487600.000000
2020-04-08	0.007707	0.043995	0.051899	0.034312	2.252319	3964400.000000
2020-04-07	-0.004883	0.043630	0.055547	0.032462	-1.434143	4036500.000000
2020-04-06	0.057059	0.054588	0.099543	0.042242	15.852844	5272500.000000
2020-04-03	-0.009709	0.030662	0.041996	0.018685	-2.723999	2650100.000000
2020-04-02	0.016389	0.030236	0.060668	0.024585	4.523926	3500600.000000
2020-04-01	0.005787	0.028838	0.052303	0.023518	1.588135	3745800.000000
2020-03-31	-0.020575	0.025727	0.040359	0.013522	-5.765472	5618600.000000
2020-03-30	0.023880	0.050477	0.065787	0.044448	6.535492	4396000.000000
2020-03-27	-0.027266	0.020555	0.043161	0.007049	-7.671326	4250400.000000
2020-03-26	0.040732	0.040707	0.086539	0.038931	11.011322	5463100.000000
2020-03-25	-0.014319	0.036269	0.060006	0.018039	-3.927124	5639600.000000
2020-03-24	-0.002066	0.071897	0.081939	0.029107	-0.567871	7124200.000000
2020-03-23	-0.016838	0.044619	0.057712	-0.003997	-4.706787	5646400.000000
2020-03-20	-0.048490	0.048122	0.048428	-0.023020	-14.245392	6581200.000000
2020-03-19	-0.007415	0.048763	0.060385	0.022477	-2.194580	5429500.000000
2020-03-18	0.001661	0.008507	0.076192	0.001738	0.490906	6701800.000000
2020-03-17	0.084081	0.060283	0.127019	0.050378	22.917786	7170600.000000
2020-03-16	-0.063155	-0.031323	0.029513	-0.039297	-18.374634	5465500.000000
2020-03-13	0.080114	0.072269	0.125802	0.033065	21.579834	6100100.000000
2020-03-12	-0.059106	-0.020416	0.032644	-0.034737	-16.921234	7307600.000000
2020-03-11	-0.038688	0.010255	0.033525	-0.012143	-11.521454	3622700.000000
2020-03-10	0.024571	0.059539	0.065594	0.012922	7.141937	4245500.000000
2020-03-09	-0.030064	-0.012759	0.035561	-0.022269	-9.009247	5203100.000000
2020-03-06	-0.013998	0.027020	0.044623	-0.003875	-4.254364	6185500.000000
2020-03-05	-0.015527	0.022832	0.051143	0.014508	-4.793365	6407700.000000
2020-03-04	0.059492	0.058012	0.101528	0.046790	17.335083	4219300.000000
2020-03-03	-0.020735	0.038931	0.055835	0.011676	-6.169769	5131400.000000
2020-03-02	0.099594	0.088080	0.143770	0.076772	26.950775	7563800.000000
2020-02-28	-0.040903	0.011002	0.018374	-0.038511	-11.540710	7091800.000000
2020-02-27	-0.041087	0.026322	0.036586	-0.004198	-12.089325	3625300.000000
2020-02-26	0.002690	0.048064	0.060843	0.038284	0.789276	2236000.000000
2020-02-25	-0.027900	0.043503	0.048703	0.008388	-8.422150	2881800.000000
2020-02-24	-0.025874	0.018117	0.032638	0.010888	-8.017883	2300400.000000
2020-02-21	-0.006572	0.034058	0.042714	0.029153	-2.050140	2239000.000000
2020-02-20	0.003281	0.036680	0.045524	0.032466	1.020264	1427500.000000
2020-02-19	0.003012	0.039028	0.046932	0.037899	0.933685	1413600.000000
2020-02-18	0.011749	0.041183	0.055805	0.039910	3.599823	1547100.000000
2020-02-14	0.000346	0.041119	0.044188	0.034850	0.105865	1113400.000000
2020-02-13	0.009774	0.038041	0.051031	0.033722	2.964600	1438000.000000
2020-02-12	0.014291	0.039232	0.054982	0.039232	4.273590	1384600.000000
2020-02-11	-0.009911	0.039726	0.041050	0.027939	-2.993439	2047500.000000
2020-02-10	0.000510	0.039362	0.049896	0.035519	0.154022	2336300.000000
2020-02-07	0.009723	0.036891	0.049635	0.033947	2.906860	1903500.000000
2020-02-06	0.007493	0.042469	0.050860	0.037415	2.223389	1917900.000000
2020-02-05	0.013283	0.048292	0.057136	0.042829	3.890076	1731800.000000
2020-02-04	0.009603	0.049981	0.054601	0.043742	2.785461	1982300.000000
2020-02-03	-0.011521	0.046165	0.051549	0.028002	-3.380981	2816800.000000
2020-01-31	-0.012764	0.038026	0.040146	0.024603	-3.794006	1837000.000000
2020-01-30	-0.000355	0.038633	0.041323	0.031335	-0.105652	1232600.000000
2020-01-29	-0.004086	0.041155	0.044873	0.036232	-1.219818	1713700.000000
2020-01-28	0.004524	0.044688	0.048725	0.039944	1.344666	1571700.000000
2020-01-27	-0.003414	0.026503	0.045346	0.024826	-1.018127	2265100.000000
2020-01-24	-0.007575	0.044915	0.045780	0.028543	-2.276398	1986100.000000
2020-01-23	0.003174	0.041555	0.046162	0.037249	0.950897	1535900.000000
2020-01-22	-0.004373	0.041587	0.042118	0.030985	-1.315918	2218900.000000
2020-01-21	0.028161	0.046316	0.070714	0.044812	8.241180	3585900.000000
2020-01-17	0.005445	0.042393	0.048921	0.041122	1.584839	2506500.000000
2020-01-16	0.007346	0.043094	0.052335	0.041675	2.122681	1758600.000000
2020-01-15	0.003570	0.036259	0.045602	0.035182	1.027740	1604000.000000
2020-01-14	-0.000400	0.038969	0.045045	0.036643	-0.115234	1459900.000000
2020-01-13	0.008848	0.040001	0.053065	0.039580	2.526093	1778600.000000
2020-01-10	-0.007281	0.043138	0.044077	0.031524	-2.093933	2024200.000000
2020-01-09	0.016051	0.054759	0.066806	0.051791	4.543243	3261200.000000
2020-01-08	0.011464	0.039835	0.055880	0.038084	3.208069	2492800.000000
2020-01-07	-0.001577	0.039373	0.040693	0.032095	-0.441895	1963400.000000
2020-01-06	0.000274	0.036910	0.042335	0.030022	0.076874	2655100.000000
2020-01-03	0.000823	0.035978	0.046157	0.033406	0.230499	1926000.000000
2020-01-02	-0.008268	0.041617	0.043459	0.030778	-2.334015	2103600.000000
