2022-12-30	0.006561	0.007200	0.018062	0.005333	1.159744	5005100.000000
2022-12-29	0.007572	0.006959	0.021495	0.006959	1.328278	4142100.000000
2022-12-28	-0.014753	0.004516	0.006987	-0.011940	-2.626801	4494400.000000
2022-12-27	0.012571	0.014300	0.024934	0.008840	2.210480	5168000.000000
2022-12-23	0.030916	0.020683	0.041085	0.018279	5.273376	6079100.000000
2022-12-22	-0.014997	0.011497	0.011785	-0.027945	-2.597046	5755000.000000
2022-12-21	0.011757	0.023564	0.028062	0.011703	2.012207	5479400.000000
2022-12-20	0.016423	0.008424	0.029091	0.007177	2.765549	6199100.000000
2022-12-19	0.006875	0.017152	0.021397	0.006030	1.149841	7131600.000000
2022-12-16	-0.013564	-0.005964	0.003591	-0.014399	-2.299667	23876000.000000
2022-12-15	-0.007486	-0.001287	0.003220	-0.016157	-1.278702	7272900.000000
2022-12-14	-0.006915	0.014421	0.016921	-0.004299	-1.189484	7045500.000000
2022-12-13	0.022268	0.031543	0.036832	0.025065	3.746887	7838800.000000
2022-12-12	0.010417	0.014425	0.023973	0.007099	1.734665	9364900.000000
2022-12-09	-0.031923	0.001632	0.006806	-0.023772	-5.491455	10754300.000000
2022-12-08	0.005912	0.030652	0.031529	0.005975	1.011047	8076600.000000
2022-12-07	0.002965	0.003268	0.023913	0.002037	0.505539	6936300.000000
2022-12-06	-0.025770	0.002841	0.017411	-0.022243	-4.510132	8765000.000000
2022-12-05	-0.024692	0.017980	0.019540	-0.026826	-4.430832	8162200.000000
2022-12-02	-0.008000	0.003533	0.015142	-0.005312	-1.447205	6852300.000000
2022-12-01	-0.004473	0.014069	0.015665	-0.001451	-0.812805	5217400.000000
2022-11-30	0.012595	0.018983	0.021713	0.000983	2.260010	10936700.000000
2022-11-29	0.014970	0.019587	0.028580	0.016137	2.646606	6985400.000000
2022-11-28	-0.029069	-0.009942	-0.003406	-0.022683	-5.293198	9365500.000000
2022-11-25	-0.002931	0.012399	0.014644	0.003748	-0.535278	2796400.000000
2022-11-23	-0.008876	-0.005704	0.004824	-0.009123	-1.635544	5831200.000000
2022-11-22	0.025657	0.022812	0.038453	0.019082	4.609253	9018000.000000
2022-11-21	-0.009563	-0.009132	0.001728	-0.030689	-1.734665	8432900.000000
2022-11-18	-0.005975	-0.008313	0.005114	-0.015492	-1.090347	7661500.000000
2022-11-17	0.002833	-0.002481	0.012467	-0.009295	0.515427	6550500.000000
2022-11-16	-0.016272	0.008481	0.015401	-0.006981	-3.009903	7941100.000000
2022-11-15	0.008041	0.019750	0.026944	0.009668	1.475449	7747300.000000
2022-11-14	0.000483	0.015826	0.034201	0.015117	0.088516	9722400.000000
2022-11-11	0.028461	0.032065	0.049168	0.031168	5.075531	8428300.000000
2022-11-10	0.018940	0.041213	0.041785	0.017273	3.314835	6981500.000000
2022-11-09	-0.039981	0.007155	0.008252	-0.027896	-7.288681	8021700.000000
2022-11-08	-0.001455	0.015056	0.020150	0.007059	-0.265594	6308200.000000
2022-11-07	0.011940	0.011545	0.033050	0.009383	2.154144	7578000.000000
2022-11-04	0.012643	0.037467	0.040611	0.013669	2.252502	7491900.000000
2022-11-03	0.014734	0.013626	0.037660	0.010436	2.586960	6607800.000000
2022-11-02	-0.020415	0.009447	0.020438	-0.005394	-3.659103	8087500.000000
2022-11-01	0.007297	0.033335	0.036876	0.022264	1.298386	9185600.000000
2022-10-31	0.005112	0.005799	0.038448	0.005799	0.904938	13281000.000000
2022-10-28	0.011692	0.037046	0.044989	0.008815	2.045959	10773900.000000
2022-10-27	0.004574	0.032718	0.041387	0.018883	0.796738	9177400.000000
2022-10-26	0.012348	0.018911	0.037276	0.018039	2.124634	6865300.000000
2022-10-25	0.010397	0.016233	0.027625	0.011007	1.770523	7280600.000000
2022-10-24	-0.000346	0.010128	0.025332	0.007369	-0.059006	7007700.000000
2022-10-21	0.025035	0.017787	0.046007	0.015982	4.160736	7971300.000000
2022-10-20	0.005714	0.024511	0.039761	0.016281	0.944290	8871500.000000
2022-10-19	0.032448	0.022080	0.057192	0.022080	5.193558	9766800.000000
2022-10-18	0.008741	0.023262	0.029249	0.001833	1.386917	5631200.000000
2022-10-17	0.007306	0.036642	0.046926	0.022739	1.150848	5890400.000000
2022-10-14	-0.031099	0.009017	0.017751	-0.016264	-5.055847	7327900.000000
2022-10-13	0.048465	0.008325	0.070494	0.008325	7.514908	10227500.000000
2022-10-12	0.002990	0.009982	0.027252	0.005971	0.462311	4942000.000000
2022-10-11	0.000191	0.001182	0.034694	-0.002959	0.029510	7533300.000000
2022-10-10	-0.018059	0.022806	0.025792	-0.006163	-2.842697	5904500.000000
2022-10-07	-0.008611	0.023509	0.032452	0.001780	-1.367233	9972500.000000
2022-10-06	0.018230	0.009013	0.038512	0.008115	2.842682	9498300.000000
2022-10-05	0.005709	0.005099	0.030188	-0.001608	0.885254	10633100.000000
2022-10-04	0.038885	0.034735	0.057851	0.029375	5.803421	9520200.000000
2022-10-03	0.056101	0.054148	0.077995	0.049407	7.928040	9597400.000000
2022-09-30	-0.007598	0.011447	0.019242	0.000633	-1.081985	9402700.000000
2022-09-29	-0.006928	0.007787	0.014064	-0.007834	-0.993454	8197600.000000
2022-09-28	0.033754	0.024286	0.055718	0.019383	4.682053	8279800.000000
2022-09-27	0.000426	0.026236	0.036911	0.013038	0.059021	10121000.000000
2022-09-26	-0.026318	0.008217	0.018610	-0.010603	-3.747620	9444000.000000
2022-09-23	-0.065337	-0.017093	-0.014271	-0.057066	-9.954315	13919700.000000
2022-09-22	-0.000774	0.033631	0.038091	0.014873	-0.118042	6981100.000000
2022-09-21	-0.008126	0.029850	0.032907	0.007992	-1.249207	6877000.000000
2022-09-20	-0.003952	0.011072	0.016320	0.000056	-0.609848	8955200.000000
2022-09-19	0.002876	-0.006230	0.019893	-0.007074	0.442642	6813800.000000
2022-09-16	-0.025962	0.016011	0.019935	-0.015067	-4.101746	43741600.000000
2022-09-15	-0.016231	0.000517	0.006868	-0.006333	-2.606613	9665000.000000
2022-09-14	0.024214	0.026402	0.043175	0.022639	3.796814	11160800.000000
2022-09-13	-0.019015	0.009825	0.017645	-0.006879	-3.039413	10308300.000000
2022-09-12	0.015815	0.034693	0.045624	0.024779	2.488571	8920800.000000
2022-09-09	0.025778	0.032681	0.047284	0.026944	3.954193	8261100.000000
2022-09-08	0.005415	0.019790	0.024968	0.005305	0.826233	9232500.000000
2022-09-07	-0.012793	-0.003156	0.008233	-0.012473	-1.977066	9442100.000000
2022-09-06	-0.004625	0.029783	0.030427	0.002861	-0.718063	8550000.000000
2022-09-02	0.014852	0.034292	0.040109	0.024357	2.272186	7526600.000000
2022-09-01	-0.015943	0.006481	0.009054	-0.014423	-2.478745	8244400.000000
2022-08-31	-0.015938	-0.002408	0.021644	-0.011649	-2.518097	13582700.000000
2022-08-30	-0.024358	0.002379	0.003861	-0.019605	-3.944336	8814300.000000
2022-08-29	0.007466	0.019630	0.037921	0.018075	1.200012	8462600.000000
2022-08-26	-0.007350	0.013927	0.025970	0.003305	-1.190170	7765800.000000
2022-08-25	0.008763	0.021192	0.027297	0.013031	1.406570	8050700.000000
2022-08-24	0.007408	0.014573	0.025179	0.008360	1.180344	9468100.000000
2022-08-23	0.032441	0.030899	0.051893	0.028372	5.006683	10354800.000000
2022-08-22	-0.005010	0.010197	0.016966	-0.004438	-0.777069	9147000.000000
2022-08-19	-0.008364	0.013064	0.021247	0.007694	-1.308228	6834200.000000
2022-08-18	0.017533	0.022304	0.038632	0.021913	2.695145	6477500.000000
2022-08-17	0.008248	0.027325	0.045099	0.019979	1.257462	6741100.000000
2022-08-16	-0.002551	0.029807	0.033143	0.019405	-0.389908	7218400.000000
2022-08-15	-0.019018	-0.004090	0.012661	-0.015256	-2.963318	8975200.000000
2022-08-12	0.001441	0.017076	0.027745	0.009942	0.224197	7244700.000000
2022-08-11	0.024387	0.040958	0.061039	0.037732	3.704117	7888600.000000
2022-08-10	0.002638	0.029776	0.032879	0.009511	0.399673	6145800.000000
2022-08-09	0.013037	0.042800	0.055238	0.033839	1.949524	5842200.000000
2022-08-08	-0.001497	0.025548	0.034829	0.022610	-0.224182	5966900.000000
2022-08-05	0.016541	0.015700	0.052150	0.011492	2.436935	7170200.000000
2022-08-04	-0.027163	0.025617	0.026410	-0.004692	-4.113541	10640000.000000
2022-08-03	-0.023753	0.026977	0.031168	-0.004997	-3.684631	8751400.000000
2022-08-02	-0.008535	0.028310	0.032017	0.011757	-1.335434	5928300.000000
2022-08-01	-0.019966	0.009596	0.013855	-0.003120	-3.187500	8017800.000000
2022-07-29	0.089035	0.067834	0.123224	0.063468	13.052185	17143700.000000
2022-07-28	0.007571	0.035710	0.041071	0.017428	1.101486	6574300.000000
2022-07-27	0.013168	0.032984	0.045937	0.021285	1.891037	6223000.000000
2022-07-26	-0.007812	0.032929	0.041082	0.012409	-1.130707	6112800.000000
2022-07-25	0.029752	0.036625	0.057329	0.025810	4.181763	6210900.000000
2022-07-22	-0.008322	0.027010	0.032232	0.011911	-1.179474	5889500.000000
2022-07-21	-0.007644	0.002076	0.018530	-0.009267	-1.091766	6724200.000000
2022-07-20	0.013208	0.025101	0.044681	0.016730	1.861832	7856600.000000
2022-07-19	0.036037	0.026690	0.065791	0.024706	4.903107	9152100.000000
2022-07-18	0.014021	0.047569	0.059345	0.036539	1.881302	7943900.000000
2022-07-15	0.012579	0.048672	0.048672	0.029579	1.666855	7051900.000000
2022-07-14	-0.014856	-0.001477	0.012276	-0.014636	-1.998276	10150200.000000
2022-07-13	-0.006694	0.016208	0.039248	0.012737	-0.906525	9414600.000000
2022-07-12	-0.018303	0.004060	0.012180	-0.004929	-2.524658	8653900.000000
2022-07-11	-0.008825	0.019702	0.026456	0.005474	-1.228226	7056800.000000
2022-07-08	-0.005226	0.035603	0.039677	0.008512	-0.731079	7915500.000000
2022-07-07	0.019463	0.050075	0.058819	0.042642	2.670883	12741800.000000
2022-07-06	-0.013178	0.018690	0.030196	-0.016258	-1.832581	12421200.000000
2022-07-05	-0.026278	0.005855	0.012087	-0.023834	-3.752869	11513100.000000
2022-07-01	0.011949	0.038778	0.041329	0.009513	1.686371	7684600.000000
2022-06-30	-0.014968	-0.016533	0.006395	-0.024289	-2.199997	10685000.000000
2022-06-29	-0.019741	0.011271	0.014472	-0.025677	-2.960007	9082900.000000
2022-06-28	0.016060	0.022430	0.031307	0.003659	2.369995	9183300.000000
2022-06-27	0.019341	0.007529	0.027975	0.005733	2.800003	9242400.000000
2022-06-24	0.016429	0.019448	0.032718	0.001194	2.340012	11108300.000000
2022-06-23	-0.036789	0.006222	0.009197	-0.052208	-5.440002	15713700.000000
2022-06-22	-0.043470	-0.042176	-0.024516	-0.053432	-6.720001	13735800.000000
2022-06-21	0.041852	0.024734	0.051489	0.020623	6.209991	13772000.000000
2022-06-17	-0.045665	-0.003859	-0.000064	-0.062323	-7.099991	35575100.000000
2022-06-16	-0.053452	-0.026300	-0.022647	-0.063984	-8.779999	18125900.000000
2022-06-15	-0.019636	-0.004596	0.001791	-0.033483	-3.290009	11565300.000000
2022-06-14	0.001315	0.012191	0.029642	-0.008905	0.220001	10269300.000000
2022-06-13	-0.046009	-0.021608	-0.019384	-0.064652	-8.069992	14614900.000000
2022-06-10	-0.011942	-0.006478	0.005915	-0.021800	-2.120010	9529700.000000
2022-06-09	-0.019930	-0.006073	-0.002705	-0.020648	-3.610001	9764600.000000
2022-06-08	0.005161	0.004162	0.012209	0.000277	0.930008	8715200.000000
2022-06-07	0.019058	0.003619	0.021659	0.000509	3.369995	9668300.000000
2022-06-06	-0.004336	0.001689	0.002252	-0.011768	-0.770004	6734200.000000
2022-06-03	0.009091	0.000000	0.012784	0.000000	1.600006	8435300.000000
2022-06-02	-0.001815	-0.008961	0.001078	-0.012591	-0.320007	7441900.000000
2022-06-01	0.009504	0.011852	0.019867	0.001603	1.660004	8824100.000000
2022-05-31	-0.020305	0.009423	0.015033	-0.026980	-3.619995	20547600.000000
2022-05-27	0.009570	-0.000396	0.009967	-0.005097	1.690002	10512300.000000
2022-05-26	0.006727	0.006157	0.014366	-0.002280	1.179993	11213900.000000
2022-05-25	0.016045	0.002896	0.019405	0.001912	2.770004	10174500.000000
2022-05-24	0.005358	-0.005998	0.010832	-0.011123	0.919998	9782700.000000
2022-05-23	0.023239	0.009594	0.030628	0.007687	3.899994	10216400.000000
2022-05-20	0.005753	0.012106	0.025051	-0.016601	0.960007	9615000.000000
2022-05-19	-0.007140	-0.020409	0.009401	-0.031120	-1.199997	10958700.000000
2022-05-18	-0.034304	0.000517	0.000575	-0.047348	-5.970001	13107500.000000
2022-05-17	0.005896	0.010577	0.015259	-0.002312	1.020004	12827600.000000
2022-05-16	0.030619	0.006731	0.042295	0.005897	5.139999	13296300.000000
2022-05-13	0.019185	0.010868	0.024771	0.001032	3.159988	9229900.000000
2022-05-12	0.009500	0.000368	0.010358	-0.026355	1.550003	8936400.000000
2022-05-11	0.014803	0.017415	0.041548	0.010760	2.380005	9105500.000000
2022-05-10	0.009608	0.018587	0.031020	-0.008666	1.529999	11636000.000000
2022-05-09	-0.067022	-0.017224	-0.017224	-0.071533	-11.440002	14110700.000000
2022-05-06	0.026645	0.012090	0.028329	-0.005052	4.430008	10418100.000000
2022-05-05	-0.007936	0.009965	0.011397	-0.029477	-1.330002	9807600.000000
2022-05-04	0.031386	0.015262	0.033233	0.006031	5.099991	9183200.000000
2022-05-03	0.017152	-0.001127	0.023036	-0.003067	2.740005	8827200.000000
2022-05-02	0.019659	-0.002298	0.021255	-0.009702	3.080002	11559000.000000
2022-04-29	-0.031646	-0.003152	0.004018	-0.033995	-5.119995	14713200.000000
2022-04-28	0.035522	0.007744	0.043267	-0.008385	5.549988	9366400.000000
2022-04-27	-0.001853	0.003514	0.008880	-0.012841	-0.289993	10396600.000000
2022-04-26	-0.006096	0.008445	0.018287	-0.006985	-0.960007	9810600.000000
2022-04-25	-0.021497	-0.032432	-0.016092	-0.059584	-3.459991	15449800.000000
2022-04-22	-0.022056	-0.001215	0.005408	-0.022603	-3.630005	12160100.000000
2022-04-21	-0.046079	-0.004579	-0.000522	-0.050426	-7.949997	14594800.000000
2022-04-20	0.004074	-0.001222	0.010184	-0.002153	0.699997	7495000.000000
2022-04-19	-0.011847	-0.004658	-0.001150	-0.016447	-2.059998	6970200.000000
2022-04-18	0.013404	0.008217	0.017192	0.001632	2.300003	7639000.000000
2022-04-14	-0.000466	-0.005709	0.007398	-0.006466	-0.080002	9421100.000000
2022-04-13	0.015739	0.011360	0.018165	-0.004260	2.660004	7330700.000000
2022-04-12	0.020838	0.020597	0.043006	0.015644	3.449997	9528400.000000
2022-04-11	-0.025716	-0.008003	-0.006767	-0.029542	-4.369995	10206100.000000
2022-04-08	0.016936	-0.000299	0.023938	-0.000479	2.829987	10801200.000000
2022-04-07	0.013895	0.001760	0.017535	-0.008434	2.290009	8018400.000000
2022-04-06	0.008876	0.008999	0.022343	0.005938	1.449997	9269000.000000
2022-04-05	-0.006145	0.004015	0.020381	-0.007726	-1.009995	9538200.000000
2022-04-04	0.000913	0.004750	0.007490	-0.007429	0.149994	8718600.000000
2022-04-01	0.008537	-0.000307	0.019161	-0.003071	1.389999	8795300.000000
2022-03-31	-0.016014	-0.012146	0.004109	-0.016679	-2.649994	10395900.000000
2022-03-30	0.007059	0.005599	0.012354	-0.004017	1.159988	9906000.000000
2022-03-29	-0.012203	-0.017073	-0.011241	-0.035167	-2.029999	15102600.000000
2022-03-28	-0.017483	-0.020141	-0.015829	-0.024688	-2.959991	9992000.000000
2022-03-25	0.018100	-0.006494	0.020385	-0.006855	3.009995	10254700.000000
2022-03-24	0.002653	0.003437	0.009285	-0.005185	0.440002	9024800.000000
2022-03-23	0.010787	0.011640	0.019867	0.005180	1.770004	10755000.000000
2022-03-22	-0.003341	-0.005770	0.003766	-0.012512	-0.550003	11063900.000000
2022-03-21	0.017993	0.007976	0.023805	0.006121	2.910004	13180600.000000
2022-03-18	0.008040	0.002805	0.008040	-0.010347	1.289993	23214700.000000
2022-03-17	0.017310	0.014203	0.020798	0.001332	2.729996	15750700.000000
2022-03-16	-0.003601	0.003222	0.014026	-0.013078	-0.569992	22299700.000000
2022-03-15	-0.050624	-0.045645	-0.039167	-0.068738	-8.440002	28534400.000000
2022-03-14	-0.024459	-0.027443	-0.014921	-0.038619	-4.179993	25156200.000000
2022-03-11	0.000468	-0.028861	0.012645	-0.028919	0.079987	28423600.000000
2022-03-10	0.027365	0.014855	0.051061	0.012149	4.550003	34913600.000000
2022-03-09	-0.024981	-0.045505	-0.004457	-0.054653	-4.259995	43430000.000000
2022-03-08	0.052395	0.014009	0.073809	0.012713	8.490005	57231000.000000
2022-03-07	0.021368	0.007879	0.021746	-0.018468	3.389999	34824700.000000
2022-03-04	0.015555	-0.002753	0.023877	-0.007233	2.429993	29034400.000000
2022-03-03	0.013494	-0.012197	0.019333	-0.015505	2.080002	22492900.000000
2022-03-02	0.029522	0.003206	0.040275	0.002204	4.419998	31329500.000000
2022-03-01	0.039722	0.007014	0.041389	0.004861	5.720001	31159900.000000
2022-02-28	0.025787	-0.007907	0.025787	-0.012324	3.619995	24394300.000000
2022-02-25	0.041009	0.008231	0.041898	0.004301	5.529999	28028000.000000
2022-02-24	-0.005164	0.017558	0.019771	-0.028255	-0.699997	22108900.000000
2022-02-23	0.023792	0.004003	0.027795	0.001208	3.150009	16134200.000000
2022-02-22	-0.007645	0.026833	0.026833	-0.021736	-1.020004	19428700.000000
2022-02-18	-0.001422	-0.005913	0.002245	-0.011676	-0.190002	10691800.000000
2022-02-17	-0.005138	-0.000968	0.002085	-0.013775	-0.690002	10073900.000000
2022-02-16	0.000298	0.005139	0.014152	-0.003724	0.040009	11348800.000000
2022-02-15	-0.007320	-0.016044	-0.003031	-0.022699	-0.990005	11746800.000000
2022-02-14	-0.015417	0.004166	0.004966	-0.016873	-2.117767	15945000.000000
2022-02-11	0.020362	0.016590	0.035754	0.012282	2.741226	12821200.000000
2022-02-10	-0.012700	0.008812	0.017833	-0.007102	-1.731812	11012700.000000
2022-02-09	0.009894	0.012573	0.024571	0.007981	1.335953	10140800.000000
2022-02-08	-0.015229	0.007800	0.009624	-0.015320	-2.088074	11021600.000000
2022-02-07	0.019650	0.006483	0.036899	0.002690	2.642258	18422500.000000
2022-02-04	0.012519	0.016598	0.031583	0.016598	1.662552	13034700.000000
2022-02-03	-0.008936	0.006320	0.010051	-0.006068	-1.197433	9447700.000000
2022-02-02	0.004600	0.007201	0.018071	-0.004420	0.613571	10906700.000000
2022-02-01	0.026346	0.006652	0.044431	0.004190	3.424042	16169700.000000
2022-01-31	0.005513	0.007250	0.020170	0.000596	0.712524	16401800.000000
2022-01-28	-0.035163	-0.029586	-0.014209	-0.043993	-4.710541	24817800.000000
2022-01-27	0.020197	0.023902	0.043322	0.017353	2.652145	20654100.000000
2022-01-26	0.000754	0.012862	0.026656	0.002878	0.098969	17266500.000000
2022-01-25	0.042538	0.010022	0.054676	-0.004677	5.353783	19984500.000000
2022-01-24	0.002128	-0.009088	0.017028	-0.021908	0.267197	19513700.000000
2022-01-21	-0.011989	0.005071	0.010106	-0.006965	-1.523994	13055700.000000
2022-01-20	-0.003568	0.005482	0.025785	0.002425	-0.455231	11370400.000000
2022-01-19	-0.003633	0.014951	0.016513	0.003938	-0.465118	12064300.000000
2022-01-18	0.003257	0.016219	0.018648	0.001958	0.415634	12905500.000000
2022-01-14	0.017035	0.010180	0.029625	0.010180	2.137566	13281000.000000
2022-01-13	-0.004162	0.008991	0.016610	0.003515	-0.524490	9691300.000000
2022-01-12	-0.005001	0.010657	0.014131	-0.001346	-0.633354	12469200.000000
2022-01-11	0.022860	0.016557	0.033841	0.008238	2.830284	14609000.000000
2022-01-10	0.000640	0.011469	0.015833	0.001043	0.079170	12626100.000000
2022-01-07	0.014360	0.012877	0.029191	0.007958	1.751610	14164600.000000
2022-01-06	0.008509	0.022074	0.027862	0.005704	1.029198	13318500.000000
2022-01-05	0.006506	0.017240	0.030554	0.015825	0.781792	15487100.000000
2022-01-04	0.018196	0.016345	0.033546	0.013888	2.147453	16413100.000000
2022-01-03	0.016276	0.011102	0.030649	0.009982	1.890152	10717700.000000
2021-12-31	-0.000681	0.010069	0.016178	0.007917	-0.079170	5706600.000000
2021-12-30	-0.004409	0.012041	0.016839	0.005273	-0.514587	6016000.000000
2021-12-29	-0.005145	0.006408	0.011266	-0.000325	-0.603668	6957400.000000
2021-12-28	-0.001936	0.009393	0.015178	0.004119	-0.227615	6516000.000000
2021-12-27	0.020445	0.007548	0.031419	0.001819	2.355270	7745500.000000
2021-12-23	0.002411	0.013806	0.026075	0.012848	0.277100	7416600.000000
2021-12-22	0.005716	0.010061	0.021088	0.001223	0.653137	8345200.000000
2021-12-21	0.016014	0.017434	0.032016	0.016190	1.801094	11368200.000000
2021-12-20	0.000440	-0.004979	0.011478	-0.015030	0.049484	13464400.000000
2021-12-17	-0.026063	0.004261	0.008940	-0.016444	-3.008415	22727900.000000
2021-12-16	0.009346	0.016008	0.033497	0.013647	1.068779	11344700.000000
2021-12-15	-0.005679	0.011369	0.011369	-0.009238	-0.653145	11069500.000000
2021-12-14	0.002934	0.009278	0.019568	0.006924	0.336472	12245300.000000
2021-12-13	-0.020788	0.002985	0.006315	-0.012812	-2.434441	8533000.000000
2021-12-10	0.001693	0.017256	0.019566	-0.000364	0.197914	9090700.000000
2021-12-09	-0.002617	0.005380	0.011779	0.003077	-0.306778	8334700.000000
2021-12-08	0.004495	0.014527	0.021982	0.008271	0.524498	8827900.000000
2021-12-07	0.014802	0.019543	0.031892	0.019543	1.702126	11419600.000000
2021-12-06	0.015645	0.024189	0.037349	0.016152	1.771400	9833900.000000
2021-12-03	-0.006340	0.024541	0.026823	-0.003104	-0.722412	10445100.000000
2021-12-02	0.027119	0.020866	0.042950	0.008967	3.008415	11392400.000000
2021-12-01	-0.006822	0.029121	0.039058	0.003516	-0.762009	12302700.000000
2021-11-30	-0.017240	-0.001819	0.019386	-0.010705	-1.959419	24451200.000000
2021-11-29	0.002969	0.026648	0.033972	0.012264	0.336464	12003800.000000
2021-11-26	-0.022869	-0.022612	-0.009851	-0.028821	-2.652153	11861800.000000
2021-11-24	0.007653	0.014930	0.025270	0.013801	0.880753	8500900.000000
2021-11-23	0.020981	0.021854	0.036491	0.020701	2.365166	10366800.000000
2021-11-22	0.017871	0.011492	0.040116	0.009957	1.979218	9947100.000000
2021-11-19	-0.022193	-0.006629	-0.000979	-0.019079	-2.513603	13532600.000000
2021-11-18	-0.008404	0.005509	0.010149	-0.007098	-0.959923	8368600.000000
2021-11-17	-0.004485	0.001173	0.015641	-0.000657	-0.514595	11108000.000000
2021-11-16	0.003938	0.024716	0.033203	0.022528	0.450020	10566300.000000
2021-11-15	0.022674	0.028621	0.046518	0.022536	2.533806	11050400.000000
2021-11-12	0.000613	0.018955	0.023521	0.017074	0.068474	8682800.000000
2021-11-11	0.000088	0.017253	0.026835	0.016984	0.009789	7317500.000000
2021-11-10	-0.015948	0.020063	0.024029	0.001558	-1.809860	10305100.000000
2021-11-09	0.007382	0.023243	0.030789	0.016053	0.831551	10945900.000000
2021-11-08	0.003573	0.025296	0.033314	0.021733	0.401115	7695900.000000
2021-11-05	0.010836	0.029022	0.036046	0.025960	1.203308	8102100.000000
2021-11-04	0.004424	0.033123	0.033484	0.021274	0.489151	9673000.000000
2021-11-03	-0.007204	0.008170	0.017149	0.005476	-0.802208	10416000.000000
2021-11-02	-0.006112	0.019054	0.019144	0.010397	-0.684814	9189700.000000
2021-11-01	0.000349	0.026999	0.027535	0.018250	0.039139	11213800.000000
2021-10-29	0.012111	0.037630	0.041787	0.022449	1.340271	15294200.000000
2021-10-28	0.009369	0.017709	0.033123	0.017709	1.027222	7538200.000000
2021-10-27	-0.017791	0.014295	0.017520	0.000230	-1.985962	9096100.000000
2021-10-26	0.002196	0.023345	0.028912	0.019126	0.244583	7463000.000000
2021-10-25	0.009308	0.028793	0.036224	0.026709	1.027214	9579800.000000
2021-10-22	0.009486	0.026569	0.032607	0.019525	1.037010	8673800.000000
2021-10-21	-0.012549	0.018113	0.019016	0.001492	-1.389206	9372600.000000
2021-10-20	0.013071	0.016596	0.035630	0.013759	1.428329	10811400.000000
2021-10-19	0.019533	0.027776	0.042144	0.024417	2.093575	10362800.000000
2021-10-18	-0.000456	0.027867	0.029639	0.016117	-0.048920	10677400.000000
2021-10-15	0.007352	0.031196	0.033639	0.028003	0.782639	9968100.000000
2021-10-14	0.009463	0.032515	0.035170	0.025213	0.997871	7648600.000000
2021-10-13	0.005973	0.018553	0.033530	0.015787	0.626114	9220700.000000
2021-10-12	0.000187	0.020842	0.026472	0.013018	0.019562	9085000.000000
2021-10-11	-0.008515	0.036463	0.037125	0.011488	-0.900040	9794800.000000
2021-10-08	0.022426	0.033108	0.048777	0.031077	2.318588	10586700.000000
2021-10-07	0.007148	0.028802	0.035524	0.025003	0.733719	8830900.000000
2021-10-06	-0.008785	0.005956	0.017254	0.000163	-0.909821	10630100.000000
2021-10-05	0.010886	0.035063	0.051949	0.029011	1.115265	13017300.000000
2021-10-04	0.003738	0.028742	0.037168	0.020023	0.381538	13305400.000000
2021-10-01	0.028388	0.029936	0.053312	0.026511	2.817520	10854900.000000
2021-09-30	-0.018194	0.023068	0.023365	0.003581	-1.839211	15319800.000000
2021-09-29	-0.000290	0.020695	0.030881	0.012091	-0.029358	10268100.000000
2021-09-28	0.003788	0.031509	0.041238	0.021285	0.381538	15560800.000000
2021-09-27	0.023559	0.042398	0.054490	0.042398	2.318588	12697500.000000
2021-09-24	0.005397	0.017990	0.031474	0.017990	0.528282	8225300.000000
2021-09-23	0.024785	0.028459	0.049711	0.023330	2.367493	10094900.000000
2021-09-22	0.029415	0.037158	0.064531	0.037158	2.729462	13292800.000000
2021-09-21	0.000739	0.030698	0.034149	0.014090	0.068481	10958400.000000
2021-09-20	-0.020463	-0.000218	0.006226	-0.014268	-1.937042	15796100.000000
2021-09-17	-0.005754	0.019972	0.033312	0.012200	-0.547844	16006100.000000
2021-09-16	-0.009365	0.023011	0.025820	0.008340	-0.900040	10616700.000000
2021-09-15	0.021206	0.030572	0.046936	0.030572	1.995743	11623400.000000
2021-09-14	-0.018067	0.026456	0.030212	0.001415	-1.731606	15294100.000000
2021-09-13	0.019777	0.034308	0.050268	0.032712	1.858780	11500900.000000
2021-09-10	0.000729	0.039214	0.040279	0.021007	0.068481	11006000.000000
2021-09-09	-0.004046	0.016876	0.035222	0.011149	-0.381546	10219400.000000
2021-09-08	-0.006903	0.026812	0.037027	0.014701	-0.655457	10775900.000000
2021-09-07	-0.004411	0.017250	0.027316	0.014314	-0.420670	9237800.000000
2021-09-03	-0.002252	0.018935	0.029710	0.018726	-0.215225	9097000.000000
2021-09-02	0.020896	0.032110	0.050800	0.031149	1.956604	12340100.000000
2021-09-01	-0.010954	0.023129	0.025347	0.008446	-1.036995	10557300.000000
2021-08-31	-0.016465	0.019581	0.022386	0.003997	-1.584854	15676900.000000
2021-08-30	-0.002535	0.026841	0.029121	0.015235	-0.244583	8127200.000000
2021-08-27	0.014606	0.031851	0.045730	0.030905	1.389198	10281200.000000
2021-08-26	-0.013095	0.018028	0.024461	0.008585	-1.262024	8124800.000000
2021-08-25	0.006848	0.015701	0.031372	0.010477	0.655472	9342300.000000
2021-08-24	0.011475	0.030315	0.042045	0.029152	1.085907	8924900.000000
2021-08-23	0.025769	0.041581	0.051445	0.041256	2.377281	10277800.000000
2021-08-20	0.000106	0.013831	0.028574	0.010470	0.009789	9707600.000000
2021-08-19	-0.024922	0.002200	0.007485	-0.018413	-2.357704	17423400.000000
2021-08-18	-0.027065	0.014979	0.022487	-0.007030	-2.631645	12893600.000000
2021-08-17	-0.001883	0.028568	0.043761	0.022717	-0.183411	10937500.000000
2021-08-16	-0.010200	0.024478	0.028237	0.015131	-1.003891	9476600.000000
2021-08-13	-0.006625	0.031821	0.034950	0.025866	-0.656403	6572600.000000
2021-08-12	-0.002042	0.036060	0.039988	0.025182	-0.202698	7377600.000000
2021-08-11	0.007543	0.035553	0.044992	0.031088	0.743263	7079800.000000
2021-08-10	0.018254	0.041023	0.057350	0.039370	1.766479	9762600.000000
2021-08-09	-0.016675	0.025392	0.030167	0.015433	-1.640991	9243100.000000
2021-08-06	0.007113	0.044044	0.049775	0.039746	0.695007	6475600.000000
2021-08-05	0.009272	0.042570	0.057959	0.039781	0.897713	7986100.000000
2021-08-04	-0.022417	0.014150	0.028891	0.010717	-2.220154	10389800.000000
2021-08-03	0.009544	0.035552	0.049007	0.026174	0.936325	8437300.000000
2021-08-02	-0.001768	0.038707	0.058040	0.033415	-0.173752	8911800.000000
2021-07-30	-0.007410	0.040908	0.050907	0.017779	-0.733627	12295300.000000
2021-07-29	0.013738	0.048246	0.053365	0.043741	1.341766	8681300.000000
2021-07-28	0.005665	0.038945	0.048316	0.032561	0.550209	8546100.000000
2021-07-27	-0.003368	0.026723	0.033599	0.015333	-0.328201	8332100.000000
2021-07-26	0.021141	0.042247	0.061109	0.042037	2.017456	10227500.000000
2021-07-23	0.000405	0.035750	0.039104	0.026734	0.038612	7570800.000000
2021-07-22	-0.010018	0.031600	0.031704	0.015929	-0.965294	7694300.000000
2021-07-21	0.034083	0.051521	0.078243	0.048516	3.175804	11478100.000000
2021-07-20	0.005940	0.035204	0.058414	0.026135	0.550209	12114600.000000
2021-07-19	-0.026972	0.006547	0.018417	-0.007109	-2.567665	17385500.000000
2021-07-16	-0.026456	0.039334	0.039948	0.005586	-2.586975	12199100.000000
2021-07-15	-0.006571	0.026613	0.038804	0.024581	-0.646744	9665700.000000
2021-07-14	-0.018859	0.041442	0.049815	0.013930	-1.891960	9216600.000000
2021-07-13	-0.003356	0.033178	0.038940	0.025429	-0.337852	6738000.000000
2021-07-12	0.002018	0.030883	0.045416	0.027697	0.202713	9898600.000000
2021-07-09	0.014327	0.044643	0.052418	0.033536	1.418976	8567900.000000
2021-07-08	-0.003206	0.021567	0.037570	0.018749	-0.318550	8695500.000000
2021-07-07	-0.010193	0.035660	0.045025	0.017330	-1.023209	8245000.000000
2021-07-06	-0.019610	0.034983	0.034983	0.009784	-2.007805	10162800.000000
2021-07-02	-0.001318	0.030985	0.037813	0.024547	-0.135139	7107700.000000
2021-07-01	0.014035	0.057818	0.059302	0.045850	1.418976	10873200.000000
2021-06-30	0.009445	0.036758	0.047142	0.035560	0.945976	7927500.000000
2021-06-29	-0.002212	0.041937	0.045722	0.032174	-0.222008	7225500.000000
2021-06-28	-0.030848	0.032580	0.033063	0.000816	-3.195107	11348400.000000
2021-06-25	0.001493	0.040310	0.044855	0.032478	0.154449	8102300.000000
2021-06-24	0.008187	0.044441	0.050679	0.036837	0.839806	8724600.000000
2021-06-23	-0.001222	0.045306	0.052803	0.034304	-0.125488	7792800.000000
2021-06-22	0.003300	0.028926	0.044849	0.018962	0.337837	10230100.000000
2021-06-21	0.029312	0.046718	0.070247	0.045009	2.915176	13591500.000000
2021-06-18	-0.037732	0.018350	0.028219	-0.004291	-3.899757	22284500.000000
2021-06-17	-0.023707	0.031898	0.038888	-0.090241	-2.509750	14337800.000000
2021-06-16	-0.005712	0.033423	0.037932	0.022810	-0.608139	9283300.000000
2021-06-15	0.021580	0.040181	0.060043	0.039989	2.249123	10540200.000000
2021-06-14	0.000556	0.038551	0.046040	0.025591	0.057915	9051900.000000
2021-06-11	-0.004612	0.040068	0.041311	0.030704	-0.482643	7731700.000000
2021-06-10	0.005845	0.048262	0.059701	0.030865	0.608139	13526200.000000
2021-06-09	-0.008737	0.039103	0.043582	0.025669	-0.917030	10146900.000000
2021-06-08	0.009095	0.034998	0.047785	0.022018	0.945984	10559500.000000
2021-06-07	-0.006455	0.035195	0.038347	0.027553	-0.675697	6748600.000000
2021-06-04	0.007993	0.042218	0.046358	0.032300	0.830147	6699300.000000
2021-06-03	-0.004534	0.030975	0.036055	0.021390	-0.472992	8809300.000000
2021-06-02	0.013408	0.041399	0.054512	0.031685	1.380356	9141800.000000
2021-06-01	0.027556	0.051031	0.072291	0.051031	2.760735	10260600.000000
2021-05-28	0.007572	0.042094	0.047123	0.035356	0.752930	7278200.000000
2021-05-27	-0.010661	0.035959	0.043820	0.020537	-1.071480	11703400.000000
2021-05-26	0.002407	0.042442	0.046332	0.033865	0.241318	9232400.000000
2021-05-25	-0.016382	0.034292	0.036156	0.016437	-1.669937	7884000.000000
2021-05-24	0.014214	0.044218	0.053073	0.034765	1.428619	6785600.000000
2021-05-21	0.005408	0.041361	0.052365	0.037160	0.540573	10352800.000000
2021-05-20	0.003488	0.034654	0.044693	0.023612	0.347496	9706300.000000
2021-05-19	-0.028066	0.012934	0.017519	-0.005116	-2.876564	14762700.000000
2021-05-18	-0.030054	0.030944	0.032079	0.002837	-3.175804	12759900.000000
2021-05-17	0.012241	0.045000	0.062147	0.043851	1.277847	12692900.000000
2021-05-14	0.026153	0.059650	0.079506	0.059650	2.660591	9124100.000000
2021-05-13	-0.006426	0.035944	0.053524	0.029791	-0.657997	9706300.000000
2021-05-12	0.006279	0.051589	0.082547	0.048837	0.638931	11661900.000000
2021-05-11	-0.026193	0.043759	0.048736	0.016483	-2.736877	12754800.000000
2021-05-10	-0.004090	0.062175	0.078092	0.043875	-0.429131	13586500.000000
2021-05-07	0.009173	0.039695	0.064511	0.035944	0.953613	10273000.000000
2021-05-06	0.000551	0.048544	0.050276	0.033819	0.057220	9654900.000000
2021-05-05	0.026859	0.058325	0.082538	0.055657	2.717804	12872400.000000
2021-05-04	0.005496	0.052913	0.058379	0.041883	0.553101	8704300.000000
2021-05-03	0.023867	0.057899	0.075602	0.050166	2.345886	7938100.000000
2021-04-30	-0.035828	0.029806	0.033828	0.010089	-3.652344	13730000.000000
2021-04-29	0.015966	0.060600	0.072858	0.053922	1.602066	9740300.000000
2021-04-28	0.024538	0.057217	0.080906	0.055482	2.403122	8718400.000000
2021-04-27	0.011623	0.051636	0.064961	0.048537	1.125275	6898900.000000
2021-04-26	-0.000296	0.045749	0.060206	0.045646	-0.028618	5639700.000000
2021-04-23	0.005944	0.050198	0.061313	0.046251	0.572166	6756000.000000
2021-04-22	-0.017327	0.050069	0.050069	0.029654	-1.697441	9899400.000000
2021-04-21	0.013816	0.038292	0.065819	0.036325	1.335068	8264400.000000
2021-04-20	-0.018691	0.044274	0.045898	0.020713	-1.840477	9783800.000000
2021-04-19	0.002914	0.051798	0.057501	0.041002	0.286079	7068700.000000
2021-04-16	-0.004448	0.052493	0.058172	0.038602	-0.438660	7459700.000000
2021-04-15	-0.008152	0.046025	0.048640	0.035164	-0.810577	7860500.000000
2021-04-14	0.019855	0.052846	0.080333	0.052333	1.935852	10194800.000000
2021-04-13	0.004520	0.046374	0.057089	0.043592	0.438660	6829900.000000
2021-04-12	-0.011077	0.056282	0.058218	0.034274	-1.087120	7845900.000000
2021-04-09	-0.000971	0.049658	0.055359	0.039276	-0.095360	7163700.000000
2021-04-08	-0.011230	0.041897	0.042903	0.027303	-1.115738	8283000.000000
2021-04-07	0.005889	0.047527	0.058663	0.045401	0.581703	7699300.000000
2021-04-06	-0.008899	0.046031	0.054360	0.038004	-0.886864	8125100.000000
2021-04-05	-0.011726	0.048442	0.049434	0.032973	-1.182487	8692700.000000
2021-04-01	0.009161	0.053344	0.059348	0.042836	0.915489	8515800.000000
2021-03-31	-0.010762	0.044879	0.051511	0.035474	-1.087135	8954400.000000
2021-03-30	-0.009259	0.040206	0.047758	0.035596	-0.944069	6284600.000000
2021-03-29	-0.005210	0.038103	0.049128	0.031274	-0.534035	7542300.000000
2021-03-26	0.022937	0.063311	0.073292	0.051535	2.298210	9820200.000000
2021-03-25	0.003534	0.030111	0.054249	0.022299	0.352844	11138200.000000
2021-03-24	0.026773	0.059130	0.087616	0.058307	2.603371	11026800.000000
2021-03-23	-0.005559	0.037493	0.066639	0.029721	-0.543564	14781700.000000
2021-03-22	-0.008125	0.045394	0.060001	0.037787	-0.801025	12508500.000000
2021-03-19	-0.007107	0.046828	0.056395	0.034742	-0.705681	18491000.000000
2021-03-18	-0.036194	0.038739	0.043787	0.006706	-3.728638	13246600.000000
2021-03-17	0.003623	0.044451	0.057603	0.038509	0.371910	9168600.000000
2021-03-16	-0.023673	0.032281	0.035610	0.018489	-2.488937	11698400.000000
2021-03-15	-0.011743	0.048358	0.051930	0.023543	-1.249237	10488000.000000
2021-03-12	0.003328	0.052884	0.062881	0.044208	0.352829	10930300.000000
2021-03-11	-0.001616	0.051277	0.059751	0.044121	-0.171654	10989500.000000
2021-03-10	0.017078	0.055344	0.072678	0.050556	1.783272	17389900.000000
2021-03-09	-0.002278	0.042143	0.057622	0.030773	-0.238403	19010700.000000
2021-03-08	0.006881	0.056914	0.062398	0.039597	0.715210	18033600.000000
2021-03-05	0.043062	0.073326	0.095102	0.065198	4.291275	23638200.000000
2021-03-04	0.008785	0.058055	0.089031	0.043984	0.867798	22994200.000000
2021-03-03	0.011226	0.058570	0.082524	0.058468	1.096649	14958200.000000
2021-03-02	0.003822	0.046996	0.061588	0.045147	0.371902	10643500.000000
2021-03-01	0.020500	0.074437	0.088489	0.063321	1.954918	10439900.000000
2021-02-26	-0.022960	0.027637	0.035424	0.000076	-2.240990	14454100.000000
2021-02-25	-0.009293	0.064780	0.065389	0.031182	-0.915482	13219200.000000
2021-02-24	0.036937	0.056008	0.095057	0.050535	3.509308	16116000.000000
2021-02-23	0.012603	0.065480	0.067505	0.031694	1.182480	14874000.000000
2021-02-22	0.027035	0.061666	0.090673	0.055865	2.469864	13178700.000000
2021-02-19	0.008421	0.050075	0.063873	0.044777	0.762901	8913900.000000
2021-02-18	-0.009591	0.046782	0.047110	0.030930	-0.877327	9030600.000000
2021-02-17	0.029958	0.074426	0.089064	0.060688	2.660583	14342300.000000
2021-02-16	0.020491	0.069209	0.078516	0.064153	1.783264	14006000.000000
2021-02-12	0.005760	0.057800	0.071669	0.055720	0.498375	7858300.000000
2021-02-11	-0.005404	0.061739	0.062544	0.035417	-0.470161	8572400.000000
2021-02-10	0.017150	0.068374	0.082521	0.059254	1.466904	8778800.000000
2021-02-09	-0.005684	0.059046	0.061022	0.044049	-0.488976	7605500.000000
2021-02-08	0.024871	0.075735	0.096585	0.072399	2.087517	9886600.000000
2021-02-05	0.002921	0.074695	0.081028	0.059162	0.244492	8017300.000000
2021-02-04	0.000450	0.070038	0.071712	0.051389	0.037613	7917600.000000
2021-02-03	0.021824	0.063341	0.091925	0.061387	1.786621	9256500.000000
2021-02-02	0.007522	0.083155	0.087585	0.064940	0.611206	9233100.000000
2021-02-01	0.014202	0.073324	0.089676	0.055600	1.137794	8073600.000000
2021-01-29	-0.042912	0.037301	0.043393	0.014483	-3.592041	14699800.000000
2021-01-28	0.009297	0.069130	0.086975	0.064066	0.771065	8155500.000000
2021-01-27	-0.012981	0.041685	0.075245	0.032402	-1.090782	10178500.000000
2021-01-26	-0.016942	0.078672	0.086979	0.044393	-1.448097	7827800.000000
2021-01-25	-0.009048	0.050595	0.055348	0.035639	-0.780457	7689400.000000
2021-01-22	-0.003043	0.044855	0.063694	0.038267	-0.263306	7810600.000000
2021-01-21	-0.035332	0.046516	0.055436	0.017080	-3.168884	10393100.000000
2021-01-20	0.009205	0.068977	0.075278	0.061100	0.818092	8735400.000000
2021-01-19	0.026279	0.079746	0.097415	0.077321	2.275574	9574800.000000
2021-01-15	-0.035606	0.049319	0.050322	0.021366	-3.197105	10244600.000000
2021-01-14	0.024022	0.071332	0.098475	0.069622	2.106331	13950200.000000
2021-01-13	-0.000964	0.061868	0.065514	0.047513	-0.084625	9723300.000000
2021-01-12	0.018995	0.075770	0.090398	0.064740	1.636147	10923900.000000
2021-01-11	0.005709	0.040578	0.075373	0.034156	0.488983	10635000.000000
2021-01-08	0.009532	0.085388	0.089514	0.066174	0.808678	11152100.000000
2021-01-07	0.004677	0.070450	0.075543	0.057660	0.394928	9286600.000000
2021-01-06	0.032184	0.087911	0.109669	0.073487	2.632919	13916800.000000
2021-01-05	0.027033	0.073256	0.120083	0.071121	2.153343	13414800.000000
2021-01-04	0.003079	0.072278	0.082353	0.056411	0.244476	9234900.000000
2020-12-31	-0.010313	0.058104	0.061843	0.046389	-0.827484	8350700.000000
2020-12-30	0.008510	0.063463	0.088224	0.062584	0.677032	7901800.000000
2020-12-29	-0.003416	0.067973	0.073735	0.052816	-0.272697	7670800.000000
2020-12-28	-0.005039	0.066953	0.079665	0.054615	-0.404335	8051900.000000
2020-12-24	-0.004201	0.066442	0.066442	0.052542	-0.338516	3335600.000000
2020-12-23	0.015766	0.071531	0.092458	0.071531	1.250626	7223100.000000
2020-12-22	-0.020095	0.055434	0.059881	0.041352	-1.626755	8585800.000000
2020-12-21	-0.012616	0.028824	0.059194	0.018822	-1.034355	11430500.000000
2020-12-18	-0.013799	0.058291	0.067072	0.037602	-1.147194	27427600.000000
2020-12-17	-0.003157	0.073655	0.073775	0.049794	-0.263306	11748900.000000
2020-12-16	-0.007609	0.061440	0.063225	0.045376	-0.639420	9892900.000000
2020-12-15	-0.000783	0.063226	0.075829	0.055497	-0.065811	11775300.000000
2020-12-14	-0.032558	0.074391	0.077842	0.026538	-2.830376	12198400.000000
2020-12-11	-0.009641	0.054122	0.062666	0.037033	-0.846291	9584500.000000
2020-12-10	0.032176	0.076516	0.111909	0.067461	2.736336	11992100.000000
2020-12-09	-0.012017	0.071131	0.080657	0.038253	-1.034348	11129400.000000
2020-12-08	0.008594	0.058542	0.083383	0.056785	0.733452	7627300.000000
2020-12-07	-0.027015	0.046818	0.053203	0.024701	-2.369614	9398400.000000
2020-12-04	0.038753	0.080280	0.106689	0.076727	3.272316	10791100.000000
2020-12-03	-0.000779	0.071865	0.078137	0.053997	-0.065811	8249800.000000
2020-12-02	0.027673	0.061153	0.110404	0.059207	2.275581	10509600.000000
2020-12-01	0.003097	0.089080	0.094325	0.062121	0.253883	9913600.000000
2020-11-30	-0.045231	0.048323	0.058106	0.012101	-3.883537	14288400.000000
2020-11-27	-0.009008	0.054114	0.068657	0.044996	-0.780472	4627700.000000
2020-11-25	-0.036394	0.053009	0.053009	0.024759	-3.272331	10556600.000000
2020-11-24	0.050423	0.091034	0.119423	0.086478	4.316093	17257400.000000
2020-11-23	0.061079	0.084041	0.135237	0.075488	4.927299	13379300.000000
2020-11-20	0.000700	0.063339	0.070658	0.052919	0.056419	8294600.000000
2020-11-19	0.017205	0.054252	0.084662	0.048069	1.363472	8820200.000000
2020-11-18	-0.031710	0.067495	0.073971	0.029375	-2.595291	10583700.000000
2020-11-17	-0.007186	0.048058	0.061765	0.029013	-0.592407	14329000.000000
2020-11-16	0.071420	0.120831	0.159041	0.111733	5.495262	18980200.000000
2020-11-13	0.029255	0.085532	0.114961	0.083927	2.186981	10890300.000000
2020-11-12	-0.021708	0.059743	0.076232	0.045741	-1.658775	8920700.000000
2020-11-11	-0.007343	0.092491	0.097558	0.062614	-0.565277	11640600.000000
2020-11-10	0.046222	0.102759	0.130077	0.083325	3.400948	15039700.000000
2020-11-09	0.115952	0.213337	0.278099	0.186947	7.645187	24015200.000000
2020-11-06	-0.013723	0.084497	0.096015	0.059516	-0.917419	8366900.000000
2020-11-05	0.005155	0.081066	0.097154	0.078961	0.342865	10627700.000000
2020-11-04	0.000418	0.064671	0.106939	0.051284	0.027809	10925700.000000
2020-11-03	-0.005683	0.094218	0.096311	0.062659	-0.379951	8608000.000000
2020-11-02	0.038130	0.097744	0.134698	0.077559	2.455734	11475500.000000
2020-10-30	0.010174	0.096365	0.099659	0.067818	0.648674	17191600.000000
2020-10-29	0.028708	0.067010	0.115577	0.051359	1.779243	12292200.000000
2020-10-28	-0.037836	0.050857	0.056911	0.029743	-2.437195	15961900.000000
2020-10-27	-0.020158	0.071201	0.073940	0.057055	-1.325157	14251700.000000
2020-10-26	-0.022461	0.066621	0.069000	0.044464	-1.510521	9710900.000000
2020-10-23	-0.011308	0.086903	0.093225	0.056030	-0.769135	8727200.000000
2020-10-22	0.035699	0.079264	0.119005	0.074543	2.344521	9810100.000000
2020-10-21	-0.011300	0.070831	0.077606	0.064810	-0.750618	9800600.000000
2020-10-20	0.005612	0.088649	0.094402	0.075478	0.370667	7753200.000000
2020-10-19	-0.022088	0.082368	0.085773	0.053943	-1.491966	8357100.000000
2020-10-16	-0.008434	0.079258	0.086745	0.060909	-0.574539	9305600.000000
2020-10-15	0.007676	0.062396	0.090502	0.056035	0.518944	10052100.000000
2020-10-14	-0.006131	0.077347	0.094254	0.071908	-0.417007	7057500.000000
2020-10-13	-0.014897	0.082442	0.082442	0.054056	-1.028633	10440300.000000
2020-10-12	0.006892	0.073716	0.092965	0.067445	0.472618	9056900.000000
2020-10-09	-0.016219	0.088293	0.091592	0.061322	-1.130569	12260900.000000
2020-10-08	0.019518	0.088033	0.105000	0.082183	1.334442	11590900.000000
2020-10-07	0.020470	0.077171	0.103291	0.068066	1.371490	15410300.000000
2020-10-06	-0.005502	0.096033	0.103158	0.072432	-0.370674	15294500.000000
2020-10-05	0.021211	0.084114	0.102455	0.071835	1.399300	12049800.000000
2020-10-02	0.010935	0.056126	0.098266	0.054593	0.713562	9854800.000000
2020-10-01	-0.021945	0.071767	0.077313	0.049586	-1.464180	14930700.000000
2020-09-30	0.001391	0.084364	0.093970	0.074759	0.092674	10466500.000000
2020-09-29	-0.027458	0.080133	0.082177	0.037950	-1.881172	10553000.000000
2020-09-28	0.029236	0.106303	0.123129	0.098942	1.946037	12863800.000000
2020-09-25	0.000418	0.067238	0.089331	0.063631	0.027802	11070500.000000
2020-09-24	-0.002085	0.068613	0.095310	0.057364	-0.138992	15203500.000000
2020-09-23	-0.047398	0.079969	0.084541	0.026535	-3.317551	16649200.000000
2020-09-22	-0.010092	0.076990	0.096507	0.065676	-0.713554	9155000.000000
2020-09-21	-0.024421	0.051930	0.057587	0.030406	-1.769974	16199100.000000
2020-09-18	-0.007361	0.066648	0.084042	0.061443	-0.537483	14517800.000000
2020-09-17	0.002928	0.064963	0.083095	0.049029	0.213135	10515100.000000
2020-09-16	0.028946	0.079111	0.123350	0.073599	2.047989	13019000.000000
2020-09-15	-0.012162	0.082881	0.095726	0.060542	-0.871101	11732000.000000
2020-09-14	-0.005148	0.076195	0.083140	0.068416	-0.370659	8182800.000000
2020-09-11	-0.005886	0.080354	0.086568	0.064199	-0.426277	13732400.000000
2020-09-10	-0.023491	0.087202	0.090708	0.052414	-1.742165	11845900.000000
2020-09-09	0.013423	0.092776	0.107807	0.088813	0.982269	9269800.000000
2020-09-08	-0.036128	0.060277	0.061330	0.027876	-2.742996	14942500.000000
2020-09-04	-0.004254	0.081472	0.096948	0.061013	-0.324326	10516600.000000
2020-09-03	-0.010939	0.077295	0.095974	0.059913	-0.843300	16179900.000000
2020-09-02	0.001324	0.078852	0.090542	0.074176	0.101936	10821900.000000
2020-09-01	-0.010127	0.070497	0.075254	0.060083	-0.787674	8990600.000000
2020-08-31	-0.019853	0.081632	0.082514	0.056932	-1.575371	9437500.000000
2020-08-28	0.008479	0.080891	0.089533	0.071613	0.667206	7307900.000000
2020-08-27	0.001533	0.083948	0.089931	0.068802	0.120476	7438200.000000
2020-08-26	-0.015674	0.073849	0.075478	0.060694	-1.251030	7486500.000000
2020-08-25	-0.012271	0.089135	0.089507	0.061291	-0.991554	6835800.000000
2020-08-24	0.024918	0.085707	0.107776	0.076702	1.964577	8738700.000000
2020-08-21	0.003184	0.077330	0.082674	0.062570	0.250206	9003600.000000
2020-08-20	-0.018289	0.066995	0.085357	0.058376	-1.464172	7872300.000000
2020-08-19	-0.014150	0.075048	0.082436	0.061502	-1.149086	9120300.000000
2020-08-18	-0.020675	0.072961	0.077785	0.053062	-1.714378	7981500.000000
2020-08-17	0.004649	0.094669	0.109571	0.087036	0.383675	10473800.000000
2020-08-14	0.005901	0.084675	0.104053	0.082847	0.484177	6343000.000000
2020-08-13	-0.009921	0.084412	0.101426	0.083085	-0.822174	7314600.000000
2020-08-12	0.012274	0.109082	0.119587	0.092592	1.004883	9057400.000000
2020-08-11	-0.001226	0.121752	0.134683	0.087837	-0.100502	9074300.000000
2020-08-10	0.033756	0.109046	0.131998	0.104758	2.676613	8150200.000000
2020-08-07	-0.007660	0.087285	0.090163	0.073018	-0.612061	7185000.000000
2020-08-06	0.003096	0.085002	0.103456	0.080860	0.246658	7035600.000000
2020-08-05	0.008209	0.115552	0.119222	0.093656	0.648582	7324200.000000
2020-08-04	0.019809	0.090409	0.119322	0.087828	1.534729	9077900.000000
2020-08-03	0.010365	0.095190	0.110318	0.092843	0.794762	11220100.000000
2020-07-31	-0.027008	0.056348	0.067134	0.034270	-2.128502	19119800.000000
2020-07-30	-0.042190	0.074737	0.075587	0.041558	-3.471382	10112800.000000
2020-07-29	0.010773	0.099214	0.106585	0.088158	0.876991	6386900.000000
2020-07-28	-0.021200	0.087815	0.096232	0.067374	-1.763100	6787300.000000
2020-07-27	0.010096	0.090175	0.106328	0.078515	0.831299	7599700.000000
2020-07-24	-0.009669	0.100322	0.115477	0.082280	-0.803902	6620500.000000
2020-07-23	-0.000329	0.088176	0.098757	0.082404	-0.027397	6586300.000000
2020-07-22	-0.003830	0.077420	0.092992	0.064843	-0.319733	10317500.000000
2020-07-21	0.071772	0.110074	0.177600	0.108662	5.590752	15115000.000000
2020-07-20	-0.022021	0.090149	0.098435	0.064662	-1.753975	14974800.000000
2020-07-17	-0.013241	0.095288	0.103960	0.076705	-1.068817	5964000.000000
2020-07-16	-0.005962	0.089127	0.101934	0.075704	-0.484161	4795700.000000
2020-07-15	0.006112	0.117343	0.117467	0.092934	0.493317	5935200.000000
2020-07-14	0.034543	0.094540	0.135687	0.090054	2.694862	7440500.000000
2020-07-13	0.001995	0.105072	0.116503	0.089274	0.155296	7074000.000000
2020-07-10	0.030094	0.091493	0.130126	0.091493	2.274673	6218100.000000
2020-07-09	-0.041807	0.089851	0.094288	0.048270	-3.297813	8833600.000000
2020-07-08	0.000463	0.095683	0.113566	0.089342	0.036545	6736400.000000
2020-07-07	-0.025516	0.085399	0.088613	0.064759	-2.064545	5898000.000000
2020-07-06	0.002944	0.109420	0.118717	0.088595	0.237518	6747500.000000
2020-07-02	0.007875	0.116532	0.128900	0.101415	0.630310	5832800.000000
2020-07-01	-0.018043	0.095282	0.113561	0.074059	-1.470757	6379400.000000
2020-06-30	0.017794	0.081308	0.123637	0.078312	1.425095	8263600.000000
2020-06-29	0.013995	0.100366	0.121383	0.096441	1.105347	7022200.000000
2020-06-26	-0.030826	0.089392	0.090006	0.057488	-2.512177	13766000.000000
2020-06-25	0.017914	0.090547	0.118026	0.088673	1.434235	7398000.000000
2020-06-24	-0.041557	0.077310	0.078986	0.039839	-3.471382	8974500.000000
2020-06-23	-0.001638	0.105545	0.112596	0.089768	-0.137016	6317700.000000
2020-06-22	0.010592	0.090924	0.107472	0.082107	0.876968	5939200.000000
2020-06-19	-0.014248	0.124077	0.124077	0.078119	-1.196709	14838800.000000
2020-06-18	0.004370	0.088211	0.114878	0.077449	0.365410	7064100.000000
2020-06-17	-0.026481	0.092340	0.094319	0.065215	-2.274651	6019900.000000
2020-06-16	0.030692	0.139785	0.146864	0.097788	2.557846	8726700.000000
2020-06-15	-0.012556	0.055569	0.090996	0.045142	-1.059692	12289500.000000
2020-06-12	0.033792	0.146726	0.147093	0.102508	2.758827	9532400.000000
2020-06-11	-0.084136	0.035437	0.056639	-0.000237	-7.499977	14944800.000000
2020-06-10	-0.038905	0.088954	0.094345	0.051865	-3.608398	10486300.000000
2020-06-09	-0.016563	0.067737	0.091382	0.058512	-1.562126	10745400.000000
2020-06-08	0.024105	0.114431	0.124856	0.095320	2.219849	11090700.000000
2020-06-05	0.047050	0.126504	0.160271	0.126162	4.138237	12760100.000000
2020-06-04	-0.009261	0.090163	0.091402	0.071915	-0.822151	6371700.000000
2020-06-03	0.026296	0.109466	0.129813	0.106923	2.274658	8440200.000000
2020-06-02	0.020476	0.106348	0.123336	0.100567	1.735687	7880300.000000
2020-06-01	0.011887	0.085596	0.120334	0.075688	0.995735	7344000.000000
2020-05-29	0.009134	0.086477	0.106956	0.075274	0.758209	17010000.000000
2020-05-28	-0.032268	0.091288	0.094669	0.058413	-2.767960	9633300.000000
2020-05-27	0.006431	0.110860	0.110977	0.080707	0.548111	7822600.000000
2020-05-26	0.033452	0.121465	0.143897	0.115888	2.758835	9430000.000000
2020-05-22	-0.019122	0.087651	0.089436	0.064103	-1.607796	8563100.000000
2020-05-21	-0.010323	0.091961	0.099024	0.074423	-0.876976	8830900.000000
2020-05-20	0.037715	0.111525	0.141695	0.101509	3.087700	9160000.000000
2020-05-19	-0.031659	0.094432	0.095615	0.058948	-2.676628	7749300.000000
2020-05-18	0.053261	0.151103	0.163560	0.139392	4.275276	12304300.000000
2020-05-15	-0.009883	0.118140	0.135532	0.095691	-0.801270	10113000.000000
2020-05-14	0.015220	0.093083	0.138664	0.077179	1.215408	10678200.000000
2020-05-13	-0.026345	0.096108	0.097327	0.064652	-2.160721	12215100.000000
2020-05-12	-0.024312	0.107884	0.118591	0.082545	-2.043694	8749100.000000
2020-05-11	-0.021996	0.096080	0.100617	0.084096	-1.890633	7101000.000000
2020-05-08	0.030548	0.139035	0.145750	0.127885	2.547859	8585900.000000
2020-05-07	0.028762	0.146880	0.160201	0.133682	2.331779	9749600.000000
2020-05-06	-0.030574	0.110261	0.117555	0.073432	-2.556854	11145900.000000
2020-05-05	0.015857	0.147910	0.157627	0.125802	1.305435	13608700.000000
2020-05-04	0.022361	0.102294	0.137812	0.089006	1.800606	11192400.000000
2020-05-01	-0.027826	0.104823	0.111343	0.050856	-2.304779	13250100.000000
2020-04-30	-0.027690	0.100174	0.123887	0.063314	-2.358780	12222000.000000
2020-04-29	0.052386	0.142489	0.175350	0.140141	4.240410	12342800.000000
2020-04-28	0.002229	0.108758	0.126216	0.099844	0.180061	10645200.000000
2020-04-27	0.031031	0.107420	0.156823	0.096187	2.430824	12037100.000000
2020-04-24	0.002419	0.132237	0.136204	0.097559	0.189056	9175500.000000
2020-04-23	0.027949	0.135206	0.167828	0.123236	2.124702	14226500.000000
2020-04-22	0.034297	0.155773	0.159854	0.128834	2.520851	10320700.000000
2020-04-21	-0.023094	0.067011	0.113663	0.053322	-1.737579	19620600.000000
2020-04-20	-0.041299	0.053272	0.108573	0.046009	-3.241081	15749000.000000
2020-04-17	0.089761	0.129347	0.215023	0.129208	6.464165	16130100.000000
2020-04-16	-0.030307	0.094850	0.106700	0.061188	-2.250755	12291900.000000
2020-04-15	-0.025056	0.056259	0.094592	0.041293	-1.908638	13982300.000000
2020-04-14	-0.003533	0.117934	0.139126	0.103152	-0.270096	14797600.000000
2020-04-13	0.007116	0.148550	0.150921	0.098750	0.540169	13854700.000000
2020-04-09	-0.019423	0.146394	0.161509	0.053122	-1.503494	17023800.000000
2020-04-08	0.062531	0.129544	0.184587	0.118975	4.555534	12284800.000000
2020-04-07	0.006593	0.164211	0.183969	0.117095	0.477150	16394800.000000
2020-04-06	0.070297	0.138689	0.197102	0.116654	4.753593	17334900.000000
2020-04-03	-0.013268	0.138172	0.152618	0.065650	-0.909302	14905400.000000
2020-04-02	0.110268	0.162420	0.275017	0.127264	6.806278	23220600.000000
2020-04-01	-0.053823	0.065519	0.108133	0.036394	-3.511173	14362000.000000
2020-03-31	0.007088	0.131117	0.158441	0.093140	0.459145	18514200.000000
2020-03-30	0.046089	0.098305	0.177758	0.082317	2.853970	18486800.000000
2020-03-27	-0.099502	0.048789	0.069439	-0.003854	-6.842281	20411500.000000
2020-03-26	0.102642	0.127255	0.236293	0.088611	6.401127	24129100.000000
2020-03-25	0.040871	0.139780	0.220728	0.112241	2.448814	22560100.000000
2020-03-24	0.227407	0.259466	0.385863	0.235702	11.100719	29198800.000000
2020-03-23	-0.087052	0.089605	0.110926	-0.009331	-4.654556	23764000.000000
2020-03-20	0.034849	0.152157	0.173834	0.090804	1.800598	26960400.000000
2020-03-19	0.042507	0.114976	0.180148	0.041129	2.106705	29871000.000000
2020-03-18	-0.221248	0.040346	0.040660	-0.142552	-14.080715	24947300.000000
2020-03-17	0.014204	0.121894	0.163009	0.043649	0.891304	22684200.000000
2020-03-16	-0.164469	-0.033729	0.045096	-0.072076	-12.352131	17535300.000000
2020-03-13	0.093889	0.164922	0.216191	0.079424	6.446152	23497500.000000
2020-03-12	-0.081537	0.033149	0.045189	-0.025311	-6.095047	25768200.000000
2020-03-11	-0.022947	0.074795	0.108909	0.068521	-1.755592	18412800.000000
2020-03-10	0.053428	0.187432	0.188258	0.115834	3.880318	22642900.000000
2020-03-09	-0.153693	-0.041795	0.025558	-0.067781	-13.189430	30595500.000000
2020-03-06	-0.019241	0.073368	0.097825	0.067654	-1.683556	16861900.000000
2020-03-05	-0.013600	0.078949	0.097888	0.070269	-1.206398	12814400.000000
2020-03-04	0.043861	0.134039	0.165223	0.125802	3.727257	14753000.000000
2020-03-03	-0.022777	0.113039	0.132473	0.073711	-1.980675	16525500.000000
2020-03-02	0.034819	0.118831	0.150485	0.097292	2.925980	15050800.000000
2020-02-28	-0.008393	0.069439	0.102597	0.063303	-0.711235	20835100.000000
2020-02-27	-0.039882	0.087061	0.112552	0.065875	-3.520180	15783700.000000
2020-02-26	-0.026512	0.112394	0.120665	0.080850	-2.403801	11990400.000000
2020-02-25	-0.038201	0.111694	0.112967	0.060777	-3.601204	12871900.000000
2020-02-24	-0.039446	0.077114	0.089851	0.063970	-3.871307	9539800.000000
2020-02-21	-0.007285	0.102445	0.104468	0.088891	-0.720238	6443900.000000
2020-02-20	-0.008398	0.111140	0.114049	0.100308	-0.837273	4466600.000000
2020-02-19	0.004535	0.113560	0.119404	0.107213	0.450142	5887500.000000
2020-02-18	0.001454	0.099842	0.112656	0.098126	0.144051	4975800.000000
2020-02-14	-0.002628	0.115469	0.116777	0.102789	-0.261093	5148700.000000
2020-02-13	-0.003392	0.117002	0.126630	0.115597	-0.338158	5991900.000000
2020-02-12	0.007464	0.136858	0.137767	0.127763	0.738632	5725700.000000
2020-02-11	0.012934	0.133854	0.139893	0.126485	1.263641	6072700.000000
2020-02-10	0.007802	0.119595	0.132592	0.117326	0.756416	6011800.000000
2020-02-07	-0.005023	0.117974	0.123208	0.113253	-0.489441	4830100.000000
2020-02-06	-0.007164	0.127288	0.127696	0.111800	-0.703018	6274000.000000
2020-02-05	0.032101	0.138655	0.163685	0.136973	3.052361	6914100.000000
2020-02-04	0.005363	0.138524	0.145502	0.127105	0.507240	9909000.000000
2020-02-03	-0.008027	0.121729	0.124875	0.105472	-0.765320	8785500.000000
2020-01-31	-0.038241	0.107683	0.109599	0.073285	-3.790977	13699600.000000
2020-01-30	0.009332	0.118020	0.136041	0.110384	0.916595	8382700.000000
2020-01-29	-0.006749	0.127059	0.131003	0.114216	-0.667419	4772800.000000
2020-01-28	0.006613	0.129727	0.136242	0.127590	0.649628	5771900.000000
2020-01-27	-0.013053	0.107647	0.113474	0.104934	-1.299263	7609800.000000
2020-01-24	-0.011052	0.120641	0.122529	0.106235	-1.112373	6920000.000000
2020-01-23	0.001772	0.118745	0.129594	0.113370	0.177986	8007800.000000
2020-01-22	-0.003618	0.121639	0.125903	0.115292	-0.364868	5589900.000000
2020-01-21	-0.019640	0.119055	0.119541	0.100290	-2.020073	8470300.000000
2020-01-17	-0.011207	0.124875	0.127567	0.110551	-1.165756	7885900.000000
2020-01-16	0.006544	0.127882	0.134849	0.126818	0.676308	7022000.000000
2020-01-15	-0.001462	0.123722	0.124784	0.117441	-0.151268	5808800.000000
2020-01-14	-0.003086	0.122180	0.125841	0.114571	-0.320374	7189100.000000
2020-01-13	0.001889	0.124011	0.128257	0.120247	0.195778	6846700.000000
2020-01-10	-0.009106	0.123817	0.125443	0.113107	-0.952187	6393800.000000
2020-01-09	-0.001614	0.122671	0.125822	0.109210	-0.169083	7345300.000000
2020-01-08	-0.011423	0.118908	0.124005	0.110414	-1.210266	7295900.000000
2020-01-07	-0.012769	0.108999	0.115615	0.097352	-1.370445	7856900.000000
2020-01-06	-0.003388	0.125857	0.129850	0.117407	-0.364853	9953000.000000
2020-01-03	-0.003459	0.126960	0.135659	0.117336	-0.373756	6360900.000000
2020-01-02	0.007634	0.126519	0.134165	0.126146	0.818695	5205000.000000
