2022-12-30	-0.005191	0.013996	0.016296	-0.006698	-0.316097	3553600.000000
2022-12-29	0.002929	0.017625	0.023225	0.011530	0.177807	3121000.000000
2022-12-28	-0.005180	0.015467	0.019728	0.004816	-0.316097	2869800.000000
2022-12-27	0.016286	0.012354	0.031172	0.008024	0.977917	2955900.000000
2022-12-23	0.004960	0.009676	0.017375	0.004990	0.296341	2855200.000000
2022-12-22	0.007327	0.009825	0.020109	-0.000627	0.434631	4147400.000000
2022-12-21	0.007888	0.017111	0.026287	0.012864	0.464260	3962500.000000
2022-12-20	0.005570	0.009449	0.023802	0.007057	0.325977	5518300.000000
2022-12-19	0.010747	0.013563	0.039295	0.010800	0.622311	7089700.000000
2022-12-16	-0.003739	0.009945	0.013730	-0.016207	-0.217316	16155700.000000
2022-12-15	-0.007255	0.009792	0.018161	-0.002164	-0.424751	6976800.000000
2022-12-14	-0.011837	0.015730	0.064339	-0.008406	-0.701336	7844400.000000
2022-12-13	0.000000	0.024675	0.029232	-0.003174	0.000000	6679100.000000
2022-12-12	0.029170	0.015307	0.042579	-0.005885	1.679256	7001200.000000
2022-12-09	-0.000172	0.010443	0.017564	0.005407	-0.009880	7960300.000000
2022-12-08	0.005000	0.013227	0.021256	0.002579	0.286461	5615000.000000
2022-12-07	-0.004292	0.002969	0.016351	0.001752	-0.246948	6346400.000000
2022-12-06	-0.017209	0.012012	0.017478	-0.019586	-1.007553	9698900.000000
2022-12-05	-0.019845	0.004485	0.007164	-0.014767	-1.185356	5548200.000000
2022-12-02	0.001656	0.004808	0.018559	0.002125	0.098782	4440700.000000
2022-12-01	-0.001191	0.018685	0.024882	0.003778	-0.071121	6435300.000000
2022-11-30	0.022419	0.020460	0.049058	0.012925	1.309177	9257300.000000
2022-11-29	-0.014022	0.017464	0.017464	0.003619	-0.830444	3895500.000000
2022-11-28	-0.014790	0.016389	0.026204	0.005410	-0.889072	6469000.000000
2022-11-25	0.008193	0.029580	0.039307	0.027232	0.488499	1702100.000000
2022-11-23	0.012946	0.020484	0.038662	0.019805	0.762058	3608800.000000
2022-11-22	0.011925	0.027840	0.040046	0.025433	0.693672	3578800.000000
2022-11-21	0.006423	0.021639	0.037729	0.021293	0.371258	5112200.000000
2022-11-18	0.013534	0.031083	0.038623	0.025647	0.771832	7368300.000000
2022-11-17	-0.020802	0.007917	0.017876	-0.001183	-1.211483	3660600.000000
2022-11-16	0.012398	0.022152	0.038666	0.022152	0.713207	4158900.000000
2022-11-15	0.015873	0.037317	0.052327	0.029900	0.898842	5575900.000000
2022-11-14	-0.060006	0.025368	0.027858	-0.038043	-3.614895	15961400.000000
2022-11-11	-0.011384	0.022394	0.022394	0.000567	-0.693668	5615100.000000
2022-11-10	0.032274	0.045057	0.062505	0.027947	1.905148	8582900.000000
2022-11-09	-0.035132	-0.005879	0.005236	-0.020917	-2.149395	11129900.000000
2022-11-08	-0.005084	0.029234	0.031348	0.012647	-0.312641	8069700.000000
2022-11-07	-0.062416	-0.008019	-0.005275	-0.090201	-4.093624	20566200.000000
2022-11-04	-0.030334	-0.004549	0.011567	-0.019185	-2.051712	7620900.000000
2022-11-03	0.002752	0.014499	0.034661	0.011979	0.185638	3770400.000000
2022-11-02	-0.009753	0.020019	0.038810	0.013413	-0.664360	3134100.000000
2022-11-01	-0.003573	0.024274	0.028809	0.016082	-0.244247	3780400.000000
2022-10-31	0.008068	0.042270	0.044040	0.021920	0.547112	7312800.000000
2022-10-28	0.030281	0.028100	0.056511	0.021567	1.993080	3065500.000000
2022-10-27	0.003725	0.029490	0.037877	0.022627	0.244247	2762100.000000
2022-10-26	0.002989	0.031037	0.036084	0.017119	0.195412	4203600.000000
2022-10-25	0.013786	0.025713	0.042460	0.021372	0.889061	4108700.000000
2022-10-24	0.007325	0.030884	0.041505	0.020887	0.468964	5847200.000000
2022-10-21	0.017389	0.022271	0.046902	0.016550	1.094234	3607000.000000
2022-10-20	-0.019485	0.013259	0.022296	-0.001076	-1.250561	3300000.000000
2022-10-19	-0.012774	0.010621	0.018928	0.000776	-0.830444	2415900.000000
2022-10-18	0.019302	0.043455	0.051451	0.038281	1.231022	2904600.000000
2022-10-17	0.015083	0.037071	0.052191	0.029909	0.947689	4322000.000000
2022-10-14	-0.011224	0.032040	0.037548	0.006389	-0.713211	4577700.000000
2022-10-13	0.037983	0.012435	0.068463	0.007861	2.325256	6225700.000000
2022-10-12	-0.033472	0.021648	0.023542	-0.012928	-2.120090	6378000.000000
2022-10-11	0.005116	0.017988	0.040998	0.013862	0.322414	4155900.000000
2022-10-10	0.001708	0.023701	0.039121	0.019886	0.107471	3888300.000000
2022-10-07	-0.023802	0.021680	0.026801	-0.006251	-1.533894	4691600.000000
2022-10-06	-0.044197	0.016868	0.016868	-0.023771	-2.979851	7388200.000000
2022-10-05	-0.034825	0.010945	0.011231	-0.020405	-2.432716	4912500.000000
2022-10-04	0.005767	0.023974	0.036788	0.018071	0.400566	6024400.000000
2022-10-03	0.028650	0.045906	0.065159	0.034650	1.934456	6405300.000000
2022-09-30	-0.027442	0.029304	0.031176	-0.005986	-1.905151	5927600.000000
2022-09-29	-0.050761	0.019577	0.020808	-0.030055	-3.712593	5208300.000000
2022-09-28	0.011212	0.034880	0.040549	0.021745	0.810913	2956600.000000
2022-09-27	-0.023866	0.028536	0.028806	-0.001695	-1.768372	3817700.000000
2022-09-26	-0.024566	0.017223	0.020515	-0.010422	-1.866066	3212500.000000
2022-09-23	-0.008797	0.013886	0.015713	0.001490	-0.674133	3493500.000000
2022-09-22	-0.006208	0.019652	0.020689	0.011612	-0.478729	2964800.000000
2022-09-21	-0.013745	0.028275	0.039913	0.009090	-1.074699	3615600.000000
2022-09-20	-0.014166	0.016986	0.017869	0.001604	-1.123550	2819400.000000
2022-09-19	0.004454	0.020123	0.029368	0.014171	0.351723	2518500.000000
2022-09-16	-0.001236	0.022783	0.032270	0.020001	-0.097702	14132100.000000
2022-09-15	-0.018438	0.024163	0.024163	0.002932	-1.485039	4921000.000000
2022-09-14	0.002432	0.023667	0.036113	0.022173	0.195404	5389300.000000
2022-09-13	-0.023278	0.014790	0.020868	-0.004052	-1.914917	3051800.000000
2022-09-12	0.012506	0.027481	0.039420	0.026004	1.016075	3700500.000000
2022-09-09	0.004712	0.026387	0.037269	0.020822	0.381035	2595600.000000
2022-09-08	-0.007435	0.022192	0.027347	0.014091	-0.605743	2871500.000000
2022-09-07	0.023190	0.029822	0.049413	0.028566	1.846527	3443700.000000
2022-09-06	-0.004033	0.028546	0.033924	0.016788	-0.322411	4410200.000000
2022-09-02	-0.006435	0.024537	0.034230	0.014222	-0.517807	2682700.000000
2022-09-01	0.015136	0.023265	0.041053	0.021751	1.199745	2038400.000000
2022-08-31	-0.006558	0.032221	0.040492	0.024826	-0.523254	3381800.000000
2022-08-30	-0.015190	0.029008	0.031353	0.013209	-1.230659	2783700.000000
2022-08-29	0.006379	0.027746	0.045385	0.021536	0.513573	1865600.000000
2022-08-26	-0.014472	0.032949	0.035030	0.017035	-1.182205	2788000.000000
2022-08-25	-0.000119	0.033194	0.033683	0.024381	-0.009689	2571400.000000
2022-08-24	0.004528	0.033199	0.039347	0.028896	0.368233	2859000.000000
2022-08-23	-0.007568	0.033068	0.033068	0.017937	-0.620178	2002200.000000
2022-08-22	-0.012264	0.028715	0.032090	0.015096	-1.017479	2088700.000000
2022-08-19	-0.000350	0.034741	0.039560	0.027512	-0.029068	1904900.000000
2022-08-18	0.000350	0.033778	0.037393	0.027148	0.029068	1678400.000000
2022-08-17	0.001990	0.030158	0.039941	0.026535	0.164749	2124200.000000
2022-08-16	0.009451	0.032823	0.045867	0.029775	0.775208	3642400.000000
2022-08-15	0.021973	0.034088	0.056887	0.029976	1.763618	4459900.000000
2022-08-12	0.013087	0.037271	0.045854	0.036766	1.036858	1845300.000000
2022-08-11	-0.004626	0.030211	0.037623	0.023175	-0.368233	2695800.000000
2022-08-10	-0.002913	0.036605	0.036981	0.018065	-0.232559	2758900.000000
2022-08-09	0.012164	0.036534	0.050608	0.035774	0.959328	2407200.000000
2022-08-08	-0.014291	0.037219	0.043218	0.015597	-1.143448	3383400.000000
2022-08-05	-0.003860	0.030351	0.034211	0.014913	-0.310081	2529700.000000
2022-08-04	-0.003726	0.034450	0.040032	0.026884	-0.300400	2977000.000000
2022-08-03	0.012658	0.030462	0.047921	0.017525	1.007774	2664500.000000
2022-08-02	-0.004604	0.035095	0.042847	0.026594	-0.368225	2651700.000000
2022-08-01	0.006831	0.030585	0.040152	0.021018	0.542656	3156500.000000
2022-07-29	0.008116	0.029432	0.044152	0.026386	0.639557	3470000.000000
2022-07-28	0.026768	0.041091	0.061417	0.035748	2.054321	2849100.000000
2022-07-27	-0.000631	0.026891	0.033142	0.022464	-0.048454	2164200.000000
2022-07-26	0.008270	0.029081	0.041554	0.024092	0.629860	1799100.000000
2022-07-25	0.016160	0.029968	0.048780	0.027967	1.211281	2697100.000000
2022-07-22	0.018299	0.037540	0.051533	0.035094	1.346939	2065500.000000
2022-07-21	0.002508	0.031561	0.037145	0.025160	0.184120	3262000.000000
2022-07-20	-0.025842	0.032501	0.032766	0.004771	-1.947731	4937700.000000
2022-07-19	-0.002948	0.036467	0.041098	0.028133	-0.222878	2884300.000000
2022-07-18	-0.015025	0.027018	0.031188	0.015943	-1.153137	3132300.000000
2022-07-15	0.005459	0.040616	0.041272	0.022275	0.416679	2851400.000000
2022-07-14	0.001398	0.014521	0.035118	0.012422	0.106590	2111800.000000
2022-07-13	-0.007445	0.024678	0.037048	0.021032	-0.571724	2708900.000000
2022-07-12	-0.006643	0.026149	0.038179	0.016189	-0.513580	2562500.000000
2022-07-11	0.005039	0.029500	0.042110	0.025730	0.387611	1636200.000000
2022-07-08	-0.005512	0.031194	0.033263	0.022661	-0.426369	3174800.000000
2022-07-07	-0.002624	0.033517	0.039449	0.028101	-0.203499	2623900.000000
2022-07-06	0.007554	0.036517	0.052368	0.029371	0.581421	3357400.000000
2022-07-05	-0.022280	0.030572	0.033748	-0.008806	-1.753929	4957600.000000
2022-07-01	0.017918	0.034944	0.051107	0.027186	1.385696	3847400.000000
2022-06-30	0.009997	-0.005568	0.019995	-0.008099	0.790001	3498000.000000
2022-06-29	0.006240	0.003183	0.008786	0.000891	0.489998	3078800.000000
2022-06-28	-0.001145	0.002925	0.009667	-0.002798	-0.090004	3420400.000000
2022-06-27	0.006143	-0.005247	0.009470	-0.008830	0.480003	2358000.000000
2022-06-24	0.012832	0.003111	0.015554	0.000130	0.989998	3332500.000000
2022-06-23	0.022938	0.004376	0.024132	0.004243	1.730003	3097800.000000
2022-06-22	0.011263	-0.001073	0.018369	-0.001073	0.839996	3872200.000000
2022-06-21	0.015938	0.004087	0.019343	-0.000954	1.169998	3381300.000000
2022-06-17	-0.013041	-0.000672	0.002689	-0.023393	-0.969994	7815900.000000
2022-06-16	-0.006677	-0.013088	-0.000133	-0.020032	-0.500000	5482500.000000
2022-06-15	0.003753	0.007239	0.018767	-0.010188	0.279999	3870900.000000
2022-06-14	-0.022537	0.007600	0.007600	-0.040225	-1.720001	4899300.000000
2022-06-13	-0.037700	-0.012483	-0.007691	-0.042239	-2.989998	3461900.000000
2022-06-10	-0.000378	-0.008571	0.007941	-0.013234	-0.029999	2974100.000000
2022-06-09	-0.022786	-0.002094	0.009853	-0.023156	-1.850006	3075600.000000
2022-06-08	-0.022984	-0.006498	-0.006498	-0.024308	-1.909996	2240300.000000
2022-06-07	0.004472	-0.004110	0.005318	-0.009670	0.369995	2860300.000000
2022-06-06	0.000242	0.003385	0.008826	-0.001088	0.020004	3090000.000000
2022-06-03	-0.009224	-0.001917	0.002036	-0.009703	-0.770004	2108800.000000
2022-06-02	-0.002748	-0.002389	-0.000119	-0.026162	-0.229996	2696600.000000
2022-06-01	-0.006056	0.003325	0.004631	-0.011161	-0.510002	3969800.000000
2022-05-31	-0.011038	-0.003875	-0.001057	-0.018319	-0.940002	7050700.000000
2022-05-27	0.006857	-0.002956	0.007212	-0.011587	0.580002	4116800.000000
2022-05-26	-0.000945	0.004489	0.005433	-0.002953	-0.080002	3501900.000000
2022-05-25	-0.003062	0.000000	0.002237	-0.011540	-0.259995	4603600.000000
2022-05-24	0.022270	0.001926	0.023715	-0.007584	1.849998	4772300.000000
2022-05-23	0.006421	0.011631	0.015144	-0.003756	0.529999	2821500.000000
2022-05-20	0.004014	-0.000122	0.005960	-0.011921	0.330002	3471200.000000
2022-05-19	-0.005444	-0.004476	-0.002783	-0.021897	-0.450005	4932300.000000
2022-05-18	-0.018872	0.000000	0.001543	-0.021958	-1.589996	3928000.000000
2022-05-17	0.006691	0.000836	0.007050	-0.018043	0.559998	3492100.000000
2022-05-16	0.000957	-0.000120	0.006219	-0.007655	0.080002	2810400.000000
2022-05-13	0.008565	0.006634	0.010133	-0.009650	0.709999	2626500.000000
2022-05-12	-0.001445	-0.000241	0.008432	-0.016141	-0.119995	4057500.000000
2022-05-11	0.012933	-0.001586	0.028184	-0.005490	1.059998	4543400.000000
2022-05-10	-0.021607	0.001910	0.015399	-0.032350	-1.809998	5273200.000000
2022-05-09	-0.002975	-0.005594	0.007974	-0.019876	-0.250000	4319600.000000
2022-05-06	0.011801	-0.006744	0.014451	-0.012524	0.979996	4843700.000000
2022-05-05	0.006423	-0.003030	0.014180	-0.011393	0.529999	4926400.000000
2022-05-04	0.015758	-0.000985	0.018712	-0.005171	1.279999	3719100.000000
2022-05-03	0.002221	0.006169	0.017890	-0.003948	0.180000	3123900.000000
2022-05-02	-0.007227	0.004165	0.011391	-0.017148	-0.589996	3109000.000000
2022-04-29	-0.026589	-0.002265	-0.002265	-0.027423	-2.230003	4137200.000000
2022-04-28	0.005877	0.003118	0.010314	-0.003598	0.490005	2944500.000000
2022-04-27	-0.002274	-0.000120	0.009453	-0.009692	-0.190002	2763100.000000
2022-04-26	-0.011708	-0.004257	0.006386	-0.012181	-0.989998	2854800.000000
2022-04-25	-0.003887	0.003887	0.006243	-0.021086	-0.330002	3843100.000000
2022-04-22	-0.019180	0.000000	0.000693	-0.020220	-1.660004	2641100.000000
2022-04-21	-0.005058	-0.000345	0.007587	-0.006208	-0.439995	3583700.000000
2022-04-20	0.000230	0.007474	0.011153	-0.002415	0.019997	2893400.000000
2022-04-19	0.001612	0.004492	0.006219	-0.006104	0.139999	2644900.000000
2022-04-18	-0.006522	0.006979	0.007437	-0.012815	-0.570000	2758500.000000
2022-04-14	0.002409	0.006308	0.010781	0.001720	0.209999	3310100.000000
2022-04-13	-0.002289	0.002746	0.005493	-0.009612	-0.199997	2562900.000000
2022-04-12	-0.001485	-0.005370	0.007084	-0.010398	-0.129997	2843000.000000
2022-04-11	-0.009731	-0.001131	0.004526	-0.012559	-0.860001	2921400.000000
2022-04-08	0.008213	0.005362	0.009468	-0.003879	0.719994	2368800.000000
2022-04-07	-0.002049	-0.000911	0.000000	-0.011612	-0.179993	2472500.000000
2022-04-06	0.020328	0.004298	0.022883	-0.005227	1.750000	4223600.000000
2022-04-05	0.008670	0.001406	0.018629	-0.002578	0.739998	3303100.000000
2022-04-04	-0.011352	-0.006371	-0.005676	-0.021429	-0.980003	1819000.000000
2022-04-01	0.016006	-0.000824	0.016829	-0.012240	1.360001	2736500.000000
2022-03-31	-0.005385	-0.002809	0.003043	-0.008545	-0.459999	3618600.000000
2022-03-30	0.006361	0.001178	0.006361	-0.004476	0.540001	1942000.000000
2022-03-29	0.007716	0.000712	0.007835	-0.007360	0.650002	2673100.000000
2022-03-28	0.003215	0.000119	0.004645	-0.008217	0.269997	1633900.000000
2022-03-25	0.020292	0.008505	0.021750	0.000486	1.669998	2730800.000000
2022-03-24	0.008208	0.000980	0.013965	-0.002573	0.670006	2215100.000000
2022-03-23	-0.000367	0.001225	0.007960	-0.009062	-0.030006	2449600.000000
2022-03-22	-0.002077	0.003788	0.008188	-0.009776	-0.169998	2196900.000000
2022-03-21	0.006891	0.003937	0.016734	0.001723	0.560005	2681400.000000
2022-03-18	-0.017173	-0.000121	0.006168	-0.020559	-1.420006	7643200.000000
2022-03-17	0.023898	0.003591	0.031204	0.000991	1.930000	5911800.000000
2022-03-16	-0.003209	-0.001234	0.002839	-0.030116	-0.259995	4869000.000000
2022-03-15	-0.003689	0.008362	0.009715	-0.009715	-0.300003	5470200.000000
2022-03-14	-0.011427	0.004863	0.011792	-0.018721	-0.940002	3121100.000000
2022-03-11	0.000608	-0.001946	0.008028	-0.004987	0.050003	2462400.000000
2022-03-10	0.014938	-0.001728	0.016543	-0.008519	1.209999	2518800.000000
2022-03-09	-0.006866	0.008215	0.009563	-0.009563	-0.559998	2768700.000000
2022-03-08	-0.021476	0.001800	0.009358	-0.021596	-1.790001	2993200.000000
2022-03-07	0.007860	0.000605	0.011850	-0.008706	0.650002	4188000.000000
2022-03-04	0.024529	-0.003840	0.025025	-0.008796	1.979996	3630200.000000
2022-03-03	0.015442	0.001730	0.021606	0.001730	1.227493	3608100.000000
2022-03-02	0.010972	0.009796	0.025566	0.008524	0.862762	2605600.000000
2022-03-01	-0.003018	0.004720	0.018287	-0.005804	-0.237999	2857000.000000
2022-02-28	-0.002008	0.001311	0.010548	-0.003624	-0.158676	4773200.000000
2022-02-25	0.032789	0.022119	0.043422	0.019113	2.508934	4573500.000000
2022-02-24	-0.006182	0.006838	0.010865	-0.015631	-0.475998	4151300.000000
2022-02-23	-0.021797	0.009540	0.013733	-0.014853	-1.715599	2623500.000000
2022-02-22	0.002780	0.014640	0.022411	0.002282	0.218170	3478400.000000
2022-02-18	0.000126	0.004192	0.016552	-0.000522	0.009918	3557500.000000
2022-02-17	0.005974	0.008653	0.017626	-0.002370	0.466087	2843300.000000
2022-02-16	0.006396	0.007881	0.018975	0.002721	0.495834	2518900.000000
2022-02-15	-0.007365	0.014671	0.019025	-0.003640	-0.575172	2428800.000000
2022-02-14	-0.004173	0.012222	0.013115	-0.007415	-0.327255	3595100.000000
2022-02-11	0.010607	0.012779	0.024763	0.007753	0.823097	3108900.000000
2022-02-10	-0.025772	-0.003028	0.001869	-0.020730	-2.052765	3727700.000000
2022-02-09	-0.000125	0.014046	0.016054	0.003627	-0.009918	2219300.000000
2022-02-08	0.001996	0.013931	0.016573	0.008020	0.158669	1971900.000000
2022-02-07	-0.000125	0.007642	0.013679	0.000096	-0.009918	2227700.000000
2022-02-04	-0.010246	-0.000192	0.007650	-0.011519	-0.823090	2404700.000000
2022-02-03	-0.003812	0.007529	0.012737	0.000585	-0.307419	2371100.000000
2022-02-02	0.016119	0.007641	0.026667	0.002097	1.279259	3496200.000000
2022-02-01	-0.007811	0.006022	0.011022	-0.007605	-0.624756	3626300.000000
2022-01-31	0.015102	-0.001882	0.028702	-0.011400	1.190010	5568100.000000
2022-01-28	0.015983	0.006721	0.025030	-0.002047	1.239594	2686000.000000
2022-01-27	0.009682	0.018421	0.031960	0.011912	0.743752	3137600.000000
2022-01-26	-0.006668	0.005423	0.017966	-0.005828	-0.515671	3538100.000000
2022-01-25	-0.006371	-0.004067	0.009810	-0.007921	-0.495834	3195100.000000
2022-01-24	-0.010465	0.005727	0.012084	-0.023008	-0.823082	4992600.000000
2022-01-21	0.002782	0.017959	0.025610	0.006995	0.218163	3831300.000000
2022-01-20	0.000759	0.006993	0.025240	0.006866	0.059502	2982200.000000
2022-01-19	0.007265	0.007112	0.024205	0.004541	0.565254	3681700.000000
2022-01-18	-0.008968	0.002283	0.003684	-0.010963	-0.704086	2722700.000000
2022-01-14	-0.007273	0.008397	0.010420	-0.003236	-0.575172	2580600.000000
2022-01-13	0.005421	-0.001519	0.014118	-0.002918	0.426414	3052900.000000
2022-01-12	0.002401	0.004956	0.015151	0.000878	0.188423	2344000.000000
2022-01-11	-0.008769	0.010544	0.012818	-0.007772	-0.694176	2921200.000000
2022-01-10	-0.004738	0.012672	0.014809	-0.000529	-0.376831	3073300.000000
2022-01-07	0.014546	0.004571	0.027912	-0.001297	1.140427	2762500.000000
2022-01-06	-0.001894	0.007888	0.024310	0.004832	-0.148758	3460700.000000
2022-01-05	0.014213	0.019888	0.035124	0.012529	1.100761	3971500.000000
2022-01-04	-0.003191	0.008783	0.017406	0.004407	-0.247917	2872800.000000
2022-01-03	-0.002673	0.009681	0.009681	-0.007135	-0.208252	2348700.000000
2021-12-31	0.001147	0.006855	0.012895	0.002100	0.089249	1975500.000000
2021-12-30	0.000638	0.010326	0.011740	0.002739	0.049583	1752300.000000
2021-12-29	0.006546	0.009562	0.016551	0.007620	0.505753	1517900.000000
2021-12-28	0.006199	0.008397	0.016081	0.008397	0.476006	1236100.000000
2021-12-27	0.001164	0.009962	0.011657	0.004225	0.089249	1430700.000000
2021-12-23	0.002463	0.009704	0.016370	0.006567	0.188416	1851000.000000
2021-12-22	0.000130	0.004214	0.012319	0.000031	0.009918	1717300.000000
2021-12-21	-0.010518	0.012665	0.016417	-0.006607	-0.813171	2395300.000000
2021-12-20	0.017356	-0.000025	0.026952	-0.001867	1.318924	4520300.000000
2021-12-17	-0.024691	0.007627	0.015969	-0.017785	-1.923843	6600600.000000
2021-12-16	0.004731	0.005818	0.022453	0.005431	0.366920	3252600.000000
2021-12-15	0.020888	0.012610	0.030382	0.007607	1.586678	3235400.000000
2021-12-14	-0.001954	0.008266	0.012733	0.000645	-0.148758	3261900.000000
2021-12-13	0.010400	0.007069	0.025124	0.002821	0.783424	2629500.000000
2021-12-10	-0.003019	0.010118	0.014220	0.002441	-0.228088	3111600.000000
2021-12-09	0.014109	0.010410	0.030006	0.004639	1.051178	5358500.000000
2021-12-08	-0.004373	0.008397	0.014811	-0.000289	-0.327255	3491100.000000
2021-12-07	0.015749	0.009890	0.025771	0.006904	1.160255	5676400.000000
2021-12-06	0.017114	0.013229	0.037528	0.010606	1.239594	4774900.000000
2021-12-03	0.016704	0.013169	0.026083	0.000256	1.190010	3673200.000000
2021-12-02	0.023070	0.010551	0.041139	0.010551	1.606506	4081000.000000
2021-12-01	-0.004916	0.022731	0.040737	0.012014	-0.343994	4009800.000000
2021-11-30	-0.043268	0.011702	0.011702	-0.027262	-3.164795	6593600.000000
2021-11-29	0.010181	0.025731	0.031807	0.015787	0.737144	4182700.000000
2021-11-26	-0.016422	0.013233	0.017852	-0.000894	-1.208923	2021100.000000
2021-11-24	0.001069	0.017988	0.020844	0.010373	0.078636	2374700.000000
2021-11-23	0.010535	0.019505	0.034759	0.014971	0.766624	2482100.000000
2021-11-22	-0.002022	0.014564	0.020598	0.007296	-0.147430	4119100.000000
2021-11-19	-0.013300	0.020421	0.020421	0.003236	-0.982857	5532000.000000
2021-11-18	-0.002123	0.017984	0.022035	0.011503	-0.157249	3325500.000000
2021-11-17	-0.000796	0.013531	0.018793	0.005706	-0.058975	3046300.000000
2021-11-16	-0.006194	0.018383	0.023344	0.009667	-0.461937	3825000.000000
2021-11-15	0.015253	0.020303	0.033235	0.014858	1.120453	3156100.000000
2021-11-12	-0.004396	0.019748	0.021646	0.012565	-0.324348	3213700.000000
2021-11-11	-0.008060	0.014352	0.016906	0.005479	-0.599541	2780300.000000
2021-11-10	0.014749	0.022219	0.032996	0.021127	1.081139	2825400.000000
2021-11-09	0.000000	0.014852	0.026857	0.011441	0.000000	3425500.000000
2021-11-08	-0.025480	0.015583	0.016115	-0.024434	-1.916557	4094100.000000
2021-11-05	0.014448	0.023513	0.034033	0.018253	1.071304	2588500.000000
2021-11-04	-0.000530	0.015961	0.022162	0.005312	-0.039314	3459300.000000
2021-11-03	-0.000132	0.015288	0.023240	0.007875	-0.009819	2326100.000000
2021-11-02	0.001061	0.020143	0.038897	0.009349	0.078621	2722700.000000
2021-11-01	-0.006848	0.017444	0.017444	0.007930	-0.511078	2390100.000000
2021-10-29	-0.005371	0.015978	0.022775	0.008515	-0.402969	3050400.000000
2021-10-28	0.004606	0.018114	0.024808	0.015971	0.343994	2453100.000000
2021-10-27	-0.007834	0.019835	0.023289	0.009075	-0.589714	2406900.000000
2021-10-26	0.001176	0.016912	0.028350	0.013986	0.088455	2477600.000000
2021-10-25	-0.010221	0.013627	0.017049	0.006386	-0.776451	2253300.000000
2021-10-22	0.000000	0.020735	0.023500	0.013627	0.000000	2150600.000000
2021-10-21	0.009140	0.019835	0.033651	0.018374	0.687996	3777500.000000
2021-10-20	0.018213	0.020690	0.039627	0.019608	1.346512	3394500.000000
2021-10-19	0.045303	0.040067	0.066648	0.035401	3.204109	5127800.000000
2021-10-18	-0.015595	0.008258	0.011181	-0.002181	-1.120461	2981600.000000
2021-10-15	-0.007468	0.019931	0.020207	0.007083	-0.540565	2719200.000000
2021-10-14	0.003816	0.019247	0.031034	0.015225	0.275192	3112800.000000
2021-10-13	0.011721	0.017444	0.030211	0.012674	0.835434	3123000.000000
2021-10-12	0.005546	0.017021	0.028025	0.015892	0.393135	2200100.000000
2021-10-11	-0.007978	0.014925	0.018424	0.005548	-0.570045	2782000.000000
2021-10-08	-0.015572	0.014827	0.019649	0.000912	-1.130280	2960000.000000
2021-10-07	-0.004314	0.016621	0.029516	0.012369	-0.314514	3015500.000000
2021-10-06	0.019099	0.016745	0.037156	0.011013	1.366165	3602900.000000
2021-10-05	-0.007771	0.016473	0.029373	0.009122	-0.560226	4861300.000000
2021-10-04	0.014663	0.022652	0.035319	0.016318	1.041817	4042400.000000
2021-10-01	-0.009997	0.025108	0.025247	0.005600	-0.717476	3803300.000000
2021-09-30	-0.017888	0.020728	0.021549	-0.001851	-1.307205	4305000.000000
2021-09-29	0.016544	0.018279	0.040814	0.016192	1.189255	2614800.000000
2021-09-28	-0.009077	0.016066	0.018271	0.003797	-0.658508	3233500.000000
2021-09-27	-0.010325	0.019490	0.028767	0.005575	-0.756805	2901900.000000
2021-09-24	0.004309	0.019362	0.027720	0.016211	0.314514	3087500.000000
2021-09-23	-0.007750	0.019619	0.024649	0.007520	-0.570053	4030700.000000
2021-09-22	0.004429	0.017990	0.025501	0.010617	0.324341	3363200.000000
2021-09-21	-0.001206	0.017581	0.027537	0.011580	-0.088448	3216700.000000
2021-09-20	0.006476	0.017307	0.035426	0.013189	0.471764	4545900.000000
2021-09-17	-0.010810	0.015000	0.021382	0.005902	-0.796112	7592800.000000
2021-09-16	-0.008207	0.016771	0.022023	0.004650	-0.609375	3522200.000000
2021-09-15	-0.007879	0.014905	0.021452	0.008893	-0.589706	3028600.000000
2021-09-14	-0.005095	0.019704	0.023825	0.008937	-0.383316	3191800.000000
2021-09-13	-0.009832	0.024157	0.024157	0.004940	-0.746964	3133300.000000
2021-09-10	-0.014785	0.016796	0.016796	-0.001100	-1.140114	3323100.000000
2021-09-09	0.007965	0.014046	0.031430	0.011562	0.609375	4458400.000000
2021-09-08	0.017250	0.015849	0.038718	0.012126	1.297363	3233300.000000
2021-09-07	-0.023731	0.013809	0.014199	-0.007479	-1.828110	3647500.000000
2021-09-03	-0.006465	0.017573	0.027246	0.008158	-0.501259	2134300.000000
2021-09-02	0.006892	0.019132	0.026015	0.019132	0.530739	2073300.000000
2021-09-01	0.014646	0.026548	0.042227	0.025362	1.111526	3128800.000000
2021-08-31	-0.005875	0.020124	0.027983	0.014360	-0.448509	4361300.000000
2021-08-30	0.001407	0.025625	0.031134	0.021690	0.107254	2147100.000000
2021-08-27	-0.003314	0.027063	0.029155	0.020004	-0.253502	3143600.000000
2021-08-26	-0.001400	0.023014	0.026017	0.015703	-0.107254	2170100.000000
2021-08-25	0.000255	0.023144	0.027845	0.018704	0.019493	2622100.000000
2021-08-24	-0.005571	0.025755	0.026534	0.017574	-0.429008	2860800.000000
2021-08-23	-0.013367	0.023575	0.023960	0.010891	-1.043259	4145300.000000
2021-08-20	0.012522	0.027960	0.039117	0.020825	0.965263	3742900.000000
2021-08-19	0.013850	0.029176	0.043118	0.024310	1.053009	4125700.000000
2021-08-18	-0.008140	0.025625	0.027060	0.011797	-0.624008	2903900.000000
2021-08-17	0.002039	0.025625	0.030200	0.017521	0.156006	2245100.000000
2021-08-16	0.009651	0.028529	0.040539	0.025493	0.731255	3083100.000000
2021-08-13	0.004524	0.027083	0.033447	0.022178	0.341255	2552900.000000
2021-08-12	0.005590	0.024159	0.033358	0.023359	0.419258	2914700.000000
2021-08-11	0.006410	0.022942	0.034615	0.021600	0.477760	3919100.000000
2021-08-10	0.005789	0.026300	0.037501	0.021712	0.429001	3931900.000000
2021-08-09	0.000000	0.025490	0.028324	0.016583	0.000000	3031400.000000
2021-08-06	-0.001051	0.024547	0.029669	0.019289	-0.077995	2974700.000000
2021-08-05	0.008083	0.028071	0.034730	0.021005	0.594765	2519800.000000
2021-08-04	-0.000397	0.018833	0.025897	0.011226	-0.029251	2835300.000000
2021-08-03	0.001991	0.028075	0.039509	0.022631	0.146255	2697300.000000
2021-08-02	0.006411	0.027406	0.037406	0.025077	0.467995	2779700.000000
2021-07-30	-0.008476	0.025489	0.034861	0.014352	-0.624008	3339000.000000
2021-07-29	-0.003037	0.025083	0.029010	0.016282	-0.224251	2053500.000000
2021-07-28	-0.014187	0.025091	0.026293	0.004800	-1.062767	2358700.000000
2021-07-27	0.023172	0.028903	0.055538	0.020845	1.696533	3188500.000000
2021-07-26	-0.003054	0.025489	0.026442	0.016366	-0.224251	3190100.000000
2021-07-23	0.012502	0.028521	0.039274	0.024247	0.906761	3353900.000000
2021-07-22	-0.004416	0.029057	0.031528	0.018762	-0.321754	3317100.000000
2021-07-21	-0.012555	0.026845	0.027523	0.012342	-0.926270	3022100.000000
2021-07-20	-0.002505	0.027518	0.038199	0.020623	-0.185257	3701200.000000
2021-07-19	-0.016848	0.023498	0.038518	-0.001358	-1.267525	5314800.000000
2021-07-16	0.013397	0.028589	0.044214	0.023739	0.994530	3401900.000000
2021-07-15	0.011962	0.023853	0.038302	0.022626	0.877518	3210700.000000
2021-07-14	0.009933	0.024524	0.039943	0.020394	0.721504	2661800.000000
2021-07-13	-0.013898	0.021824	0.024675	0.008656	-1.023766	2066000.000000
2021-07-12	0.000000	0.021553	0.026847	0.016258	0.000000	2327600.000000
2021-07-09	-0.005267	0.026976	0.027246	0.012661	-0.390007	2163300.000000
2021-07-08	0.004098	0.023185	0.033896	0.021015	0.302254	2527600.000000
2021-07-07	0.003316	0.020864	0.033108	0.018823	0.243752	2281000.000000
2021-07-06	0.015901	0.029080	0.042210	0.023414	1.150520	3562100.000000
2021-07-02	0.001349	0.028116	0.030884	0.019259	0.097504	1831400.000000
2021-07-01	0.007340	0.027298	0.037475	0.019212	0.526505	2501000.000000
2021-06-30	0.000816	0.026462	0.030229	0.022416	0.058495	2818400.000000
2021-06-29	-0.022993	0.019628	0.025625	-0.000683	-1.686760	3312500.000000
2021-06-28	0.001731	0.028083	0.033408	0.024123	0.126740	2047700.000000
2021-06-25	0.006702	0.022051	0.032636	0.020402	0.487511	2468700.000000
2021-06-24	0.000805	0.025488	0.030853	0.019572	0.058495	2854400.000000
2021-06-23	-0.014541	0.022643	0.023049	0.007051	-1.072510	2482200.000000
2021-06-22	-0.003294	0.023328	0.031706	0.021031	-0.243752	2734300.000000
2021-06-21	0.014435	0.028230	0.043582	0.022472	1.053009	3640100.000000
2021-06-18	-0.025527	0.018545	0.020816	-0.001625	-1.911026	7225600.000000
2021-06-17	0.003660	0.022542	0.035680	0.019458	0.273003	4510400.000000
2021-06-16	-0.020737	0.029301	0.030614	0.003700	-1.579529	3916400.000000
2021-06-15	-0.001916	0.026018	0.028508	0.021301	-0.146248	3630900.000000
2021-06-14	0.012287	0.026819	0.038625	0.024697	0.926270	3320600.000000
2021-06-11	-0.001679	0.023109	0.024566	0.016223	-0.126755	2205600.000000
2021-06-10	0.012418	0.028441	0.039971	0.024821	0.926262	2936200.000000
2021-06-09	0.009102	0.029549	0.036584	0.025761	0.672768	2882200.000000
2021-06-08	-0.007853	0.028041	0.028981	0.010457	-0.585022	3616800.000000
2021-06-07	-0.001437	0.025357	0.026161	0.019728	-0.107246	3111900.000000
2021-06-04	-0.002477	0.028032	0.032711	0.020545	-0.185249	3357100.000000
2021-06-03	0.012540	0.022782	0.042818	0.019533	0.926270	3859500.000000
2021-06-02	0.011118	0.037987	0.051812	0.033743	0.812248	3554800.000000
2021-06-01	-0.007749	0.035784	0.037550	0.019893	-0.570503	3410800.000000
2021-05-28	0.008610	0.040319	0.045661	0.038264	0.628525	4708000.000000
2021-05-27	-0.006057	0.034018	0.036877	0.026121	-0.444801	5900200.000000
2021-05-26	-0.000790	0.033338	0.037283	0.026535	-0.058029	3428700.000000
2021-05-25	-0.014009	0.032679	0.034288	0.012422	-1.044319	5383300.000000
2021-05-24	-0.014573	0.037327	0.038781	0.018819	-1.102364	3695100.000000
2021-05-21	0.012817	0.037635	0.047945	0.035627	0.957314	5472300.000000
2021-05-20	0.003377	0.035363	0.047454	0.031602	0.251411	3390700.000000
2021-05-19	-0.002333	0.032278	0.034824	0.021958	-0.174057	3388200.000000
2021-05-18	-0.006566	0.029361	0.033621	0.022703	-0.493156	3807200.000000
2021-05-17	-0.005124	0.035611	0.044354	0.028061	-0.386787	3120500.000000
2021-05-14	-0.003955	0.037717	0.044182	0.029800	-0.299759	3334300.000000
2021-05-13	0.016075	0.034288	0.059090	0.029864	1.199043	2797100.000000
2021-05-12	-0.018949	0.033891	0.034286	0.013900	-1.440781	3249100.000000
2021-05-11	-0.010446	0.039100	0.043264	0.019057	-0.802597	4544000.000000
2021-05-10	0.012874	0.037581	0.054059	0.032309	0.976646	4243600.000000
2021-05-07	-0.000383	0.034286	0.043905	0.028356	-0.029030	2670800.000000
2021-05-06	0.006800	0.037736	0.043308	0.029245	0.512520	3356900.000000
2021-05-05	-0.018386	0.032070	0.034284	0.008499	-1.411797	4167300.000000
2021-05-04	-0.011945	0.033382	0.036599	0.016526	-0.928291	3691700.000000
2021-05-03	0.005882	0.034154	0.049427	0.032601	0.454475	3100500.000000
2021-04-30	0.011137	0.038211	0.046194	0.031275	0.850945	3238000.000000
2021-04-29	0.017774	0.036152	0.052935	0.035220	1.334419	2992400.000000
2021-04-28	-0.008302	0.036664	0.038117	0.025436	-0.628532	3464100.000000
2021-04-27	-0.004957	0.031788	0.034023	0.026268	-0.377113	2290300.000000
2021-04-26	-0.008818	0.036108	0.036238	0.022689	-0.676888	2671000.000000
2021-04-23	-0.000504	0.033894	0.037019	0.027643	-0.038673	3283700.000000
2021-04-22	-0.009726	0.031317	0.039054	0.022549	-0.754234	3076800.000000
2021-04-21	0.001123	0.042416	0.043707	0.032863	0.087021	4597000.000000
2021-04-20	0.017399	0.036649	0.057795	0.033366	1.324753	3981300.000000
2021-04-19	-0.001901	0.035858	0.038480	0.026289	-0.145042	2956800.000000
2021-04-16	0.007406	0.039040	0.045907	0.036795	0.560844	3645400.000000
2021-04-15	0.011496	0.034021	0.047779	0.032418	0.860603	3683100.000000
2021-04-14	-0.000645	0.030149	0.036156	0.025744	-0.048355	2946800.000000
2021-04-13	0.015867	0.030628	0.054224	0.028187	1.170044	3527000.000000
2021-04-12	-0.000524	0.036187	0.044319	0.031850	-0.038681	2396500.000000
2021-04-09	0.001181	0.037411	0.041482	0.031847	0.087036	2075100.000000
2021-04-08	-0.000131	0.039717	0.045280	0.032797	-0.009682	2624500.000000
2021-04-07	-0.002095	0.034560	0.039434	0.026978	-0.154716	3060300.000000
2021-04-06	-0.000393	0.029282	0.035101	0.023597	-0.029007	2448500.000000
2021-04-05	0.009113	0.034017	0.048631	0.032652	0.667213	2915200.000000
2021-04-01	-0.003160	0.032520	0.032520	0.019450	-0.232071	2630700.000000
2021-03-31	0.005693	0.029910	0.042232	0.028677	0.415810	3447800.000000
2021-03-30	-0.015254	0.027143	0.028356	0.012716	-1.131371	2661900.000000
2021-03-29	0.012141	0.030879	0.054761	0.030606	0.889626	4223600.000000
2021-03-26	0.007445	0.034154	0.043228	0.025492	0.541489	3613200.000000
2021-03-25	0.014294	0.039314	0.062183	0.035967	1.025002	4310100.000000
2021-03-24	-0.000270	0.026626	0.041682	0.025232	-0.019348	2379500.000000
2021-03-23	0.009252	0.035702	0.048787	0.032043	0.657547	3245600.000000
2021-03-22	0.002045	0.034859	0.042331	0.028374	0.145050	3366300.000000
2021-03-19	-0.002041	0.033732	0.043159	0.023742	-0.145050	9090700.000000
2021-03-18	0.004510	0.036698	0.044189	0.028642	0.319099	3115900.000000
2021-03-17	-0.015076	0.035685	0.035685	0.017589	-1.083015	3756200.000000
2021-03-16	-0.003354	0.027772	0.037345	0.024442	-0.241745	4107700.000000
2021-03-15	0.013598	0.033732	0.049623	0.033732	0.966980	3213800.000000
2021-03-12	0.015325	0.041007	0.054857	0.037438	1.073341	3476900.000000
2021-03-11	-0.010654	0.029775	0.039522	0.021723	-0.754227	3147400.000000
2021-03-10	0.003701	0.034296	0.047907	0.030893	0.261070	4858900.000000
2021-03-09	0.013056	0.037027	0.053975	0.032861	0.908958	6027000.000000
2021-03-08	0.030633	0.036226	0.080636	0.031933	2.069321	11148200.000000
2021-03-05	0.027353	0.042519	0.066091	0.032481	1.798576	8083300.000000
2021-03-04	-0.013778	0.034154	0.047203	0.017656	-0.918625	5721500.000000
2021-03-03	-0.003152	0.037623	0.047939	0.028353	-0.210808	5016300.000000
2021-03-02	-0.001859	0.044648	0.048528	0.030023	-0.124573	3995100.000000
2021-03-01	0.023566	0.060253	0.077972	0.057045	1.542732	3971900.000000
2021-02-26	-0.032706	0.044490	0.050105	0.007551	-2.213478	7575800.000000
2021-02-25	-0.007587	0.043603	0.051815	0.034512	-0.517433	3678500.000000
2021-02-24	-0.012077	0.041141	0.043603	0.027523	-0.833656	3799800.000000
2021-02-23	0.012224	0.053281	0.067358	0.045803	0.833656	4621200.000000
2021-02-22	0.000281	0.043456	0.046830	0.032602	0.019150	4908100.000000
2021-02-19	-0.021455	0.044321	0.044608	0.020064	-1.494820	3310000.000000
2021-02-18	0.004420	0.040287	0.059029	0.038990	0.306625	3668300.000000
2021-02-17	0.017714	0.042283	0.062970	0.040669	1.207352	3557800.000000
2021-02-16	-0.010296	0.042441	0.044329	0.028792	-0.709076	4528400.000000
2021-02-12	-0.016288	0.038747	0.056745	0.023034	-1.140266	4866100.000000
2021-02-11	-0.000411	0.042461	0.049457	0.039320	-0.028755	2751100.000000
2021-02-10	-0.000274	0.050169	0.050883	0.036751	-0.019165	3749200.000000
2021-02-09	-0.009752	0.045865	0.048268	0.032154	-0.689919	2308100.000000
2021-02-08	0.001221	0.042188	0.045301	0.036244	0.086243	3008200.000000
2021-02-05	0.014445	0.047192	0.064134	0.041880	1.006134	3011500.000000
2021-02-04	0.001654	0.043316	0.049212	0.037276	0.114983	2171600.000000
2021-02-03	-0.002748	0.039731	0.046471	0.037436	-0.191643	3054700.000000
2021-02-02	0.001238	0.043460	0.058106	0.035706	0.086243	3922300.000000
2021-02-01	-0.002881	0.047326	0.053625	0.037303	-0.201233	3480100.000000
2021-01-29	0.003027	0.039582	0.056672	0.031109	0.210808	4330700.000000
2021-01-28	-0.005610	0.044460	0.061025	0.037463	-0.392868	3124000.000000
2021-01-27	-0.007605	0.038076	0.054941	0.031416	-0.536598	4657200.000000
2021-01-26	0.001088	0.048711	0.049562	0.036226	0.076660	3393600.000000
2021-01-25	0.017568	0.040283	0.063670	0.038406	1.216927	4057600.000000
2021-01-22	0.006825	0.037062	0.053487	0.035028	0.469528	4152900.000000
2021-01-21	0.003073	0.040396	0.050018	0.034564	0.210808	3185400.000000
2021-01-20	0.008737	0.039779	0.055075	0.036250	0.594101	3552000.000000
2021-01-19	-0.015538	0.045340	0.045340	0.027098	-1.073212	3670800.000000
2021-01-15	0.014925	0.043309	0.062118	0.038901	1.015709	3407400.000000
2021-01-14	-0.016888	0.044325	0.044614	0.025690	-1.169022	3461300.000000
2021-01-13	0.009926	0.046813	0.059068	0.039810	0.680328	4364100.000000
2021-01-12	-0.015687	0.046906	0.048342	0.017036	-1.092361	3801200.000000
2021-01-11	-0.007240	0.040609	0.046882	0.026923	-0.507851	2949800.000000
2021-01-08	0.003289	0.048323	0.049038	0.039026	0.229958	3476800.000000
2021-01-07	-0.021459	0.044023	0.046962	0.021208	-1.533142	4126600.000000
2021-01-06	0.021370	0.051180	0.079057	0.042174	1.494820	4112100.000000
2021-01-05	-0.012045	0.046569	0.047982	0.026231	-0.852806	3466900.000000
2021-01-04	-0.017420	0.041660	0.041660	0.019595	-1.255264	2975500.000000
2020-12-31	0.015393	0.042617	0.060795	0.040785	1.092369	2392500.000000
2020-12-30	0.002436	0.040213	0.050101	0.038377	0.172478	1929200.000000
2020-12-29	0.002442	0.047285	0.054365	0.040488	0.172470	3718700.000000
2020-12-28	-0.007140	0.047399	0.050492	0.033762	-0.507858	3165700.000000
2020-12-24	0.002566	0.043603	0.047409	0.036555	0.182060	1065000.000000
2020-12-23	0.007347	0.050703	0.063055	0.048857	0.517448	2757400.000000
2020-12-22	-0.013688	0.043463	0.044163	0.027778	-0.977386	6252500.000000
2020-12-21	-0.011278	0.032526	0.035711	0.022141	-0.814484	6991200.000000
2020-12-18	-0.007375	0.039480	0.046764	0.031783	-0.536606	15175400.000000
2020-12-17	0.010110	0.057070	0.064706	0.051378	0.728241	4450400.000000
2020-12-16	-0.004107	0.054526	0.061439	0.039040	-0.297043	4752300.000000
2020-12-15	0.013563	0.052292	0.060700	0.044304	0.967804	3917300.000000
2020-12-14	-0.005874	0.050151	0.052101	0.036219	-0.421623	4153900.000000
2020-12-11	0.007939	0.037846	0.053713	0.037846	0.565361	3893100.000000
2020-12-10	0.000269	0.053576	0.057649	0.038827	0.019150	6424300.000000
2020-12-09	-0.006020	0.041649	0.044860	0.021405	-0.431190	8010900.000000
2020-12-08	-0.018256	0.036476	0.038943	0.022358	-1.331924	8752100.000000
2020-12-07	0.003426	0.040852	0.050205	0.036314	0.249138	6291000.000000
2020-12-04	-0.032143	0.044269	0.048528	0.008595	-2.414703	6237400.000000
2020-12-03	-0.015694	0.040590	0.043603	0.025129	-1.197777	3452700.000000
2020-12-02	0.001497	0.050283	0.058418	0.042147	0.114067	3670000.000000
2020-12-01	0.021277	0.062042	0.086969	0.059898	1.587677	6360500.000000
2020-11-30	-0.006959	0.049728	0.062105	0.043340	-0.522888	8418300.000000
2020-11-27	-0.004659	0.051990	0.053977	0.038214	-0.351746	2053400.000000
2020-11-25	0.000378	0.057820	0.061663	0.038209	0.028511	3886600.000000
2020-11-24	0.004175	0.060374	0.064232	0.052390	0.313728	5260000.000000
2020-11-23	0.005086	0.054800	0.064162	0.047712	0.380287	5783300.000000
2020-11-20	-0.013917	0.050934	0.062276	0.035900	-1.055283	4928100.000000
2020-11-19	-0.017855	0.047842	0.049138	0.029321	-1.378510	6147900.000000
2020-11-18	-0.035167	0.055732	0.055982	0.012493	-2.814064	5083700.000000
2020-11-17	-0.022075	0.042814	0.052713	0.027660	-1.806328	3818100.000000
2020-11-16	0.013423	0.065109	0.067958	0.053963	1.083786	3697000.000000
2020-11-13	0.004138	0.059195	0.065911	0.053599	0.332748	2774700.000000
2020-11-12	-0.012838	0.046824	0.050753	0.028778	-1.045761	3587200.000000
2020-11-11	-0.000933	0.054801	0.064981	0.045480	-0.076057	2602300.000000
2020-11-10	0.020709	0.058868	0.076520	0.053485	1.654205	4427400.000000
2020-11-09	0.003823	0.070331	0.092700	0.054622	0.304230	4782800.000000
2020-11-06	0.006735	0.054641	0.075263	0.049327	0.532379	4053300.000000
2020-11-05	0.005321	0.046134	0.075388	0.041937	0.418327	4214800.000000
2020-11-04	-0.002533	0.051731	0.079515	0.047925	-0.199654	3768300.000000
2020-11-03	0.015307	0.066284	0.085219	0.058813	1.188377	4551300.000000
2020-11-02	0.016430	0.059713	0.075424	0.046359	1.254921	3372700.000000
2020-10-30	-0.007535	0.045231	0.057185	0.033406	-0.579910	3503500.000000
2020-10-29	0.014411	0.051858	0.086656	0.043685	1.093292	5310300.000000
2020-10-28	-0.032376	0.035787	0.045863	0.016400	-2.538376	3385700.000000
2020-10-27	0.009178	0.049541	0.072195	0.047739	0.713043	4153500.000000
2020-10-26	0.007148	0.042783	0.064562	0.042783	0.551399	4064300.000000
2020-10-23	-0.000493	0.058466	0.061057	0.043306	-0.038040	2386500.000000
2020-10-22	0.011841	0.051464	0.066017	0.050022	0.903168	2142300.000000
2020-10-21	-0.010484	0.053414	0.054712	0.039663	-0.808098	3423900.000000
2020-10-20	0.002225	0.059269	0.064209	0.049517	0.171127	3200900.000000
2020-10-19	-0.006265	0.054829	0.059351	0.042038	-0.484863	2594000.000000
2020-10-16	0.007425	0.054331	0.070341	0.054331	0.570435	3290700.000000
2020-10-15	-0.002961	0.039139	0.054843	0.036284	-0.228172	2988900.000000
2020-10-14	-0.006375	0.055855	0.057403	0.042315	-0.494362	1975500.000000
2020-10-13	-0.010313	0.044073	0.047136	0.028248	-0.808098	3972800.000000
2020-10-12	0.007826	0.051858	0.067421	0.050829	0.608444	2305400.000000
2020-10-09	-0.003412	0.055062	0.059164	0.043269	-0.266197	2687500.000000
2020-10-08	0.012836	0.053935	0.077174	0.049521	0.988731	3108300.000000
2020-10-07	-0.001110	0.053284	0.056915	0.043039	-0.085564	2147000.000000
2020-10-06	0.012736	0.055404	0.073790	0.049100	0.969711	3623800.000000
2020-10-05	0.003634	0.049221	0.063589	0.044081	0.275711	2924500.000000
2020-10-02	0.015396	0.048913	0.078091	0.042221	1.150352	3511800.000000
2020-10-01	-0.004308	0.052924	0.057854	0.039064	-0.323250	4894700.000000
2020-09-30	0.013482	0.058881	0.070091	0.055234	0.998245	3685200.000000
2020-09-29	0.008416	0.067248	0.074603	0.055399	0.617943	3523900.000000
2020-09-28	0.002336	0.052813	0.070560	0.051994	0.171127	3076800.000000
2020-09-25	0.009697	0.044966	0.062885	0.044690	0.703514	2749200.000000
2020-09-24	0.000525	0.050479	0.062477	0.038480	0.038033	3249600.000000
2020-09-23	-0.015871	0.051315	0.054165	0.033806	-1.169357	5437400.000000
2020-09-22	-0.006028	0.052532	0.067777	0.042954	-0.446831	4742500.000000
2020-09-21	0.000128	0.048620	0.056310	0.037151	0.009506	6087500.000000
2020-09-18	-0.023302	0.043424	0.056206	0.023789	-1.768295	6489000.000000
2020-09-17	-0.021814	0.047862	0.057272	0.024143	-1.692253	5056400.000000
2020-09-16	0.008653	0.053808	0.068110	0.050557	0.665489	3805300.000000
2020-09-15	0.002106	0.054463	0.073747	0.048991	0.161621	3948000.000000
2020-09-14	0.013687	0.057009	0.071669	0.054631	1.036263	3437400.000000
2020-09-11	0.011558	0.054129	0.068692	0.050655	0.865135	3816200.000000
2020-09-10	-0.011426	0.046707	0.052650	0.033367	-0.865135	3734500.000000
2020-09-09	0.018414	0.060063	0.084543	0.058583	1.369003	5016400.000000
2020-09-08	-0.003060	0.049042	0.055612	0.036437	-0.228157	3142700.000000
2020-09-04	-0.006963	0.054122	0.057184	0.034280	-0.522888	3311900.000000
2020-09-03	0.004195	0.054265	0.066433	0.047846	0.313736	4559300.000000
2020-09-02	0.022873	0.067300	0.096981	0.066753	1.672256	3845800.000000
2020-09-01	-0.007904	0.053979	0.063070	0.051265	-0.582481	3360600.000000
2020-08-31	0.005383	0.064155	0.077798	0.062108	0.394577	4476800.000000
2020-08-28	0.000256	0.064427	0.066747	0.055694	0.018784	2992400.000000
2020-08-27	-0.001024	0.069881	0.075743	0.061428	-0.075150	3339500.000000
2020-08-26	-0.005350	0.058868	0.064563	0.052088	-0.394577	2708500.000000
2020-08-25	-0.007585	0.066446	0.066446	0.051913	-0.563667	2535200.000000
2020-08-24	0.005849	0.065239	0.071331	0.057118	0.432137	2074000.000000
2020-08-21	0.012098	0.065661	0.079771	0.059907	0.883118	3813700.000000
2020-08-20	-0.003080	0.059921	0.069207	0.058555	-0.225494	2433500.000000
2020-08-19	-0.003070	0.066742	0.068512	0.058982	-0.225449	2561300.000000
2020-08-18	-0.006355	0.064428	0.068892	0.052252	-0.469742	3421000.000000
2020-08-17	-0.002156	0.058893	0.070502	0.054303	-0.159714	2749000.000000
2020-08-14	-0.005800	0.064159	0.066575	0.055167	-0.432159	2067200.000000
2020-08-13	-0.003393	0.057339	0.064428	0.053861	-0.253654	2657600.000000
2020-08-12	0.012984	0.067679	0.090848	0.065782	0.958252	3920300.000000
2020-08-11	-0.019471	0.067217	0.069742	0.041842	-1.465569	3951800.000000
2020-08-10	-0.006202	0.065880	0.068388	0.054789	-0.469734	3188900.000000
2020-08-07	0.012433	0.058813	0.084077	0.058412	0.930084	3476800.000000
2020-08-06	-0.001004	0.059754	0.066698	0.054279	-0.075157	2720300.000000
2020-08-05	-0.014466	0.066007	0.066007	0.039159	-1.099190	2905200.000000
2020-08-04	0.006847	0.061512	0.076486	0.060717	0.516708	3081600.000000
2020-08-03	-0.008639	0.061143	0.063771	0.043804	-0.657631	2355500.000000
2020-07-31	-0.006011	0.065472	0.073176	0.043144	-0.460335	4843100.000000
2020-07-30	-0.008996	0.060157	0.061969	0.047088	-0.695221	3604700.000000
2020-07-29	0.002437	0.065076	0.072470	0.058590	0.187897	2950000.000000
2020-07-28	0.022937	0.064162	0.094946	0.061508	1.728630	4532000.000000
2020-07-27	-0.002363	0.066281	0.075017	0.053573	-0.178505	2603800.000000
2020-07-24	-0.002234	0.066673	0.082126	0.057956	-0.169106	4312000.000000
2020-07-23	0.013074	0.065765	0.086907	0.063357	0.977051	4838400.000000
2020-07-22	0.017134	0.060753	0.087837	0.052043	1.258904	4793700.000000
2020-07-21	0.008510	0.066486	0.082820	0.062918	0.620041	3239700.000000
2020-07-20	-0.013108	0.059145	0.063344	0.045328	-0.967651	3298600.000000
2020-07-17	0.021183	0.066779	0.094168	0.065673	1.531349	4768700.000000
2020-07-16	0.019881	0.064992	0.088693	0.063581	1.409203	4807300.000000
2020-07-15	0.020698	0.074939	0.091931	0.064284	1.437401	5791900.000000
2020-07-14	0.003257	0.069051	0.075985	0.059516	0.225471	4871600.000000
2020-07-13	0.001359	0.065006	0.075422	0.059509	0.093941	5048300.000000
2020-07-10	-0.002576	0.058512	0.073374	0.053173	-0.178497	4969200.000000
2020-07-09	-0.019277	0.055937	0.056644	0.033862	-1.362244	6023500.000000
2020-07-08	0.013473	0.061559	0.085796	0.058547	0.939468	6569000.000000
2020-07-07	0.008561	0.037958	0.079760	0.034197	0.591873	12917200.000000
2020-07-06	-0.110050	0.021948	0.041128	-0.056317	-8.549194	26851600.000000
2020-07-02	0.004129	0.070890	0.079292	0.066496	0.319420	1552500.000000
2020-07-01	0.014412	0.063903	0.085931	0.062723	1.099182	2989200.000000
2020-06-30	0.007071	0.063503	0.075651	0.062447	0.535492	3627600.000000
2020-06-29	0.011672	0.071641	0.077118	0.059218	0.873726	2346300.000000
2020-06-26	-0.017994	0.063903	0.071774	0.040159	-1.371635	4495800.000000
2020-06-25	-0.017438	0.063912	0.063912	0.038004	-1.352852	3180600.000000
2020-06-24	-0.002657	0.055814	0.065970	0.051572	-0.206673	5071200.000000
2020-06-23	-0.005405	0.074784	0.075551	0.053559	-0.422768	4537700.000000
2020-06-22	0.018723	0.069768	0.096991	0.063386	1.437401	3036300.000000
2020-06-19	-0.033243	0.078657	0.080294	0.029043	-2.639915	10713700.000000
2020-06-18	0.004516	0.057344	0.071511	0.056205	0.356987	3255700.000000
2020-06-17	-0.009067	0.066935	0.067060	0.048634	-0.723373	2527000.000000
2020-06-16	0.010351	0.086843	0.094062	0.069620	0.817329	4685200.000000
2020-06-15	0.010824	0.050474	0.082477	0.036521	0.845520	5261100.000000
2020-06-12	-0.010237	0.085840	0.087994	0.043775	-0.807938	5337100.000000
2020-06-11	-0.034368	0.049256	0.054517	0.024909	-2.809036	6670500.000000
2020-06-10	0.013396	0.065295	0.082282	0.065295	1.080406	4694000.000000
2020-06-09	-0.006366	0.057036	0.059376	0.042006	-0.516716	2526300.000000
2020-06-08	0.025033	0.058997	0.094735	0.050789	1.982285	3138600.000000
2020-06-05	-0.007886	0.071068	0.076580	0.054029	-0.629440	4573900.000000
2020-06-04	-0.006780	0.058081	0.062312	0.040785	-0.544891	3960700.000000
2020-06-03	0.002899	0.084985	0.089977	0.071757	0.232315	3229300.000000
2020-06-02	0.003959	0.081888	0.081888	0.066853	0.315956	3407600.000000
2020-06-01	0.010352	0.073593	0.097012	0.064605	0.817734	3799900.000000
2020-05-29	0.015651	0.066096	0.094381	0.061853	1.217339	5577800.000000
2020-05-28	0.026238	0.090638	0.113464	0.087472	1.988609	3402500.000000
2020-05-27	0.009156	0.092502	0.100624	0.077855	0.687660	3575500.000000
2020-05-26	0.003850	0.094838	0.105931	0.075857	0.288071	4157600.000000
2020-05-22	0.024300	0.075029	0.102411	0.071469	1.774879	2977600.000000
2020-05-21	-0.001905	0.072162	0.081454	0.068745	-0.139389	2387200.000000
2020-05-20	-0.001015	0.080493	0.090868	0.069026	-0.074341	2115200.000000
2020-05-19	-0.012774	0.070599	0.077338	0.062109	-0.947838	2743100.000000
2020-05-18	0.020839	0.100476	0.106804	0.090845	1.514694	3394200.000000
2020-05-15	-0.017707	0.070989	0.074098	0.046123	-1.310257	8694600.000000
2020-05-14	0.007847	0.069723	0.094784	0.045207	0.576141	4005900.000000
2020-05-13	0.000760	0.069854	0.078714	0.055134	0.055748	4172800.000000
2020-05-12	-0.003660	0.076804	0.088076	0.070964	-0.269478	4554600.000000
2020-05-11	0.010714	0.066516	0.093831	0.061438	0.780571	2791000.000000
2020-05-08	0.003841	0.084667	0.087148	0.068822	0.278786	3236100.000000
2020-05-07	0.004760	0.087477	0.093153	0.075155	0.343819	4363700.000000
2020-05-06	-0.002694	0.076124	0.087170	0.069359	-0.195145	5276300.000000
2020-05-05	0.028232	0.085920	0.121271	0.084643	1.988625	3862600.000000
2020-05-04	0.002513	0.075555	0.084095	0.061038	0.176552	2234400.000000
2020-05-01	-0.019707	0.064405	0.069009	0.048778	-1.412468	2679700.000000
2020-04-30	-0.019575	0.066960	0.069148	0.045757	-1.431061	3145000.000000
2020-04-29	-0.007569	0.093773	0.093773	0.058748	-0.557556	2737000.000000
2020-04-28	0.009552	0.091748	0.107098	0.080921	0.696945	2567700.000000
2020-04-27	0.007700	0.080406	0.092145	0.077229	0.557556	2412300.000000
2020-04-24	0.013132	0.087038	0.095853	0.071367	0.938545	2410900.000000
2020-04-23	-0.023241	0.072981	0.077218	0.046058	-1.700531	2532000.000000
2020-04-22	0.027803	0.096773	0.116720	0.090312	1.979309	2892700.000000
2020-04-21	-0.031602	0.059665	0.065378	0.035180	-2.323151	2962100.000000
2020-04-20	-0.029444	0.067939	0.073484	0.041798	-2.230225	3369200.000000
2020-04-17	0.044063	0.099420	0.129607	0.087427	3.196655	2828400.000000
2020-04-16	-0.021556	0.085296	0.090825	0.052388	-1.598320	3623700.000000
2020-04-15	-0.027188	0.059987	0.062480	0.041749	-2.072250	2972700.000000
2020-04-14	0.031309	0.104134	0.111846	0.087085	2.313850	3390800.000000
2020-04-13	-0.025248	0.063067	0.070453	0.034314	-1.914276	2740600.000000
2020-04-09	0.043084	0.081765	0.136933	0.081765	3.131615	5479200.000000
2020-04-08	0.065087	0.085502	0.156130	0.078176	4.441849	3891800.000000
2020-04-07	-0.009041	0.098196	0.107053	0.062185	-0.622597	4259300.000000
2020-04-06	0.065564	0.107224	0.162152	0.107224	4.237427	5060900.000000
2020-04-03	-0.021250	0.067038	0.081879	0.039174	-1.403175	3388500.000000
2020-04-02	0.016159	0.059505	0.116904	0.054888	1.050064	3533000.000000
2020-04-01	-0.031306	0.029317	0.055702	0.011280	-2.100128	4381200.000000
2020-03-31	-0.060148	0.060013	0.067859	0.007335	-4.293175	4531400.000000
2020-03-30	0.051184	0.094092	0.149025	0.093503	3.475418	5701400.000000
2020-03-27	0.008697	0.041363	0.127821	0.030964	0.585434	4217000.000000
2020-03-26	0.075735	0.075645	0.174564	0.070851	4.739235	4741300.000000
2020-03-25	0.025430	0.062360	0.160353	0.049250	1.551861	4987600.000000
2020-03-24	0.105742	0.138275	0.221444	0.123779	5.835762	6514400.000000
2020-03-23	-0.116483	0.074364	0.074364	-0.074840	-7.276104	8042700.000000
2020-03-20	-0.064440	0.078671	0.078970	-0.006251	-4.302483	9964200.000000
2020-03-19	-0.104785	0.071700	0.072907	-0.047095	-7.815086	7855600.000000
2020-03-18	-0.002734	0.005256	0.078398	-0.017475	-0.204445	6562700.000000
2020-03-17	0.172324	0.101362	0.296366	0.100265	10.993164	8190800.000000
2020-03-16	-0.123132	-0.020231	0.058393	-0.066965	-8.958084	6506700.000000
2020-03-13	0.097883	0.146900	0.182515	0.076275	6.486252	7362700.000000
2020-03-12	-0.096770	0.015469	0.049409	-0.048594	-7.099556	6777600.000000
2020-03-11	-0.051310	0.050650	0.053237	0.007590	-3.967934	4258300.000000
2020-03-10	0.023238	0.099147	0.113041	0.046089	1.756287	4869600.000000
2020-03-09	-0.061938	0.022256	0.047825	-0.012622	-4.990120	6171300.000000
2020-03-06	-0.005392	0.048101	0.075137	0.031188	-0.436752	4520400.000000
2020-03-05	-0.020892	0.056060	0.073224	0.041555	-1.728416	3880800.000000
2020-03-04	0.067762	0.087095	0.149432	0.087095	5.250313	4571600.000000
2020-03-03	-0.009503	0.070755	0.098624	0.060145	-0.743408	5624500.000000
2020-03-02	0.076746	0.082869	0.160640	0.079841	5.575562	5612300.000000
2020-02-28	-0.038140	0.056530	0.056530	0.011382	-2.880699	8245700.000000
2020-02-27	-0.053012	0.070984	0.074746	0.017949	-4.228127	4549200.000000
2020-02-26	-0.011619	0.092991	0.100426	0.074651	-0.937584	3902100.000000
2020-02-25	-0.022383	0.087910	0.092029	0.060652	-1.847580	3879900.000000
2020-02-24	0.004699	0.083772	0.106290	0.081459	0.386063	4665600.000000
2020-02-21	0.001456	0.085472	0.094005	0.083766	0.119484	3126400.000000
2020-02-20	0.016052	0.087415	0.106240	0.086424	1.296066	3034800.000000
2020-02-19	-0.012812	0.087910	0.090600	0.071771	-1.047890	2665800.000000
2020-02-18	0.017380	0.093259	0.107191	0.086044	1.397186	3419500.000000
2020-02-14	0.014147	0.089802	0.105193	0.087406	1.121422	2881300.000000
2020-02-13	0.005362	0.087530	0.102241	0.087530	0.422821	3571400.000000
2020-02-12	0.006571	0.085102	0.100165	0.083187	0.514748	3463800.000000
2020-02-11	0.007448	0.096398	0.108874	0.091383	0.579094	3759800.000000
2020-02-10	-0.002594	0.087910	0.090347	0.080214	-0.202225	2329800.000000
2020-02-07	-0.005395	0.090079	0.092503	0.081403	-0.422821	2276700.000000
2020-02-06	0.004121	0.090216	0.097774	0.085988	0.321701	1594300.000000
2020-02-05	0.004258	0.086366	0.096402	0.082249	0.330933	2604600.000000
2020-02-04	-0.014912	0.089811	0.090572	0.071308	-1.176582	3025800.000000
2020-02-03	0.001050	0.090447	0.092858	0.086388	0.082726	2030300.000000
2020-01-31	-0.008441	0.086401	0.089546	0.072185	-0.671005	3968300.000000
2020-01-30	0.012765	0.087273	0.104473	0.082050	1.001930	3380500.000000
2020-01-29	0.010294	0.088811	0.100010	0.086881	0.799706	2973100.000000
2020-01-28	0.014402	0.089607	0.104884	0.089346	1.103012	2718800.000000
2020-01-27	-0.008095	0.087263	0.090500	0.077420	-0.625046	2226000.000000
2020-01-24	-0.000833	0.087522	0.091404	0.080146	-0.064346	2640800.000000
2020-01-23	0.004541	0.087910	0.093760	0.084140	0.349297	2270900.000000
2020-01-22	-0.004046	0.090888	0.092959	0.083249	-0.312531	2279400.000000
2020-01-21	-0.000238	0.087263	0.091146	0.074837	-0.018387	4520000.000000
2020-01-17	0.006466	0.090906	0.095466	0.079182	0.496361	3610800.000000
2020-01-16	0.006266	0.088041	0.097742	0.085550	0.477989	2657700.000000
2020-01-15	0.012691	0.090698	0.101717	0.090300	0.955971	2749400.000000
2020-01-14	-0.001219	0.086982	0.089766	0.077435	-0.091927	2872000.000000
2020-01-13	-0.000244	0.088043	0.092417	0.086187	-0.018387	1726600.000000
2020-01-10	0.001831	0.089769	0.097339	0.088574	0.137878	2420200.000000
2020-01-09	0.002816	0.085779	0.092838	0.085513	0.211418	2206500.000000
2020-01-08	-0.006325	0.090689	0.091483	0.079309	-0.477974	2591100.000000
2020-01-07	-0.002185	0.085137	0.089099	0.082232	-0.165466	2555100.000000
2020-01-06	0.007706	0.089108	0.099753	0.089108	0.579094	2164400.000000
2020-01-03	-0.002440	0.085919	0.095742	0.084857	-0.183830	2840700.000000
2020-01-02	-0.010384	0.088698	0.089486	0.070702	-0.790512	3004200.000000
