2022-12-30	-0.003441	-0.016632	-0.000688	-0.022367	-0.300003	23231000.000000
2022-12-29	0.035761	0.012831	0.048355	0.009505	3.010002	13045100.000000
2022-12-28	-0.025472	-0.003358	0.003705	-0.026630	-2.200005	12399500.000000
2022-12-27	-0.018634	-0.006704	-0.000795	-0.023293	-1.639999	11561400.000000
2022-12-23	0.015461	-0.007038	0.016153	-0.010384	1.340004	11171600.000000
2022-12-22	-0.002876	-0.010239	-0.002186	-0.025656	-0.250000	15487400.000000
2022-12-21	-0.001149	0.001954	0.012411	-0.006205	-0.099998	11004800.000000
2022-12-20	0.014456	0.003497	0.024015	-0.000233	1.239998	14918400.000000
2022-12-19	-0.047735	-0.007105	-0.006883	-0.051843	-4.300003	19225300.000000
2022-12-16	-0.004531	-0.003315	0.006520	-0.018566	-0.409996	26383900.000000
2022-12-15	-0.038874	-0.017844	-0.010940	-0.042804	-3.660004	15957700.000000
2022-12-14	-0.005808	-0.001690	0.008131	-0.021964	-0.549995	11505400.000000
2022-12-13	0.000422	0.019332	0.028840	-0.011515	0.039993	22882100.000000
2022-12-12	0.013708	0.003748	0.013708	-0.008246	1.280006	14140700.000000
2022-12-09	0.008968	-0.001945	0.025500	-0.007023	0.829994	10111900.000000
2022-12-08	0.004341	0.003798	0.013890	-0.005209	0.400002	9351200.000000
2022-12-07	-0.001517	0.004009	0.005418	-0.011160	-0.139999	10353400.000000
2022-12-06	-0.037944	-0.002085	0.000730	-0.041176	-3.639999	11492400.000000
2022-12-05	-0.035201	-0.011968	-0.002715	-0.037816	-3.500000	10764500.000000
2022-12-02	0.008520	-0.011462	0.011157	-0.016026	0.840004	12608100.000000
2022-12-01	0.007357	0.000000	0.009911	-0.013181	0.719994	13855700.000000
2022-11-30	0.033583	0.002746	0.034323	-0.008660	3.180000	15368100.000000
2022-11-29	-0.010450	0.003240	0.007733	-0.018497	-1.000000	13205300.000000
2022-11-28	-0.032163	-0.006675	0.002630	-0.034793	-3.180000	13660000.000000
2022-11-25	-0.000101	-0.000708	0.009405	-0.008091	-0.009995	6664300.000000
2022-11-23	0.027752	-0.002183	0.032533	-0.004469	2.669998	15503200.000000
2022-11-22	-0.014040	-0.005944	0.000922	-0.029719	-1.370003	25753700.000000
2022-11-21	0.062963	0.090632	0.099020	0.049237	5.779999	70273500.000000
2022-11-18	0.003827	0.015418	0.018699	-0.005905	0.350006	10011700.000000
2022-11-17	-0.026610	-0.019478	-0.017882	-0.032996	-2.500000	12306400.000000
2022-11-16	-0.016333	-0.003036	-0.003036	-0.018742	-1.560005	11137700.000000
2022-11-15	0.013046	0.018244	0.030759	-0.006152	1.230003	15801900.000000
2022-11-14	-0.007683	0.008841	0.016946	-0.008420	-0.730003	20598000.000000
2022-11-11	0.050299	0.012381	0.056600	0.007075	4.550003	22373300.000000
2022-11-10	0.042767	0.034582	0.043228	0.009914	3.709999	36968100.000000
2022-11-09	-0.131632	-0.093594	-0.088088	-0.136336	-13.150002	62029800.000000
2022-11-08	-0.005277	0.003087	0.015334	-0.023698	-0.529999	27130300.000000
2022-11-07	0.008536	0.013055	0.019883	-0.005925	0.849998	11355200.000000
2022-11-04	0.003325	0.019144	0.019244	-0.011486	0.330002	11035800.000000
2022-11-03	-0.025241	-0.015910	-0.011000	-0.032017	-2.570000	8978400.000000
2022-11-02	-0.039434	-0.005189	0.000755	-0.039717	-4.180000	9583200.000000
2022-11-01	-0.005069	0.010888	0.021588	-0.008448	-0.540001	7955800.000000
2022-10-31	0.005569	-0.002737	0.008967	-0.010665	0.590004	8814800.000000
2022-10-28	0.014458	-0.003447	0.015798	-0.008713	1.509995	7250900.000000
2022-10-27	-0.001816	0.011278	0.021409	-0.003058	-0.189995	8673500.000000
2022-10-26	0.002587	-0.007953	0.029417	-0.007953	0.269997	9203700.000000
2022-10-25	0.025954	0.004326	0.029591	0.003048	2.639999	7687500.000000
2022-10-24	-0.003136	0.000784	0.011270	-0.018816	-0.320000	8221500.000000
2022-10-21	0.034993	-0.002434	0.037631	-0.007100	3.450005	10193400.000000
2022-10-20	-0.004041	-0.007677	0.017780	-0.008890	-0.400002	8212400.000000
2022-10-19	0.005179	0.019903	0.034423	0.000203	0.509995	11731000.000000
2022-10-18	0.011815	0.026097	0.031234	0.003185	1.150002	8533500.000000
2022-10-17	0.030492	0.020434	0.037268	0.019164	2.880005	7083800.000000
2022-10-14	-0.022661	0.008589	0.015004	-0.023903	-2.190002	8202100.000000
2022-10-13	0.034579	-0.019698	0.038112	-0.028905	3.229996	11025400.000000
2022-10-12	0.003330	0.000645	0.010419	-0.009667	0.310005	6156200.000000
2022-10-11	-0.021648	-0.003678	-0.001051	-0.026377	-2.060005	8900900.000000
2022-10-10	-0.020585	0.004426	0.005969	-0.028201	-2.000000	9532300.000000
2022-10-07	-0.028788	-0.015294	-0.012395	-0.035886	-2.879997	7051000.000000
2022-10-06	-0.007540	-0.003671	0.006548	-0.009226	-0.760002	6728200.000000
2022-10-05	-0.006309	-0.013801	-0.002169	-0.027011	-0.639999	7562800.000000
2022-10-04	0.044374	0.015958	0.045197	0.011325	4.310005	10229000.000000
2022-10-03	0.029683	0.014842	0.036574	0.001802	2.799995	9468400.000000
2022-09-30	-0.032016	-0.009749	0.000308	-0.032529	-3.119995	12094900.000000
2022-09-29	-0.019618	-0.008753	-0.008048	-0.031891	-1.950005	9435100.000000
2022-09-28	0.037037	-0.000626	0.041941	-0.004173	3.550003	12895500.000000
2022-09-27	-0.023135	0.014370	0.015491	-0.027415	-2.270004	13360200.000000
2022-09-26	-0.013869	-0.005528	0.011658	-0.014472	-1.379997	9760500.000000
2022-09-23	-0.026038	-0.015074	-0.009593	-0.040525	-2.660004	11976900.000000
2022-09-22	-0.022299	-0.002680	0.001627	-0.023639	-2.329994	10953400.000000
2022-09-21	-0.028633	-0.001673	0.004369	-0.028633	-3.080002	9776400.000000
2022-09-20	-0.014656	-0.008152	-0.006962	-0.021160	-1.599998	6957400.000000
2022-09-19	0.008499	-0.006651	0.008961	-0.011178	0.919998	7979500.000000
2022-09-16	-0.022750	-0.014083	-0.010743	-0.034396	-2.519997	15978800.000000
2022-09-15	-0.015378	-0.000978	0.016978	-0.015911	-1.730003	9739800.000000
2022-09-14	0.006621	0.000805	0.008769	-0.016822	0.739998	8610400.000000
2022-09-13	-0.039780	-0.028697	-0.022081	-0.044849	-4.629997	10504600.000000
2022-09-12	0.010505	0.008335	0.020056	0.000781	1.209999	7923400.000000
2022-09-09	0.025372	0.008368	0.028487	0.007656	2.849998	9563100.000000
2022-09-08	-0.003195	-0.014376	0.002662	-0.020676	-0.360001	8443300.000000
2022-09-07	0.023617	-0.001998	0.026070	-0.001998	2.600006	8193900.000000
2022-09-06	-0.009982	0.005126	0.005216	-0.024101	-1.110001	9537300.000000
2022-09-02	-0.011819	0.004621	0.012086	-0.015018	-1.330002	8465100.000000
2022-09-01	0.004015	-0.002587	0.004550	-0.018291	0.449997	7718700.000000
2022-08-31	-0.003113	0.003914	0.011741	-0.005159	-0.349998	7353000.000000
2022-08-30	-0.009689	0.006606	0.010746	-0.018321	-1.099998	8060000.000000
2022-08-29	-0.004734	-0.013413	0.003507	-0.014552	-0.540001	6882700.000000
2022-08-26	-0.028861	0.000085	0.007747	-0.030393	-3.389999	7807400.000000
2022-08-25	0.009020	0.005240	0.011683	-0.002577	1.049995	6920900.000000
2022-08-24	0.013495	-0.001654	0.020024	-0.006617	1.550003	7840500.000000
2022-08-23	-0.009315	0.000345	0.003709	-0.011385	-1.080002	7180700.000000
2022-08-22	-0.034959	-0.020310	-0.016065	-0.037040	-4.199997	11575800.000000
2022-08-19	-0.020624	-0.011576	-0.010434	-0.026005	-2.529999	8702500.000000
2022-08-18	-0.001140	0.001629	0.002606	-0.008957	-0.139999	7343900.000000
2022-08-17	-0.017206	-0.012084	-0.003841	-0.019126	-2.150002	9140900.000000
2022-08-16	0.005633	0.003782	0.017866	-0.006519	0.699997	14607300.000000
2022-08-15	0.022127	-0.004689	0.036111	-0.004771	2.690002	24628300.000000
2022-08-12	0.032968	0.011131	0.033308	0.010451	3.879997	21964800.000000
2022-08-11	0.046785	0.086987	0.096416	0.043583	5.260002	50375000.000000
2022-08-10	0.039767	0.040229	0.041987	0.016462	4.300003	26398700.000000
2022-08-09	-0.008982	0.001008	0.001008	-0.019063	-0.980003	8776500.000000
2022-08-08	0.023258	0.014818	0.043140	0.011910	2.480003	13025900.000000
2022-08-05	-0.013781	-0.012116	-0.003885	-0.025435	-1.490005	10100000.000000
2022-08-04	-0.008255	-0.000917	0.003944	-0.012475	-0.899994	7322400.000000
2022-08-03	0.041161	0.009741	0.047655	0.009741	4.309998	11243000.000000
2022-08-02	-0.014216	-0.004519	0.001318	-0.015063	-1.510002	9093000.000000
2022-08-01	0.001131	-0.011593	0.005184	-0.021112	0.120003	7769700.000000
2022-07-29	0.011439	0.002288	0.013727	-0.014585	1.199997	10320000.000000
2022-07-28	0.013527	-0.002415	0.014203	-0.007633	1.400002	7970300.000000
2022-07-27	0.037282	0.011926	0.038785	0.010323	3.720001	9684800.000000
2022-07-26	-0.028338	-0.005356	-0.003214	-0.030480	-2.910004	6346600.000000
2022-07-25	-0.000292	0.000584	0.006523	-0.008859	-0.029999	6726700.000000
2022-07-22	-0.014014	-0.008639	0.003744	-0.019869	-1.459999	7803500.000000
2022-07-21	0.008031	-0.006193	0.008708	-0.016836	0.830002	8611300.000000
2022-07-20	0.037546	0.006425	0.046682	0.003413	3.739998	15112700.000000
2022-07-19	0.040857	0.010240	0.043365	0.010240	3.910004	13683400.000000
2022-07-18	0.005252	0.012185	0.021744	0.001155	0.500000	10430400.000000
2022-07-15	0.036585	0.011651	0.037892	0.009364	3.360001	14946700.000000
2022-07-14	-0.011836	-0.015709	-0.009684	-0.029159	-1.100006	11146400.000000
2022-07-13	-0.007051	-0.015812	-0.003739	-0.027671	-0.659996	12006400.000000
2022-07-12	-0.000427	-0.000641	0.017194	-0.003524	-0.040001	8665300.000000
2022-07-11	-0.023159	-0.008971	-0.005425	-0.025349	-2.220001	7643700.000000
2022-07-08	-0.016114	-0.008827	-0.003182	-0.021349	-1.570000	7717300.000000
2022-07-07	0.014051	0.008535	0.015092	-0.001561	1.349998	7813100.000000
2022-07-06	-0.011319	0.003602	0.010393	-0.018317	-1.099998	8640200.000000
2022-07-05	0.010818	-0.019555	0.011338	-0.039838	1.040001	10660600.000000
2022-07-01	0.018432	-0.001695	0.020233	-0.004449	1.739998	10543400.000000
2022-06-30	-0.013068	-0.012859	-0.002195	-0.032514	-1.250000	10983500.000000
2022-06-29	-0.002815	0.000313	0.002919	-0.014491	-0.269997	8653200.000000
2022-06-28	-0.007142	0.032398	0.039230	-0.008591	-0.690002	16812400.000000
2022-06-27	-0.011966	0.004500	0.004602	-0.020249	-1.169998	10793700.000000
2022-06-24	0.036903	0.012195	0.045281	0.011665	3.479996	11681200.000000
2022-06-23	0.008556	0.004920	0.012299	-0.015294	0.800003	11348800.000000
2022-06-22	0.002251	-0.012006	0.014149	-0.013721	0.209999	11403500.000000
2022-06-21	-0.011130	0.005936	0.011766	-0.011342	-1.049995	16649800.000000
2022-06-17	0.000636	-0.002864	0.017925	-0.008591	0.059998	15403800.000000
2022-06-16	-0.016688	-0.019503	-0.005215	-0.025761	-1.599998	15298500.000000
2022-06-15	0.017618	0.004139	0.032689	-0.001380	1.659996	11751600.000000
2022-06-14	-0.015568	0.005851	0.005851	-0.027270	-1.489998	12443700.000000
2022-06-13	-0.037123	-0.018008	-0.018008	-0.045976	-3.690002	15239700.000000
2022-06-10	-0.037754	-0.018103	-0.011423	-0.037948	-3.900002	15369700.000000
2022-06-09	-0.037637	-0.007546	-0.002609	-0.038103	-4.039993	8261200.000000
2022-06-08	-0.004175	-0.003340	0.014565	-0.007700	-0.450005	7019500.000000
2022-06-07	-0.000371	-0.009645	0.000835	-0.016971	-0.040001	7279100.000000
2022-06-06	-0.007730	0.009938	0.013987	-0.009386	-0.839996	7575900.000000
2022-06-03	-0.019843	-0.015333	-0.009200	-0.026608	-2.200005	6767600.000000
2022-06-02	0.015386	0.002198	0.016119	-0.011723	1.680000	8829900.000000
2022-06-01	-0.011318	0.014216	0.021822	-0.019649	-1.250000	11829700.000000
2022-05-31	0.010245	0.006220	0.017563	-0.012898	1.120003	20274600.000000
2022-05-27	0.035129	0.012120	0.035603	0.008711	3.709999	13671300.000000
2022-05-26	0.022758	0.009297	0.027794	0.006779	2.349998	11297800.000000
2022-05-25	0.016439	-0.001575	0.021853	-0.004233	1.670006	11026600.000000
2022-05-24	-0.040064	-0.020032	-0.018804	-0.053860	-4.240005	13970200.000000
2022-05-23	0.033294	0.013083	0.035247	-0.008397	3.410004	14402400.000000
2022-05-20	-0.006981	0.013089	0.016095	-0.029959	-0.720001	15650400.000000
2022-05-19	-0.011122	-0.008341	0.009588	-0.012848	-1.160004	11285000.000000
2022-05-18	-0.039948	-0.011598	-0.009021	-0.043814	-4.339996	11794000.000000
2022-05-17	0.032896	0.024244	0.034322	0.010648	3.459999	11847600.000000
2022-05-16	-0.020032	0.001211	0.002702	-0.023106	-2.150002	11993600.000000
2022-05-13	0.028952	0.010066	0.032403	0.009587	3.020004	16782600.000000
2022-05-12	-0.008554	-0.021956	-0.001996	-0.054558	-0.900002	36298800.000000
2022-05-11	-0.022938	0.002043	0.022195	-0.026839	-2.470001	26933300.000000
2022-05-10	0.006543	0.026734	0.034773	-0.007852	0.699997	15657700.000000
2022-05-09	-0.030012	-0.019766	0.004080	-0.034545	-3.309998	17941600.000000
2022-05-06	-0.020602	-0.007459	-0.004618	-0.038274	-2.320000	12525200.000000
2022-05-05	-0.030812	-0.012480	-0.007918	-0.040537	-3.580002	12720200.000000
2022-05-04	0.023250	-0.001585	0.025451	-0.015148	2.639999	11488300.000000
2022-05-03	0.000441	0.004846	0.011718	-0.007137	0.050003	11149500.000000
2022-05-02	0.016752	0.000717	0.018185	-0.005554	1.870003	14300700.000000
2022-04-29	-0.031746	-0.000781	0.006072	-0.034088	-3.660004	16907000.000000
2022-04-28	0.000694	0.000087	0.006857	-0.021873	0.080002	23192100.000000
2022-04-27	-0.004837	-0.002937	0.009761	-0.020558	-0.559998	15553000.000000
2022-04-26	-0.034848	-0.006669	-0.006669	-0.035932	-4.180000	16116000.000000
2022-04-25	0.014205	-0.005158	0.017418	-0.012852	1.680000	16491000.000000
2022-04-22	-0.027865	-0.013562	0.001890	-0.028851	-3.390007	19472800.000000
2022-04-21	-0.023360	0.007787	0.015092	-0.026411	-2.909996	18688600.000000
2022-04-20	-0.055572	-0.044352	-0.034496	-0.059060	-7.329994	36465700.000000
2022-04-19	0.032324	0.002504	0.042420	0.000157	4.129997	12767200.000000
2022-04-18	-0.020694	-0.003066	-0.001916	-0.027976	-2.700005	10571000.000000
2022-04-14	-0.014205	0.003476	0.009369	-0.015111	-1.880005	7283500.000000
2022-04-13	0.011541	0.001605	0.015668	-0.000688	1.510010	7694500.000000
2022-04-12	0.001454	0.008879	0.019594	-0.003827	0.190002	7885600.000000
2022-04-11	-0.009252	-0.013877	0.004247	-0.013877	-1.220001	9915300.000000
2022-04-08	0.000000	0.000986	0.009479	-0.009403	0.000000	6702000.000000
2022-04-07	-0.005280	0.003319	0.004828	-0.019235	-0.700012	9858700.000000
2022-04-06	-0.022489	-0.013788	-0.012461	-0.035467	-3.049988	11679700.000000
2022-04-05	-0.021360	-0.006061	0.004474	-0.024895	-2.960007	8694100.000000
2022-04-04	0.011533	-0.000219	0.016496	-0.000803	1.580002	8174600.000000
2022-04-01	-0.001167	0.001312	0.006853	-0.011884	-0.160004	10341000.000000
2022-03-31	-0.026958	-0.005817	-0.000568	-0.027313	-3.800003	12306500.000000
2022-03-30	-0.009973	-0.007515	0.006251	-0.016154	-1.419998	7922400.000000
2022-03-29	0.026384	0.016148	0.041378	0.016148	3.660004	11280700.000000
2022-03-28	-0.003019	-0.001869	0.003522	-0.020555	-0.419998	8456100.000000
2022-03-25	0.001295	0.002303	0.010219	-0.006045	0.179993	5949400.000000
2022-03-24	0.009590	0.006829	0.011843	-0.001671	1.320007	5858800.000000
2022-03-23	-0.017629	-0.007423	-0.002498	-0.018343	-2.470001	8761300.000000
2022-03-22	0.010749	0.003174	0.025754	0.002020	1.490005	8511600.000000
2022-03-21	-0.011974	-0.009979	-0.007128	-0.024376	-1.680008	9090300.000000
2022-03-18	0.005951	0.000574	0.009034	-0.008389	0.830002	11308800.000000
2022-03-17	0.009628	-0.005067	0.009628	-0.011438	1.330002	6816000.000000
2022-03-16	0.029359	0.010805	0.035618	0.005514	3.940002	10638700.000000
2022-03-15	0.040068	0.005503	0.042858	0.003720	5.169998	9834800.000000
2022-03-14	-0.020645	-0.005844	0.010019	-0.025579	-2.720001	9971500.000000
2022-03-11	-0.014142	0.010775	0.018857	-0.015489	-1.889999	7058400.000000
2022-03-10	-0.000075	-0.009652	0.004115	-0.015189	-0.009995	8447200.000000
2022-03-09	0.014421	0.028387	0.028463	0.012220	1.899994	14673100.000000
2022-03-08	-0.013109	-0.003595	0.014906	-0.031536	-1.750000	16552000.000000
2022-03-07	-0.051308	-0.003127	0.001208	-0.051734	-7.220001	14549700.000000
2022-03-04	-0.033317	-0.010717	-0.008999	-0.041355	-4.850006	12913000.000000
2022-03-03	-0.012013	-0.000204	0.008891	-0.019614	-1.769989	8048400.000000
2022-03-02	0.011256	0.004187	0.019012	0.001510	1.639999	7851000.000000
2022-03-01	-0.018591	-0.004042	-0.002088	-0.031524	-2.760010	8944000.000000
2022-02-28	-0.007156	-0.011369	-0.000334	-0.020531	-1.069992	10834700.000000
2022-02-25	0.000870	0.001071	0.005890	-0.014592	0.130005	10149500.000000
2022-02-24	0.024200	-0.040241	0.025365	-0.040241	3.529999	12475500.000000
2022-02-23	-0.014991	0.009521	0.011142	-0.017489	-2.220001	9300700.000000
2022-02-22	-0.021604	-0.007730	-0.003766	-0.024775	-3.270004	12227200.000000
2022-02-18	-0.010396	-0.000261	0.004773	-0.018960	-1.589996	10785500.000000
2022-02-17	-0.021746	-0.010617	-0.006332	-0.023921	-3.400009	8110300.000000
2022-02-16	0.010535	0.001680	0.012991	-0.006269	1.630005	10656400.000000
2022-02-15	0.025655	0.017832	0.026516	0.011004	3.869995	12726000.000000
2022-02-14	0.009233	-0.000669	0.028501	-0.001739	1.380005	14694700.000000
2022-02-11	-0.017679	0.009069	0.016627	-0.023659	-2.690002	17975200.000000
2022-02-10	0.033485	0.059703	0.069755	0.026353	4.930008	42500300.000000
2022-02-09	0.033338	0.013265	0.034180	0.005404	4.750000	22877400.000000
2022-02-08	-0.000211	-0.005052	0.002667	-0.012420	-0.029999	9231700.000000
2022-02-07	0.003450	0.009646	0.014575	-0.002887	0.489990	10937500.000000
2022-02-04	0.014211	0.000071	0.022567	-0.003571	1.990005	8061100.000000
2022-02-03	-0.018160	-0.018370	-0.004067	-0.023629	-2.589996	9820600.000000
2022-02-02	-0.012942	-0.002076	0.000692	-0.021524	-1.870010	9529900.000000
2022-02-01	0.010632	0.000350	0.012031	-0.005036	1.520004	8573300.000000
2022-01-31	0.031306	0.001659	0.032605	-0.001154	4.339996	10185500.000000
2022-01-28	0.023704	-0.001551	0.024147	-0.013735	3.210007	10011700.000000
2022-01-27	0.013623	0.011003	0.032260	0.003144	1.819992	11913900.000000
2022-01-26	-0.021317	0.008791	0.012380	-0.031133	-2.909988	14569900.000000
2022-01-25	-0.006911	-0.015787	0.002110	-0.036956	-0.950012	14694400.000000
2022-01-24	0.000582	-0.018634	0.002184	-0.059106	0.080002	31419500.000000
2022-01-21	-0.069367	-0.043287	-0.038951	-0.074448	-10.239990	34491800.000000
2022-01-20	-0.016588	0.005329	0.016988	-0.019719	-2.490005	11760400.000000
2022-01-19	-0.014185	-0.009391	0.003875	-0.015170	-2.160004	10413200.000000
2022-01-18	0.002172	-0.005463	0.007832	-0.013887	0.330002	10419500.000000
2022-01-14	-0.022517	-0.019879	-0.018142	-0.045162	-3.500000	16832000.000000
2022-01-13	-0.014956	-0.000634	0.004626	-0.016667	-2.360001	9680600.000000
2022-01-12	-0.000570	0.003863	0.006967	-0.009880	-0.089996	6995600.000000
2022-01-11	0.008238	0.000128	0.010345	-0.004151	1.289993	8042600.000000
2022-01-10	-0.007793	0.000950	0.002788	-0.020148	-1.229996	8672900.000000
2022-01-07	0.005927	0.000000	0.015296	-0.003888	0.930008	9554600.000000
2022-01-06	0.011019	0.006766	0.016625	-0.009730	1.709991	11095300.000000
2022-01-05	-0.003467	0.005073	0.023438	-0.004045	-0.539993	12272100.000000
2022-01-04	-0.006571	0.011674	0.022710	-0.007719	-1.029999	16582000.000000
2022-01-03	0.012073	0.006069	0.017238	0.003034	1.869995	10222800.000000
2021-12-31	-0.006670	-0.000385	0.004104	-0.007632	-1.039993	6410200.000000
2021-12-30	0.006844	0.005424	0.014206	0.004132	1.059998	7228400.000000
2021-12-29	-0.002126	-0.004124	0.004639	-0.006572	-0.330002	8737000.000000
2021-12-28	0.015707	-0.001178	0.024215	-0.002552	2.399994	12198700.000000
2021-12-27	-0.005403	-0.004882	0.002539	-0.014515	-0.830002	7762000.000000
2021-12-23	0.011522	0.002897	0.015209	0.000329	1.750000	6572400.000000
2021-12-22	0.005495	-0.004171	0.007613	-0.007812	0.830002	7820400.000000
2021-12-21	0.031269	0.007442	0.033864	0.006281	4.580002	10781400.000000
2021-12-20	-0.015394	-0.011966	-0.006924	-0.024738	-2.289993	11201900.000000
2021-12-17	0.000067	-0.001613	0.007328	-0.014655	0.009995	13785000.000000
2021-12-16	-0.010971	0.006317	0.011037	-0.012101	-1.649994	11145600.000000
2021-12-15	0.008719	-0.002280	0.012207	-0.011737	1.299988	12231500.000000
2021-12-14	-0.008841	-0.007778	0.007911	-0.012697	-1.329987	10872000.000000
2021-12-13	-0.014930	-0.003864	-0.001375	-0.022395	-2.280014	10195800.000000
2021-12-10	-0.001504	0.004185	0.011246	-0.009742	-0.229996	10247900.000000
2021-12-09	-0.002609	-0.006978	0.006195	-0.010695	-0.399994	11862300.000000
2021-12-08	0.016776	0.000663	0.018898	-0.001658	2.529999	12886300.000000
2021-12-07	0.002926	0.009776	0.015894	-0.004323	0.440002	14661100.000000
2021-12-06	0.028382	0.007249	0.030912	0.003078	4.149994	14333900.000000
2021-12-03	-0.006658	0.004144	0.007609	-0.019565	-0.979996	14975600.000000
2021-12-02	0.035526	0.004854	0.038692	0.004362	5.050003	18177700.000000
2021-12-01	-0.018979	0.012422	0.023948	-0.019738	-2.750000	16469000.000000
2021-11-30	-0.019687	-0.007374	-0.003586	-0.031798	-2.910004	26011100.000000
2021-11-29	-0.002026	0.004726	0.008035	-0.026062	-0.300003	21231300.000000
2021-11-26	-0.021343	-0.029999	-0.016453	-0.036276	-3.229996	12027700.000000
2021-11-24	0.002053	-0.002251	0.002516	-0.014765	0.309998	14123700.000000
2021-11-23	-0.020304	-0.002076	0.000584	-0.025752	-3.130005	17382900.000000
2021-11-22	0.001039	-0.005000	0.011818	-0.009286	0.160004	12790400.000000
2021-11-19	-0.010156	-0.003599	-0.002378	-0.018061	-1.580002	16776500.000000
2021-11-18	-0.011123	-0.001525	-0.000191	-0.023009	-1.750000	14487700.000000
2021-11-17	-0.009444	-0.000630	0.000378	-0.013096	-1.500000	14695500.000000
2021-11-16	0.002525	0.003977	0.011425	0.000757	0.400009	15516200.000000
2021-11-15	-0.007517	0.002882	0.006828	-0.012341	-1.200012	21285300.000000
2021-11-12	-0.015298	0.008698	0.009253	-0.019616	-2.479996	25638400.000000
2021-11-11	-0.070737	-0.066265	-0.060132	-0.092405	-12.339996	62366500.000000
2021-11-10	-0.003769	-0.002398	0.010051	-0.007081	-0.660004	11045800.000000
2021-11-09	-0.009951	0.000452	0.001413	-0.020693	-1.759995	7293300.000000
2021-11-08	0.007060	0.017423	0.020611	0.002676	1.239990	10584600.000000
2021-11-05	0.031419	0.018910	0.039406	0.012039	5.350006	16859200.000000
2021-11-04	0.001176	-0.000294	0.001999	-0.008290	0.199997	7505500.000000
2021-11-03	0.001472	-0.000766	0.002120	-0.008597	0.250000	6829300.000000
2021-11-02	-0.002115	-0.000940	0.003878	-0.007110	-0.360001	6777200.000000
2021-11-01	0.006624	0.000828	0.012894	0.000118	1.119995	8182900.000000
2021-10-29	-0.003595	-0.003890	0.004597	-0.009017	-0.609985	7598800.000000
2021-10-28	0.000767	-0.000413	0.004718	-0.005603	0.129990	7884500.000000
2021-10-27	-0.014473	-0.001569	0.000000	-0.015171	-2.489990	7054700.000000
2021-10-26	0.000174	0.005465	0.006453	-0.007558	0.029999	5850200.000000
2021-10-25	0.015287	0.002833	0.018593	-0.002302	2.589996	9798700.000000
2021-10-22	-0.011206	-0.004494	-0.003152	-0.015992	-1.919998	7854300.000000
2021-10-21	0.004632	-0.002052	0.011434	-0.002639	0.789993	7509000.000000
2021-10-20	-0.003680	-0.001227	-0.000935	-0.007594	-0.629990	9737600.000000
2021-10-19	0.000234	0.001753	0.002571	-0.005609	0.039993	9669500.000000
2021-10-18	-0.030149	-0.023235	-0.017681	-0.037742	-5.320007	20494800.000000
2021-10-15	0.011754	0.007339	0.025687	-0.001777	2.050003	13943900.000000
2021-10-14	0.008383	0.006418	0.017692	0.006013	1.449997	7450200.000000
2021-10-13	-0.000982	0.002888	0.003292	-0.012649	-0.169998	8914700.000000
2021-10-12	-0.002248	0.000576	0.005590	-0.005590	-0.389999	5188400.000000
2021-10-11	-0.018219	-0.004074	-0.001245	-0.018445	-3.220001	8046300.000000
2021-10-08	-0.005458	0.001238	0.005008	-0.007372	-0.970001	4132200.000000
2021-10-07	0.012708	0.012651	0.023649	0.010543	2.230011	7780000.000000
2021-10-06	0.004983	-0.009221	0.006300	-0.017525	0.869995	6005200.000000
2021-10-05	0.006630	0.002133	0.016027	0.000865	1.149994	6798200.000000
2021-10-04	-0.014488	-0.002557	-0.000284	-0.018976	-2.549988	7200600.000000
2021-10-01	0.040433	0.018384	0.048176	0.016551	6.839996	12165000.000000
2021-09-30	-0.020327	0.002432	0.005791	-0.020732	-3.509995	13978000.000000
2021-09-29	-0.010543	-0.001547	0.002521	-0.011059	-1.840012	6240800.000000
2021-09-28	-0.020981	-0.002861	-0.001459	-0.024683	-3.739990	9133100.000000
2021-09-27	0.012841	0.003580	0.019602	-0.000227	2.259995	7755000.000000
2021-09-24	-0.001418	-0.005390	0.002553	-0.006638	-0.250000	5712800.000000
2021-09-23	0.014973	0.007429	0.020386	0.004146	2.600006	8052900.000000
2021-09-22	0.014488	0.010341	0.024362	0.002863	2.479996	14214500.000000
2021-09-21	-0.041655	0.009574	0.020268	-0.053636	-7.440002	23216000.000000
2021-09-20	-0.026489	-0.020330	-0.014117	-0.037717	-4.860001	8056600.000000
2021-09-17	0.000709	-0.002345	0.013963	-0.003327	0.130005	10035100.000000
2021-09-16	-0.005802	-0.002386	0.001247	-0.012418	-1.070007	5678200.000000
2021-09-15	0.011020	-0.001864	0.012390	-0.007127	2.010010	5933400.000000
2021-09-14	-0.013947	-0.000108	0.000811	-0.015299	-2.580002	6185900.000000
2021-09-13	0.004671	0.005431	0.009125	-0.003367	0.860001	6818200.000000
2021-09-10	-0.009628	0.002421	0.006401	-0.010220	-1.790009	5572200.000000
2021-09-09	0.004105	0.000000	0.013125	-0.003133	0.760010	7190700.000000
2021-09-08	0.004394	0.000000	0.016925	-0.002278	0.809998	8634000.000000
2021-09-07	0.018453	0.000111	0.025138	-0.005249	3.339996	10702900.000000
2021-09-03	-0.004729	-0.000220	-0.000220	-0.015012	-0.860001	6847400.000000
2021-09-02	-0.008829	0.003706	0.009919	-0.010519	-1.619995	6492600.000000
2021-09-01	0.012024	0.003640	0.016051	0.002648	2.179993	7302800.000000
2021-08-31	0.007334	-0.004056	0.016669	-0.008056	1.320007	8620000.000000
2021-08-30	-0.000888	0.001998	0.006939	-0.007050	-0.160004	6421300.000000
2021-08-27	0.020276	-0.001586	0.022542	-0.001586	3.580002	8697000.000000
2021-08-26	-0.009814	0.000168	0.003533	-0.011048	-1.750000	4563000.000000
2021-08-25	-0.000897	-0.001737	0.000672	-0.008909	-0.160004	4842100.000000
2021-08-24	0.004559	0.001463	0.013622	0.000563	0.809998	5886900.000000
2021-08-23	0.014504	0.011192	0.018216	0.004511	2.540009	7395900.000000
2021-08-20	0.010794	-0.001443	0.011313	-0.003463	1.869995	6239600.000000
2021-08-19	-0.008527	-0.004235	-0.000343	-0.012476	-1.490005	8478600.000000
2021-08-18	-0.006199	0.000398	0.005460	-0.007564	-1.089996	7063500.000000
2021-08-17	-0.018203	-0.010833	-0.003574	-0.023284	-3.259995	8534500.000000
2021-08-16	-0.010990	-0.003148	-0.002706	-0.025238	-1.990005	8746700.000000
2021-08-13	0.009984	0.039043	0.046238	0.008868	1.790009	32504600.000000
2021-08-12	0.006738	0.000000	0.009153	-0.009209	1.199997	11081300.000000
2021-08-11	0.005760	0.001638	0.008019	-0.003163	1.019989	5359900.000000
2021-08-10	0.001981	-0.002660	0.003848	-0.006451	0.350006	5185000.000000
2021-08-09	-0.002315	-0.000734	0.001016	-0.011686	-0.410004	5339000.000000
2021-08-06	0.002377	0.004074	0.011884	-0.000453	0.419998	5505200.000000
2021-08-05	0.023931	-0.000521	0.026307	-0.000521	4.130005	8864200.000000
2021-08-04	-0.002370	-0.002833	0.001503	-0.009538	-0.410004	5665800.000000
2021-08-03	-0.014583	0.002677	0.003304	-0.026374	-2.559998	9931300.000000
2021-08-02	-0.002670	0.006817	0.015907	-0.004034	-0.470001	5847200.000000
2021-07-30	-0.013064	-0.004598	0.004766	-0.017998	-2.330002	6813400.000000
2021-07-29	-0.004188	0.003964	0.012954	-0.004634	-0.750000	6209100.000000
2021-07-28	-0.002228	0.001059	0.004735	-0.010863	-0.399994	5926900.000000
2021-07-27	0.004252	-0.002741	0.004588	-0.012141	0.759995	6684100.000000
2021-07-26	0.014761	-0.002952	0.014988	-0.004542	2.600006	5641000.000000
2021-07-23	0.005767	0.003026	0.007823	-0.006281	1.009995	5126300.000000
2021-07-22	-0.009950	-0.001074	-0.000961	-0.016903	-1.759995	5713700.000000
2021-07-21	0.000792	-0.001414	0.006506	-0.008090	0.139999	6302200.000000
2021-07-20	0.021972	0.004337	0.026366	-0.000463	3.800003	8372400.000000
2021-07-19	-0.035469	-0.020077	-0.015783	-0.039875	-6.360001	14651800.000000
2021-07-16	-0.026283	0.004290	0.006191	-0.028401	-4.839996	8348800.000000
2021-07-15	0.003980	0.000164	0.010904	-0.002017	0.729996	7867000.000000
2021-07-14	-0.001252	0.008440	0.014375	-0.008549	-0.229996	8787300.000000
2021-07-13	-0.003959	-0.001573	0.006996	-0.013776	-0.730011	12534600.000000
2021-07-12	0.041460	0.003785	0.044905	0.001864	7.340012	21835500.000000
2021-07-09	0.024537	0.010995	0.027315	0.006539	4.239990	7873300.000000
2021-07-08	-0.000116	-0.015276	0.005381	-0.017417	-0.020004	6960100.000000
2021-07-07	-0.005009	-0.004779	0.003627	-0.009788	-0.869995	6757300.000000
2021-07-06	-0.019310	-0.001976	-0.000621	-0.027610	-3.419998	11557900.000000
2021-07-02	-0.000846	0.003385	0.006206	-0.014893	-0.149994	11099300.000000
2021-07-01	0.008477	-0.002389	0.010411	-0.006656	1.489990	5887100.000000
2021-06-30	0.010579	-0.000230	0.011786	-0.003392	1.840012	7481900.000000
2021-06-29	-0.014952	0.000396	0.002549	-0.015688	-2.640015	13498300.000000
2021-06-28	-0.009980	0.000841	0.001738	-0.018839	-1.779999	9881400.000000
2021-06-25	0.002361	0.005058	0.006519	-0.002473	0.420013	7431800.000000
2021-06-24	0.014829	0.004563	0.016597	0.002567	2.599991	7549400.000000
2021-06-23	0.010548	0.000692	0.011239	-0.003228	1.830002	9174200.000000
2021-06-22	-0.002702	0.002299	0.004196	-0.009312	-0.470001	8097100.000000
2021-06-21	0.008990	-0.001682	0.010672	-0.006438	1.550003	9196900.000000
2021-06-18	-0.012768	-0.008646	-0.004523	-0.014486	-2.229996	12357500.000000
2021-06-17	-0.000057	-0.000401	0.009161	-0.004695	-0.010010	8906000.000000
2021-06-16	-0.006824	0.000853	0.002275	-0.013135	-1.199997	8336000.000000
2021-06-15	-0.013020	0.000000	0.002918	-0.014367	-2.319992	7895000.000000
2021-06-14	0.004510	0.001522	0.008400	-0.002706	0.799988	10170000.000000
2021-06-11	0.004587	0.004984	0.010874	0.001359	0.809998	5476300.000000
2021-06-10	0.003011	0.002272	0.008918	-0.002783	0.530014	5253000.000000
2021-06-09	-0.001645	-0.000113	0.005671	-0.002552	-0.290009	5082400.000000
2021-06-08	-0.003729	-0.005763	0.000734	-0.010170	-0.660004	5356200.000000
2021-06-07	-0.001072	0.004459	0.005023	-0.004402	-0.189987	5178100.000000
2021-06-04	0.005334	-0.001759	0.007263	-0.003575	0.939987	6343400.000000
2021-06-03	-0.004294	-0.004124	-0.000169	-0.008927	-0.759995	5583900.000000
2021-06-02	-0.010289	0.001118	0.001454	-0.010680	-1.839996	7851700.000000
2021-06-01	0.001064	0.008564	0.013210	0.000504	0.190002	7475600.000000
2021-05-28	-0.002178	0.002625	0.006144	-0.005362	-0.389999	7124800.000000
2021-05-27	0.014563	0.004137	0.017680	0.001813	2.569992	13567800.000000
2021-05-26	0.001703	0.002554	0.009820	0.000170	0.300003	8086200.000000
2021-05-25	0.010671	0.007401	0.018014	0.006253	1.860001	8089700.000000
2021-05-24	0.011079	0.000290	0.015719	-0.003770	1.910004	7346700.000000
2021-05-21	0.006069	0.005019	0.010271	0.000934	1.039993	8105700.000000
2021-05-20	0.012347	-0.000354	0.015537	-0.001713	2.089996	7400700.000000
2021-05-19	-0.002416	-0.011610	-0.001650	-0.015205	-0.409988	9251000.000000
2021-05-18	-0.002352	0.001058	0.006938	-0.003704	-0.400009	10401000.000000
2021-05-17	-0.020841	-0.005757	-0.004087	-0.029534	-3.619995	17771600.000000
2021-05-14	-0.026018	-0.030335	-0.019233	-0.053605	-4.639999	33149400.000000
2021-05-13	0.002755	0.002924	0.016306	-0.011527	0.489990	12332200.000000
2021-05-12	-0.021027	-0.005339	0.004349	-0.022513	-3.819992	8988100.000000
2021-05-11	-0.014270	-0.013565	-0.011123	-0.031850	-2.630005	10865600.000000
2021-05-10	-0.002921	0.004653	0.011524	-0.004382	-0.539993	8260300.000000
2021-05-07	0.016778	0.001155	0.018318	-0.001540	3.050003	6888400.000000
2021-05-06	0.001543	0.006997	0.008154	-0.009366	0.279999	6944900.000000
2021-05-05	-0.014871	0.004125	0.004125	-0.015685	-2.740005	5901700.000000
2021-05-04	-0.006792	-0.003450	0.000647	-0.017250	-1.259995	7069300.000000
2021-05-03	-0.002742	0.008978	0.017202	-0.004139	-0.510010	7542800.000000
2021-04-30	0.003723	-0.005612	0.005342	-0.009658	0.690002	7866300.000000
2021-04-29	0.010579	0.007689	0.011778	-0.003490	1.940002	5958300.000000
2021-04-28	-0.006770	0.000812	0.000812	-0.009857	-1.250000	5199300.000000
2021-04-27	0.002008	0.003907	0.008357	-0.000651	0.369995	4870000.000000
2021-04-26	0.006830	0.005136	0.014097	0.001311	1.250000	6178300.000000
2021-04-23	0.001423	-0.002243	0.006238	-0.004377	0.260010	6075500.000000
2021-04-22	-0.001911	0.006062	0.009666	-0.010103	-0.350006	7378300.000000
2021-04-21	0.001751	-0.008206	0.003228	-0.021500	0.320007	8400200.000000
2021-04-20	-0.024756	-0.000747	0.003468	-0.029931	-4.639999	10765800.000000
2021-04-19	0.000908	0.001335	0.016394	-0.008598	0.169998	7625800.000000
2021-04-16	0.007153	0.008821	0.019039	0.001452	1.330002	9453500.000000
2021-04-15	-0.008162	0.003361	0.007682	-0.009389	-1.530014	7262500.000000
2021-04-14	0.010621	0.002588	0.026470	0.001186	1.970001	9089900.000000
2021-04-13	-0.005362	-0.004826	-0.000268	-0.010135	-1.000000	6826500.000000
2021-04-12	-0.007451	-0.000745	-0.000213	-0.012827	-1.399994	6662500.000000
2021-04-09	0.003043	0.004538	0.004805	-0.006246	0.569992	6089300.000000
2021-04-08	-0.001280	-0.001919	0.002613	-0.010290	-0.239990	7763000.000000
2021-04-07	-0.011437	0.000369	0.003162	-0.014652	-2.169998	6238700.000000
2021-04-06	0.006525	0.000000	0.014748	-0.003342	1.229996	7926200.000000
2021-04-05	-0.002487	0.013230	0.014288	-0.004657	-0.470001	7405300.000000
2021-04-01	0.024117	0.010351	0.024821	0.005799	4.449997	7749400.000000
2021-03-31	-0.005444	0.001617	0.007384	-0.005983	-1.009995	8478000.000000
2021-03-30	0.003679	-0.005518	0.007952	-0.006979	0.679993	5929700.000000
2021-03-29	-0.005755	-0.003657	0.000108	-0.014899	-1.069992	7544700.000000
2021-03-26	-0.005297	0.010272	0.011075	-0.023220	-0.990005	10196100.000000
2021-03-25	0.011856	-0.015537	0.016187	-0.020084	2.190002	9609200.000000
2021-03-24	-0.021247	0.007047	0.009379	-0.021671	-4.009995	13549100.000000
2021-03-23	-0.021415	-0.006585	-0.002696	-0.025355	-4.130005	10701200.000000
2021-03-22	0.008999	0.011091	0.027153	0.004499	1.720001	8838500.000000
2021-03-19	-0.005929	-0.007073	0.008945	-0.013106	-1.139999	28354600.000000
2021-03-18	-0.015161	-0.001485	-0.000820	-0.017927	-2.960007	9644500.000000
2021-03-17	0.005148	-0.004119	0.010039	-0.012665	1.000000	14418700.000000
2021-03-16	-0.012807	-0.003354	-0.000864	-0.019719	-2.519989	9680700.000000
2021-03-15	-0.002029	0.006999	0.006999	-0.011919	-0.400009	10311400.000000
2021-03-12	0.002084	-0.001118	0.008437	-0.007980	0.410004	13249100.000000
2021-03-11	0.008664	0.011894	0.020455	0.001743	1.690002	11933900.000000
2021-03-10	0.002828	0.014395	0.022055	0.000874	0.550003	13662100.000000
2021-03-09	-0.036650	-0.008519	-0.001040	-0.037343	-7.400009	23331000.000000
2021-03-08	0.062740	0.038528	0.068583	0.020001	11.919998	25093200.000000
2021-03-05	0.010424	0.005956	0.013509	-0.024943	1.960007	10266400.000000
2021-03-04	-0.022001	-0.012275	0.001144	-0.042338	-4.229996	12542600.000000
2021-03-03	-0.008663	0.003558	0.014798	-0.008920	-1.680008	8750300.000000
2021-03-02	-0.005334	0.005744	0.015284	-0.007642	-1.039993	8371400.000000
2021-03-01	0.031422	0.022165	0.041579	0.012431	5.940002	10709900.000000
2021-02-26	-0.010158	-0.004765	0.003299	-0.028956	-1.940002	15844000.000000
2021-02-25	-0.033062	0.001114	0.002278	-0.036099	-6.529999	12712000.000000
2021-02-24	0.002131	0.002486	0.017809	-0.008930	0.419998	16205900.000000
2021-02-23	0.027795	0.009543	0.037443	-0.016166	5.330002	23191400.000000
2021-02-22	0.044160	-0.010400	0.056466	-0.011544	8.110001	18799600.000000
2021-02-19	0.003552	0.006940	0.009727	-0.001148	0.649994	8834500.000000
2021-02-18	-0.018451	-0.008850	-0.000215	-0.019309	-3.440002	12380900.000000
2021-02-17	0.000483	-0.005313	0.006869	-0.022485	0.089996	11391800.000000
2021-02-16	-0.007034	-0.001972	0.004103	-0.014973	-1.319992	11630700.000000
2021-02-12	-0.016971	0.010948	0.015400	-0.022786	-3.240005	27233800.000000
2021-02-11	0.006750	-0.002373	0.008543	-0.008227	1.279999	17507900.000000
2021-02-10	0.007545	0.009404	0.013230	-0.012752	1.419998	11464600.000000
2021-02-09	-0.009421	-0.009632	-0.003947	-0.020842	-1.789993	11270800.000000
2021-02-08	0.048797	0.014849	0.052329	0.011813	8.839996	16085700.000000
2021-02-05	0.005160	0.008212	0.011596	-0.004994	0.930008	6640500.000000
2021-02-04	0.021538	0.006575	0.028057	0.000340	3.800003	9035400.000000
2021-02-03	-0.002995	0.000226	0.008307	-0.006781	-0.530014	5508600.000000
2021-02-02	0.035035	0.016377	0.051412	0.010704	5.990005	12215200.000000
2021-02-01	0.016650	0.015877	0.021169	-0.000832	2.800003	8140400.000000
2021-01-29	-0.021585	-0.017919	-0.012043	-0.035432	-3.710007	12848800.000000
2021-01-28	0.054285	0.019260	0.060418	0.017911	8.850006	14449100.000000
2021-01-27	-0.038511	-0.026834	-0.018990	-0.053314	-6.529999	18239200.000000
2021-01-26	-0.013555	0.006458	0.008494	-0.016522	-2.330002	7523200.000000
2021-01-25	-0.005151	-0.005151	0.001910	-0.023209	-0.889999	7833700.000000
2021-01-22	0.008758	0.015880	0.023178	0.003561	1.500000	9517200.000000
2021-01-21	-0.013591	-0.002304	0.007832	-0.015089	-2.360001	8416400.000000
2021-01-20	0.008011	0.017183	0.032625	0.004296	1.380005	9809200.000000
2021-01-19	0.004783	0.003850	0.013241	0.000000	0.819992	7834700.000000
2021-01-15	-0.011474	-0.002768	0.004382	-0.018797	-1.989990	12232500.000000
2021-01-14	-0.015274	0.005053	0.012662	-0.015444	-2.690002	8951200.000000
2021-01-13	0.000739	-0.009035	0.009887	-0.012785	0.129990	6839500.000000
2021-01-12	-0.017310	-0.009995	-0.004299	-0.023619	-3.099991	8349800.000000
2021-01-11	0.002238	-0.005261	0.014382	-0.007499	0.399994	6461300.000000
2021-01-08	0.000616	0.001288	0.008064	-0.011087	0.110001	7894500.000000
2021-01-07	-0.003015	0.002122	0.004634	-0.008598	-0.539993	7300800.000000
2021-01-06	0.003811	-0.000672	0.017765	-0.006501	0.679993	7517800.000000
2021-01-05	0.004277	-0.008330	0.014971	-0.008330	0.760010	7771800.000000
2021-01-04	-0.019318	0.005961	0.007782	-0.035600	-3.500000	13426600.000000
2020-12-31	0.000055	0.000276	0.012309	-0.004968	0.009995	7073500.000000
2020-12-30	0.021827	0.006768	0.034405	0.006035	3.869995	11680400.000000
2020-12-29	-0.008722	0.006430	0.007492	-0.014760	-1.559998	6875400.000000
2020-12-28	0.029529	0.011627	0.035630	0.007598	5.130005	13145400.000000
2020-12-24	0.001037	0.002535	0.005935	-0.006742	0.179993	2721000.000000
2020-12-23	0.018187	0.014726	0.032268	0.010854	3.100006	9994000.000000
2020-12-22	-0.001406	-0.004042	0.004452	-0.008964	-0.240005	6419200.000000
2020-12-21	-0.012725	-0.016195	-0.005495	-0.027185	-2.199997	11424200.000000
2020-12-18	-0.003803	0.000288	0.013195	-0.007318	-0.660004	21172100.000000
2020-12-17	0.002484	0.004044	0.009935	-0.006700	0.430008	9004600.000000
2020-12-16	-0.004714	0.000287	0.005232	-0.013338	-0.820007	11105800.000000
2020-12-15	0.027407	0.007029	0.030537	-0.008742	4.639999	18802600.000000
2020-12-14	-0.036535	-0.010926	0.008992	-0.039324	-6.419998	30939400.000000
2020-12-11	0.135949	0.096903	0.160062	0.068783	21.029999	87410700.000000
2020-12-10	0.001684	-0.007188	0.005893	-0.012498	0.260010	8993200.000000
2020-12-09	0.004619	0.016719	0.024330	0.001106	0.709991	10804300.000000
2020-12-08	0.000260	-0.008199	0.007809	-0.009305	0.040009	7900600.000000
2020-12-07	-0.002984	-0.006228	-0.001687	-0.012197	-0.460007	6815500.000000
2020-12-04	0.005873	0.002937	0.009397	-0.002806	0.899994	6033300.000000
2020-12-03	-0.002409	-0.001042	0.005403	-0.009635	-0.369995	9063200.000000
2020-12-02	0.027904	0.000335	0.030581	-0.007361	4.169998	10601900.000000
2020-12-01	0.009662	0.010540	0.022904	0.006689	1.430008	8825500.000000
2020-11-30	0.005981	-0.000476	0.010603	-0.005709	0.879990	9710100.000000
2020-11-27	-0.013146	-0.000604	0.008451	-0.017171	-1.959991	5306400.000000
2020-11-25	-0.015843	-0.008053	-0.008053	-0.028055	-2.400009	9552000.000000
2020-11-24	0.037745	0.014934	0.040280	0.012810	5.510010	16711700.000000
2020-11-23	0.034805	0.009782	0.047352	0.004466	4.909988	12887000.000000
2020-11-20	-0.004586	-0.000071	0.006280	-0.006068	-0.649994	8481600.000000
2020-11-19	-0.015149	-0.009242	-0.004169	-0.015288	-2.179993	8892500.000000
2020-11-18	-0.004152	0.000000	0.006782	-0.007958	-0.600006	9456200.000000
2020-11-17	-0.001175	-0.001866	0.001106	-0.014585	-0.169998	9354900.000000
2020-11-16	0.045606	0.023200	0.046112	0.023200	6.309998	16382500.000000
2020-11-13	0.020956	0.039699	0.041839	0.007379	2.839996	21062300.000000
2020-11-12	-0.016688	-0.010739	0.004861	-0.026992	-2.300003	13768200.000000
2020-11-11	-0.030188	-0.004504	-0.000774	-0.038632	-4.289993	9600900.000000
2020-11-10	-0.003366	-0.018374	-0.001543	-0.034505	-0.479996	18115400.000000
2020-11-09	0.118704	0.100424	0.158638	0.083242	15.129997	35634700.000000
2020-11-06	0.003938	-0.005514	0.008507	-0.018510	0.500000	6259700.000000
2020-11-05	0.015112	0.013672	0.028384	0.005837	1.889999	7654800.000000
2020-11-04	0.008466	-0.003548	0.022900	-0.004919	1.050003	7483000.000000
2020-11-03	0.032382	0.012320	0.041122	0.010322	3.889999	8144900.000000
2020-11-02	-0.009237	0.008165	0.013856	-0.011876	-1.120003	9186000.000000
2020-10-30	-0.002386	-0.007405	0.001728	-0.020158	-0.290001	8090200.000000
2020-10-29	0.025914	-0.002617	0.035114	-0.010467	3.070000	9583700.000000
2020-10-28	-0.039251	-0.018652	-0.014435	-0.040467	-4.839996	11654700.000000
2020-10-27	-0.006045	-0.000242	0.004433	-0.008302	-0.750000	6813800.000000
2020-10-26	-0.033424	-0.009661	-0.009661	-0.042073	-4.290009	8578900.000000
2020-10-23	0.006193	0.004233	0.007369	-0.009486	0.790009	5439900.000000
2020-10-22	0.007344	0.000316	0.011609	-0.005212	0.930000	5177700.000000
2020-10-21	0.013445	-0.004722	0.020888	-0.008884	1.680000	6591500.000000
2020-10-20	0.005796	0.002817	0.012074	-0.004749	0.719994	6161200.000000
2020-10-19	-0.020345	0.004416	0.004653	-0.024446	-2.579994	6576900.000000
2020-10-16	-0.004318	0.003533	0.005967	-0.008087	-0.550003	6291700.000000
2020-10-15	0.006083	-0.012560	0.006399	-0.017063	0.770004	7744000.000000
2020-10-14	-0.018378	0.001396	0.004187	-0.028458	-2.370010	11531500.000000
2020-10-13	0.031928	0.038649	0.051132	0.023446	3.990005	22389000.000000
2020-10-12	-0.000080	-0.000640	0.007681	-0.010002	-0.010002	10958200.000000
2020-10-09	0.015355	0.006174	0.019985	0.001950	1.890007	11502200.000000
2020-10-08	0.001464	0.005451	0.006834	-0.003987	0.179993	7404600.000000
2020-10-07	0.016373	0.008435	0.019681	0.000000	1.980003	10187800.000000
2020-10-06	-0.019778	-0.001945	0.006647	-0.022372	-2.440002	9052000.000000
2020-10-05	0.006691	0.005794	0.008568	-0.001795	0.820000	5919200.000000
2020-10-02	-0.006163	-0.010705	0.003001	-0.013138	-0.759995	6490200.000000
2020-10-01	-0.006206	0.006931	0.011202	-0.013378	-0.770004	8908300.000000
2020-09-30	-0.010526	-0.017225	0.001196	-0.017225	-1.320000	13642500.000000
2020-09-29	-0.004683	-0.000556	0.002381	-0.018335	-0.589996	7405800.000000
2020-09-28	0.016048	0.014113	0.023065	0.011048	1.989998	6283700.000000
2020-09-25	0.012328	-0.009225	0.013879	-0.012327	1.510002	6851800.000000
2020-09-24	-0.006408	-0.010951	0.004218	-0.020279	-0.790001	8480000.000000
2020-09-23	-0.030894	-0.001101	0.000708	-0.033881	-3.930000	8323600.000000
2020-09-22	0.014353	-0.001196	0.016426	-0.005661	1.799995	6978800.000000
2020-09-21	-0.025033	-0.020602	-0.013527	-0.039182	-3.220001	10352700.000000
2020-09-18	-0.012210	-0.005529	0.004377	-0.016127	-1.589996	9916300.000000
2020-09-17	-0.014157	-0.011659	-0.002423	-0.026421	-1.869995	6723500.000000
2020-09-16	0.006477	0.007086	0.018135	0.001219	0.849991	6601000.000000
2020-09-15	-0.000076	0.001600	0.009829	-0.001829	-0.009995	7289100.000000
2020-09-14	-0.003795	0.005920	0.008956	-0.006452	-0.500000	8391900.000000
2020-09-11	-0.011034	0.003903	0.003903	-0.015989	-1.470001	7165300.000000
2020-09-10	-0.001050	0.001650	0.025420	-0.004649	-0.139999	9853400.000000
2020-09-09	-0.006259	0.000596	0.010060	-0.014456	-0.839996	8891800.000000
2020-09-08	0.016744	0.000000	0.039018	-0.008561	2.209991	17257300.000000
2020-09-04	-0.009382	0.003828	0.012309	-0.028670	-1.250000	11248300.000000
2020-09-03	-0.015880	-0.001108	0.013664	-0.024891	-2.149994	12079200.000000
2020-09-02	0.013778	0.000599	0.017746	-0.002172	1.839996	8187800.000000
2020-09-01	0.012740	0.000379	0.013195	-0.007432	1.680008	7351200.000000
2020-08-31	-0.027077	-0.002140	0.000000	-0.031651	-3.669998	11617500.000000
2020-08-28	0.013535	0.005758	0.022957	-0.001122	1.809998	11020100.000000
2020-08-27	0.011726	0.006204	0.031624	0.004842	1.550003	13667600.000000
2020-08-26	0.018414	0.001618	0.021650	-0.002080	2.389999	8447800.000000
2020-08-25	-0.006887	0.001071	0.003061	-0.010559	-0.900009	5494400.000000
2020-08-24	0.025502	0.005571	0.026993	0.003845	3.250000	7613600.000000
2020-08-21	-0.005307	-0.003122	0.001483	-0.006947	-0.679993	6064700.000000
2020-08-20	0.002739	-0.007592	0.005322	-0.009705	0.349998	4918100.000000
2020-08-19	-0.008920	0.002560	0.010084	-0.011558	-1.150002	7624200.000000
2020-08-18	-0.003478	0.000541	0.001701	-0.007807	-0.449997	6714600.000000
2020-08-17	-0.008887	-0.003294	-0.002988	-0.015246	-1.160004	7492200.000000
2020-08-14	-0.003284	-0.007254	0.000916	-0.009316	-0.430008	6507600.000000
2020-08-13	-0.006298	-0.008726	0.004249	-0.010168	-0.829987	6468600.000000
2020-08-12	0.009962	0.001379	0.019235	0.000000	1.299988	12204200.000000
2020-08-11	0.013200	0.013510	0.030825	0.009395	1.700012	13885700.000000
2020-08-10	-0.008774	-0.001385	0.010698	-0.011083	-1.139999	8529200.000000
2020-08-07	-0.006803	-0.004587	0.008561	-0.016511	-0.890015	16088600.000000
2020-08-06	0.025155	-0.005094	0.031502	-0.015673	3.210007	27238000.000000
2020-08-05	0.087987	0.051837	0.111007	0.051070	10.320000	53000200.000000
2020-08-04	0.008079	-0.003352	0.017190	-0.005071	0.940002	17293900.000000
2020-08-03	-0.005045	-0.006585	0.001539	-0.013597	-0.590004	10229200.000000
2020-07-31	0.011067	-0.003804	0.012018	-0.013315	1.279999	9601000.000000
2020-07-30	0.000433	-0.006055	0.005882	-0.019375	0.050003	9713500.000000
2020-07-29	-0.004906	0.000344	0.004562	-0.009210	-0.570000	9496500.000000
2020-07-28	-0.001118	-0.007308	0.004557	-0.014014	-0.129997	6821100.000000
2020-07-27	-0.011054	-0.003486	-0.001616	-0.016410	-1.300003	9413000.000000
2020-07-24	-0.004318	-0.020488	0.000762	-0.021927	-0.510002	8233300.000000
2020-07-23	-0.007645	-0.001428	0.002688	-0.016970	-0.909996	7255800.000000
2020-07-22	0.003456	-0.003625	0.005733	-0.005817	0.409996	7063300.000000
2020-07-21	0.007046	0.002207	0.022073	-0.001104	0.830002	8946300.000000
2020-07-20	-0.007248	-0.005057	-0.001349	-0.015424	-0.860001	8947900.000000
2020-07-17	-0.006531	-0.004438	0.001088	-0.019844	-0.779999	9843500.000000
2020-07-16	-0.012159	-0.026303	-0.007527	-0.027295	-1.470001	10210100.000000
2020-07-15	0.018877	0.025029	0.028906	0.008764	2.239998	15314200.000000
2020-07-14	0.020995	-0.008518	0.024609	-0.014455	2.440002	12425100.000000
2020-07-13	-0.026144	0.005028	0.006620	-0.028909	-3.119995	15620200.000000
2020-07-10	0.021659	0.000171	0.022515	-0.005137	2.529999	14207900.000000
2020-07-09	0.001286	-0.001286	0.010201	-0.010972	0.149994	13582900.000000
2020-07-08	0.026666	-0.001320	0.030802	-0.007216	3.030006	13629500.000000
2020-07-07	-0.006991	-0.006991	0.005680	-0.015905	-0.800003	10836500.000000
2020-07-06	0.020057	0.014709	0.020948	0.006418	2.250000	11933400.000000
2020-07-02	-0.007344	0.017609	0.018494	-0.008937	-0.830002	10312000.000000
2020-07-01	0.013452	0.011748	0.036678	0.006995	1.500000	11930900.000000
2020-06-30	-0.000090	-0.000179	0.004753	-0.014257	-0.009995	10565900.000000
2020-06-29	0.022181	-0.000917	0.022640	-0.009166	2.419998	12584300.000000
2020-06-26	-0.020295	-0.003682	-0.001437	-0.029993	-2.260002	15270900.000000
2020-06-25	-0.006335	-0.027483	-0.004997	-0.031855	-0.709999	17240400.000000
2020-06-24	-0.038768	-0.006347	-0.005060	-0.056266	-4.519997	22252500.000000
2020-06-23	0.005780	0.008972	0.013199	0.000431	0.669998	10187600.000000
2020-06-22	0.013730	-0.001399	0.016091	-0.010844	1.570000	12868000.000000
2020-06-19	-0.033961	0.013601	0.014784	-0.033961	-4.020004	23496300.000000
2020-06-18	0.006120	-0.006545	0.007480	-0.014620	0.720001	9577300.000000
2020-06-17	-0.006670	0.001689	0.006670	-0.010976	-0.790001	8921600.000000
2020-06-16	0.011616	0.035531	0.037752	-0.008797	1.360001	12951200.000000
2020-06-15	0.013767	-0.029526	0.022773	-0.032730	1.590004	14156400.000000
2020-06-12	0.025302	0.022461	0.038707	0.002219	2.849998	18361900.000000
2020-06-11	-0.078082	-0.037486	-0.034212	-0.081274	-9.540001	26078800.000000
2020-06-10	-0.013803	0.001049	0.001695	-0.023892	-1.709999	11497100.000000
2020-06-09	-0.026634	-0.012964	-0.011706	-0.029620	-3.389999	10882800.000000
2020-06-08	0.019708	0.002243	0.020990	-0.007050	2.459999	13858100.000000
2020-06-05	0.009136	0.021182	0.033390	0.004770	1.129997	16581600.000000
2020-06-04	0.012359	-0.001882	0.018988	-0.002701	1.510002	14195100.000000
2020-06-03	0.028884	0.010442	0.031158	0.004800	3.430000	12584300.000000
2020-06-02	-0.000168	0.001937	0.009093	-0.007914	-0.019997	10753100.000000
2020-06-01	0.012532	-0.000341	0.020034	-0.003154	1.469994	10538300.000000
2020-05-29	0.004711	-0.004797	0.008565	-0.022527	0.550003	17745100.000000
2020-05-28	-0.039332	0.000576	0.003703	-0.045503	-4.779999	18606000.000000
2020-05-27	0.004795	0.022571	0.023398	-0.010252	0.580002	19345400.000000
2020-05-26	0.024826	0.025674	0.038044	0.020420	2.930000	16466400.000000
2020-05-22	0.001612	-0.002801	0.006280	-0.008487	0.189995	9288200.000000
2020-05-21	-0.017428	-0.004837	0.003169	-0.028519	-2.089996	17578300.000000
2020-05-20	0.048527	0.017924	0.056833	0.014602	5.549995	25749900.000000
2020-05-19	-0.021224	-0.014976	-0.003252	-0.029354	-2.479996	20332600.000000
2020-05-18	0.071527	0.049702	0.098395	0.049702	7.799995	40044600.000000
2020-05-15	0.029648	-0.008781	0.032764	-0.015485	3.139999	29766000.000000
2020-05-14	0.029052	-0.009133	0.029149	-0.031675	2.990005	22002200.000000
2020-05-13	-0.015685	-0.000574	-0.000191	-0.028309	-1.639999	21085800.000000
2020-05-12	-0.029786	0.011970	0.015496	-0.030435	-3.209999	17049700.000000
2020-05-11	-0.012734	-0.006962	-0.003206	-0.025192	-1.390007	20555900.000000
2020-05-08	0.034006	0.032964	0.034195	0.010041	3.590004	24079700.000000
2020-05-07	0.046491	0.009615	0.046887	0.009417	4.690002	20868800.000000
2020-05-06	-0.001781	0.004156	0.041658	-0.021769	-0.180000	51992400.000000
2020-05-05	-0.020547	-0.016185	0.019384	-0.022097	-2.120003	30169800.000000
2020-05-04	-0.021991	-0.033081	-0.015829	-0.046919	-2.320000	19514800.000000
2020-05-01	-0.024503	-0.016551	-0.011466	-0.034027	-2.650002	13209100.000000
2020-04-30	-0.036526	-0.025033	-0.017283	-0.048018	-4.099998	18638700.000000
2020-04-29	0.056868	0.035119	0.061105	0.022126	6.040001	20139800.000000
2020-04-28	0.001414	0.025740	0.037715	-0.000754	0.150002	16503700.000000
2020-04-27	0.048127	0.008005	0.052673	0.004151	4.869995	15518300.000000
2020-04-24	0.001881	0.007723	0.009109	-0.014653	0.190002	13614100.000000
2020-04-23	0.000099	-0.003367	0.015249	-0.015150	0.010002	17132200.000000
2020-04-22	0.004476	0.012532	0.020788	0.003481	0.449997	11463800.000000
2020-04-21	-0.016820	-0.022003	-0.007334	-0.030608	-1.720001	16101400.000000
2020-04-20	-0.040983	-0.028604	-0.016599	-0.043421	-4.369995	17021000.000000
2020-04-17	0.045187	0.041070	0.046756	0.022839	4.610001	17926900.000000
2020-04-16	-0.013060	0.001548	0.003386	-0.023992	-1.350006	18029300.000000
2020-04-15	-0.025087	-0.015467	-0.010846	-0.031406	-2.659996	14157600.000000
2020-04-14	0.024444	0.019324	0.040000	0.003865	2.529999	19866900.000000
2020-04-13	-0.009569	0.002010	0.003541	-0.046794	-1.000000	17306000.000000
2020-04-09	0.033937	0.067775	0.068467	0.024340	3.430000	31453600.000000
2020-04-08	-0.001679	-0.007013	0.010964	-0.025583	-0.169998	22562500.000000
2020-04-07	0.016670	0.053023	0.063366	0.006728	1.659996	22899600.000000
2020-04-06	0.060716	0.036003	0.067214	0.006817	5.700005	20407400.000000
2020-04-03	-0.031866	-0.006806	-0.000516	-0.043931	-3.090004	14814600.000000
2020-04-02	0.021597	-0.007585	0.024652	-0.007585	2.050003	13936500.000000
2020-04-01	-0.017391	-0.032091	0.008282	-0.041822	-1.680000	18303900.000000
2020-03-31	-0.032064	0.004208	0.033667	-0.036473	-3.200005	21563200.000000
2020-03-30	0.035270	-0.004149	0.042116	-0.044606	3.400002	23119200.000000
2020-03-27	-0.085042	-0.046602	-0.036731	-0.093204	-8.959999	30591500.000000
2020-03-26	0.045964	0.000993	0.069493	0.000695	4.629997	24520300.000000
2020-03-25	0.026600	0.025887	0.079494	-0.026600	2.610001	28533000.000000
2020-03-24	0.144123	0.076609	0.156367	0.070429	12.360001	32538100.000000
2020-03-23	-0.002559	-0.017330	0.015120	-0.056874	-0.220001	32246600.000000
2020-03-20	-0.094280	0.011166	0.021700	-0.095755	-8.949997	31957800.000000
2020-03-19	0.069031	-0.009009	0.096847	-0.041554	6.129997	30866800.000000
2020-03-18	-0.050572	-0.063509	-0.044798	-0.154603	-4.729996	43592500.000000
2020-03-17	-0.015577	0.008315	0.025787	-0.040627	-1.480003	27526200.000000
2020-03-16	-0.073254	-0.104565	-0.041358	-0.122122	-7.509995	35379500.000000
2020-03-13	0.116654	0.097702	0.120466	0.004793	10.709999	40960100.000000
2020-03-12	-0.129846	-0.074780	-0.052223	-0.131457	-13.700005	40392900.000000
2020-03-11	-0.053382	-0.027274	-0.022968	-0.077158	-5.949997	24771300.000000
2020-03-10	0.068136	0.035937	0.069286	-0.018400	7.110001	24083700.000000
2020-03-09	-0.094734	-0.057083	-0.041988	-0.095341	-10.919998	26233600.000000
2020-03-06	0.011318	-0.028251	0.016582	-0.032111	1.289993	22899600.000000
2020-03-05	-0.043631	-0.019466	-0.018627	-0.059322	-5.199997	22397200.000000
2020-03-04	0.023444	0.021554	0.023959	-0.008330	2.730003	13842100.000000
2020-03-03	-0.029422	0.009752	0.015002	-0.040257	-3.530006	19529700.000000
2020-03-02	0.019805	0.012580	0.019805	-0.013770	2.330002	21775900.000000
2020-02-28	-0.003304	-0.029905	0.002287	-0.040918	-0.389999	35389900.000000
2020-02-27	-0.043126	-0.028778	-0.003729	-0.044099	-5.320000	30827500.000000
2020-02-26	-0.037678	-0.016148	0.001404	-0.047274	-4.830002	31195900.000000
2020-02-25	-0.036238	0.005564	0.006992	-0.037817	-4.819992	21032500.000000
2020-02-24	-0.042887	-0.043679	-0.032597	-0.055839	-5.960007	19336500.000000
2020-02-21	-0.009974	-0.003633	-0.003491	-0.012752	-1.399994	7725800.000000
2020-02-20	-0.006582	0.002335	0.002335	-0.017339	-0.930008	5981700.000000
2020-02-19	0.015524	0.003522	0.019620	0.000647	2.160004	7080900.000000
2020-02-18	-0.002867	-0.003726	0.000860	-0.010320	-0.399994	8214900.000000
2020-02-14	-0.009652	0.001420	0.002697	-0.012562	-1.360001	9110500.000000
2020-02-13	-0.006697	-0.004794	0.000352	-0.007261	-0.950012	7543100.000000
2020-02-12	0.005957	0.002340	0.008581	-0.000993	0.840012	8168200.000000
2020-02-11	-0.011081	0.001823	0.002805	-0.014938	-1.580002	10790100.000000
2020-02-10	0.011133	0.000071	0.011133	-0.003971	1.569992	8162100.000000
2020-02-07	-0.011773	-0.005676	-0.004975	-0.018080	-1.679993	10948900.000000
2020-02-06	0.009408	0.003891	0.018250	-0.001061	1.330002	9504600.000000
2020-02-05	-0.023216	0.012921	0.017757	-0.042562	-3.360001	27824100.000000
2020-02-04	0.024130	0.029507	0.030215	0.013657	3.409988	23519700.000000
2020-02-03	0.021763	0.010701	0.025378	0.010411	3.010010	12639900.000000
2020-01-31	0.003628	0.004281	0.006240	-0.005442	0.500000	12379100.000000
2020-01-30	0.012862	-0.007129	0.013156	-0.009040	1.750000	11847300.000000
2020-01-29	-0.016694	0.001662	0.002240	-0.018646	-2.309998	9382700.000000
2020-01-28	0.018175	0.004415	0.022296	-0.000294	2.470001	10390000.000000
2020-01-27	-0.029840	-0.030126	-0.016776	-0.036265	-4.180008	12831800.000000
2020-01-24	-0.014909	-0.005626	0.000352	-0.021097	-2.119995	13076300.000000
2020-01-23	-0.012569	-0.002847	-0.002778	-0.023332	-1.809998	11082000.000000
2020-01-22	0.003135	0.006199	0.008568	-0.000139	0.449997	7550000.000000
2020-01-21	-0.005335	-0.000624	0.001801	-0.009146	-0.770004	9250200.000000
2020-01-17	-0.005444	0.002894	0.003583	-0.007649	-0.789993	10355300.000000
2020-01-16	0.005543	0.005335	0.007691	0.000831	0.799988	6948400.000000
2020-01-15	-0.006061	0.003512	0.003512	-0.008747	-0.879990	6818200.000000
2020-01-14	0.009174	-0.003267	0.019739	-0.011051	1.319992	14839100.000000
2020-01-13	-0.005117	0.000899	0.000899	-0.008712	-0.739990	9921300.000000
2020-01-10	-0.001450	0.003245	0.004626	-0.003936	-0.210007	5152500.000000
2020-01-09	-0.003920	0.007359	0.008459	-0.005433	-0.569992	6664200.000000
2020-01-08	-0.002059	-0.001441	0.002951	-0.006040	-0.300003	6984200.000000
2020-01-07	0.000343	0.002334	0.008376	-0.001579	0.050003	6906500.000000
2020-01-06	-0.005802	-0.006553	-0.003208	-0.014949	-0.850006	8262500.000000
2020-01-03	-0.011471	-0.012146	-0.002024	-0.014507	-1.699997	7320200.000000
2020-01-02	0.024684	0.004563	0.024684	0.003250	3.569992	9502100.000000
