2022-12-30	-0.008186	0.010618	0.011785	-0.007770	-0.841393	2055600.000000
2022-12-29	0.009135	0.014156	0.025151	0.014156	0.930481	1444600.000000
2022-12-28	-0.007427	0.013444	0.018122	0.000484	-0.762199	1687600.000000
2022-12-27	0.006603	0.011209	0.019939	0.005913	0.673111	1698500.000000
2022-12-23	0.010201	0.008940	0.022119	0.001409	1.029472	1803300.000000
2022-12-22	0.000294	0.008048	0.010823	-0.006721	0.029694	2312200.000000
2022-12-21	0.017064	0.015168	0.029181	0.014664	1.692688	2269400.000000
2022-12-20	-0.000200	0.008717	0.017183	-0.000153	-0.019798	2394300.000000
2022-12-19	-0.001096	0.008114	0.020196	0.003886	-0.108879	3628800.000000
2022-12-16	-0.021169	0.005991	0.006385	-0.022490	-2.148041	10623600.000000
2022-12-15	-0.007648	0.007881	0.010424	-0.003072	-0.781998	3631400.000000
2022-12-14	0.001940	0.011600	0.033941	0.005623	0.197975	4468700.000000
2022-12-13	0.007623	0.020398	0.030172	0.011216	0.772102	5581400.000000
2022-12-12	0.019631	0.021101	0.031168	0.009725	1.950058	2734900.000000
2022-12-09	-0.000995	0.006507	0.014955	0.005803	-0.098984	1998200.000000
2022-12-08	0.008737	0.010533	0.021084	0.007591	0.861183	2065900.000000
2022-12-07	-0.009253	0.008620	0.017767	-0.001632	-0.920586	2635600.000000
2022-12-06	0.013921	0.011248	0.026228	0.009413	1.366035	2828800.000000
2022-12-05	-0.003919	0.002311	0.010635	0.000077	-0.386055	2212500.000000
2022-12-02	-0.007876	0.000963	0.004589	-0.008000	-0.781998	2097700.000000
2022-12-01	0.003803	0.019428	0.030144	0.009723	0.376144	3329800.000000
2022-11-30	0.020319	0.006515	0.035809	0.003214	1.969856	6052200.000000
2022-11-29	-0.006794	0.004287	0.006336	-0.003807	-0.663216	2127400.000000
2022-11-28	-0.010139	0.005969	0.010634	-0.003969	-0.999779	2283800.000000
2022-11-25	0.010960	0.014944	0.025094	0.013919	1.069069	1275700.000000
2022-11-23	0.008804	0.008057	0.020571	0.007850	0.851295	2726000.000000
2022-11-22	0.006595	0.014913	0.027406	0.012727	0.633514	2334000.000000
2022-11-21	0.002583	0.007724	0.018161	0.003862	0.247467	3314500.000000
2022-11-18	0.013296	0.020170	0.028314	0.015305	1.257149	3680500.000000
2022-11-17	-0.014597	0.003715	0.008196	-0.010667	-1.400681	2755500.000000
2022-11-16	0.008339	0.023224	0.041194	0.023224	0.793579	3645300.000000
2022-11-15	0.017601	0.033000	0.042303	0.024766	1.645920	4625600.000000
2022-11-14	0.002942	0.025850	0.034323	0.021775	0.274323	4782300.000000
2022-11-11	-0.019876	0.021859	0.022279	-0.007154	-1.890854	3286300.000000
2022-11-10	0.039058	0.047025	0.063409	0.029549	3.575966	3601900.000000
2022-11-09	0.002682	0.025412	0.033844	0.020045	0.244934	2742400.000000
2022-11-08	0.010517	0.024022	0.040512	0.021920	0.950317	2876600.000000
2022-11-07	-0.014742	0.019503	0.020157	-0.014735	-1.352013	4501300.000000
2022-11-04	0.004184	0.036360	0.037893	0.001212	0.382095	4813400.000000
2022-11-03	0.003661	0.010922	0.030922	0.006416	0.333107	3132300.000000
2022-11-02	-0.009174	0.017762	0.038669	0.009814	-0.842560	3061200.000000
2022-11-01	0.006010	0.024974	0.031437	0.015773	0.548645	2889100.000000
2022-10-31	-0.008723	0.017553	0.023308	0.005283	-0.803368	3237600.000000
2022-10-28	0.032513	0.023169	0.056355	0.023169	2.899963	3139200.000000
2022-10-27	0.002533	0.030031	0.037562	0.021714	0.225334	3367400.000000
2022-10-26	0.006317	0.026471	0.034162	0.017875	0.558441	2938300.000000
2022-10-25	0.017477	0.020932	0.042914	0.020817	1.518555	2781000.000000
2022-10-24	0.002600	0.027625	0.036395	0.015856	0.225342	2318600.000000
2022-10-21	0.014101	0.022809	0.042584	0.017075	1.205048	2789000.000000
2022-10-20	-0.023071	0.017387	0.019330	-0.008676	-2.018219	4057700.000000
2022-10-19	-0.016738	0.007327	0.015757	-0.001665	-1.489166	2611700.000000
2022-10-18	0.019192	0.034220	0.043614	0.028950	1.675316	3009900.000000
2022-10-17	0.026261	0.034575	0.057618	0.033047	2.233757	3704400.000000
2022-10-14	-0.013297	0.031142	0.037755	0.002258	-1.146271	4711100.000000
2022-10-13	0.023497	0.009186	0.050978	-0.005536	1.979034	7258400.000000
2022-10-12	-0.039763	0.014660	0.017966	-0.020568	-3.487801	4243000.000000
2022-10-11	0.004262	0.016695	0.036159	0.015092	0.372292	4892500.000000
2022-10-10	0.000898	0.021161	0.032964	0.020129	0.078377	2982300.000000
2022-10-07	-0.018729	0.020365	0.023289	-0.003812	-1.665512	3162700.000000
2022-10-06	-0.034567	0.016794	0.017771	-0.015883	-3.184082	4230800.000000
2022-10-05	-0.031919	0.007880	0.010298	-0.017868	-3.037132	3865500.000000
2022-10-04	0.018777	0.027876	0.042116	0.020060	1.753700	3105700.000000
2022-10-03	0.024833	0.036503	0.053511	0.025421	2.263153	3786800.000000
2022-09-30	-0.021872	0.027679	0.031435	-0.003983	-2.037819	5163600.000000
2022-09-29	-0.045277	0.018140	0.018550	-0.027049	-4.418533	3104500.000000
2022-09-28	0.013120	0.032433	0.040219	0.019041	1.263840	2338200.000000
2022-09-27	-0.024990	0.023233	0.027686	-0.008449	-2.468887	4027900.000000
2022-09-26	-0.027673	0.018636	0.019718	-0.016598	-2.811783	2812800.000000
2022-09-23	-0.009266	0.013584	0.016704	-0.000359	-0.950333	2297600.000000
2022-09-22	0.003740	0.018843	0.033426	0.013851	0.382088	2324900.000000
2022-09-21	-0.012779	0.024567	0.032587	0.007465	-1.322617	1495600.000000
2022-09-20	-0.010954	0.013153	0.015351	-0.000704	-1.146271	1622400.000000
2022-09-19	0.006597	0.018009	0.027820	0.013199	0.685799	1783400.000000
2022-09-16	-0.001600	0.026945	0.033283	0.017053	-0.166550	4565300.000000
2022-09-15	-0.027363	0.013883	0.015191	-0.008909	-2.929344	3103000.000000
2022-09-14	0.009982	0.021929	0.037212	0.021929	1.058083	2309800.000000
2022-09-13	-0.024260	0.013982	0.017388	-0.009676	-2.635437	2387900.000000
2022-09-12	0.009101	0.021445	0.033521	0.020888	0.979721	1653700.000000
2022-09-09	0.006227	0.024254	0.031732	0.017992	0.666206	1456200.000000
2022-09-08	-0.009524	0.017277	0.025146	0.006445	-1.028702	2390800.000000
2022-09-07	0.032690	0.027490	0.054930	0.027395	3.419212	3324400.000000
2022-09-06	-0.002243	0.022896	0.033676	0.015169	-0.235138	2037500.000000
2022-09-02	-0.010999	0.021457	0.030891	0.006456	-1.165863	1496200.000000
2022-09-01	0.011973	0.021943	0.036360	0.019079	1.254036	1612200.000000
2022-08-31	-0.007151	0.020702	0.029044	0.011887	-0.754379	2890900.000000
2022-08-30	-0.013919	0.018459	0.021170	0.002569	-1.489166	1919800.000000
2022-08-29	0.004323	0.017698	0.031873	0.010094	0.460457	1773300.000000
2022-08-26	-0.017796	0.021993	0.022454	0.001432	-1.930031	3367000.000000
2022-08-25	-0.002073	0.021714	0.022451	0.008557	-0.225342	2612200.000000
2022-08-24	-0.000901	0.022265	0.023736	0.014267	-0.097969	1796400.000000
2022-08-23	-0.009103	0.021613	0.021613	0.009316	-0.999313	1489700.000000
2022-08-22	-0.010509	0.018359	0.021063	0.007993	-1.165863	2282400.000000
2022-08-19	0.005862	0.022515	0.030585	0.018345	0.646606	2091800.000000
2022-08-18	0.004910	0.021340	0.030178	0.021340	0.538857	1744300.000000
2022-08-17	-0.000714	0.018881	0.027895	0.018244	-0.078384	1894500.000000
2022-08-16	0.010182	0.020702	0.034498	0.019047	1.107086	2504400.000000
2022-08-15	0.006621	0.021721	0.028479	0.014962	0.715195	2163200.000000
2022-08-12	0.016035	0.026534	0.037822	0.024841	1.704697	3302700.000000
2022-08-11	-0.004997	0.021591	0.028424	0.014010	-0.533943	2640900.000000
2022-08-10	0.002277	0.034705	0.036581	0.027388	0.242699	2907400.000000
2022-08-09	0.007062	0.033415	0.040689	0.031148	0.747482	2366400.000000
2022-08-08	-0.001099	0.036809	0.043792	0.026428	-0.116486	3130300.000000
2022-08-05	-0.005195	0.024664	0.027856	0.007390	-0.553337	3033600.000000
2022-08-04	-0.009836	0.039218	0.040891	0.017839	-1.058144	2963500.000000
2022-08-03	0.010947	0.028229	0.044486	0.009811	1.164925	2784900.000000
2022-08-02	-0.002094	0.034235	0.044081	0.026170	-0.223274	2182500.000000
2022-08-01	-0.000728	0.029546	0.035918	0.021019	-0.077667	2386900.000000
2022-07-29	0.008995	0.026705	0.044007	0.026421	0.951363	2522500.000000
2022-07-28	0.022813	0.038909	0.056703	0.031269	2.358971	2326300.000000
2022-07-27	-0.004672	0.026643	0.028569	0.019039	-0.485382	2003700.000000
2022-07-26	0.009813	0.028165	0.043133	0.025540	1.009598	1788900.000000
2022-07-25	0.009526	0.026674	0.040314	0.024417	0.970779	1432500.000000
2022-07-22	0.013908	0.037073	0.044634	0.034088	1.397903	1501200.000000
2022-07-21	0.005340	0.029308	0.037610	0.021907	0.533928	3085300.000000
2022-07-20	-0.024161	0.031280	0.033037	0.003756	-2.475471	2981000.000000
2022-07-19	0.001043	0.036166	0.040270	0.030206	0.106789	2097300.000000
2022-07-18	-0.018617	0.025027	0.027136	0.010644	-1.941536	2228100.000000
2022-07-15	0.004488	0.034828	0.036754	0.022692	0.465965	2244200.000000
2022-07-14	-0.002704	0.011185	0.029916	0.010417	-0.281525	2274900.000000
2022-07-13	-0.003994	0.023029	0.035179	0.021020	-0.417427	2417200.000000
2022-07-12	-0.002686	0.026483	0.039841	0.022189	-0.281525	2102700.000000
2022-07-11	0.019356	0.031373	0.050339	0.029622	1.990067	2435700.000000
2022-07-08	-0.008612	0.030591	0.032423	0.019598	-0.893097	1697600.000000
2022-07-07	-0.006972	0.032407	0.036237	0.020150	-0.728081	1913500.000000
2022-07-06	0.011661	0.033305	0.050354	0.027590	1.203758	1920800.000000
2022-07-05	-0.029922	0.030860	0.030860	-0.017629	-3.184135	2951900.000000
2022-07-01	0.022479	0.035297	0.054898	0.030109	2.339569	2874200.000000
2022-06-30	0.011320	-0.006981	0.018206	-0.009150	1.199997	3568900.000000
2022-06-29	0.002933	0.000284	0.005866	-0.003690	0.310005	1767300.000000
2022-06-28	0.004753	0.005323	0.015494	0.001521	0.500000	2215700.000000
2022-06-27	0.006410	-0.004783	0.008036	-0.007653	0.669998	1725000.000000
2022-06-24	0.010831	0.002514	0.013442	-0.001064	1.119995	2953800.000000
2022-06-23	0.032448	0.005092	0.034844	0.003894	3.250000	3724300.000000
2022-06-22	0.009576	-0.002923	0.018043	-0.005241	0.950005	2909900.000000
2022-06-21	0.014210	0.001227	0.017174	-0.002045	1.389999	2877800.000000
2022-06-17	-0.017279	-0.003014	0.004219	-0.026823	-1.720001	5533000.000000
2022-06-16	-0.006388	-0.011479	-0.003494	-0.023158	-0.639999	4134000.000000
2022-06-15	-0.007529	0.010600	0.011690	-0.018625	-0.760002	4039500.000000
2022-06-14	-0.024074	0.002707	0.007831	-0.036450	-2.489998	3899500.000000
2022-06-13	-0.040271	-0.009186	-0.007145	-0.044910	-4.339996	2752200.000000
2022-06-10	0.000371	-0.007612	0.008911	-0.016523	0.039993	3342600.000000
2022-06-09	-0.024980	-0.000543	0.004887	-0.026247	-2.759995	2379400.000000
2022-06-08	-0.016468	-0.003383	-0.002403	-0.018426	-1.849998	1810700.000000
2022-06-07	0.011070	-0.001440	0.011700	-0.007650	1.229996	2113300.000000
2022-06-06	-0.000450	0.003149	0.008276	-0.002069	-0.050003	1483200.000000
2022-06-03	-0.005636	-0.002773	0.002773	-0.007335	-0.629997	1547800.000000
2022-06-02	0.001075	0.003851	0.006179	-0.015671	0.120003	2712800.000000
2022-06-01	-0.007554	0.000267	0.001866	-0.013864	-0.849998	2552100.000000
2022-05-31	-0.016434	-0.010752	-0.007517	-0.020105	-1.880005	5037700.000000
2022-05-27	0.010333	-0.003003	0.011216	-0.005741	1.169998	2628900.000000
2022-05-26	0.007474	0.006050	0.012457	0.001868	0.840004	2717600.000000
2022-05-25	-0.005222	0.001947	0.003894	-0.011329	-0.590004	2771900.000000
2022-05-24	0.019583	0.004512	0.022742	-0.000812	2.170006	3009200.000000
2022-05-23	0.008923	0.007466	0.018847	-0.000182	0.979996	2577300.000000
2022-05-20	0.008077	-0.001010	0.009729	-0.006976	0.880005	3375100.000000
2022-05-19	0.000459	-0.002112	0.005050	-0.015335	0.049995	3687600.000000
2022-05-18	-0.004115	0.004298	0.011065	-0.007042	-0.449997	4006100.000000
2022-05-17	-0.006180	-0.005453	-0.000273	-0.026356	-0.680000	4076100.000000
2022-05-16	0.006679	0.003202	0.014456	0.001189	0.729996	2408000.000000
2022-05-13	0.004134	0.004961	0.007533	-0.010473	0.450005	3251300.000000
2022-05-12	-0.009644	-0.010190	-0.005459	-0.022837	-1.060005	3429200.000000
2022-05-11	0.009182	0.001928	0.025250	-0.000643	1.000000	3082800.000000
2022-05-10	-0.017058	-0.001895	0.012635	-0.024910	-1.889999	3372200.000000
2022-05-09	-0.004671	-0.015092	0.007187	-0.025332	-0.519997	3663300.000000
2022-05-06	0.011540	-0.002363	0.017447	-0.006542	1.269997	2723500.000000
2022-05-05	-0.004163	-0.004434	0.004163	-0.012940	-0.459999	2200100.000000
2022-05-04	0.019841	-0.001477	0.022333	-0.003968	2.150002	2561400.000000
2022-05-03	-0.003128	0.005980	0.015639	-0.004692	-0.339996	2428400.000000
2022-05-02	-0.013254	0.004630	0.008442	-0.024419	-1.460007	3831700.000000
2022-04-29	-0.031986	-0.003339	-0.002548	-0.035325	-3.639999	5424000.000000
2022-04-28	0.006278	0.004244	0.014236	-0.004333	0.710007	2734100.000000
2022-04-27	-0.003612	0.000529	0.012247	-0.011366	-0.410004	2483900.000000
2022-04-26	-0.002373	0.000352	0.018107	-0.003692	-0.269997	3937200.000000
2022-04-25	-0.004463	0.004725	0.006563	-0.019601	-0.510002	3743600.000000
2022-04-22	-0.008675	-0.000954	0.001475	-0.009889	-1.000000	3185600.000000
2022-04-21	-0.001300	-0.002426	0.007797	-0.006584	-0.150002	1865900.000000
2022-04-20	0.008386	0.008911	0.012230	0.006115	0.959999	2152900.000000
2022-04-19	0.002013	0.001138	0.004027	-0.004114	0.230003	2018100.000000
2022-04-18	-0.005311	0.003744	0.008446	-0.010971	-0.610001	1962500.000000
2022-04-14	-0.002259	0.000695	0.003562	-0.005473	-0.260002	2719300.000000
2022-04-13	-0.002686	0.000780	0.004159	-0.008837	-0.309998	2092300.000000
2022-04-12	0.010418	-0.001751	0.013131	-0.008404	1.189995	2509800.000000
2022-04-11	-0.009710	0.000954	0.005288	-0.013524	-1.119995	2574200.000000
2022-04-08	0.004266	0.004614	0.008097	-0.006007	0.489998	1678100.000000
2022-04-07	-0.002518	-0.001390	0.000608	-0.014763	-0.290001	2785900.000000
2022-04-06	0.023374	0.005244	0.024351	-0.000267	2.630005	3413200.000000
2022-04-05	0.006530	0.001879	0.021022	0.001700	0.729996	2489200.000000
2022-04-04	-0.009130	-0.006382	-0.005052	-0.021361	-1.029999	2265700.000000
2022-04-01	0.010389	0.000358	0.011105	-0.009941	1.159996	2302500.000000
2022-03-31	0.001615	-0.000897	0.009598	-0.002512	0.180000	3280100.000000
2022-03-30	0.004596	0.000270	0.004776	-0.005137	0.510002	1979300.000000
2022-03-29	0.008451	0.000818	0.008633	-0.003817	0.930000	2461600.000000
2022-03-28	0.008339	-0.001191	0.008339	-0.008064	0.910004	2470300.000000
2022-03-25	0.015446	0.003071	0.017586	0.000558	1.659996	1703600.000000
2022-03-24	0.005991	-0.002434	0.011701	-0.004025	0.639999	2196500.000000
2022-03-23	0.006027	0.004614	0.012431	-0.002543	0.639999	2617400.000000
2022-03-22	0.000283	0.005746	0.007442	-0.012246	0.029999	2574900.000000
2022-03-21	0.010566	0.002570	0.017325	0.002189	1.110001	1987500.000000
2022-03-18	-0.013615	-0.001878	0.003944	-0.018122	-1.449997	4859200.000000
2022-03-17	0.005001	0.000283	0.014816	-0.006417	0.529999	2675000.000000
2022-03-16	-0.006749	0.003093	0.003093	-0.023620	-0.720001	2636500.000000
2022-03-15	0.003669	0.009784	0.010160	-0.001599	0.389999	2113300.000000
2022-03-14	0.001507	0.008574	0.014698	-0.003769	0.160004	2562900.000000
2022-03-11	-0.000471	-0.000848	0.008475	-0.002260	-0.050003	2229700.000000
2022-03-10	0.008165	-0.006741	0.010348	-0.008450	0.860001	2038500.000000
2022-03-09	-0.001327	0.006827	0.010429	-0.003318	-0.139999	3293200.000000
2022-03-08	-0.011528	0.000562	0.007029	-0.012840	-1.229996	3549800.000000
2022-03-07	0.013680	0.001330	0.016435	-0.006745	1.439995	3611000.000000
2022-03-04	0.025526	-0.001754	0.026598	-0.002338	2.620003	3276600.000000
2022-03-03	0.018355	0.004564	0.024209	0.002679	1.849998	2607400.000000
2022-03-02	0.009616	0.001102	0.014224	-0.000902	0.959999	2334300.000000
2022-03-01	-0.005776	0.000000	0.006473	-0.017329	-0.580002	2448100.000000
2022-02-28	0.001896	-0.010078	0.002993	-0.012273	0.190002	3069400.000000
2022-02-25	0.032770	0.010305	0.034007	0.008244	3.180000	3326800.000000
2022-02-24	-0.006450	-0.002457	-0.000512	-0.022422	-0.629997	4207800.000000
2022-02-23	-0.017898	0.002112	0.004223	-0.018602	-1.779999	4055900.000000
2022-02-22	-0.003607	0.001904	0.004308	-0.012424	-0.360001	3304900.000000
2022-02-18	0.010939	-0.003748	0.014788	-0.006584	1.079994	4505500.000000
2022-02-17	0.002081	-0.000558	0.006445	-0.010099	0.205002	2401800.000000
2022-02-16	0.002115	0.010608	0.016812	0.005929	0.207916	2955900.000000
2022-02-15	-0.006503	0.011816	0.021719	-0.001926	-0.643555	3149200.000000
2022-02-14	0.002005	0.018098	0.022755	-0.001343	0.198013	5284400.000000
2022-02-11	-0.000401	0.013135	0.020827	0.007670	-0.039604	3953500.000000
2022-02-10	-0.046987	0.004982	0.006332	-0.039485	-4.871300	5918200.000000
2022-02-09	0.002873	0.013286	0.017736	0.008159	0.297028	2259800.000000
2022-02-08	0.000671	0.019000	0.019871	0.007287	0.069313	2298800.000000
2022-02-07	0.000863	0.008932	0.015520	0.001278	0.089104	3046600.000000
2022-02-04	-0.011192	0.001663	0.009135	-0.007246	-1.168320	2217100.000000
2022-02-03	0.004095	0.012114	0.017308	0.007112	0.425743	2238900.000000
2022-02-02	0.014983	0.009021	0.027278	0.006092	1.534660	3391100.000000
2022-02-01	-0.015325	0.005095	0.010190	-0.015671	-1.594063	3036300.000000
2022-01-31	0.003151	0.001704	0.014916	-0.002250	0.326729	4306700.000000
2022-01-28	0.014334	0.009411	0.024866	0.005596	1.465355	2874200.000000
2022-01-27	0.012751	0.015545	0.034071	0.015149	1.287132	3384900.000000
2022-01-26	-0.003616	0.008615	0.019671	-0.001058	-0.366341	3111000.000000
2022-01-25	-0.002535	0.001431	0.015610	-0.000045	-0.257423	3336300.000000
2022-01-24	-0.003884	0.016274	0.019805	-0.016778	-0.396042	5654600.000000
2022-01-21	0.006549	0.017006	0.028754	0.013551	0.663368	3453800.000000
2022-01-20	0.001370	0.008811	0.023442	0.008218	0.138618	2426800.000000
2022-01-19	0.002945	0.010097	0.019515	0.004445	0.297028	2460800.000000
2022-01-18	-0.020857	0.003105	0.007182	-0.012330	-2.148521	3082000.000000
2022-01-14	-0.001056	0.012810	0.015137	0.001464	-0.108910	3425900.000000
2022-01-13	0.005115	0.009218	0.018575	0.005904	0.524750	2591200.000000
2022-01-12	0.003778	0.004616	0.015770	-0.000080	0.386139	2226300.000000
2022-01-11	-0.012720	0.010191	0.011350	-0.009611	-1.316826	2937300.000000
2022-01-10	0.000574	0.011447	0.017923	0.005841	0.059402	2683500.000000
2022-01-07	0.009955	0.003555	0.024639	-0.001814	1.019798	2990100.000000
2022-01-06	-0.001640	0.008731	0.021010	0.006976	-0.168312	3944100.000000
2022-01-05	0.002224	0.010876	0.024745	0.010583	0.227722	2446600.000000
2022-01-04	-0.000773	0.008729	0.024149	0.007948	-0.079208	2558300.000000
2022-01-03	-0.013441	0.010094	0.010094	-0.008104	-1.396042	3272700.000000
2021-12-31	0.001050	0.009323	0.014238	0.002383	0.108910	1945700.000000
2021-12-30	0.000286	0.010383	0.012697	0.003827	0.029701	1690700.000000
2021-12-29	0.001817	0.011833	0.014440	0.006714	0.188126	1176300.000000
2021-12-28	0.012392	0.011660	0.022807	0.011660	1.267326	1197400.000000
2021-12-27	0.003108	0.009997	0.014608	0.007153	0.316833	1269600.000000
2021-12-23	-0.001842	0.011172	0.017145	0.007746	-0.188126	1435100.000000
2021-12-22	0.001359	0.008919	0.014997	0.006566	0.138626	1588700.000000
2021-12-21	-0.006270	0.013212	0.017986	0.000352	-0.643570	2054600.000000
2021-12-20	0.006114	0.004900	0.017741	-0.001373	0.623764	3678600.000000
2021-12-17	-0.014349	0.009128	0.016084	-0.011451	-1.485153	7150200.000000
2021-12-16	0.006935	0.011749	0.022547	0.008246	0.712875	3066600.000000
2021-12-15	0.010217	0.010391	0.023167	0.010391	1.039604	3378800.000000
2021-12-14	-0.002620	0.010096	0.014506	0.002940	-0.267326	2825100.000000
2021-12-13	0.015072	0.009898	0.031091	0.009400	1.514854	3932500.000000
2021-12-10	0.012266	0.015335	0.027825	0.010803	1.217827	3039900.000000
2021-12-09	-0.005652	0.011900	0.012701	-0.005926	-0.564362	4020800.000000
2021-12-08	-0.003163	0.008200	0.014690	0.000314	-0.316833	4819400.000000
2021-12-07	-0.000395	0.006704	0.013390	0.002912	-0.039604	4402500.000000
2021-12-06	0.013316	0.016469	0.038514	0.013840	1.316841	2972500.000000
2021-12-03	0.022837	0.014652	0.033786	0.006481	2.207916	3106800.000000
2021-12-02	0.010660	0.015015	0.031531	0.013238	1.019806	2956200.000000
2021-12-01	-0.004020	0.014474	0.030716	0.005521	-0.386139	2825600.000000
2021-11-30	-0.032030	0.004253	0.004959	-0.024973	-3.178223	3873200.000000
2021-11-29	0.009468	0.016508	0.022307	0.008268	0.930695	2128900.000000
2021-11-26	-0.008984	-0.000084	0.014837	-0.000387	-0.891090	1805400.000000
2021-11-24	-0.005559	0.012504	0.014509	0.001776	-0.554459	2236800.000000
2021-11-23	0.004888	0.012415	0.018259	0.001232	0.485153	3174100.000000
2021-11-22	0.018594	0.010818	0.031856	0.008971	1.811882	3913900.000000
2021-11-19	0.000508	0.010819	0.014002	0.005788	0.049507	2986300.000000
2021-11-18	-0.006263	0.005814	0.006631	-0.000308	-0.613861	2809800.000000
2021-11-17	-0.000908	0.009182	0.011730	0.003168	-0.089111	2368600.000000
2021-11-16	-0.015109	0.009295	0.011704	-0.006468	-1.504951	3758800.000000
2021-11-15	0.007209	0.013638	0.021424	0.008481	0.712875	2362900.000000
2021-11-12	-0.003691	0.009997	0.012516	0.003247	-0.366341	2504100.000000
2021-11-11	-0.013482	0.007413	0.009401	-0.006501	-1.356445	2002600.000000
2021-11-10	0.006388	0.013048	0.019350	0.007147	0.638618	1876700.000000
2021-11-09	0.005324	0.023571	0.028196	0.017939	0.529495	2876300.000000
2021-11-08	-0.002557	0.021856	0.022959	0.008115	-0.254944	3686700.000000
2021-11-05	0.006533	0.021566	0.036508	0.020153	0.647163	2127800.000000
2021-11-04	-0.014824	0.018358	0.022933	-0.006706	-1.490425	3054500.000000
2021-11-03	0.000878	0.017859	0.024827	0.009895	0.088249	2062000.000000
2021-11-02	0.001368	0.023040	0.024834	0.011776	0.137276	2701100.000000
2021-11-01	0.002941	0.021050	0.026548	0.014351	0.294159	1606500.000000
2021-10-29	-0.004683	0.017362	0.024527	0.010994	-0.470650	2301300.000000
2021-10-28	-0.002628	0.016475	0.020743	0.010024	-0.264755	1973600.000000
2021-10-27	-0.005131	0.023404	0.025083	0.013531	-0.519676	1519200.000000
2021-10-26	0.004376	0.019354	0.032742	0.017866	0.441238	2298300.000000
2021-10-25	-0.009058	0.018966	0.019064	0.008451	-0.921700	1681600.000000
2021-10-22	0.007573	0.021929	0.039059	0.019553	0.764816	2430300.000000
2021-10-21	0.007532	0.021446	0.027831	0.019251	0.755013	2057800.000000
2021-10-20	0.010877	0.021060	0.034372	0.021060	1.078590	1892700.000000
2021-10-19	0.012718	0.024854	0.033739	0.022607	1.245277	1759000.000000
2021-10-18	-0.004883	0.014768	0.018122	0.007654	-0.480461	2057600.000000
2021-10-15	-0.012789	0.020853	0.023261	0.004299	-1.274704	2593400.000000
2021-10-14	0.009434	0.024002	0.031902	0.020458	0.931519	3045600.000000
2021-10-13	0.008816	0.020054	0.029352	0.011983	0.862869	1798800.000000
2021-10-12	0.001103	0.021282	0.028544	0.018520	0.107857	2426000.000000
2021-10-11	-0.008157	0.016299	0.021879	0.007879	-0.804039	1659700.000000
2021-10-08	-0.004259	0.020254	0.023486	0.014294	-0.421631	1745000.000000
2021-10-07	-0.008738	0.020551	0.026959	0.009937	-0.872673	2020000.000000
2021-10-06	0.016771	0.017406	0.037565	0.010483	1.647301	2794800.000000
2021-10-05	-0.005856	0.021064	0.022077	0.011651	-0.578522	3411500.000000
2021-10-04	0.023360	0.021921	0.046470	0.020368	2.255234	4645600.000000
2021-10-01	0.008915	0.026225	0.033331	0.020059	0.853073	4598500.000000
2021-09-30	-0.007627	0.021717	0.023583	0.011761	-0.735397	2962300.000000
2021-09-29	0.013292	0.019850	0.040657	0.018799	1.264877	3299000.000000
2021-09-28	-0.005941	0.017970	0.022253	0.008882	-0.568695	3126800.000000
2021-09-27	-0.008430	0.019746	0.031244	0.009906	-0.813858	2772800.000000
2021-09-24	0.000610	0.018295	0.026898	0.014564	0.058838	3010800.000000
2021-09-23	-0.001421	0.020574	0.029268	0.016331	-0.137283	2419900.000000
2021-09-22	-0.003841	0.023252	0.025417	0.012221	-0.372597	2732900.000000
2021-09-21	-0.007226	0.022716	0.028345	0.011559	-0.705994	3274900.000000
2021-09-20	-0.000301	0.015962	0.026398	0.008185	-0.029411	4907800.000000
2021-09-17	-0.017158	0.015727	0.021560	0.001346	-1.706131	6699200.000000
2021-09-16	-0.006077	0.024448	0.027646	0.012353	-0.607933	3219100.000000
2021-09-15	0.004133	0.016237	0.027980	0.011720	0.411819	2795800.000000
2021-09-14	-0.010902	0.022530	0.027593	0.007440	-1.098206	3421700.000000
2021-09-13	-0.004554	0.027558	0.029930	0.013426	-0.460838	2801100.000000
2021-09-10	-0.013573	0.020142	0.021507	0.005520	-1.392372	2391700.000000
2021-09-09	-0.006741	0.017526	0.020044	0.012104	-0.696175	2317700.000000
2021-09-08	0.020640	0.020542	0.044061	0.015008	2.088547	3616300.000000
2021-09-07	-0.023467	0.018306	0.018981	-0.004373	-2.431732	4472500.000000
2021-09-03	-0.009095	0.017364	0.019754	0.008566	-0.951126	3043700.000000
2021-09-02	0.004994	0.020619	0.027826	0.018697	0.519691	2792500.000000
2021-09-01	0.013950	0.022188	0.036610	0.019947	1.431572	2499500.000000
2021-08-31	-0.001241	0.020336	0.027928	0.016054	-0.127464	3069300.000000
2021-08-30	0.001146	0.018193	0.024624	0.016635	0.117668	1947800.000000
2021-08-27	-0.001717	0.022087	0.024519	0.016543	-0.176498	1724400.000000
2021-08-26	-0.005029	0.020043	0.021785	0.014430	-0.519684	2495800.000000
2021-08-25	0.002187	0.019656	0.027706	0.012867	0.225517	2357900.000000
2021-08-24	-0.006425	0.021777	0.023126	0.005973	-0.666763	3730600.000000
2021-08-23	-0.012872	0.018423	0.022323	0.005296	-1.353134	2712700.000000
2021-08-20	0.003088	0.013648	0.024239	0.008018	0.323578	2569100.000000
2021-08-19	-0.001588	0.019945	0.030996	0.016515	-0.166702	2464600.000000
2021-08-18	-0.006128	0.020418	0.021081	0.009056	-0.647148	2834100.000000
2021-08-17	-0.000928	0.019661	0.023918	0.009823	-0.098053	2151900.000000
2021-08-16	0.017075	0.023025	0.042748	0.021389	1.774773	3286700.000000
2021-08-13	0.002933	0.022648	0.025640	0.018306	0.303963	2010900.000000
2021-08-12	-0.004380	0.016343	0.023164	0.013269	-0.455948	2227000.000000
2021-08-11	0.002245	0.032972	0.038075	0.029987	0.233162	2510400.000000
2021-08-10	0.007066	0.032707	0.039882	0.027858	0.728645	2022100.000000
2021-08-09	-0.007573	0.026811	0.029794	0.014974	-0.786926	2435800.000000
2021-08-06	-0.008987	0.024449	0.030553	0.019299	-0.942375	2617800.000000
2021-08-05	0.011243	0.029506	0.041561	0.025455	1.165817	2843600.000000
2021-08-04	0.001126	0.026223	0.033078	0.017341	0.116592	2261800.000000
2021-08-03	0.003955	0.031445	0.042592	0.027277	0.408028	2398900.000000
2021-08-02	0.010275	0.032055	0.044492	0.029803	1.049248	3392300.000000
2021-07-30	-0.005394	0.029313	0.039345	0.021521	-0.553764	2567700.000000
2021-07-29	0.000284	0.031846	0.033307	0.022688	0.029152	1477900.000000
2021-07-28	-0.006676	0.028345	0.029700	0.013732	-0.689789	2144700.000000
2021-07-27	0.017020	0.027246	0.049982	0.024096	1.729301	2036000.000000
2021-07-26	0.001053	0.030594	0.035028	0.024190	0.106880	3170100.000000
2021-07-23	0.015060	0.030713	0.046015	0.030713	1.505852	1896100.000000
2021-07-22	-0.002326	0.029413	0.037395	0.025322	-0.233162	2948600.000000
2021-07-21	-0.005591	0.031099	0.032885	0.023161	-0.563484	2078100.000000
2021-07-20	-0.001444	0.031195	0.044472	0.024755	-0.145729	2411400.000000
2021-07-19	-0.008305	0.025874	0.036191	0.009466	-0.845222	5548800.000000
2021-07-16	0.007889	0.030897	0.043573	0.028025	0.796638	2758800.000000
2021-07-15	0.012074	0.027709	0.042342	0.027709	1.204697	2869100.000000
2021-07-14	0.011524	0.029009	0.044621	0.019580	1.136681	2692900.000000
2021-07-13	0.000000	0.028603	0.032557	0.023636	0.000000	2774400.000000
2021-07-12	0.008643	0.024814	0.039334	0.021132	0.845222	2509100.000000
2021-07-09	0.000994	0.033305	0.034226	0.022557	0.097153	2676300.000000
2021-07-08	0.001893	0.025826	0.035774	0.023980	0.184586	2386200.000000
2021-07-07	0.005409	0.030550	0.036840	0.022611	0.524620	2044400.000000
2021-07-06	0.003216	0.030140	0.033244	0.017831	0.310898	3258100.000000
2021-07-02	-0.000402	0.031277	0.031277	0.025487	-0.038872	1779300.000000
2021-07-01	0.008408	0.031815	0.041304	0.025455	0.806366	2406900.000000
2021-06-30	0.006115	0.029837	0.038020	0.024697	0.582916	2493300.000000
2021-06-29	-0.018898	0.026740	0.031680	0.005332	-1.836182	2669200.000000
2021-06-28	0.002908	0.032203	0.039738	0.028487	0.281746	3192800.000000
2021-06-25	0.006561	0.032326	0.037209	0.028066	0.631493	3236200.000000
2021-06-24	-0.001612	0.029313	0.031699	0.023815	-0.155449	2448600.000000
2021-06-23	-0.011653	0.026750	0.034644	0.015780	-1.136681	3997300.000000
2021-06-22	-0.008982	0.024538	0.030939	0.018848	-0.884079	2562000.000000
2021-06-21	0.017066	0.034273	0.049463	0.030863	1.651581	3566100.000000
2021-06-18	-0.027436	0.025795	0.027604	0.000068	-2.729980	5190400.000000
2021-06-17	0.005992	0.029414	0.043063	0.026078	0.592636	3998700.000000
2021-06-16	-0.013660	0.034299	0.036094	0.014455	-1.369843	3865400.000000
2021-06-15	0.006730	0.030016	0.039151	0.026201	0.670349	2738600.000000
2021-06-14	0.005886	0.029313	0.035574	0.027596	0.582916	2003300.000000
2021-06-11	0.002163	0.027491	0.032855	0.023545	0.213730	1909000.000000
2021-06-10	0.003156	0.029211	0.034084	0.026876	0.310883	1783900.000000
2021-06-09	0.007953	0.029620	0.038318	0.027676	0.777222	1584800.000000
2021-06-08	-0.012468	0.032142	0.032142	0.014964	-1.233826	3147900.000000
2021-06-07	0.003745	0.030023	0.036717	0.029009	0.369171	3335100.000000
2021-06-04	-0.001869	0.032350	0.033565	0.026478	-0.184586	2771400.000000
2021-06-03	0.009833	0.024815	0.043013	0.024201	0.961807	3401900.000000
2021-06-02	0.005995	0.032707	0.041552	0.025610	0.582909	1889900.000000
2021-06-01	-0.001397	0.032599	0.034756	0.022740	-0.136017	2816100.000000
2021-05-28	0.002100	0.033018	0.037135	0.029107	0.204018	2271200.000000
2021-05-27	-0.010879	0.031349	0.031858	0.016995	-1.068665	4251100.000000
2021-05-26	-0.001974	0.029211	0.032361	0.023928	-0.194305	2607800.000000
2021-05-25	-0.009774	0.027401	0.028810	0.014121	-0.971519	3015000.000000
2021-05-24	-0.005347	0.031615	0.035818	0.022308	-0.534340	2726500.000000
2021-05-21	0.005769	0.031930	0.037365	0.025790	0.573204	4136400.000000
2021-05-20	0.010973	0.030839	0.045797	0.029618	1.078377	3110200.000000
2021-05-19	-0.012977	0.026400	0.028007	0.005511	-1.292122	4371600.000000
2021-05-18	0.000391	0.026801	0.035944	0.024390	0.038872	4857100.000000
2021-05-17	-0.005919	0.030412	0.078651	0.022521	-0.592636	5583000.000000
2021-05-14	0.000582	0.032411	0.037607	0.025516	0.058289	2409600.000000
2021-05-13	0.027380	0.030802	0.063553	0.029262	2.666832	3318200.000000
2021-05-12	-0.023256	0.038519	0.040023	0.014351	-2.319046	4477600.000000
2021-05-11	-0.001060	0.043628	0.047836	0.029003	-0.105850	4487600.000000
2021-05-10	0.028554	0.043548	0.112788	0.041281	2.771309	8173900.000000
2021-05-07	0.003183	0.037670	0.048420	0.035603	0.307922	4544800.000000
2021-05-06	0.011876	0.043404	0.053654	0.039116	1.135468	2051600.000000
2021-05-05	-0.014090	0.036333	0.037983	0.017257	-1.366409	3582200.000000
2021-05-04	0.000695	0.039221	0.043039	0.033029	0.067360	3096400.000000
2021-05-03	0.000199	0.040562	0.051709	0.036021	0.019241	3572100.000000
2021-04-30	0.011451	0.042457	0.051330	0.036297	1.096970	2574800.000000
2021-04-29	0.009942	0.040380	0.050396	0.039326	0.943024	2172000.000000
2021-04-28	-0.000406	0.042171	0.045017	0.033530	-0.038498	2514600.000000
2021-04-27	-0.005948	0.036706	0.038697	0.030211	-0.567726	3441300.000000
2021-04-26	-0.006510	0.040157	0.040157	0.030478	-0.625473	2749800.000000
2021-04-23	-0.002298	0.039324	0.043166	0.032575	-0.221321	2849400.000000
2021-04-22	-0.009991	0.040454	0.040454	0.028426	-0.971878	3866800.000000
2021-04-21	-0.003156	0.038811	0.041680	0.030612	-0.307930	3741900.000000
2021-04-20	0.012076	0.039739	0.056126	0.037769	1.164345	3171600.000000
2021-04-19	-0.004669	0.039324	0.040046	0.028794	-0.452271	3491600.000000
2021-04-16	0.009223	0.040262	0.053598	0.039221	0.885284	3820900.000000
2021-04-15	0.009717	0.039746	0.050792	0.038694	0.923759	3271600.000000
2021-04-14	0.002944	0.037005	0.043335	0.034262	0.279060	3604100.000000
2021-04-13	0.008808	0.033686	0.052099	0.030387	0.827545	3661300.000000
2021-04-12	0.001025	0.034959	0.045293	0.034213	0.096222	3784600.000000
2021-04-09	-0.000819	0.043266	0.051144	0.037304	-0.076973	2028700.000000
2021-04-08	-0.002045	0.040389	0.042726	0.034440	-0.192451	4922400.000000
2021-04-07	0.002562	0.040605	0.044333	0.036877	0.240562	2549200.000000
2021-04-06	0.006603	0.037398	0.046404	0.030000	0.615845	3634300.000000
2021-04-05	0.006751	0.039976	0.054116	0.038033	0.625481	2839800.000000
2021-04-01	-0.002590	0.038144	0.039221	0.026409	-0.240570	2876100.000000
2021-03-31	0.003013	0.035657	0.045160	0.034901	0.279060	3480700.000000
2021-03-30	-0.013732	0.039327	0.039860	0.017708	-1.289436	3275100.000000
2021-03-29	0.018261	0.038787	0.061885	0.033690	1.683945	4941200.000000
2021-03-26	0.003140	0.037045	0.043789	0.031279	0.288681	6036000.000000
2021-03-25	0.012078	0.045606	0.055846	0.039331	1.096985	2622900.000000
2021-03-24	0.003935	0.033805	0.051490	0.032368	0.356041	3024300.000000
2021-03-23	0.009665	0.037770	0.055626	0.033975	0.866020	3852900.000000
2021-03-22	0.004314	0.039221	0.045049	0.032272	0.384911	4107800.000000
2021-03-19	0.004224	0.040796	0.050701	0.031004	0.375275	11280800.000000
2021-03-18	0.005226	0.038881	0.048385	0.032885	0.461891	3471800.000000
2021-03-17	-0.012578	0.038550	0.042461	0.022016	-1.125839	4138400.000000
2021-03-16	0.007473	0.037645	0.051039	0.033368	0.663948	3140100.000000
2021-03-15	0.010175	0.044678	0.052296	0.040699	0.894905	4261000.000000
2021-03-12	0.007829	0.042887	0.053659	0.039221	0.683205	3462300.000000
2021-03-11	-0.001101	0.037847	0.056505	0.033383	-0.096222	3565200.000000
2021-03-10	-0.001759	0.039220	0.047790	0.035221	-0.153969	4227800.000000
2021-03-09	0.008091	0.039221	0.053619	0.034268	0.702454	3228200.000000
2021-03-08	0.019090	0.044738	0.070915	0.039573	1.626221	3740800.000000
2021-03-05	0.023942	0.042706	0.069751	0.035855	1.991882	3788000.000000
2021-03-04	-0.009281	0.039578	0.057083	0.024217	-0.779427	4197300.000000
2021-03-03	0.000344	0.035051	0.041841	0.022067	0.028862	2724700.000000
2021-03-02	0.002298	0.039459	0.049130	0.032176	0.192444	2427600.000000
2021-03-01	0.016941	0.044199	0.068968	0.044199	1.395287	2828000.000000
2021-02-26	-0.017562	0.041845	0.057352	0.020612	-1.472267	3877300.000000
2021-02-25	-0.002519	0.038150	0.056117	0.031605	-0.211693	3423000.000000
2021-02-24	-0.019093	0.038053	0.038637	0.019262	-1.635849	2886400.000000
2021-02-23	0.007810	0.051454	0.059099	0.038280	0.663971	2640200.000000
2021-02-22	-0.000905	0.035812	0.041688	0.023356	-0.076988	2981400.000000
2021-02-19	-0.012286	0.038176	0.038176	0.024015	-1.058487	3537300.000000
2021-02-18	0.003700	0.039337	0.054017	0.038055	0.317543	3658400.000000
2021-02-17	0.009278	0.041455	0.053213	0.033459	0.789062	3772600.000000
2021-02-16	-0.016032	0.037138	0.043617	0.018510	-1.385658	2931600.000000
2021-02-12	-0.006636	0.033474	0.038876	0.024624	-0.577354	2742400.000000
2021-02-11	-0.024964	0.038828	0.040173	0.012494	-2.227623	3633400.000000
2021-02-10	0.004072	0.055098	0.059824	0.044296	0.361893	2356700.000000
2021-02-09	-0.002991	0.050147	0.055195	0.040948	-0.266655	1932900.000000
2021-02-08	-0.012033	0.048594	0.049370	0.030971	-1.085678	2087100.000000
2021-02-05	0.004133	0.051370	0.062277	0.046473	0.371407	2465900.000000
2021-02-04	0.010279	0.053183	0.062178	0.049135	0.914246	2375800.000000
2021-02-03	0.003115	0.045974	0.055787	0.043493	0.276192	2577200.000000
2021-02-02	-0.000644	0.049246	0.070210	0.044737	-0.057137	2240700.000000
2021-02-01	-0.008936	0.050593	0.054503	0.037635	-0.799973	2570900.000000
2021-01-29	0.027547	0.056118	0.085618	0.045099	2.399918	4967400.000000
2021-01-28	-0.002508	0.055187	0.072819	0.047058	-0.219048	2001000.000000
2021-01-27	-0.013022	0.043593	0.064047	0.032067	-1.152336	3002300.000000
2021-01-26	0.000108	0.048679	0.056138	0.038168	0.009521	2261500.000000
2021-01-25	0.029018	0.046778	0.082365	0.044220	2.495155	3469200.000000
2021-01-22	0.001220	0.045843	0.055740	0.041651	0.104752	1917500.000000
2021-01-21	-0.006609	0.046796	0.049919	0.038699	-0.571396	2254700.000000
2021-01-20	0.004426	0.049105	0.059678	0.039811	0.380936	2331300.000000
2021-01-19	-0.018782	0.055507	0.059611	0.029971	-1.647568	2486200.000000
2021-01-15	0.004909	0.041443	0.058283	0.037892	0.428551	2914600.000000
2021-01-14	0.001092	0.050035	0.054622	0.035929	0.095245	3097300.000000
2021-01-13	0.029574	0.050625	0.090652	0.050271	2.504669	3592500.000000
2021-01-12	-0.004032	0.048271	0.053210	0.030396	-0.342834	2860700.000000
2021-01-11	-0.008440	0.045254	0.054349	0.032311	-0.723785	2193700.000000
2021-01-08	0.001780	0.050736	0.055992	0.044545	0.152374	2752100.000000
2021-01-07	-0.011220	0.052807	0.056387	0.036521	-0.971413	2989500.000000
2021-01-06	0.012925	0.052375	0.073668	0.051439	1.104744	2823000.000000
2021-01-05	0.000446	0.050971	0.055653	0.042193	0.038086	2547400.000000
2021-01-04	-0.020205	0.052558	0.056572	0.022970	-1.761841	2683700.000000
2020-12-31	0.011042	0.050614	0.062557	0.046672	0.952347	1638800.000000
2020-12-30	0.007790	0.050736	0.064291	0.050736	0.666641	1838700.000000
2020-12-29	-0.004321	0.053293	0.059226	0.043403	-0.371399	2044400.000000
2020-12-28	0.006468	0.055773	0.061628	0.050737	0.552345	1473400.000000
2020-12-24	0.007076	0.052157	0.058054	0.047204	0.599983	733500.000000
2020-12-23	-0.005473	0.055312	0.064343	0.044053	-0.466652	1956500.000000
2020-12-22	0.004826	0.049917	0.055574	0.044142	0.409508	2831600.000000
2020-12-21	-0.013507	0.044106	0.046315	0.025156	-1.161858	4682100.000000
2020-12-18	-0.013112	0.049232	0.050953	0.035349	-1.142822	7342800.000000
2020-12-17	0.010043	0.058147	0.064173	0.054554	0.866631	4309900.000000
2020-12-16	-0.016285	0.053227	0.059953	0.032821	-1.428520	4057900.000000
2020-12-15	0.010754	0.051533	0.069738	0.047385	0.933311	4059600.000000
2020-12-14	-0.004479	0.059670	0.079171	0.044988	-0.390472	3684200.000000
2020-12-11	-0.002398	0.044199	0.051522	0.040193	-0.209526	3225100.000000
2020-12-10	0.004049	0.053482	0.057848	0.043601	0.352379	3628500.000000
2020-12-09	-0.001311	0.049805	0.052674	0.036036	-0.114288	2998200.000000
2020-12-08	-0.003919	0.043863	0.051749	0.033233	-0.342842	2409300.000000
2020-12-07	0.007899	0.044851	0.063398	0.043123	0.685692	2030700.000000
2020-12-04	-0.012994	0.048329	0.053673	0.024907	-1.142807	3172200.000000
2020-12-03	-0.016193	0.045672	0.048133	0.030235	-1.447586	2286100.000000
2020-12-02	0.006541	0.048233	0.057353	0.034835	0.580940	2173900.000000
2020-12-01	0.006475	0.060234	0.072472	0.055814	0.571404	2947300.000000
2020-11-30	-0.020507	0.044818	0.046150	0.020509	-1.847565	5012200.000000
2020-11-27	-0.016121	0.050035	0.050035	0.027647	-1.476135	1293800.000000
2020-11-25	-0.001143	0.046653	0.049817	0.034545	-0.104752	1959300.000000
2020-11-24	0.031394	0.062861	0.083787	0.056448	2.790382	4350900.000000
2020-11-23	0.008101	0.049354	0.059675	0.043570	0.714256	3795700.000000
2020-11-20	0.009597	0.050035	0.061256	0.046370	0.838074	4213800.000000
2020-11-19	0.001857	0.047855	0.052673	0.032597	0.161896	3368600.000000
2020-11-18	-0.014959	0.057606	0.061787	0.033536	-1.323761	2948800.000000
2020-11-17	-0.021998	0.042188	0.049924	0.025942	-1.990402	3178500.000000
2020-11-16	0.000316	0.061864	0.061864	0.044396	0.028557	2842900.000000
2020-11-13	0.007745	0.055160	0.062401	0.053934	0.695221	1887300.000000
2020-11-12	-0.021745	0.040825	0.045294	0.020118	-1.995171	3119000.000000
2020-11-11	0.001750	0.066448	0.077147	0.059460	0.160286	2704500.000000
2020-11-10	0.018239	0.064109	0.081340	0.048323	1.640656	3146100.000000
2020-11-09	0.020976	0.098802	0.122297	0.079507	1.848106	4148100.000000
2020-11-06	-0.008279	0.063704	0.075297	0.050647	-0.735474	2380500.000000
2020-11-05	0.007162	0.074950	0.099210	0.065313	0.631737	2531900.000000
2020-11-04	-0.020624	0.055556	0.073987	0.038679	-1.857513	2883700.000000
2020-11-03	0.018120	0.072308	0.091525	0.067448	1.602943	3512400.000000
2020-11-02	0.018565	0.069993	0.084616	0.062164	1.612366	2929900.000000
2020-10-30	-0.001409	0.053883	0.069290	0.048939	-0.122574	3304800.000000
2020-10-29	0.013849	0.057521	0.086314	0.044699	1.188057	3424900.000000
2020-10-28	-0.022351	0.046079	0.060894	0.035138	-1.961243	3658800.000000
2020-10-27	-0.001288	0.062145	0.069202	0.054178	-0.113152	2275900.000000
2020-10-26	0.004311	0.050950	0.068782	0.045578	0.377159	2711800.000000
2020-10-23	-0.011822	0.061794	0.065974	0.027569	-1.046623	4532000.000000
2020-10-22	0.014917	0.061469	0.076602	0.055393	1.301208	4162200.000000
2020-10-21	0.004888	0.059400	0.071151	0.054792	0.424316	2233300.000000
2020-10-20	-0.000109	0.061013	0.068961	0.057442	-0.009422	2243100.000000
2020-10-19	-0.003248	0.057682	0.066293	0.053433	-0.282883	2284000.000000
2020-10-16	0.004458	0.063089	0.073238	0.057899	0.386581	2811200.000000
2020-10-15	-0.007661	0.042241	0.062269	0.038579	-0.669449	2170600.000000
2020-10-14	-0.002690	0.059639	0.067172	0.050166	-0.235725	2420700.000000
2020-10-13	-0.002041	0.055199	0.062261	0.039936	-0.179161	2544400.000000
2020-10-12	-0.002036	0.059302	0.066804	0.052481	-0.179153	3131600.000000
2020-10-09	0.001610	0.060438	0.069319	0.047914	0.141441	3686800.000000
2020-10-08	0.020263	0.062759	0.085294	0.055906	1.744377	3253300.000000
2020-10-07	0.005839	0.070367	0.076442	0.059734	0.499741	2480000.000000
2020-10-06	-0.010573	0.060321	0.064367	0.045755	-0.914619	2993500.000000
2020-10-05	0.001747	0.053604	0.067153	0.041097	0.150864	3038400.000000
2020-10-02	0.016991	0.050777	0.085284	0.044535	1.442642	5925200.000000
2020-10-01	0.016825	0.054205	0.082108	0.049055	1.404922	6249600.000000
2020-09-30	0.074627	0.132491	0.151666	0.112286	5.798874	18804900.000000
2020-09-29	-0.005551	0.063111	0.067335	0.049930	-0.433746	2126100.000000
2020-09-28	0.004850	0.066982	0.081256	0.062995	0.377167	2424600.000000
2020-09-25	0.009796	0.055488	0.072499	0.051202	0.754333	3854600.000000
2020-09-24	0.004798	0.059900	0.075297	0.049200	0.367744	2582300.000000
2020-09-23	-0.017052	0.063245	0.066195	0.041827	-1.329514	2322700.000000
2020-09-22	0.001453	0.058497	0.079048	0.056570	0.113152	2703700.000000
2020-09-21	-0.004581	0.049045	0.055693	0.037794	-0.358307	3001600.000000
2020-09-18	-0.019504	0.055537	0.062307	0.039241	-1.555794	5035900.000000
2020-09-17	-0.002829	0.053177	0.059802	0.045551	-0.226288	3355800.000000
2020-09-16	0.004618	0.067459	0.073487	0.062059	0.367729	2904600.000000
2020-09-15	0.000829	0.067590	0.079279	0.054896	0.065994	2582500.000000
2020-09-14	0.016259	0.067577	0.084949	0.067577	1.272919	3438100.000000
2020-09-11	0.012561	0.061457	0.078788	0.057319	0.971207	3196800.000000
2020-09-10	-0.007144	0.055801	0.062350	0.045400	-0.556313	3591200.000000
2020-09-09	0.023040	0.082753	0.102065	0.075265	1.753792	4411100.000000
2020-09-08	-0.002964	0.061731	0.064088	0.039726	-0.226295	3252000.000000
2020-09-04	-0.002095	0.061598	0.069440	0.044737	-0.160286	2820200.000000
2020-09-03	-0.004051	0.065108	0.076564	0.045842	-0.311157	3134800.000000
2020-09-02	0.028532	0.060954	0.096569	0.057473	2.130959	3626200.000000
2020-09-01	-0.014065	0.053952	0.058440	0.042467	-1.065475	3194100.000000
2020-08-31	0.007904	0.060419	0.084767	0.059222	0.594032	3569300.000000
2020-08-28	0.002011	0.065485	0.066418	0.052553	0.150856	3190500.000000
2020-08-27	0.000000	0.062285	0.071484	0.056152	0.000000	2932800.000000
2020-08-26	-0.016079	0.054911	0.057535	0.040351	-1.225784	3367900.000000
2020-08-25	-0.007610	0.060943	0.060943	0.047014	-0.584587	2769200.000000
2020-08-24	0.005802	0.065527	0.069193	0.054005	0.443153	2679100.000000
2020-08-21	-0.000494	0.062646	0.064347	0.050606	-0.037712	3911100.000000
2020-08-20	-0.007593	0.055357	0.059902	0.046266	-0.584610	2715200.000000
2020-08-19	0.000000	0.063409	0.067435	0.057954	0.000000	2623100.000000
2020-08-18	-0.011380	0.060167	0.062735	0.046428	-0.886314	2606900.000000
2020-08-17	0.005478	0.062359	0.072945	0.054226	0.424294	3849500.000000
2020-08-14	-0.007131	0.059527	0.062603	0.050170	-0.556305	2016100.000000
2020-08-13	-0.007378	0.056417	0.058962	0.043312	-0.579887	3219200.000000
2020-08-12	0.007769	0.077318	0.087063	0.074882	0.605888	3397100.000000
2020-08-11	-0.012860	0.075741	0.077007	0.056502	-1.016022	4546200.000000
2020-08-10	-0.021360	0.080014	0.080262	0.047065	-1.724411	4323300.000000
2020-08-07	0.028500	0.067479	0.104425	0.066078	2.237083	4289500.000000
2020-08-06	0.008382	0.069747	0.084135	0.062039	0.652466	3036300.000000
2020-08-05	-0.013933	0.073210	0.074984	0.054969	-1.099884	2861400.000000
2020-08-04	0.010500	0.068862	0.087679	0.066814	0.820259	3234500.000000
2020-08-03	-0.010975	0.071944	0.072957	0.052194	-0.866867	2552200.000000
2020-07-31	0.002010	0.066233	0.075874	0.060525	0.158455	3292100.000000
2020-07-30	-0.004707	0.064497	0.067906	0.054144	-0.372841	2828600.000000
2020-07-29	0.004373	0.071942	0.078537	0.063192	0.344879	2501600.000000
2020-07-28	0.040718	0.072302	0.121529	0.071774	3.085297	4851400.000000
2020-07-27	-0.018118	0.069072	0.070886	0.050801	-1.398163	4198700.000000
2020-07-24	-0.014287	0.077428	0.084454	0.055331	-1.118538	2953100.000000
2020-07-23	-0.001901	0.071683	0.075890	0.064288	-0.149132	2373100.000000
2020-07-22	0.022106	0.068530	0.101237	0.062275	1.696442	3763300.000000
2020-07-21	0.015166	0.078121	0.095186	0.072830	1.146500	3892800.000000
2020-07-20	-0.015777	0.068273	0.070617	0.053951	-1.211754	3271400.000000
2020-07-17	0.016406	0.081035	0.093474	0.077991	1.239716	4603000.000000
2020-07-16	0.007957	0.076431	0.084968	0.072830	0.596550	2874300.000000
2020-07-15	-0.015424	0.083205	0.085306	0.054838	-1.174461	4501700.000000
2020-07-14	0.003316	0.072830	0.086665	0.072435	0.251663	4218200.000000
2020-07-13	0.001230	0.070587	0.081405	0.068080	0.093208	2205100.000000
2020-07-10	0.019814	0.073503	0.097586	0.073099	1.472748	2545700.000000
2020-07-09	-0.020874	0.071381	0.071381	0.042136	-1.584602	3457400.000000
2020-07-08	0.007671	0.073361	0.087830	0.066326	0.577919	3434200.000000
2020-07-07	0.012655	0.064630	0.091246	0.063958	0.941437	4129600.000000
2020-07-06	-0.024804	0.055264	0.073092	0.037174	-1.892189	5997800.000000
2020-07-02	-0.001099	0.082127	0.085794	0.066414	-0.083893	2819700.000000
2020-07-01	0.025535	0.073904	0.106268	0.071084	1.901512	2835800.000000
2020-06-30	-0.004486	0.070691	0.075905	0.055184	-0.335556	4890000.000000
2020-06-29	0.016724	0.081529	0.090772	0.067257	1.230385	2953700.000000
2020-06-26	-0.006545	0.071480	0.079177	0.047579	-0.484695	5321500.000000
2020-06-25	-0.012675	0.068031	0.069630	0.050432	-0.950752	3984800.000000
2020-06-24	-0.016860	0.062737	0.066145	0.046222	-1.286331	3675900.000000
2020-06-23	-0.008239	0.082060	0.085439	0.059311	-0.633827	3771600.000000
2020-06-22	0.005115	0.075574	0.091645	0.062377	0.391487	3878700.000000
2020-06-19	-0.042672	0.084963	0.087340	0.027050	-3.411530	8089900.000000
2020-06-18	-0.005104	0.065986	0.074946	0.057772	-0.410133	3480100.000000
2020-06-17	-0.008511	0.073447	0.077889	0.054693	-0.689766	4181800.000000
2020-06-16	-0.000115	0.097998	0.103920	0.066045	-0.009315	3865100.000000
2020-06-15	0.002536	0.051804	0.081240	0.042651	0.205048	4501000.000000
2020-06-12	-0.003904	0.095622	0.096361	0.056198	-0.316902	3935700.000000
2020-06-11	-0.034483	0.056296	0.059269	0.027033	-2.898888	4974100.000000
2020-06-10	-0.001439	0.073899	0.080313	0.063090	-0.121178	2721400.000000
2020-06-09	-0.017300	0.062208	0.063025	0.038046	-1.482063	3023400.000000
2020-06-08	0.027042	0.072470	0.105318	0.068274	2.255722	2771000.000000
2020-06-05	0.011872	0.084475	0.110677	0.081443	0.978714	3353300.000000
2020-06-04	-0.008853	0.067660	0.074633	0.051789	-0.736366	3640800.000000
2020-06-03	0.017794	0.080907	0.097060	0.076868	1.454109	2449600.000000
2020-06-02	0.002630	0.077492	0.080928	0.062524	0.214386	3446800.000000
2020-06-01	0.021137	0.075461	0.097261	0.067819	1.687119	2438800.000000
2020-05-29	-0.002330	0.069205	0.079580	0.058331	-0.186417	4017500.000000
2020-05-28	0.025203	0.087310	0.103328	0.085132	1.966751	3957600.000000
2020-05-27	0.010989	0.089802	0.090838	0.071275	0.848228	3606600.000000
2020-05-26	-0.005046	0.088685	0.091391	0.065869	-0.391495	3910200.000000
2020-05-22	0.010809	0.070876	0.085599	0.066967	0.829582	2760600.000000
2020-05-21	-0.011643	0.069611	0.078754	0.056089	-0.904144	3108000.000000
2020-05-20	0.000240	0.081331	0.083135	0.070898	0.018646	2710900.000000
2020-05-19	-0.019195	0.066008	0.066008	0.051732	-1.519348	3020800.000000
2020-05-18	0.045941	0.092651	0.128989	0.091197	3.476776	6747800.000000
2020-05-15	-0.013487	0.062141	0.066182	0.045064	-1.034645	5250700.000000
2020-05-14	0.016740	0.060305	0.091982	0.056594	1.263023	3649300.000000
2020-05-13	0.000122	0.080980	0.088271	0.068653	0.009201	3998300.000000
2020-05-12	0.002694	0.096387	0.111937	0.088279	0.202713	3524700.000000
2020-05-11	-0.001468	0.080975	0.091858	0.066111	-0.110580	3924200.000000
2020-05-08	0.018304	0.101302	0.109141	0.087923	1.354408	2875200.000000
2020-05-07	0.002997	0.096470	0.104061	0.084948	0.221123	3426400.000000
2020-05-06	-0.036926	0.085877	0.088358	0.044886	-2.828560	3581900.000000
2020-05-05	0.006172	0.087982	0.101905	0.087719	0.469894	2781000.000000
2020-05-04	-0.000121	0.086537	0.089426	0.067493	-0.009216	2947400.000000
2020-05-01	-0.023860	0.075099	0.076253	0.052407	-1.861145	3036700.000000
2020-04-30	-0.022740	0.077462	0.082599	0.054660	-1.815063	3536500.000000
2020-04-29	-0.011412	0.096626	0.099227	0.070740	-0.921364	2997600.000000
2020-04-28	0.010144	0.102495	0.115257	0.092611	0.810783	3135500.000000
2020-04-27	0.012370	0.092828	0.110560	0.091435	0.976646	2593100.000000
2020-04-24	0.006696	0.089818	0.098743	0.067249	0.525177	3723900.000000
2020-04-23	-0.023293	0.089464	0.098182	0.057333	-1.870377	3298100.000000
2020-04-22	0.020014	0.101996	0.122956	0.098566	1.575546	3089900.000000
2020-04-21	-0.013964	0.067694	0.082850	0.056921	-1.114853	3682900.000000
2020-04-20	-0.038291	0.072827	0.077886	0.042953	-3.178673	3144000.000000
2020-04-17	0.028656	0.106792	0.122529	0.085107	2.312599	4299100.000000
2020-04-16	0.000571	0.091058	0.098373	0.079032	0.046066	2335100.000000
2020-04-15	-0.031851	0.062308	0.073711	0.045503	-2.653511	3694300.000000
2020-04-14	0.035027	0.109954	0.129087	0.095915	2.819351	3812800.000000
2020-04-13	-0.032665	0.076702	0.081990	0.038725	-2.717995	3800500.000000
2020-04-09	0.056257	0.098049	0.180561	0.095764	4.431725	6536800.000000
2020-04-08	0.067282	0.090639	0.173012	0.084271	4.966118	6729500.000000
2020-04-07	-0.014031	0.115411	0.117949	0.068657	-1.050354	3522900.000000
2020-04-06	0.068798	0.122476	0.170447	0.119478	4.818710	3960100.000000
2020-04-03	-0.042449	0.070864	0.084671	0.033268	-3.104973	2907200.000000
2020-04-02	0.023462	0.069404	0.118795	0.066745	1.676857	3665500.000000
2020-04-01	-0.040925	0.045634	0.070191	0.024699	-3.049690	4600700.000000
2020-03-31	-0.030913	0.071180	0.091857	0.046992	-2.377098	5115500.000000
2020-03-30	0.040778	0.101055	0.136110	0.090498	3.012825	5300800.000000
2020-03-27	-0.012317	0.043112	0.118775	0.042042	-0.921349	5091300.000000
2020-03-26	0.086735	0.092183	0.190244	0.089713	5.970406	6163700.000000
2020-03-25	0.044895	0.080649	0.192372	0.065469	2.957550	6573700.000000
2020-03-24	0.114575	0.133743	0.216646	0.118854	6.771980	6516900.000000
2020-03-23	-0.062135	0.053461	0.077897	-0.014136	-3.915771	7060100.000000
2020-03-20	-0.088608	0.096924	0.099093	-0.015155	-6.127037	8975700.000000
2020-03-19	-0.053355	0.083164	0.083849	0.013071	-3.897331	6361700.000000
2020-03-18	-0.078139	0.022379	0.047241	-0.026083	-6.191513	6426500.000000
2020-03-17	0.123008	0.113700	0.226658	0.107606	8.679176	6712800.000000
2020-03-16	-0.107147	0.003482	0.071182	-0.038277	-8.467262	7118500.000000
2020-03-13	0.065730	0.146446	0.157910	0.078881	4.873962	6156000.000000
2020-03-12	-0.115021	0.020549	0.030693	-0.092952	-9.637398	7684400.000000
2020-03-11	-0.043240	0.060690	0.063887	0.025292	-3.786789	6268200.000000
2020-03-10	0.004969	0.097519	0.108765	0.048978	0.433052	6386600.000000
2020-03-09	-0.045129	0.035498	0.059604	0.017417	-4.118469	5616000.000000
2020-03-06	-0.010786	0.056305	0.078526	0.036035	-0.995064	5522600.000000
2020-03-05	-0.014953	0.071688	0.083646	0.057060	-1.400467	4327400.000000
2020-03-04	0.063173	0.097615	0.154374	0.096480	5.565002	4284200.000000
2020-03-03	-0.010965	0.084120	0.108259	0.064472	-0.976646	5060500.000000
2020-03-02	0.054199	0.084763	0.147375	0.083461	4.579155	6803600.000000
2020-02-28	-0.034635	0.066045	0.066045	0.021369	-3.031281	7908900.000000
2020-02-27	-0.039923	0.076031	0.089304	0.041695	-3.639343	4784000.000000
2020-02-26	-0.003324	0.085573	0.098693	0.080435	-0.304062	3152200.000000
2020-02-25	-0.029619	0.087583	0.089386	0.050556	-2.791710	4093000.000000
2020-02-24	-0.001269	0.081646	0.099766	0.077832	-0.119766	5282900.000000
2020-02-21	0.009859	0.084285	0.102048	0.083964	0.921356	3520000.000000
2020-02-20	0.000099	0.082679	0.089849	0.080967	0.009209	2711000.000000
2020-02-19	-0.005881	0.087483	0.089185	0.078440	-0.552811	2809100.000000
2020-02-18	0.007306	0.089320	0.097786	0.088034	0.681801	6256900.000000
2020-02-14	0.011687	0.085897	0.103352	0.085138	1.077980	6300400.000000
2020-02-13	0.032328	0.094700	0.123576	0.091902	2.888458	5132500.000000
2020-02-12	0.009589	0.095818	0.110056	0.095253	0.848595	4377700.000000
2020-02-11	0.007898	0.097526	0.107434	0.096615	0.693466	2993100.000000
2020-02-10	-0.000415	0.096956	0.097525	0.089556	-0.036484	2647800.000000
2020-02-07	-0.006809	0.099549	0.100002	0.087565	-0.602234	2747900.000000
2020-02-06	-0.002162	0.094465	0.098752	0.092208	-0.191612	1611100.000000
2020-02-05	0.005590	0.093889	0.104554	0.092528	0.492729	2319300.000000
2020-02-04	-0.010955	0.094585	0.099859	0.083364	-0.976341	2802600.000000
2020-02-03	0.000410	0.095931	0.098737	0.092339	0.036484	2666200.000000
2020-01-31	0.001642	0.094807	0.102453	0.090309	0.146004	3175200.000000
2020-01-30	0.007442	0.093326	0.104993	0.092080	0.656982	3273100.000000
2020-01-29	0.005613	0.097526	0.105956	0.095362	0.492737	2335700.000000
2020-01-28	0.001145	0.098212	0.107221	0.095133	0.100365	3696500.000000
2020-01-27	-0.001870	0.094224	0.100257	0.089557	-0.164253	2481100.000000
2020-01-24	0.002082	0.094220	0.101977	0.092852	0.182503	2218600.000000
2020-01-23	0.008079	0.095586	0.105705	0.094897	0.702599	3824900.000000
2020-01-22	0.005486	0.098359	0.105296	0.096856	0.474480	3638500.000000
2020-01-21	0.011417	0.099205	0.109262	0.093826	0.976334	3429000.000000
2020-01-17	0.005795	0.095461	0.104635	0.093579	0.492744	3053500.000000
2020-01-16	0.007460	0.099249	0.106951	0.098064	0.629601	3244200.000000
2020-01-15	0.013034	0.098812	0.111296	0.096652	1.085838	2357300.000000
2020-01-14	0.000657	0.094970	0.098334	0.087043	0.054733	3009800.000000
2020-01-13	0.008846	0.096658	0.109382	0.096658	0.729973	2979000.000000
2020-01-10	-0.001986	0.099076	0.103309	0.092908	-0.164238	3225000.000000
2020-01-09	0.002434	0.094476	0.100538	0.092052	0.200737	2377200.000000
2020-01-08	0.001440	0.098238	0.103216	0.092168	0.118637	2583300.000000
2020-01-07	-0.006275	0.096535	0.096535	0.083867	-0.520111	3980900.000000
2020-01-06	0.004867	0.095931	0.103690	0.094719	0.401474	2410300.000000
2020-01-03	0.000664	0.094597	0.104787	0.093626	0.054756	2825400.000000
2020-01-02	-0.009538	0.096772	0.102780	0.081753	-0.793846	3921800.000000
