2022-12-30	-0.015540	-0.004219	0.004827	-0.021028	-10.289978	268500.000000
2022-12-29	0.019662	0.011695	0.032253	0.001347	12.768005	283900.000000
2022-12-28	-0.003117	0.013163	0.015849	-0.002618	-2.030151	303400.000000
2022-12-27	-0.004714	0.010434	0.010434	-0.007900	-3.085022	189800.000000
2022-12-23	0.003969	-0.001156	0.010196	-0.015728	2.587402	214300.000000
2022-12-22	-0.016323	-0.013068	-0.002913	-0.032910	-10.817444	350600.000000
2022-12-21	0.021161	0.014364	0.034334	0.010327	13.733276	343000.000000
2022-12-20	-0.009177	0.000766	0.008980	-0.010639	-6.010803	422900.000000
2022-12-19	-0.014450	-0.000123	0.005459	-0.014251	-9.603333	409800.000000
2022-12-16	-0.034020	0.001311	0.001311	-0.038862	-23.406250	1426500.000000
2022-12-15	-0.017159	-0.014999	0.006015	-0.020199	-12.011719	583400.000000
2022-12-14	-0.005064	0.004829	0.023320	-0.005987	-3.562683	553600.000000
2022-12-13	0.039155	0.040097	0.055974	0.030925	26.511230	618700.000000
2022-12-12	0.006762	0.005482	0.011920	-0.001566	4.547913	336100.000000
2022-12-09	-0.011034	-0.002995	0.014651	-0.009642	-7.503601	423700.000000
2022-12-08	-0.002598	0.005972	0.014890	-0.003752	-1.771362	360500.000000
2022-12-07	-0.002548	0.005604	0.019502	-0.002150	-1.741516	346800.000000
2022-12-06	0.003800	0.004858	0.012083	-0.008418	2.587402	377800.000000
2022-12-05	-0.010413	-0.002016	0.013751	-0.008250	-7.165161	345200.000000
2022-12-02	-0.009568	-0.006902	-0.000885	-0.021612	-6.647766	524500.000000
2022-12-01	0.010859	0.011186	0.029475	0.004930	7.463745	474200.000000
2022-11-30	0.029346	-0.000354	0.037686	-0.002945	19.594849	781600.000000
2022-11-29	0.012602	0.003568	0.020478	-0.005273	8.309631	401500.000000
2022-11-28	-0.017861	-0.008115	-0.000683	-0.018452	-11.991699	595600.000000
2022-11-25	0.004302	0.005306	0.009480	0.002374	2.875977	130500.000000
2022-11-23	0.023930	0.009529	0.029180	0.006022	15.624146	284700.000000
2022-11-22	0.001802	0.004259	0.007481	-0.004778	1.174255	427900.000000
2022-11-21	0.011554	0.001505	0.020146	-0.003213	7.443909	415000.000000
2022-11-18	0.011673	0.022507	0.022743	0.004057	7.433838	382500.000000
2022-11-17	-0.012271	-0.009225	-0.001858	-0.019089	-7.911560	331000.000000
2022-11-16	-0.014211	0.007090	0.008466	-0.009835	-9.294861	492500.000000
2022-11-15	0.033640	0.017990	0.040716	0.016362	21.286560	474500.000000
2022-11-14	-0.032788	-0.003328	-0.000179	-0.024024	-21.450684	413900.000000
2022-11-11	0.019444	0.005456	0.032538	0.005456	12.478210	664100.000000
2022-11-10	0.083703	0.040609	0.099511	0.040609	49.566467	725600.000000
2022-11-09	0.002851	0.013533	0.031501	0.004100	1.683594	480100.000000
2022-11-08	-0.016933	0.011455	0.016366	-0.012136	-10.170837	544500.000000
2022-11-07	-0.007478	0.010880	0.020034	0.001676	-4.525879	517600.000000
2022-11-04	0.043974	0.014121	0.058834	-0.001370	25.491333	776800.000000
2022-11-03	0.065726	0.065590	0.103057	0.050919	35.751221	831200.000000
2022-11-02	-0.009486	0.005259	0.034322	-0.004338	-5.209167	677600.000000
2022-11-01	-0.021061	0.021290	0.027512	-0.014630	-11.814758	590500.000000
2022-10-31	-0.002834	-0.005868	0.014183	-0.008410	-1.594421	540400.000000
2022-10-28	0.023643	0.000477	0.045494	-0.002508	12.993225	456100.000000
2022-10-27	-0.000378	0.015686	0.028782	0.003409	-0.208008	499100.000000
2022-10-26	0.000451	0.007628	0.019783	-0.001380	0.247620	424300.000000
2022-10-25	0.044676	0.016486	0.056541	0.016486	23.500732	478600.000000
2022-10-24	-0.006435	0.019257	0.022525	-0.006695	-3.406738	355200.000000
2022-10-21	0.015963	0.006552	0.025914	-0.004885	8.318726	528800.000000
2022-10-20	0.001294	0.012024	0.024263	0.001033	0.673462	439700.000000
2022-10-19	-0.027193	-0.007309	-0.001982	-0.018020	-14.548035	386200.000000
2022-10-18	0.025222	0.035014	0.053123	0.027215	13.161621	449800.000000
2022-10-17	0.042601	0.035550	0.055490	0.035550	21.321930	549500.000000
2022-10-14	-0.032765	0.029449	0.029449	-0.026768	-16.954559	494900.000000
2022-10-13	0.020806	-0.021018	0.039249	-0.023720	10.547089	622900.000000
2022-10-12	-0.023727	0.000570	0.007677	-0.015319	-12.319794	468000.000000
2022-10-11	-0.006876	0.010445	0.014347	-0.019584	-3.594910	556100.000000
2022-10-10	-0.025708	0.016223	0.021981	-0.016463	-13.795410	487100.000000
2022-10-07	-0.027932	-0.004173	0.004033	-0.025295	-15.419556	473400.000000
2022-10-06	-0.036272	0.008063	0.014994	-0.030448	-20.777283	585100.000000
2022-10-05	-0.016025	-0.008057	0.001408	-0.019153	-9.329041	344800.000000
2022-10-04	0.015426	0.016908	0.039165	0.016420	8.843689	519500.000000
2022-10-03	0.017685	0.017354	0.032176	0.012650	9.962830	425300.000000
2022-09-30	0.013271	0.022563	0.031610	0.013534	7.378052	602500.000000
2022-09-29	-0.026210	-0.005394	-0.000367	-0.021543	-14.963989	546600.000000
2022-09-28	0.015519	0.019966	0.029518	0.002286	8.724854	519700.000000
2022-09-27	-0.023900	0.013732	0.030660	-0.014689	-13.765747	498800.000000
2022-09-26	-0.019456	0.004735	0.013042	-0.019321	-11.428406	658300.000000
2022-09-23	-0.026475	-0.009220	-0.007662	-0.021816	-15.974182	932400.000000
2022-09-22	-0.017640	0.005979	0.006337	-0.009211	-10.834351	524300.000000
2022-09-21	0.006002	0.021140	0.037633	0.013622	3.664307	563000.000000
2022-09-20	-0.015113	0.003320	0.003498	-0.015441	-9.368652	926900.000000
2022-09-19	0.001937	0.001368	0.013345	-0.010479	1.198364	718900.000000
2022-09-16	0.013678	0.014197	0.025911	0.002843	8.348511	819700.000000
2022-09-15	-0.016531	0.007501	0.011030	-0.013381	-10.259827	400200.000000
2022-09-14	-0.015072	0.006075	0.009693	-0.013366	-9.497375	335300.000000
2022-09-13	-0.043879	-0.010606	-0.009028	-0.036174	-28.917847	381700.000000
2022-09-12	0.011522	0.009757	0.026732	0.009373	7.506714	313800.000000
2022-09-09	0.010739	0.007259	0.024184	0.006561	6.922485	215700.000000
2022-09-08	0.005717	-0.001446	0.018072	-0.001446	3.664246	263800.000000
2022-09-07	0.024310	0.013736	0.036813	0.008574	15.211609	317900.000000
2022-09-06	0.001077	0.004701	0.018092	0.001022	0.673462	286300.000000
2022-09-02	-0.033890	0.008814	0.013080	-0.027153	-21.926086	380100.000000
2022-09-01	-0.006191	-0.004575	0.005993	-0.014052	-4.030701	313200.000000
2022-08-31	0.002256	0.024998	0.034882	0.009618	1.465637	492900.000000
2022-08-30	-0.005217	0.013402	0.021932	0.001150	-3.406738	279900.000000
2022-08-29	-0.017011	-0.002061	0.006896	-0.008113	-11.299683	237800.000000
2022-08-26	-0.027250	0.009757	0.010108	-0.019766	-18.608459	364100.000000
2022-08-25	0.026896	0.018779	0.038224	0.012328	17.885498	412300.000000
2022-08-24	0.005526	0.013053	0.026405	0.007262	3.654297	349600.000000
2022-08-23	-0.011209	-0.000829	0.005540	-0.009979	-7.496826	402800.000000
2022-08-22	-0.030770	0.003540	0.006496	-0.022777	-21.232788	422700.000000
2022-08-19	-0.006601	0.014277	0.014277	-0.000623	-4.585266	306800.000000
2022-08-18	-0.007752	0.014642	0.019341	-0.006927	-5.427124	278500.000000
2022-08-17	-0.007219	-0.007587	0.011118	-0.007587	-5.090271	226000.000000
2022-08-16	0.000492	0.000492	0.016751	-0.003977	0.346619	306000.000000
2022-08-15	0.014520	0.013406	0.033558	0.012528	10.087158	332200.000000
2022-08-12	0.022124	0.022997	0.036798	0.015317	15.037170	316900.000000
2022-08-11	-0.028402	0.006564	0.010953	-0.019009	-19.868774	354100.000000
2022-08-10	0.016783	0.024068	0.033413	0.016146	11.546570	446200.000000
2022-08-09	0.001047	0.016992	0.018520	0.009426	0.719849	405500.000000
2022-08-08	-0.000703	0.026586	0.035208	0.010869	-0.483215	418500.000000
2022-08-05	0.000732	0.002224	0.016148	-0.001807	0.502869	295700.000000
2022-08-04	0.001207	0.019749	0.019749	0.002341	0.828369	333000.000000
2022-08-03	0.010817	0.015686	0.030927	0.015686	7.345947	408400.000000
2022-08-02	-0.008237	0.011322	0.021165	-0.002640	-5.640137	400600.000000
2022-08-01	-0.013229	0.013189	0.013189	-0.006251	-9.180054	359200.000000
2022-07-29	-0.010642	0.004773	0.020115	-0.003696	-7.464355	524700.000000
2022-07-28	0.090615	0.055812	0.107405	0.049810	58.275085	1162400.000000
2022-07-27	0.016378	0.022452	0.032756	0.014597	10.363281	385300.000000
2022-07-26	-0.011979	0.011391	0.015779	-0.006738	-7.671326	338500.000000
2022-07-25	-0.006577	0.008648	0.019429	0.001187	-4.240112	288600.000000
2022-07-22	0.005522	0.022874	0.036881	0.012517	3.539978	283000.000000
2022-07-21	0.020098	0.024879	0.034871	0.013550	12.631165	354400.000000
2022-07-20	0.000000	0.017385	0.032198	0.008793	0.000000	332800.000000
2022-07-19	0.036441	0.029541	0.051672	0.023077	22.097351	381700.000000
2022-07-18	-0.007713	0.023221	0.025053	0.002962	-4.713379	361900.000000
2022-07-15	0.012779	0.028739	0.041202	0.018364	7.710876	442700.000000
2022-07-14	-0.022304	0.002505	0.008597	-0.010976	-13.765137	362900.000000
2022-07-13	-0.003757	0.003130	0.022985	-0.005039	-2.327087	392700.000000
2022-07-12	-0.029445	0.008875	0.016176	-0.023211	-18.793945	415800.000000
2022-07-11	-0.004935	0.013344	0.019175	-0.004615	-3.165222	235000.000000
2022-07-08	-0.015467	0.007171	0.015137	-0.007671	-10.077332	317100.000000
2022-07-07	-0.002702	0.024059	0.032814	0.006578	-1.765076	419700.000000
2022-07-06	-0.006940	0.015766	0.025541	0.004183	-4.565369	547400.000000
2022-07-05	-0.008722	0.002175	0.010297	-0.025234	-5.788086	512000.000000
2022-07-01	0.024368	0.010836	0.040457	0.010836	15.786621	337300.000000
2022-06-30	0.011578	0.011840	0.024403	-0.006728	7.520020	798200.000000
2022-06-29	-0.029293	-0.033104	-0.017964	-0.084128	-19.599976	1134900.000000
2022-06-28	-0.024024	0.003442	0.007133	-0.026153	-16.470032	295400.000000
2022-06-27	-0.005224	-0.005949	0.003613	-0.014351	-3.599976	313000.000000
2022-06-24	0.017345	0.003336	0.017906	-0.000738	11.750000	603700.000000
2022-06-23	0.029592	0.006140	0.033559	0.004985	19.469971	471700.000000
2022-06-22	0.027758	-0.006701	0.041738	-0.006701	17.770020	444900.000000
2022-06-21	0.011646	-0.004772	0.021855	-0.005389	7.369995	512800.000000
2022-06-17	0.023252	0.007002	0.034200	0.005255	14.380005	2385700.000000
2022-06-16	-0.035587	-0.022706	-0.012600	-0.040717	-22.820007	594600.000000
2022-06-15	0.036766	0.014438	0.050347	0.008601	22.739990	507200.000000
2022-06-14	0.003618	0.006052	0.018044	-0.016486	2.229980	561100.000000
2022-06-13	-0.050665	-0.017761	-0.012077	-0.053283	-32.889954	710400.000000
2022-06-10	-0.014049	-0.013654	-0.003524	-0.031849	-9.250000	614600.000000
2022-06-09	-0.015314	-0.003275	0.014701	-0.015643	-10.239990	411300.000000
2022-06-08	-0.033100	-0.007346	-0.004483	-0.038999	-22.890015	612100.000000
2022-06-07	-0.001170	-0.005821	0.001675	-0.030490	-0.809998	549100.000000
2022-06-06	0.020518	0.013870	0.021240	0.002403	13.919983	527400.000000
2022-06-03	-0.023321	-0.008191	-0.008191	-0.025394	-16.200012	402700.000000
2022-06-02	0.023034	-0.006981	0.023211	-0.020118	15.640015	369900.000000
2022-06-01	-0.011774	0.004046	0.004046	-0.015457	-8.090027	369800.000000
2022-05-31	-0.009500	-0.006430	-0.001759	-0.024132	-6.589966	633600.000000
2022-05-27	0.035343	0.005925	0.035358	0.005000	23.679993	613200.000000
2022-05-26	-0.024078	-0.000685	0.009934	-0.024923	-16.530029	566700.000000
2022-05-25	0.021911	0.002099	0.026153	0.000714	14.720032	582100.000000
2022-05-24	0.012479	-0.002185	0.017271	-0.017512	8.279968	479800.000000
2022-05-23	0.018012	0.010126	0.018334	-0.003621	11.740051	475200.000000
2022-05-20	0.026295	0.015919	0.028736	0.007558	16.699951	587800.000000
2022-05-19	-0.003687	-0.007656	0.016943	-0.007656	-2.349976	448600.000000
2022-05-18	-0.014486	-0.004205	-0.001979	-0.020779	-9.369995	461400.000000
2022-05-17	0.005425	0.013353	0.013353	-0.008985	3.490051	364000.000000
2022-05-16	-0.020279	0.002839	0.005611	-0.015893	-13.315857	405600.000000
2022-05-13	0.047501	0.024823	0.057335	0.013258	29.776489	690800.000000
2022-05-12	0.009148	0.004400	0.016699	0.000263	5.682617	711200.000000
2022-05-11	-0.009333	0.007323	0.029857	-0.008737	-5.851807	741700.000000
2022-05-10	-0.036901	0.019088	0.027259	-0.042904	-24.024231	687800.000000
2022-05-09	-0.083048	-0.000759	-0.000759	-0.082094	-58.965820	664400.000000
2022-05-06	0.000070	-0.002646	0.008227	-0.015731	0.049744	295100.000000
2022-05-05	-0.025610	0.009691	0.009691	-0.028202	-18.660095	470700.000000
2022-05-04	0.015000	0.004930	0.022677	-0.012107	10.768127	352200.000000
2022-05-03	0.026951	0.012215	0.039753	0.006092	18.839172	419000.000000
2022-05-02	-0.023210	0.008410	0.008410	-0.040665	-16.609924	488800.000000
2022-04-29	-0.049402	-0.000375	0.007622	-0.047491	-37.190796	649000.000000
2022-04-28	0.053698	0.044723	0.064234	0.024834	38.365112	571900.000000
2022-04-27	-0.028920	-0.003717	0.011302	-0.025749	-21.277466	488700.000000
2022-04-26	-0.017594	0.001454	0.011562	-0.014062	-13.176514	434500.000000
2022-04-25	0.009538	0.010710	0.018299	-0.004846	7.075989	566900.000000
2022-04-22	-0.016129	0.004859	0.006821	-0.012383	-12.161438	312700.000000
2022-04-21	-0.013721	0.002700	0.015519	-0.010054	-10.489441	350800.000000
2022-04-20	0.018496	0.009855	0.029572	0.004952	13.883118	466700.000000
2022-04-19	0.032245	0.004819	0.040753	0.004819	23.447021	464000.000000
2022-04-18	-0.006229	0.009711	0.009711	-0.007454	-4.558105	264500.000000
2022-04-14	-0.022196	0.006275	0.006275	-0.018901	-16.609924	274400.000000
2022-04-13	0.013861	0.006065	0.019979	0.004399	10.230652	263000.000000
2022-04-12	-0.013251	0.001998	0.005260	-0.013630	-9.912170	275900.000000
2022-04-11	-0.022334	0.003799	0.011641	-0.020864	-17.087708	267400.000000
2022-04-08	0.012579	0.006129	0.018252	0.000200	9.504211	367700.000000
2022-04-07	-0.009575	0.002420	0.005343	-0.011606	-7.304810	273200.000000
2022-04-06	0.005470	-0.000387	0.011764	-0.009270	4.149963	371700.000000
2022-04-05	-0.002695	-0.002936	0.019908	-0.004198	-2.050110	310500.000000
2022-04-04	0.001914	0.003054	0.012984	0.001605	1.453064	347500.000000
2022-04-01	0.028829	0.004968	0.034640	0.000808	21.277466	357000.000000
2022-03-31	-0.016171	0.010484	0.018149	-0.012470	-12.131531	556500.000000
2022-03-30	-0.009943	0.001678	0.006970	-0.014674	-7.533752	331100.000000
2022-03-29	0.041674	0.003554	0.051766	0.003554	30.313965	663200.000000
2022-03-28	0.029262	0.004465	0.038070	-0.000063	20.680298	515500.000000
2022-03-25	-0.002094	0.012571	0.013446	-0.010826	-1.482849	361400.000000
2022-03-24	0.005383	0.006380	0.010738	-0.002677	3.791748	273600.000000
2022-03-23	-0.015686	0.000291	0.003603	-0.019117	-11.225891	264800.000000
2022-03-22	0.001881	0.007423	0.009929	0.000689	1.343506	348800.000000
2022-03-21	-0.019815	-0.000821	0.009265	-0.020787	-14.440430	348800.000000
2022-03-18	0.017226	0.011826	0.025729	0.004819	12.340576	714700.000000
2022-03-17	0.022441	0.007259	0.028068	0.007259	15.724243	312200.000000
2022-03-16	0.003449	0.012838	0.018538	-0.011249	2.408325	434300.000000
2022-03-15	0.026390	0.018812	0.034805	0.001482	17.953552	330800.000000
2022-03-14	-0.014346	0.012338	0.017409	-0.020043	-9.902283	355100.000000
2022-03-11	-0.018302	0.010992	0.011390	-0.013600	-12.867981	359900.000000
2022-03-10	0.003238	-0.015714	0.010612	-0.019724	2.269043	464900.000000
2022-03-09	0.033430	0.031406	0.052522	0.014699	22.670776	465300.000000
2022-03-08	-0.030794	0.005834	0.005834	-0.026623	-21.546204	702900.000000
2022-03-07	-0.024760	0.000665	0.004317	-0.021594	-17.764404	460600.000000
2022-03-04	0.004459	0.004819	0.015669	-0.001285	3.184631	463800.000000
2022-03-03	0.016012	0.010325	0.031690	0.008533	11.256897	406900.000000
2022-03-02	-0.001885	0.001549	0.010863	-0.007537	-1.327820	530500.000000
2022-03-01	0.001508	0.011605	0.019581	0.000528	1.060303	506300.000000
2022-02-28	-0.008397	-0.002220	0.002504	-0.014994	-5.955505	583100.000000
2022-02-25	0.014529	0.001306	0.027898	-0.010338	10.157043	565800.000000
2022-02-24	0.046519	-0.000018	0.061643	-0.008610	31.075317	832300.000000
2022-02-23	-0.009754	0.010700	0.027570	-0.003367	-6.579712	415800.000000
2022-02-22	-0.017563	-0.011143	0.007499	-0.015512	-12.059509	588800.000000
2022-02-18	0.001923	0.008531	0.025078	0.004212	1.317932	536400.000000
2022-02-17	0.026767	0.068428	0.078630	0.032920	17.866333	767100.000000
2022-02-16	0.000297	0.015543	0.015543	-0.001542	0.198181	451300.000000
2022-02-15	0.005976	0.018431	0.026195	0.010546	3.963745	443900.000000
2022-02-14	-0.003187	0.002201	0.012856	-0.004472	-2.120605	539400.000000
2022-02-11	-0.023556	0.011301	0.020957	-0.018428	-16.052979	484100.000000
2022-02-10	-0.042986	-0.009729	0.002137	-0.036762	-30.609619	415700.000000
2022-02-09	0.040679	0.028318	0.051599	0.028318	27.834961	596700.000000
2022-02-08	-0.010929	0.001772	0.017745	-0.003214	-7.560730	750400.000000
2022-02-07	-0.005697	0.009073	0.017567	-0.000198	-3.963684	400300.000000
2022-02-04	-0.015093	-0.002038	0.010589	-0.007998	-10.662292	400500.000000
2022-02-03	-0.005080	0.000751	0.012652	-0.008333	-3.606995	438600.000000
2022-02-02	0.001762	0.013659	0.020220	0.007960	1.248596	393700.000000
2022-02-01	-0.013257	0.011734	0.013460	-0.014883	-9.522827	508900.000000
2022-01-31	0.024507	0.016404	0.034988	0.011141	17.182617	679000.000000
2022-01-28	0.035929	0.013606	0.045683	-0.005409	24.317322	619300.000000
2022-01-27	-0.018410	0.015845	0.022705	-0.013074	-12.693726	487700.000000
2022-01-26	-0.033126	0.009762	0.020377	-0.028926	-23.623657	559700.000000
2022-01-25	-0.015284	0.005458	0.008689	-0.012713	-11.068665	477800.000000
2022-01-24	0.012833	0.008152	0.023284	-0.019651	9.175964	620500.000000
2022-01-21	-0.012224	0.016218	0.024672	-0.004075	-8.848938	374600.000000
2022-01-20	0.000027	0.012571	0.031663	0.006976	0.019836	425300.000000
2022-01-19	-0.016758	0.008969	0.021669	-0.008975	-12.337036	471400.000000
2022-01-18	-0.005115	-0.009031	0.007794	-0.017936	-3.785339	460800.000000
2022-01-14	-0.001818	0.005072	0.010886	-0.015216	-1.347595	510800.000000
2022-01-13	-0.021375	0.013528	0.013700	-0.014629	-16.191772	424700.000000
2022-01-12	-0.003156	0.005172	0.022858	0.002777	-2.398010	343300.000000
2022-01-11	0.003336	0.003112	0.013542	-0.010408	2.526855	322600.000000
2022-01-10	-0.013691	-0.014490	-0.004358	-0.031640	-10.513672	415300.000000
2022-01-07	-0.000181	-0.010866	0.020760	-0.010866	-0.138733	355700.000000
2022-01-06	-0.017767	-0.000497	0.003212	-0.026240	-13.892761	366700.000000
2022-01-05	-0.031339	0.006978	0.008899	-0.024252	-25.298340	394800.000000
2022-01-04	-0.025690	0.005285	0.012707	-0.021160	-21.284973	399000.000000
2022-01-03	-0.011503	0.008968	0.011390	-0.021993	-9.641724	351800.000000
2021-12-31	0.000414	0.011045	0.018624	0.006664	0.346802	278600.000000
2021-12-30	0.004145	0.010154	0.015271	-0.000957	3.458313	239200.000000
2021-12-29	0.004761	0.011567	0.016252	0.003523	3.953796	248700.000000
2021-12-28	0.003473	0.009159	0.017726	0.002851	2.873657	242900.000000
2021-12-27	0.019969	0.014545	0.029323	0.008740	16.201599	296900.000000
2021-12-23	0.000037	0.010724	0.012968	0.003218	0.029785	433200.000000
2021-12-22	0.017587	0.016158	0.027772	0.010802	14.021545	333200.000000
2021-12-21	-0.021609	0.014227	0.016559	-0.019201	-17.608704	506500.000000
2021-12-20	0.000109	0.002961	0.014755	-0.003409	0.089172	450900.000000
2021-12-17	-0.000778	-0.004662	0.018945	-0.004662	-0.634216	713000.000000
2021-12-16	0.007111	0.013086	0.024721	0.010839	5.757324	385100.000000
2021-12-15	0.013973	0.015971	0.028745	0.011300	11.157776	462600.000000
2021-12-14	-0.012669	0.007712	0.007712	-0.022804	-10.246094	527300.000000
2021-12-13	0.022910	0.003973	0.038274	0.003973	18.114014	408100.000000
2021-12-10	-0.001139	0.012140	0.013454	0.002766	-0.901672	305500.000000
2021-12-09	-0.019228	0.009010	0.009010	-0.017642	-15.517944	247400.000000
2021-12-08	0.001968	0.006750	0.012585	-0.003815	1.585571	321900.000000
2021-12-07	0.020578	0.018484	0.037604	0.014379	16.241211	316500.000000
2021-12-06	0.003073	0.011065	0.016568	0.003046	2.417786	299300.000000
2021-12-03	-0.005735	0.019786	0.020544	-0.009783	-4.538330	393200.000000
2021-12-02	-0.006024	0.009322	0.011369	-0.005625	-4.796143	457700.000000
2021-12-01	-0.010773	0.013284	0.022578	-0.002918	-8.670593	834000.000000
2021-11-30	-0.009512	0.005824	0.025625	-0.002151	-7.729187	1068900.000000
2021-11-29	0.032954	0.012960	0.045122	0.005053	25.922546	589100.000000
2021-11-26	-0.004702	0.007932	0.029656	-0.001027	-3.715942	325300.000000
2021-11-24	0.023391	0.012772	0.033541	-0.001563	18.064575	325500.000000
2021-11-23	0.002766	0.010146	0.015560	0.001135	2.130493	725100.000000
2021-11-22	-0.014356	0.007802	0.009274	-0.008707	-11.217346	531000.000000
2021-11-19	-0.005436	0.018272	0.019240	0.002298	-4.270874	656300.000000
2021-11-18	-0.006466	0.011675	0.011675	0.000572	-5.113098	330900.000000
2021-11-17	0.003647	0.015213	0.020061	0.009908	2.873657	594400.000000
2021-11-16	0.000163	0.013348	0.018083	0.008918	0.128784	427400.000000
2021-11-15	0.028953	0.013272	0.044947	0.012802	22.166260	739600.000000
2021-11-12	0.000929	0.022137	0.022150	0.012201	0.710876	575300.000000
2021-11-11	-0.008625	0.021279	0.021784	-0.001183	-6.654724	410000.000000
2021-11-10	-0.020532	0.010682	0.018134	-0.010341	-16.172974	431400.000000
2021-11-09	0.013839	0.017770	0.035532	0.014411	10.752258	298200.000000
2021-11-08	0.006369	0.014201	0.026921	-0.002638	4.917114	424100.000000
2021-11-05	-0.026967	0.018663	0.020818	-0.016627	-21.396118	547700.000000
2021-11-04	-0.040925	-0.023316	-0.021539	-0.051347	-33.856567	636200.000000
2021-11-03	0.001159	0.020777	0.025013	0.002177	0.957825	212600.000000
2021-11-02	0.007767	0.016144	0.031657	0.011168	6.368347	279800.000000
2021-11-01	-0.007897	0.012354	0.012354	-0.006472	-6.526428	365500.000000
2021-10-29	-0.012074	0.006479	0.014966	-0.003777	-10.100586	512400.000000
2021-10-28	0.027254	0.012802	0.041068	0.012802	22.195740	331400.000000
2021-10-27	-0.008451	0.027059	0.034304	0.003744	-6.941101	305300.000000
2021-10-26	0.011024	0.016889	0.027315	0.014587	8.955322	279600.000000
2021-10-25	0.002144	0.011926	0.023263	0.005808	1.737793	312100.000000
2021-10-22	0.013405	0.019815	0.030779	0.014827	10.722717	308800.000000
2021-10-21	0.020558	0.019194	0.039990	0.011399	16.113647	421000.000000
2021-10-20	0.018174	0.012802	0.033755	0.012802	13.990967	457700.000000
2021-10-19	0.015499	0.022366	0.028935	0.014583	11.749573	549700.000000
2021-10-18	-0.017431	0.005090	0.013580	-0.005992	-13.447876	475000.000000
2021-10-15	0.015254	0.016197	0.032330	0.010736	11.591553	544200.000000
2021-10-14	0.008121	0.020603	0.029783	0.016437	6.121704	353500.000000
2021-10-13	0.005293	0.007881	0.024085	0.007881	3.969177	386600.000000
2021-10-12	0.012560	0.011087	0.026860	0.007684	9.300903	352000.000000
2021-10-11	-0.001265	0.017131	0.018278	0.004481	-0.937927	320800.000000
2021-10-08	-0.020261	0.007768	0.011018	-0.011590	-15.333740	468800.000000
2021-10-07	0.005470	0.017319	0.029516	0.010876	4.117249	535500.000000
2021-10-06	0.002960	0.015374	0.021077	-0.003441	2.221619	725900.000000
2021-10-05	-0.032510	-0.002165	0.001419	-0.025822	-25.217163	675400.000000
2021-10-04	-0.004700	0.014714	0.021040	0.000304	-3.663086	405300.000000
2021-10-01	-0.001025	0.016481	0.020813	0.000381	-0.799744	515100.000000
2021-09-30	-0.014284	0.021381	0.026056	-0.003004	-11.305298	522100.000000
2021-09-29	0.003304	0.017632	0.027786	0.014678	2.606628	376400.000000
2021-09-28	-0.010637	0.003358	0.007033	-0.013085	-8.481506	517300.000000
2021-09-27	-0.032527	0.004320	0.005789	-0.020676	-26.806702	489300.000000
2021-09-24	-0.015719	0.011011	0.012599	-0.010475	-13.161560	472800.000000
2021-09-23	-0.014079	0.013968	0.023046	-0.017896	-11.956909	637200.000000
2021-09-22	0.014053	0.015835	0.032074	0.006259	11.769348	557900.000000
2021-09-21	-0.002388	0.012528	0.026215	0.010312	-2.004333	392300.000000
2021-09-20	-0.025614	0.000301	0.011247	-0.023876	-22.067566	856800.000000
2021-09-17	0.022655	0.007461	0.037159	0.001917	19.085693	3852500.000000
2021-09-16	0.011631	0.010581	0.027176	0.006510	9.686035	514400.000000
2021-09-15	0.010241	0.023611	0.031314	0.010606	8.441895	466700.000000
2021-09-14	-0.005539	0.021802	0.028521	0.004659	-4.591125	609100.000000
2021-09-13	-0.005285	0.020002	0.023518	0.000154	-4.403748	435900.000000
2021-09-10	-0.012357	0.002266	0.008452	-0.012857	-10.426514	475200.000000
2021-09-09	-0.031451	0.007648	0.007958	-0.021509	-27.399170	533000.000000
2021-09-08	0.000624	0.011607	0.014502	0.003992	0.543030	331700.000000
2021-09-07	-0.001212	-0.007079	0.014408	-0.013894	-1.056519	447700.000000
2021-09-03	0.009606	0.003953	0.025346	0.003038	8.293823	516500.000000
2021-09-02	0.006434	0.009550	0.020904	-0.006700	5.519348	616700.000000
2021-09-01	0.030103	0.006174	0.044539	0.006174	25.069031	477500.000000
2021-08-31	0.004071	0.012766	0.022990	0.005327	3.376770	508100.000000
2021-08-30	0.018453	0.013649	0.034880	0.012606	15.027649	322600.000000
2021-08-27	-0.000218	0.016375	0.019272	0.005448	-0.177734	384300.000000
2021-08-26	0.021621	0.012802	0.041210	0.012802	17.239258	516000.000000
2021-08-25	-0.015495	0.011382	0.014333	-0.010708	-12.549255	317200.000000
2021-08-24	-0.018347	0.015748	0.015748	-0.006919	-15.136230	349800.000000
2021-08-23	-0.000072	0.012038	0.018099	0.006184	-0.059265	392300.000000
2021-08-20	0.002003	0.011794	0.024388	0.007738	1.648926	339200.000000
2021-08-19	0.024181	0.012802	0.042318	0.009021	19.441101	451800.000000
2021-08-18	-0.016356	0.008728	0.010612	-0.006614	-13.368896	269400.000000
2021-08-17	0.009438	0.012716	0.023930	0.007850	7.642151	295400.000000
2021-08-16	0.010871	0.016322	0.029068	0.016322	8.707642	300600.000000
2021-08-13	0.002920	0.018763	0.023058	0.008183	2.331970	315700.000000
2021-08-12	0.005998	0.019924	0.029132	0.014243	4.762146	454300.000000
2021-08-11	0.011166	0.023097	0.031541	0.015965	8.766724	596200.000000
2021-08-10	-0.020884	0.020325	0.020325	-0.005278	-16.746338	487900.000000
2021-08-09	-0.006292	0.021142	0.021142	0.009085	-5.077026	422100.000000
2021-08-06	-0.012605	0.009923	0.014413	0.001651	-10.301575	525200.000000
2021-08-05	0.002752	0.020935	0.023168	0.009205	2.243225	334800.000000
2021-08-04	0.009789	0.018391	0.031883	0.014525	7.901001	331500.000000
2021-08-03	0.001612	0.021186	0.034974	0.012822	1.298706	478900.000000
2021-08-02	-0.001731	0.015839	0.023346	0.007687	-1.397095	505700.000000
2021-07-30	0.043274	0.022266	0.072387	0.022266	33.482727	676400.000000
2021-07-29	-0.059703	0.003112	0.016274	-0.046872	-49.127075	883700.000000
2021-07-28	-0.006557	0.009622	0.016057	0.004865	-5.431152	390600.000000
2021-07-27	0.014852	0.014080	0.032299	0.011299	12.121765	392400.000000
2021-07-26	-0.004763	0.014530	0.018224	0.004604	-3.906067	393900.000000
2021-07-23	0.015424	0.016087	0.034474	0.010329	12.456360	348600.000000
2021-07-22	0.001293	0.020649	0.025062	0.013631	1.042969	377700.000000
2021-07-21	-0.015481	0.012538	0.012538	-0.007834	-12.682739	582300.000000
2021-07-20	-0.001978	0.021463	0.023290	0.008891	-1.623413	409400.000000
2021-07-19	0.003404	0.012545	0.025380	0.007411	2.784485	477800.000000
2021-07-16	-0.003081	0.016493	0.030458	0.010558	-2.528687	541600.000000
2021-07-15	0.002645	0.017336	0.021075	0.007562	2.164612	310200.000000
2021-07-14	0.010692	0.015457	0.030832	0.011234	8.658508	412400.000000
2021-07-13	-0.007848	0.012365	0.023894	0.006557	-6.405334	398200.000000
2021-07-12	0.011252	0.019729	0.033221	0.010610	9.081543	600700.000000
2021-07-09	-0.009503	0.015978	0.023477	-0.002319	-7.743347	480900.000000
2021-07-08	0.000459	0.012897	0.022620	0.007531	0.373779	402400.000000
2021-07-07	0.010621	0.020900	0.031993	0.014001	8.560059	525800.000000
2021-07-06	0.023248	0.017464	0.040914	0.015699	18.310791	458300.000000
2021-07-02	0.003586	0.020169	0.024845	0.014270	2.813965	379900.000000
2021-07-01	-0.006180	0.013763	0.023944	0.006976	-4.880249	506100.000000
2021-06-30	0.000337	0.023909	0.025872	0.011609	0.265686	717100.000000
2021-06-29	0.004771	0.008073	0.023449	0.004726	3.748718	493400.000000
2021-06-28	0.019300	0.024053	0.036456	0.015854	14.876770	675100.000000
2021-06-25	0.005235	0.017481	0.024758	0.009826	4.014343	1128500.000000
2021-06-24	-0.030166	0.016916	0.024024	-0.022369	-23.850098	1107300.000000
2021-06-23	-0.023111	0.015173	0.019003	-0.021388	-18.704285	909400.000000
2021-06-22	0.000085	0.017768	0.019423	0.002841	0.068909	573600.000000
2021-06-21	-0.000328	0.011282	0.021337	-0.008507	-0.265686	1036800.000000
2021-06-18	0.008964	0.016396	0.033982	-0.003121	7.192444	3751600.000000
2021-06-17	0.006778	0.016347	0.024942	0.011240	5.401794	661400.000000
2021-06-16	0.001199	0.021372	0.029764	0.013520	0.954407	636400.000000
2021-06-15	-0.018192	0.011129	0.019171	-0.004573	-14.748962	526300.000000
2021-06-14	0.009742	0.014765	0.028253	0.010742	7.822205	490800.000000
2021-06-11	-0.008445	0.003972	0.013333	0.003590	-6.838257	590100.000000
2021-06-10	0.016024	0.014025	0.039785	0.012344	12.771179	542400.000000
2021-06-09	-0.008143	0.014231	0.019931	0.005805	-6.543030	532700.000000
2021-06-08	0.027168	0.022649	0.046093	0.022649	21.252625	622600.000000
2021-06-07	0.012312	0.023904	0.045243	0.018883	9.514404	778500.000000
2021-06-04	0.010746	0.019460	0.031584	0.015339	8.215759	573200.000000
2021-06-03	0.024943	0.005595	0.044512	0.005595	18.605835	723100.000000
2021-06-02	0.025304	0.022532	0.044442	0.019316	18.409119	561600.000000
2021-06-01	0.003665	0.020223	0.022113	0.011270	2.656555	419800.000000
2021-05-28	0.002217	0.025251	0.031237	0.017453	1.603821	314700.000000
2021-05-27	-0.000408	0.015199	0.017977	0.005456	-0.295227	395500.000000
2021-05-26	0.000177	0.022926	0.026907	0.013319	0.127930	425100.000000
2021-05-25	0.016535	0.021054	0.035724	0.009588	11.767700	325200.000000
2021-05-24	-0.002648	0.014637	0.027936	0.008639	-1.889160	640200.000000
2021-05-21	-0.003983	0.007804	0.021288	0.007022	-2.853394	621800.000000
2021-05-20	0.017837	0.016077	0.042716	0.015579	12.554810	434900.000000
2021-05-19	0.000042	0.009143	0.022939	0.005122	0.029480	286000.000000
2021-05-18	0.004451	0.019072	0.027949	0.005986	3.118958	249700.000000
2021-05-17	-0.009681	0.010464	0.020301	0.005419	-6.849915	415400.000000
2021-05-14	0.009211	0.026690	0.038329	0.019016	6.458008	322400.000000
2021-05-13	0.014276	0.022424	0.042533	0.014178	9.868225	383700.000000
2021-05-12	-0.017659	0.009656	0.012740	0.000816	-12.425964	518900.000000
2021-05-11	-0.002722	0.016063	0.018827	-0.000859	-1.920715	376100.000000
2021-05-10	0.009181	0.023346	0.035232	0.012890	6.418762	522700.000000
2021-05-07	0.020556	0.017143	0.042659	0.017143	14.082092	379200.000000
2021-05-06	0.008773	0.021370	0.034446	0.016908	5.958191	355100.000000
2021-05-05	-0.023985	0.011273	0.020399	-0.007151	-16.688782	472900.000000
2021-05-04	-0.001435	0.021662	0.031191	0.012305	-0.999573	676800.000000
2021-05-03	-0.013472	0.020471	0.020768	0.003495	-9.515442	469600.000000
2021-04-30	0.020791	0.017379	0.048436	0.017133	14.385925	669800.000000
2021-04-29	-0.001838	0.042139	0.042139	0.002612	-1.273987	503400.000000
2021-04-28	-0.009105	0.022058	0.022744	0.006248	-6.369812	403900.000000
2021-04-27	-0.004310	0.030163	0.030163	0.010878	-3.028076	271500.000000
2021-04-26	-0.001587	0.022475	0.023128	0.008918	-1.117126	266000.000000
2021-04-23	0.000195	0.019007	0.027492	0.016420	0.137207	366300.000000
2021-04-22	-0.011238	-0.001509	0.018475	-0.002211	-7.996582	336600.000000
2021-04-21	-0.000124	0.023351	0.033862	0.017520	-0.088135	422600.000000
2021-04-20	0.012450	0.016203	0.037073	0.016004	8.751099	310300.000000
2021-04-19	0.012921	0.021682	0.037000	0.017445	8.966553	264000.000000
2021-04-16	-0.014899	0.023424	0.023424	0.004629	-10.495300	383400.000000
2021-04-15	0.035344	0.026233	0.058758	0.024984	24.048279	422800.000000
2021-04-14	-0.016238	0.022293	0.024939	0.001531	-11.230408	353800.000000
2021-04-13	0.020740	0.024973	0.044144	0.022258	14.052734	380300.000000
2021-04-12	0.005775	0.021422	0.027998	0.007929	3.890503	355100.000000
2021-04-09	-0.000334	0.017920	0.026378	0.013542	-0.225403	319900.000000
2021-04-08	0.004734	0.034665	0.042403	0.021859	3.175049	362500.000000
2021-04-07	-0.006186	0.020694	0.021376	0.008530	-4.174683	365100.000000
2021-04-06	-0.002217	0.015992	0.022763	0.008807	-1.499329	447500.000000
2021-04-05	0.018053	0.032784	0.039557	0.027035	11.994812	407700.000000
2021-04-01	-0.002340	0.029617	0.030172	0.011013	-1.558167	735300.000000
2021-03-31	0.007039	0.022680	0.038316	0.005563	4.654846	413400.000000
2021-03-30	-0.018900	0.009108	0.020279	-0.001188	-12.739502	300800.000000
2021-03-29	0.006158	0.022473	0.031772	0.006068	4.125671	451600.000000
2021-03-26	0.023214	0.014608	0.044773	0.008774	15.199341	401000.000000
2021-03-25	0.008727	0.028377	0.032567	0.009704	5.664124	386500.000000
2021-03-24	-0.019874	0.013194	0.020412	-0.006195	-13.160950	529100.000000
2021-03-23	0.013619	0.031799	0.046692	0.011121	8.898071	436900.000000
2021-03-22	0.020871	0.015239	0.046334	0.015239	13.356934	479700.000000
2021-03-19	0.009632	0.025570	0.045747	0.020411	6.105286	668900.000000
2021-03-18	-0.014655	0.008395	0.015686	-0.006419	-9.427307	573800.000000
2021-03-17	-0.022165	0.012918	0.016004	-0.006903	-14.581970	470100.000000
2021-03-16	0.002659	0.026264	0.039539	0.019711	1.744385	289000.000000
2021-03-15	0.002320	0.011659	0.031915	0.011659	1.518982	587400.000000
2021-03-12	0.020486	0.004697	0.043530	0.002094	13.141296	718100.000000
2021-03-11	0.024879	0.024085	0.056374	0.024085	15.571716	731600.000000
2021-03-10	0.025678	0.039943	0.057985	0.025867	15.669678	1029700.000000
2021-03-09	0.046712	0.049568	0.080288	0.040991	27.233337	765800.000000
2021-03-08	-0.025616	0.011233	0.029000	-0.007184	-15.326721	1030000.000000
2021-03-05	0.011581	0.025143	0.042269	-0.008029	6.849976	864300.000000
2021-03-04	-0.012710	0.027837	0.046882	0.005253	-7.614441	942600.000000
2021-03-03	-0.044856	0.005599	0.017445	-0.028647	-28.134766	631400.000000
2021-03-02	-0.012665	0.017892	0.022142	-0.009214	-8.045654	820400.000000
2021-03-01	-0.000123	0.021985	0.036733	0.010464	-0.078247	935100.000000
2021-02-26	0.015618	0.029170	0.055418	0.023048	9.770203	978600.000000
2021-02-25	-0.000986	0.017248	0.029082	-0.003464	-0.617432	1367300.000000
2021-02-24	-0.030084	0.020396	0.023447	-0.012534	-19.422913	1076000.000000
2021-02-23	-0.008503	0.018292	0.024773	0.004686	-5.536804	871300.000000
2021-02-22	-0.018935	0.021038	0.021038	-0.002375	-12.567627	810600.000000
2021-02-19	-0.007789	0.038558	0.047005	0.007958	-5.210510	727300.000000
2021-02-18	-0.012773	0.022621	0.022621	0.007421	-8.655029	964800.000000
2021-02-17	0.009214	0.022080	0.043066	0.019726	6.186340	561700.000000
2021-02-16	-0.030600	0.044818	0.045338	-0.011737	-21.193359	617200.000000
2021-02-12	-0.010993	0.015611	0.034089	-0.000396	-7.698608	638700.000000
2021-02-11	-0.044341	0.022462	0.035249	-0.029600	-32.492676	798600.000000
2021-02-10	0.000706	0.033686	0.035843	0.021791	0.517212	465800.000000
2021-02-09	0.004094	0.030362	0.035614	0.018241	2.985779	299700.000000
2021-02-08	-0.009121	0.020407	0.025203	0.004293	-6.713135	371700.000000
2021-02-05	0.009881	0.027882	0.037720	0.016672	7.200989	378200.000000
2021-02-04	-0.010571	0.031815	0.031815	0.007364	-7.786499	421100.000000
2021-02-03	-0.017799	0.018889	0.021423	-0.005393	-13.348328	320100.000000
2021-02-02	0.015660	0.029414	0.043309	0.026963	11.562683	575800.000000
2021-02-01	0.022650	0.022080	0.051996	0.013133	16.353577	343800.000000
2021-01-29	0.002344	0.018242	0.034943	0.008371	1.688171	487800.000000
2021-01-28	0.008924	0.021068	0.046882	0.014219	6.371643	450100.000000
2021-01-27	-0.004815	0.027749	0.027749	0.017546	-3.454224	492700.000000
2021-01-26	0.016705	0.022186	0.043047	0.019734	11.787231	369900.000000
2021-01-25	0.002773	0.035224	0.035793	0.022278	1.951477	315700.000000
2021-01-22	0.001750	0.025248	0.037705	0.025248	1.229309	484900.000000
2021-01-21	-0.010773	0.024118	0.026737	0.009387	-7.649841	318300.000000
2021-01-20	0.015943	0.027583	0.050903	0.022961	11.143066	456100.000000
2021-01-19	0.012094	0.037983	0.046903	0.030468	8.352417	558500.000000
2021-01-15	0.026230	0.026737	0.054852	0.026425	17.651489	549800.000000
2021-01-14	-0.000652	0.023261	0.028949	0.017172	-0.439270	530100.000000
2021-01-13	0.020088	0.032303	0.047649	0.028243	13.260559	455300.000000
2021-01-12	-0.008587	0.023258	0.023904	-0.007695	-5.717834	412300.000000
2021-01-11	-0.014542	0.031554	0.035935	0.007593	-9.825867	502400.000000
2021-01-08	0.019868	0.035929	0.054555	0.032080	13.162842	624200.000000
2021-01-07	0.014964	0.031376	0.048274	0.026934	9.767334	698000.000000
2021-01-06	-0.032652	0.015158	0.017425	-0.016186	-22.032471	568600.000000
2021-01-05	-0.001473	0.032900	0.034173	0.021402	-0.995300	473600.000000
2021-01-04	-0.030273	0.030820	0.032111	-0.007509	-21.095825	567100.000000
2020-12-31	0.019674	0.026430	0.046111	0.020285	13.445862	293500.000000
2020-12-30	-0.011823	0.028898	0.034812	0.009639	-8.176819	348300.000000
2020-12-29	-0.001549	0.032242	0.034017	0.018527	-1.073181	230800.000000
2020-12-28	0.005581	0.027623	0.031833	0.021046	3.844421	265300.000000
2020-12-24	0.004068	0.031934	0.037021	0.024165	2.790649	97300.000000
2020-12-23	-0.014521	0.026976	0.033182	0.009968	-10.108765	342400.000000
2020-12-22	0.012834	0.018448	0.038948	0.015655	8.820740	371400.000000
2020-12-21	-0.007510	0.012720	0.020027	0.006583	-5.200684	516300.000000
2020-12-18	-0.004223	0.026374	0.026374	0.012470	-2.937134	862000.000000
2020-12-17	0.032672	0.034026	0.065743	0.033210	22.003235	565400.000000
2020-12-16	-0.007834	0.030522	0.034986	0.012018	-5.317749	379100.000000
2020-12-15	0.008130	0.034489	0.037118	0.021018	5.473938	414600.000000
2020-12-14	0.001698	0.025028	0.041052	0.022083	1.141602	454000.000000
2020-12-11	0.002722	0.022568	0.028893	0.002339	1.824646	455000.000000
2020-12-10	0.012662	0.021270	0.041241	0.021270	8.381714	419700.000000
2020-12-09	-0.024278	0.036097	0.037541	-0.003805	-16.470703	596900.000000
2020-12-08	-0.003254	0.035796	0.037867	0.016887	-2.214905	454200.000000
2020-12-07	-0.015219	0.034443	0.038494	0.004666	-10.518616	682000.000000
2020-12-04	0.022637	0.025220	0.054901	0.021654	15.299622	632900.000000
2020-12-03	0.002940	0.041337	0.041337	0.023603	1.980896	669100.000000
2020-12-02	-0.030818	0.021139	0.025353	-0.010300	-21.427490	552200.000000
2020-12-01	0.021195	0.037775	0.049921	0.028140	14.431335	798100.000000
2020-11-30	-0.003897	0.026430	0.033935	0.017418	-2.663818	1021700.000000
2020-11-27	0.010064	0.035933	0.042819	0.022028	6.810791	469700.000000
2020-11-25	0.001675	0.034634	0.044048	0.016546	1.131897	880700.000000
2020-11-24	-0.026818	0.029877	0.031174	-0.005976	-18.617371	1209900.000000
2020-11-23	-0.022881	0.023555	0.031719	-0.001527	-16.256042	516500.000000
2020-11-20	-0.003381	0.028188	0.041304	0.017780	-2.410156	538300.000000
2020-11-19	-0.005080	0.029609	0.029609	0.015680	-3.639587	444500.000000
2020-11-18	-0.022445	0.020361	0.034291	0.000551	-16.451111	658500.000000
2020-11-17	-0.001661	0.022371	0.028350	0.013123	-1.219666	512200.000000
2020-11-16	-0.007518	0.030852	0.033434	-0.004795	-5.561707	405000.000000
2020-11-13	0.000658	0.034276	0.036576	0.021710	0.486206	313700.000000
2020-11-12	-0.000710	0.036948	0.037084	0.019660	-0.525085	390100.000000
2020-11-11	0.046892	0.038308	0.084059	0.034459	33.136536	554800.000000
2020-11-10	-0.022120	0.028362	0.029386	-0.009139	-15.984863	770200.000000
2020-11-09	-0.064427	0.036267	0.046119	-0.041245	-49.763123	852400.000000
2020-11-06	0.017080	0.041206	0.049831	0.028736	12.970642	471500.000000
2020-11-05	0.004838	0.045290	0.052356	0.031728	3.656067	335200.000000
2020-11-04	0.033245	0.038139	0.075940	0.037277	24.317444	363800.000000
2020-11-03	0.018908	0.034435	0.052168	0.028543	13.573547	313800.000000
2020-11-02	0.009682	0.041145	0.052046	0.026504	6.883972	426500.000000
2020-10-30	-0.012745	0.015671	0.027126	-0.000437	-9.178650	413400.000000
2020-10-29	-0.020355	0.044348	0.044348	0.003621	-14.963867	574100.000000
2020-10-28	-0.022294	0.015014	0.026305	0.004135	-16.762756	487600.000000
2020-10-27	0.003673	0.039579	0.039579	0.023974	2.751587	308600.000000
2020-10-26	-0.008430	0.028433	0.028433	0.009241	-6.368652	293300.000000
2020-10-23	-0.000669	0.029068	0.033156	0.017839	-0.505432	378100.000000
2020-10-22	-0.031887	0.032264	0.036502	-0.005871	-24.901001	419000.000000
2020-10-21	-0.002211	0.025713	0.031016	0.018993	-1.730774	307600.000000
2020-10-20	-0.006247	0.029464	0.032727	0.015776	-4.919861	300100.000000
2020-10-19	-0.009405	0.031555	0.034863	0.016725	-7.477173	284000.000000
2020-10-16	0.003510	0.030278	0.043581	0.025002	2.780762	324900.000000
2020-10-15	-0.003144	0.024208	0.034261	0.021012	-2.498779	255200.000000
2020-10-14	-0.010543	0.025709	0.030963	0.011666	-8.468872	472900.000000
2020-10-13	-0.010647	0.032488	0.032488	0.012498	-8.643860	305500.000000
2020-10-12	0.006812	0.032850	0.041395	0.021764	5.493469	301500.000000
2020-10-09	0.006004	0.040799	0.040799	0.029908	4.812988	356600.000000
2020-10-08	0.026318	0.028191	0.069868	0.021098	20.554749	613100.000000
2020-10-07	0.015718	0.028460	0.047902	0.026886	12.085876	347200.000000
2020-10-06	0.003260	0.027377	0.039798	0.011172	2.498840	394500.000000
2020-10-05	0.013188	0.028195	0.042049	0.008393	9.976013	301100.000000
2020-10-02	0.012559	0.023159	0.043813	0.017751	9.382812	446700.000000
2020-10-01	0.010814	0.034061	0.044006	0.022912	7.992432	378200.000000
2020-09-30	-0.004362	0.034010	0.037499	0.013951	-3.237854	442200.000000
2020-09-29	-0.001765	0.028473	0.033570	0.022570	-1.312561	290400.000000
2020-09-28	0.017955	0.049896	0.056001	0.041026	13.116455	333100.000000
2020-09-25	0.023974	0.026917	0.053634	0.025964	17.103149	251100.000000
2020-09-24	0.004188	0.033540	0.048404	0.028501	2.975220	346900.000000
2020-09-23	-0.025774	0.000210	0.034123	0.000210	-18.794983	317500.000000
2020-09-22	0.005969	0.024376	0.043344	0.024376	4.326965	327200.000000
2020-09-21	-0.008669	0.025642	0.027447	-0.001694	-6.339478	350000.000000
2020-09-18	-0.004738	0.027234	0.031454	0.016251	-3.480957	421300.000000
2020-09-17	-0.015234	0.023326	0.027374	-0.001831	-11.366333	294500.000000
2020-09-16	-0.001444	0.042339	0.048468	0.025903	-1.079224	264500.000000
2020-09-15	0.016414	0.032595	0.051966	0.032595	12.066345	218000.000000
2020-09-14	0.011033	0.033837	0.046889	0.027387	8.021667	278400.000000
2020-09-11	0.006623	0.034343	0.039396	0.021689	4.783752	222000.000000
2020-09-10	-0.014003	0.026849	0.029005	0.012884	-10.257874	274800.000000
2020-09-09	0.016692	0.039506	0.055994	0.036092	12.027466	320500.000000
2020-09-08	-0.014797	0.016741	0.030196	0.009194	-10.821899	362600.000000
2020-09-04	-0.013470	0.027933	0.035150	-0.004683	-9.985657	399900.000000
2020-09-03	-0.046473	0.015637	0.020524	-0.029278	-36.131226	449800.000000
2020-09-02	0.012421	0.024827	0.044334	0.011336	9.538452	535800.000000
2020-09-01	0.000025	0.028968	0.032666	0.007325	0.019409	306400.000000
2020-08-31	0.003507	0.029754	0.040718	0.029139	2.683594	580500.000000
2020-08-28	-0.003331	0.026689	0.026689	0.013469	-2.557251	286900.000000
2020-08-27	0.009783	0.035088	0.046228	0.029788	7.438232	302800.000000
2020-08-26	0.002937	0.030926	0.032153	0.016179	2.226624	313500.000000
2020-08-25	0.009373	0.033599	0.041241	0.027155	7.039612	186200.000000
2020-08-24	-0.012401	0.032194	0.032194	0.003437	-9.431458	371200.000000
2020-08-21	-0.003491	0.032142	0.032142	0.015003	-2.664124	504600.000000
2020-08-20	0.007962	0.025712	0.040861	0.025712	6.028198	312100.000000
2020-08-19	-0.010345	0.038642	0.038642	0.011978	-7.914551	334000.000000
2020-08-18	0.022654	0.031922	0.055955	0.029863	16.947571	453600.000000
2020-08-17	0.013215	0.027085	0.046927	0.027085	9.757507	390700.000000
2020-08-14	-0.010531	0.033476	0.040364	0.015934	-7.858398	361600.000000
2020-08-13	-0.003713	0.027129	0.038944	0.025286	-2.781006	284500.000000
2020-08-12	0.019547	0.040890	0.056585	0.029919	14.360168	315300.000000
2020-08-11	-0.031390	0.030341	0.030341	-0.004652	-23.807495	505600.000000
2020-08-10	-0.011317	0.040176	0.050422	0.016816	-8.681885	307700.000000
2020-08-07	-0.000455	0.031547	0.040394	0.027312	-0.348877	224900.000000
2020-08-06	-0.002494	0.023749	0.031691	0.022190	-1.918518	254300.000000
2020-08-05	0.000769	0.039274	0.039274	0.022676	0.591003	250100.000000
2020-08-04	0.018367	0.037778	0.052693	0.026611	13.866028	382900.000000
2020-08-03	-0.008097	0.020414	0.032015	0.018509	-6.162720	386500.000000
2020-07-31	0.009679	0.027027	0.042442	0.022650	7.296326	334600.000000
2020-07-30	0.010325	0.045432	0.055752	0.032029	7.703247	461400.000000
2020-07-29	0.023215	0.042410	0.057194	0.037007	16.927795	379500.000000
2020-07-28	-0.001950	0.043512	0.043512	0.024501	-1.424377	401500.000000
2020-07-27	0.022525	0.032463	0.058201	0.028726	16.094543	399400.000000
2020-07-24	0.000950	0.022390	0.035979	0.022054	0.678284	252900.000000
2020-07-23	0.001591	0.036406	0.044573	0.021856	1.133667	336500.000000
2020-07-22	0.013141	0.037388	0.048789	0.030636	9.243958	279400.000000
2020-07-21	-0.008007	0.037190	0.037190	0.021621	-5.678223	278200.000000
2020-07-20	0.010508	0.034594	0.046977	0.028252	7.373962	299200.000000
2020-07-17	0.014200	0.036668	0.056309	0.024773	9.825195	338900.000000
2020-07-16	0.000294	0.035672	0.037970	0.022270	0.203552	228000.000000
2020-07-15	-0.004227	0.042480	0.043343	0.023449	-2.936035	367600.000000
2020-07-14	0.022521	0.055139	0.058333	0.026376	15.300110	333100.000000
2020-07-13	-0.021589	0.037285	0.042340	0.005284	-14.990051	439200.000000
2020-07-10	-0.016605	0.040937	0.040937	0.010643	-11.724487	339600.000000
2020-07-09	0.011578	0.034092	0.050195	0.024521	8.081299	239200.000000
2020-07-08	-0.000999	0.038469	0.045754	0.022783	-0.697693	333600.000000
2020-07-07	-0.002214	0.026002	0.043611	0.022489	-1.550232	316000.000000
2020-07-06	0.005930	0.039168	0.046567	0.024918	4.127747	421300.000000
2020-07-02	-0.013404	0.038591	0.043112	0.016141	-9.457153	433100.000000
2020-07-01	0.036836	0.033116	0.073527	0.030412	25.067078	573400.000000
2020-06-30	0.019422	0.046380	0.056012	0.034381	12.964844	470000.000000
2020-06-29	0.003467	0.041439	0.041740	0.028331	2.306152	319100.000000
2020-06-26	-0.014781	0.032473	0.033761	0.011443	-9.980469	563500.000000
2020-06-25	0.010455	0.024382	0.044854	0.023065	6.986267	487600.000000
2020-06-24	-0.007284	0.025061	0.031836	0.007873	-4.902893	522200.000000
2020-06-23	-0.003515	0.036262	0.043664	0.019386	-2.374084	594900.000000
2020-06-22	-0.020086	0.028750	0.031376	0.004873	-13.846436	603600.000000
2020-06-19	0.021421	0.057084	0.057944	0.020249	14.456909	1364400.000000
2020-06-18	-0.002135	0.029885	0.034069	0.019136	-1.443726	313100.000000
2020-06-17	0.001147	0.039267	0.042790	0.027514	0.775146	392200.000000
2020-06-16	0.003844	0.043128	0.055016	0.021463	2.587097	570900.000000
2020-06-15	0.026440	0.020818	0.060977	0.009440	17.334839	546900.000000
2020-06-12	0.024126	0.044509	0.062176	0.036309	15.445312	539300.000000
2020-06-11	-0.050077	0.028556	0.028556	-0.021003	-33.749146	582100.000000
2020-06-10	0.006235	0.038016	0.044944	0.016038	4.176331	473400.000000
2020-06-09	0.022152	0.037584	0.059240	0.030747	14.515137	525800.000000
2020-06-08	0.004068	0.013916	0.036809	0.013916	2.654907	563500.000000
2020-06-05	0.012508	0.028243	0.047404	0.005001	8.061768	828400.000000
2020-06-04	-0.034558	0.019851	0.030591	-0.011110	-23.070923	508300.000000
2020-06-03	-0.011052	0.024622	0.031036	0.011142	-7.461060	436700.000000
2020-06-02	-0.018981	0.043887	0.043887	-0.000276	-13.061707	621400.000000
2020-06-01	0.017975	0.035342	0.059677	0.030845	12.150757	447200.000000
2020-05-29	0.006173	0.037730	0.042656	0.020151	4.147278	589300.000000
2020-05-28	0.026364	0.041394	0.061452	0.033862	17.257263	441200.000000
2020-05-27	0.026641	0.045439	0.060793	0.014070	16.985962	555400.000000
2020-05-26	-0.017925	0.049095	0.055102	0.011343	-11.637268	573200.000000
2020-05-22	0.039758	0.029963	0.075286	0.028057	24.824829	503000.000000
2020-05-21	-0.016904	0.023401	0.029336	0.006759	-10.736084	512300.000000
2020-05-20	0.008229	0.037442	0.041680	0.027235	5.183899	590200.000000
2020-05-19	-0.014536	0.037160	0.048079	0.015572	-9.292297	455600.000000
2020-05-18	0.005648	0.070941	0.070941	0.037338	3.590027	586600.000000
2020-05-15	-0.000910	0.032449	0.041046	0.016260	-0.579163	564600.000000
2020-05-14	-0.028786	0.037441	0.041334	-0.014032	-18.857483	800500.000000
2020-05-13	0.022828	0.035924	0.071601	0.035565	14.620911	1572000.000000
2020-05-12	-0.021165	0.021686	0.033592	0.008680	-13.848755	1527300.000000
2020-05-11	-0.000236	0.027496	0.049529	0.024409	-0.154419	558900.000000
2020-05-08	0.004176	0.043171	0.054065	0.030068	2.721436	439400.000000
2020-05-07	-0.012935	0.002599	0.028557	-0.006503	-8.540833	663100.000000
2020-05-06	-0.003205	0.027162	0.058472	0.026921	-2.123230	388300.000000
2020-05-05	0.015415	0.056746	0.061682	0.030886	10.056091	321600.000000
2020-05-04	0.007632	0.026397	0.045689	0.020852	4.941162	515200.000000
2020-05-01	-0.006442	0.028732	0.044922	0.020905	-4.197998	346700.000000
2020-04-30	-0.006065	0.030577	0.047233	0.012471	-3.976074	752000.000000
2020-04-29	-0.006494	0.038826	0.043827	0.018520	-4.285095	605800.000000
2020-04-28	-0.025983	0.053327	0.056485	0.007097	-17.602905	374300.000000
2020-04-27	0.024668	0.046429	0.069343	0.036402	16.309814	349800.000000
2020-04-24	-0.000569	0.036190	0.042327	0.017174	-0.376465	459800.000000
2020-04-23	0.001022	0.034450	0.057677	0.030470	0.675659	382400.000000
2020-04-22	0.018730	0.048075	0.077101	0.037731	12.150269	434000.000000
2020-04-21	0.002162	0.017127	0.052163	0.011782	1.399414	420700.000000
2020-04-20	-0.034823	0.019863	0.024336	-0.007274	-23.354858	519500.000000
2020-04-17	0.017884	0.034839	0.057513	0.015792	11.783508	502600.000000
2020-04-16	0.010673	0.010881	0.055317	0.010881	6.958252	521700.000000
2020-04-15	-0.019393	0.019449	0.030625	0.001008	-12.893372	361100.000000
2020-04-14	0.048236	0.067992	0.097176	0.059241	30.592773	549800.000000
2020-04-13	-0.043308	0.028150	0.028150	-0.027435	-28.710876	541000.000000
2020-04-09	0.034143	0.040292	0.080445	0.039232	21.887817	904300.000000
2020-04-08	0.065168	0.036854	0.111143	0.032750	39.220642	533700.000000
2020-04-07	-0.043850	0.078608	0.079784	-0.012266	-27.601074	621200.000000
2020-04-06	0.044070	0.061220	0.093068	0.044998	26.568481	698800.000000
2020-04-03	-0.002332	0.036454	0.052838	0.000213	-1.409119	557200.000000
2020-04-02	0.051540	0.035024	0.094624	0.027906	29.618042	801500.000000
2020-04-01	-0.046608	0.008998	0.028608	-0.036609	-28.093201	714800.000000
2020-03-31	-0.031479	0.028365	0.036286	-0.018137	-19.591003	1135000.000000
2020-03-30	0.085146	0.056625	0.131619	0.035754	48.832703	778600.000000
2020-03-27	0.011386	0.011395	0.066910	-0.023205	6.456360	616200.000000
2020-03-26	0.060767	0.046684	0.130340	0.031214	32.484497	754700.000000
2020-03-25	0.014710	0.017037	0.126922	0.016221	7.749512	723800.000000
2020-03-24	0.116020	0.080040	0.171364	0.052120	54.767944	914300.000000
2020-03-23	-0.034312	0.033162	0.035126	-0.022420	-16.772949	882100.000000
2020-03-20	-0.079055	0.035719	0.054992	-0.070820	-41.961426	1230300.000000
2020-03-19	-0.038697	0.035737	0.068735	-0.030078	-21.366821	985200.000000
2020-03-18	-0.005285	-0.018180	0.053953	-0.037204	-2.933777	1027900.000000
2020-03-17	0.060376	0.067117	0.142783	0.059667	31.606201	1215500.000000
2020-03-16	-0.126648	-0.028041	-0.021885	-0.115779	-75.912781	1018900.000000
2020-03-13	0.099022	0.073154	0.143837	0.039142	54.005737	1081100.000000
2020-03-12	-0.056229	-0.036298	0.029614	-0.054918	-32.494141	1003900.000000
2020-03-11	-0.018811	0.004541	0.027191	-0.006920	-11.079163	897900.000000
2020-03-10	0.063095	0.083012	0.110159	0.030757	34.955017	706400.000000
2020-03-09	-0.056862	-0.027939	0.024733	-0.029420	-33.401184	724500.000000
2020-03-06	-0.012973	0.007490	0.024965	-0.021192	-7.720642	826300.000000
2020-03-05	-0.044648	0.009751	0.030315	-0.019096	-27.813354	578100.000000
2020-03-04	0.049304	0.054449	0.089013	0.047576	29.270569	586400.000000
2020-03-03	-0.006011	0.040945	0.061572	0.004579	-3.590027	678800.000000
2020-03-02	0.080447	0.045379	0.122099	0.044258	44.470581	757100.000000
2020-02-28	-0.041323	0.017183	0.023131	-0.022670	-23.827576	1132000.000000
2020-02-27	-0.051362	0.026450	0.037654	-0.017410	-31.220215	718200.000000
2020-02-26	-0.003386	0.040403	0.045781	0.024549	-2.065247	414600.000000
2020-02-25	-0.015975	0.037496	0.042111	0.012408	-9.901733	677700.000000
2020-02-24	-0.016906	0.028094	0.038023	0.011455	-10.658386	543200.000000
2020-02-21	0.011721	0.046210	0.054298	0.033597	7.304199	604900.000000
2020-02-20	0.007255	0.040934	0.048240	0.033337	4.488403	353600.000000
2020-02-19	0.000202	0.047918	0.051022	0.036941	0.124878	405000.000000
2020-02-18	-0.007801	0.033295	0.042631	0.025564	-4.863037	427900.000000
2020-02-14	0.020291	0.045948	0.070874	0.042838	12.398071	438600.000000
2020-02-13	0.020236	0.027057	0.062672	0.021864	12.119385	508300.000000
2020-02-12	0.015597	0.044992	0.059152	0.038379	9.197571	566400.000000
2020-02-11	0.002516	0.042300	0.053606	0.038747	1.480164	345000.000000
2020-02-10	0.009950	0.045958	0.053771	0.042319	5.795349	270300.000000
2020-02-07	0.003760	0.042911	0.047065	0.037724	2.181702	186900.000000
2020-02-06	0.004108	0.049134	0.051851	0.028887	2.373962	215000.000000
2020-02-05	-0.010842	0.041577	0.042826	0.027044	-6.333679	327400.000000
2020-02-04	0.007041	0.048221	0.050600	0.043343	4.084595	325900.000000
2020-02-03	0.023520	0.045475	0.069434	0.042811	13.330566	445700.000000
2020-01-31	-0.022007	0.042328	0.044398	0.013494	-12.753845	488700.000000
2020-01-30	0.000531	0.040516	0.049856	0.040516	0.307495	348400.000000
2020-01-29	0.000183	0.036147	0.043382	0.030501	0.105774	243200.000000
2020-01-28	0.014513	0.044055	0.059261	0.043004	8.284546	318100.000000
2020-01-27	0.003362	0.036878	0.045754	0.029320	1.912598	233200.000000
2020-01-24	-0.006795	0.042856	0.053295	0.030059	-3.892334	329000.000000
2020-01-23	0.007573	0.045688	0.061888	0.042293	4.305603	352200.000000
2020-01-22	0.002593	0.049916	0.056671	0.041875	1.470520	444100.000000
2020-01-21	0.003401	0.046692	0.052072	0.033297	1.922180	680900.000000
2020-01-17	-0.011964	0.038523	0.043226	0.027858	-6.843018	794200.000000
2020-01-16	0.015147	0.042806	0.058514	0.041138	8.534546	522100.000000
2020-01-15	-0.000443	0.044136	0.051179	0.037909	-0.249878	394300.000000
2020-01-14	-0.014219	0.041968	0.044049	0.019443	-8.130859	385400.000000
2020-01-13	0.001616	0.042040	0.048416	0.037433	0.922607	396300.000000
2020-01-10	0.008506	0.048131	0.052459	0.037531	4.815186	307900.000000
2020-01-09	0.008890	0.038967	0.051531	0.025528	4.988037	229600.000000
2020-01-08	0.003300	0.042484	0.048135	0.028197	1.845337	261000.000000
2020-01-07	-0.004449	0.040464	0.044077	0.023641	-2.498901	252600.000000
2020-01-06	-0.001094	0.040499	0.045603	0.030932	-0.615112	284200.000000
2020-01-03	0.009960	0.033513	0.060255	0.033513	5.545593	385200.000000
2020-01-02	-0.007453	0.040856	0.042638	0.026809	-4.180847	448500.000000
