2022-12-30	-0.002473	-0.017819	-0.001349	-0.021585	-0.219994	19190300.000000
2022-12-29	0.028799	0.006593	0.033599	0.006130	2.489998	18280700.000000
2022-12-28	-0.016718	-0.004890	0.006710	-0.017741	-1.470001	17879600.000000
2022-12-27	-0.020933	-0.005567	-0.003452	-0.025331	-1.879997	15470900.000000
2022-12-23	0.017562	-0.007251	0.020847	-0.007251	1.549995	17815000.000000
2022-12-22	-0.022050	-0.014626	-0.011856	-0.036676	-1.989998	23656100.000000
2022-12-21	0.006917	0.001116	0.014337	-0.008033	0.620003	20336400.000000
2022-12-20	0.005384	-0.004711	0.007067	-0.012451	0.479996	21976800.000000
2022-12-19	-0.018820	0.000220	0.003742	-0.021296	-1.709999	23020500.000000
2022-12-16	-0.003728	0.000000	0.006031	-0.013048	-0.339996	48485500.000000
2022-12-15	-0.043122	-0.018571	-0.013430	-0.051201	-4.110001	28298800.000000
2022-12-14	-0.005634	-0.003234	0.014293	-0.019927	-0.540001	26452900.000000
2022-12-13	0.024476	0.048204	0.066695	0.019453	2.290001	34788500.000000
2022-12-12	0.005265	0.000215	0.008649	-0.012571	0.489998	27380900.000000
2022-12-09	-0.009367	-0.000532	0.005748	-0.009899	-0.879997	21885300.000000
2022-12-08	-0.012612	0.005675	0.007567	-0.014188	-1.200005	25593200.000000
2022-12-07	-0.022197	-0.005549	0.000000	-0.023482	-2.159996	26647900.000000
2022-12-06	-0.025633	-0.002003	0.003404	-0.031140	-2.560005	20877600.000000
2022-12-05	-0.009521	-0.010066	0.009124	-0.014629	-0.959999	19955500.000000
2022-12-02	-0.004443	-0.018859	-0.001284	-0.020833	-0.449997	18821500.000000
2022-12-01	-0.001676	-0.000493	0.011237	-0.007689	-0.169998	21771500.000000
2022-11-30	0.062971	-0.003353	0.062971	-0.008068	6.009995	39888100.000000
2022-11-29	-0.008416	-0.002597	0.001455	-0.019325	-0.809998	20220000.000000
2022-11-28	-0.013832	-0.004098	0.002357	-0.017520	-1.349998	19974500.000000
2022-11-25	-0.012346	-0.003592	0.001214	-0.013054	-1.220001	8567800.000000
2022-11-23	0.015309	0.000103	0.017867	0.000103	1.489998	17568900.000000
2022-11-22	0.015653	0.003444	0.017928	-0.014818	1.500000	18868900.000000
2022-11-21	-0.020143	-0.002454	0.009407	-0.021779	-1.970001	18696900.000000
2022-11-18	-0.007107	0.005178	0.006701	-0.017868	-0.699997	24969900.000000
2022-11-17	-0.004950	-0.018285	0.004950	-0.019093	-0.489998	21818700.000000
2022-11-16	0.002735	-0.007091	0.011446	-0.008286	0.269997	24660200.000000
2022-11-15	0.028012	0.027491	0.045715	0.010309	2.690002	31831000.000000
2022-11-14	-0.007237	-0.012716	0.004652	-0.016717	-0.700005	24170100.000000
2022-11-11	0.027185	0.005734	0.033875	-0.000106	2.560005	30569100.000000
2022-11-10	0.077460	0.056522	0.081808	0.048627	6.769997	42371200.000000
2022-11-09	-0.016983	-0.004105	0.006523	-0.017433	-1.510002	26743900.000000
2022-11-08	0.002933	0.005753	0.019797	-0.011280	0.260002	30172000.000000
2022-11-07	0.022491	0.007382	0.025836	0.002999	1.950005	26899900.000000
2022-11-04	0.038448	0.024195	0.038807	0.004671	3.209999	40173300.000000
2022-11-03	-0.041116	-0.008327	-0.005972	-0.041576	-3.580002	48510400.000000
2022-11-02	-0.037901	0.004530	0.008840	-0.038564	-3.430000	43553600.000000
2022-11-01	-0.043947	0.009825	0.015899	-0.044686	-4.160004	43220600.000000
2022-10-31	-0.019880	-0.008283	-0.002381	-0.022779	-1.919998	29868700.000000
2022-10-28	0.042981	-0.000756	0.046004	-0.002991	3.980003	35696900.000000
2022-10-27	-0.023413	-0.005379	0.003691	-0.030795	-2.220001	54036500.000000
2022-10-26	-0.096350	-0.077861	-0.060898	-0.098732	-10.110001	71504300.000000
2022-10-25	0.019035	0.003205	0.020686	0.000486	1.959999	29910200.000000
2022-10-24	0.014683	0.006011	0.015964	-0.011628	1.489998	24680800.000000
2022-10-21	0.009450	-0.020591	0.010843	-0.022879	0.950005	28988700.000000
2022-10-20	0.002393	0.005285	0.027022	-0.003191	0.239998	25125100.000000
2022-10-19	-0.010849	-0.006805	0.002653	-0.017309	-1.099998	21573700.000000
2022-10-18	0.006053	0.031355	0.034134	-0.001290	0.610001	21610500.000000
2022-10-17	0.037045	0.024079	0.047232	0.023976	3.599998	23311600.000000
2022-10-14	-0.025374	0.009177	0.015846	-0.026878	-2.529999	22624800.000000
2022-10-13	0.014344	-0.024110	0.022686	-0.030824	1.409996	32812200.000000
2022-10-12	0.002550	0.002244	0.016298	-0.003876	0.250000	17343400.000000
2022-10-11	-0.006686	-0.004660	0.014284	-0.014791	-0.659996	21617700.000000
2022-10-10	-0.008637	0.002812	0.004218	-0.017073	-0.860001	16529900.000000
2022-10-07	-0.026115	-0.015552	-0.008020	-0.029636	-2.669998	24249900.000000
2022-10-06	0.000196	-0.007044	0.014772	-0.007044	0.019997	17156200.000000
2022-10-05	-0.001855	-0.016795	0.003222	-0.026072	-0.190002	18475500.000000
2022-10-04	0.031319	0.017523	0.034441	0.017523	3.110001	22580900.000000
2022-10-03	0.032761	0.011128	0.039730	0.009048	3.150002	24840000.000000
2022-09-30	-0.019778	-0.003670	0.014313	-0.021001	-1.939995	26277800.000000
2022-09-29	-0.026305	-0.014294	-0.014294	-0.041890	-2.650002	21921500.000000
2022-09-28	0.027016	-0.000714	0.033745	-0.002956	2.650002	24617000.000000
2022-09-27	-0.007287	0.011133	0.016699	-0.014877	-0.720001	24225000.000000
2022-09-26	-0.003630	-0.005647	0.012806	-0.007966	-0.360001	22437900.000000
2022-09-23	-0.013921	-0.005071	-0.004574	-0.025455	-1.400002	25657000.000000
2022-09-22	0.005599	-0.005599	0.016698	-0.005999	0.559998	21272700.000000
2022-09-21	-0.017873	0.004026	0.016302	-0.018069	-1.820000	26596800.000000
2022-09-20	-0.019451	-0.009340	-0.006548	-0.026288	-2.019997	24001700.000000
2022-09-19	0.002123	-0.010518	0.003763	-0.012159	0.220001	19738600.000000
2022-09-16	-0.002599	-0.008951	0.001251	-0.019682	-0.270004	64540100.000000
2022-09-15	-0.018608	-0.008123	0.003211	-0.024181	-1.970001	26494900.000000
2022-09-14	0.005318	0.001234	0.007502	-0.007692	0.560005	22115800.000000
2022-09-13	-0.058640	-0.026638	-0.022347	-0.061411	-6.560005	33015000.000000
2022-09-12	0.000805	0.001879	0.007694	-0.007604	0.090004	19732900.000000
2022-09-09	0.021568	0.005758	0.023579	0.005301	2.360001	21732900.000000
2022-09-08	-0.009595	-0.011767	0.000905	-0.021904	-1.060005	21660700.000000
2022-09-07	0.027912	0.002605	0.032657	0.001256	3.000000	22987200.000000
2022-09-06	-0.011042	-0.005015	0.001840	-0.019967	-1.199997	20565100.000000
2022-09-02	-0.016915	0.007146	0.010176	-0.021891	-1.870003	20618100.000000
2022-09-01	0.012826	0.000458	0.018965	-0.008795	1.400002	22784400.000000
2022-08-31	-0.006915	0.015649	0.016923	-0.007825	-0.760002	25898000.000000
2022-08-30	-0.003897	0.006253	0.009335	-0.013957	-0.429993	20548200.000000
2022-08-29	-0.008625	-0.004672	0.005930	-0.013387	-0.960007	20386100.000000
2022-08-26	-0.054375	-0.016058	-0.009346	-0.055055	-6.399994	31698700.000000
2022-08-25	0.026155	0.003923	0.026853	0.003051	3.000000	14874700.000000
2022-08-24	-0.000610	-0.002788	0.008251	-0.008626	-0.070000	16051200.000000
2022-08-23	-0.002607	-0.006518	0.007474	-0.006692	-0.300003	14390700.000000
2022-08-22	-0.025821	-0.017101	-0.013715	-0.029208	-3.050003	19316000.000000
2022-08-19	-0.022671	-0.008191	-0.007116	-0.026394	-2.739998	20187000.000000
2022-08-18	0.004488	-0.000748	0.011386	-0.006400	0.540001	15652000.000000
2022-08-17	-0.017876	-0.012897	-0.002939	-0.018856	-2.190002	17589200.000000
2022-08-16	-0.003011	-0.004557	0.002832	-0.010946	-0.369995	15626200.000000
2022-08-15	0.001875	-0.003587	0.004974	-0.008806	0.229996	15525000.000000
2022-08-12	0.023619	0.011183	0.023619	0.004841	2.830002	16121100.000000
2022-08-11	-0.006879	0.011852	0.014007	-0.009117	-0.830002	16671600.000000
2022-08-10	0.026809	0.017787	0.036426	0.015830	3.150002	20497000.000000
2022-08-09	-0.005417	-0.001270	0.000508	-0.013374	-0.639999	15424300.000000
2022-08-08	-0.000677	0.007613	0.022331	-0.003299	-0.080002	17061100.000000
2022-08-05	-0.005468	-0.016320	-0.000084	-0.018171	-0.650002	15615700.000000
2022-08-04	0.000758	-0.004041	0.006062	-0.009008	0.090004	15757700.000000
2022-08-03	0.024849	0.003796	0.030371	0.002157	2.879997	25302800.000000
2022-08-02	0.003637	-0.009093	0.013855	-0.010565	0.419998	17911000.000000
2022-08-01	-0.009945	-0.009516	0.004115	-0.016718	-1.159996	22856200.000000
2022-07-29	0.017890	-0.010385	0.020159	-0.011868	2.050003	31336200.000000
2022-07-28	0.008715	-0.007042	0.009683	-0.015396	0.989998	23303800.000000
2022-07-27	0.077390	0.039454	0.084977	0.028262	8.159996	41474600.000000
2022-07-26	-0.025598	-0.007208	-0.004343	-0.031882	-2.769997	36626600.000000
2022-07-25	-0.001384	0.004799	0.020487	-0.012458	-0.150002	28289900.000000
2022-07-22	-0.058067	-0.028077	-0.016168	-0.064673	-6.680000	44455300.000000
2022-07-21	0.002964	0.003400	0.004446	-0.024324	0.340004	27267800.000000
2022-07-20	0.000698	-0.004886	0.014919	-0.011865	0.079994	26780100.000000
2022-07-19	0.042853	0.016559	0.044582	0.005368	4.709999	30992300.000000
2022-07-18	-0.025335	0.005968	0.018028	-0.030745	-2.856995	33354000.000000
2022-07-15	0.011908	0.013667	0.022976	0.003432	1.326996	34330000.000000
2022-07-14	-0.006658	-0.012132	-0.001778	-0.025506	-0.746994	32366000.000000
2022-07-13	-0.023183	-0.019247	0.002677	-0.026352	-2.662506	38958000.000000
2022-07-12	-0.014358	0.002712	0.011388	-0.016370	-1.672997	24970000.000000
2022-07-11	-0.030341	-0.012636	-0.011434	-0.032737	-3.646004	26718000.000000
2022-07-08	0.007229	-0.014718	0.009463	-0.015020	0.862503	29082000.000000
2022-07-07	0.035521	0.006896	0.040347	0.002782	4.092499	32184000.000000
2022-07-06	0.011648	0.001800	0.021644	-0.014369	1.326500	28852000.000000
2022-07-05	0.044059	-0.014361	0.045577	-0.025958	4.806000	36398000.000000
2022-07-01	-0.002665	-0.009468	0.003967	-0.020732	-0.291496	31028000.000000
2022-06-30	-0.025691	-0.015652	-0.008255	-0.044064	-2.884003	38046040.000000
2022-06-29	-0.002798	-0.003758	0.009709	-0.009039	-0.315002	18627860.000000
2022-06-28	-0.034736	-0.002328	0.010581	-0.035829	-4.050995	28316220.000000
2022-06-27	-0.016159	0.003349	0.006006	-0.021405	-1.915504	32839300.000000
2022-06-24	0.051946	0.008151	0.052829	0.008151	5.853500	39122760.000000
2022-06-23	0.005806	0.008176	0.010376	-0.008970	0.650505	24709720.000000
2022-06-22	0.000170	-0.007606	0.015663	-0.011523	0.018997	23921720.000000
2022-06-21	0.038469	0.017026	0.044569	0.013239	4.149498	39010280.000000
2022-06-17	0.011530	-0.000947	0.024509	-0.009448	1.229500	43516660.000000
2022-06-16	-0.034011	-0.020301	-0.009965	-0.041652	-3.754501	35313240.000000
2022-06-15	0.029820	0.015910	0.045422	0.008627	3.196503	33192020.000000
2022-06-14	0.002971	0.000126	0.014793	-0.004908	0.317497	25480940.000000
2022-06-13	-0.040843	-0.035732	-0.019825	-0.043431	-4.550995	36756200.000000
2022-06-10	-0.030374	-0.018594	-0.012365	-0.035303	-3.490501	31349740.000000
2022-06-09	-0.019789	-0.007647	0.009485	-0.020224	-2.320000	23141600.000000
2022-06-08	0.000073	-0.003011	0.012083	-0.004545	0.008499	22544260.000000
2022-06-07	0.001872	-0.011644	0.006308	-0.016110	0.219002	26413540.000000
2022-06-06	0.021355	0.019016	0.042199	0.017146	2.446495	23786720.000000
2022-06-03	-0.027024	-0.014892	-0.011733	-0.034634	-3.181999	24952080.000000
2022-06-02	0.031620	0.000447	0.032952	-0.007263	3.609001	27495400.000000
2022-06-01	0.000859	0.007826	0.029464	-0.004284	0.098000	28629280.000000
2022-05-31	0.010993	0.002482	0.032221	-0.002008	1.239998	51301920.000000
2022-05-27	0.041581	0.013782	0.042218	0.011579	4.503006	29924420.000000
2022-05-26	0.023210	0.001994	0.029438	-0.003321	2.456497	30287480.000000
2022-05-25	-0.000817	-0.007401	0.005841	-0.016188	-0.086502	37899340.000000
2022-05-24	-0.051407	-0.047364	-0.047208	-0.084703	-5.740494	60386380.000000
2022-05-23	0.021530	0.007236	0.024631	-0.001452	2.353493	31558220.000000
2022-05-20	-0.012935	0.012100	0.016294	-0.039482	-1.432495	37586020.000000
2022-05-19	-0.014729	-0.004982	0.010556	-0.017197	-1.655502	29191740.000000
2022-05-18	-0.036850	-0.012545	-0.008619	-0.039070	-4.300499	27982760.000000
2022-05-17	0.016630	0.021212	0.021212	0.004748	1.908997	21576080.000000
2022-05-16	-0.014788	-0.009711	0.000790	-0.018714	-1.723000	23282380.000000
2022-05-13	0.029644	0.014886	0.043513	0.007414	3.354500	29737560.000000
2022-05-12	-0.007020	-0.017752	0.007858	-0.033762	-0.799995	41464880.000000
2022-05-11	-0.005441	-0.007628	0.018209	-0.008156	-0.623505	36501640.000000
2022-05-10	0.013269	0.026144	0.031897	0.002647	1.500504	31157780.000000
2022-05-09	-0.022272	-0.020374	-0.000840	-0.026876	-2.576004	34520960.000000
2022-05-06	-0.009306	-0.010514	0.006441	-0.022300	-1.086494	35309480.000000
2022-05-05	-0.047550	-0.019209	-0.010946	-0.060310	-5.828499	43089040.000000
2022-05-04	0.037632	-0.001067	0.042441	-0.020240	4.445496	33231460.000000
2022-05-03	0.008301	-0.003346	0.018292	-0.004524	0.972504	21215740.000000
2022-05-02	0.019053	-0.009220	0.020641	-0.013630	2.190498	30279640.000000
2022-04-29	-0.037224	-0.015354	-0.003781	-0.039506	-4.445000	33693100.000000
2022-04-28	0.038176	0.018210	0.047105	0.001073	4.390999	36790940.000000
2022-04-27	-0.037534	-0.042952	-0.016786	-0.053401	-4.485497	62238120.000000
2022-04-26	-0.030377	-0.004057	-0.004057	-0.033170	-3.744003	49393040.000000
2022-04-25	0.030398	-0.001542	0.030632	-0.007062	3.636002	34521800.000000
2022-04-22	-0.042609	0.000500	0.004118	-0.046399	-5.323502	46410300.000000
2022-04-21	-0.025794	0.008612	0.016079	-0.028036	-3.307999	30157540.000000
2022-04-20	-0.017509	0.005769	0.010668	-0.020202	-2.285507	22609380.000000
2022-04-19	0.020084	0.000907	0.022997	-0.003982	2.570007	22719300.000000
2022-04-18	0.005564	0.001234	0.011465	-0.005301	0.708000	14917200.000000
2022-04-14	-0.023280	0.002790	0.003256	-0.024366	-3.032997	23483360.000000
2022-04-13	0.014890	0.001963	0.017770	0.000499	1.911499	19542960.000000
2022-04-12	-0.010956	0.020239	0.020239	-0.017108	-1.421997	23003220.000000
2022-04-11	-0.031445	-0.008287	-0.007994	-0.032781	-4.214005	24187340.000000
2022-04-08	-0.017986	-0.001575	-0.001575	-0.019877	-2.454498	16434480.000000
2022-04-07	-0.005183	-0.004068	0.003831	-0.016903	-0.710999	19448540.000000
2022-04-06	-0.027555	-0.013480	-0.008610	-0.032928	-3.887009	23574600.000000
2022-04-05	-0.017958	-0.001692	-0.000366	-0.018790	-2.579498	19255560.000000
2022-04-04	0.020913	0.000885	0.023765	0.000885	2.942505	19084900.000000
2022-04-01	0.007522	0.002581	0.009313	-0.006105	1.050491	23480020.000000
2022-03-31	-0.020996	-0.001374	0.000000	-0.021210	-2.994995	29516320.000000
2022-03-30	-0.004227	-0.002653	0.001609	-0.007553	-0.605499	21046380.000000
2022-03-29	0.009158	0.008528	0.015587	0.003762	1.300003	28678420.000000
2022-03-28	0.003028	-0.005914	0.003215	-0.011965	0.428497	23773080.000000
2022-03-25	0.001483	0.003128	0.004582	-0.011411	0.209503	19289080.000000
2022-03-24	0.020277	0.005552	0.020888	-0.003351	2.808502	20544720.000000
2022-03-23	-0.012646	-0.008120	-0.001800	-0.015049	-1.774002	25302320.000000
2022-03-22	0.027836	0.000158	0.036793	0.000158	3.798996	29776860.000000
2022-03-21	-0.002361	0.000336	0.005709	-0.016009	-0.322998	26632460.000000
2022-03-18	0.016352	-0.005323	0.017184	-0.012396	2.201004	45899700.000000
2022-03-17	0.006807	-0.002764	0.007846	-0.007267	0.909988	23994380.000000
2022-03-16	0.031081	0.010331	0.031702	-0.003544	4.029999	32058200.000000
2022-03-15	0.023035	0.007894	0.029795	-0.001365	2.919510	30292600.000000
2022-03-14	-0.028622	0.000747	0.004219	-0.031136	-3.734497	30253860.000000
2022-03-11	-0.016630	0.009930	0.011441	-0.017979	-2.206512	26599800.000000
2022-03-10	-0.008845	-0.017955	-0.002446	-0.018414	-1.183990	24265200.000000
2022-03-09	0.051757	0.032382	0.054369	0.022074	6.587494	32257440.000000
2022-03-08	0.006437	-0.001692	0.037813	-0.004774	0.814003	35249560.000000
2022-03-07	-0.042820	-0.001650	-0.001650	-0.043233	-5.657494	39177900.000000
2022-03-04	-0.016276	-0.006891	-0.000812	-0.029034	-2.186005	24472240.000000
2022-03-03	-0.003291	0.009106	0.014562	-0.009799	-0.443497	19779300.000000
2022-03-02	0.004349	0.003281	0.010789	-0.005482	0.583496	23966740.000000
2022-03-01	-0.005360	-0.003047	0.009044	-0.011213	-0.723007	24639920.000000
2022-02-28	0.002762	-0.009181	0.008333	-0.012595	0.371506	29675680.000000
2022-02-25	0.013914	0.006422	0.020468	-0.006848	1.846008	26235860.000000
2022-02-24	0.039883	-0.020261	0.042732	-0.022107	5.088493	43165080.000000
2022-02-23	-0.014045	0.012952	0.018133	-0.014675	-1.817497	26431280.000000
2022-02-22	-0.008163	-0.003698	0.010986	-0.020898	-1.065002	38906580.000000
2022-02-18	-0.013914	0.005510	0.011454	-0.015127	-1.841003	31858600.000000
2022-02-17	-0.037669	-0.009728	-0.004713	-0.038444	-5.179001	30968120.000000
2022-02-16	0.007784	0.000037	0.011145	-0.011742	1.061996	25609660.000000
2022-02-15	0.008319	0.016049	0.019216	0.001770	1.125504	26577560.000000
2022-02-14	0.008723	-0.005700	0.015183	-0.006173	1.169998	26792800.000000
2022-02-11	-0.032268	0.001064	0.004912	-0.038340	-4.472488	38808800.000000
2022-02-10	-0.020152	-0.013807	-0.000156	-0.024057	-2.850510	33017700.000000
2022-02-09	0.016090	0.011757	0.021280	0.008361	2.240005	28627160.000000
2022-02-08	0.001979	0.000383	0.006471	-0.014863	0.274994	34255040.000000
2022-02-07	-0.028514	0.004846	0.005807	-0.030185	-4.078003	44610740.000000
2022-02-04	0.002562	0.002569	0.013212	-0.019860	0.365509	49224400.000000
2022-02-03	-0.036383	-0.018519	0.007304	-0.039392	-5.386002	56930140.000000
2022-02-02	0.073674	0.101430	0.103145	0.055694	10.158005	89750760.000000
2022-02-01	0.016065	0.015745	0.018434	-0.008329	2.179993	51203200.000000
2022-01-31	0.018073	0.006816	0.019161	-0.007619	2.408997	34055560.000000
2022-01-28	0.032284	0.006808	0.032911	-0.003303	4.168503	30517560.000000
2022-01-27	-0.000921	0.016411	0.026075	-0.002283	-0.119003	30285020.000000
2022-01-26	0.019762	0.030433	0.047911	0.003298	2.504509	39630880.000000
2022-01-25	-0.027893	-0.014854	-0.007927	-0.030635	-3.636497	36008600.000000
2022-01-24	0.002152	-0.031243	0.005277	-0.041894	0.279999	55292040.000000
2022-01-21	-0.025576	-0.003704	0.009393	-0.026257	-3.414505	41919220.000000
2022-01-20	-0.015816	0.006355	0.016660	-0.018485	-2.145493	21930560.000000
2022-01-19	-0.004685	0.004755	0.015474	-0.005800	-0.638504	20795280.000000
2022-01-18	-0.025010	-0.022795	-0.017133	-0.029828	-3.496002	27401960.000000
2022-01-14	0.004711	-0.011723	0.014874	-0.011723	0.655502	23825920.000000
2022-01-13	-0.017769	0.001359	0.010854	-0.019301	-2.516998	26565080.000000
2022-01-12	0.011645	0.010977	0.019974	0.007817	1.630493	23641580.000000
2022-01-11	0.010417	-0.002840	0.012668	-0.012704	1.443497	23501240.000000
2022-01-10	0.011456	-0.013908	0.011938	-0.028203	1.569504	34095680.000000
2022-01-07	-0.003973	0.002574	0.005116	-0.012810	-0.546494	19408240.000000
2022-01-06	-0.000745	-0.001133	0.014765	-0.006466	-0.102509	29049040.000000
2022-01-05	-0.046830	-0.001631	-0.000821	-0.047730	-6.763000	49641520.000000
2022-01-04	-0.004536	0.003281	0.010584	-0.008674	-0.657990	22927780.000000
2022-01-03	0.002730	-0.001410	0.006017	-0.008135	0.394989	25224500.000000
2021-12-31	-0.009061	-0.003140	0.002483	-0.009075	-1.322998	17297700.000000
2021-12-30	-0.003427	-0.000372	0.003809	-0.005092	-0.501999	12977020.000000
2021-12-29	0.000386	-0.000126	0.005024	-0.006443	0.056503	17024720.000000
2021-12-28	-0.010914	0.002097	0.002097	-0.014376	-1.615997	18635840.000000
2021-12-27	0.006263	0.002182	0.008726	0.000731	0.921494	13259320.000000
2021-12-23	0.001317	0.000956	0.011049	0.000012	0.193497	13818680.000000
2021-12-22	0.018919	-0.000836	0.021373	-0.001786	2.728500	18440480.000000
2021-12-21	0.012774	0.005256	0.016085	-0.004680	1.819000	19551940.000000
2021-12-20	-0.002811	-0.014869	-0.001348	-0.017878	-0.401489	20263520.000000
2021-12-17	-0.014054	-0.014665	-0.002613	-0.021061	-2.035507	43404700.000000
2021-12-16	-0.017168	0.004808	0.008027	-0.022230	-2.529999	27399740.000000
2021-12-15	0.016541	-0.004170	0.017567	-0.015624	2.397995	27280960.000000
2021-12-14	-0.011820	-0.013186	-0.008606	-0.030415	-1.733994	24778800.000000
2021-12-13	-0.013254	-0.001554	-0.000757	-0.015571	-1.970505	24103920.000000
2021-12-10	0.003842	0.006711	0.008737	-0.005054	0.569000	21638460.000000
2021-12-09	-0.004132	-0.003661	0.005947	-0.008012	-0.614502	18580600.000000
2021-12-08	0.004621	0.001993	0.007566	-0.005651	0.684006	18963940.000000
2021-12-07	0.029486	0.014976	0.031319	0.013255	4.240005	23258280.000000
2021-12-06	0.008953	0.007392	0.012847	-0.013145	1.276001	22197700.000000
2021-12-03	-0.008736	0.005001	0.009991	-0.018268	-1.256012	26687480.000000
2021-12-02	0.015242	0.001455	0.021586	-0.004491	2.158508	21250700.000000
2021-12-01	-0.005855	0.012359	0.028411	-0.006683	-0.834000	28545780.000000
2021-11-30	-0.025063	-0.004543	0.003521	-0.027704	-3.662003	41590520.000000
2021-11-29	0.023164	0.010451	0.028402	0.010451	3.307999	26276120.000000
2021-11-26	-0.026660	-0.011600	-0.009682	-0.028845	-3.911499	16992120.000000
2021-11-24	-0.000269	-0.002773	0.001656	-0.010616	-0.039505	16464060.000000
2021-11-23	-0.002186	0.000235	0.004185	-0.014883	-0.321503	18133140.000000
2021-11-22	-0.019166	0.001262	0.005282	-0.019653	-2.873993	24627700.000000
2021-11-19	-0.005020	0.001931	0.007571	-0.005451	-0.756500	19782960.000000
2021-11-18	0.011049	0.000564	0.017094	-0.000426	1.647003	26682400.000000
2021-11-17	-0.000094	0.001026	0.003689	-0.003441	-0.014008	15290820.000000
2021-11-16	-0.002088	-0.001456	0.002975	-0.006948	-0.311996	17254860.000000
2021-11-15	-0.001721	0.002369	0.005557	-0.006636	-0.257492	16247340.000000
2021-11-12	0.019745	0.007383	0.021203	-0.002003	2.897491	17047660.000000
2021-11-11	0.000832	0.003280	0.012796	0.000467	0.121994	12463100.000000
2021-11-10	-0.017571	-0.008300	-0.003675	-0.026288	-2.622498	22708320.000000
2021-11-09	-0.000690	0.002641	0.006876	-0.012350	-0.102997	16875560.000000
2021-11-08	0.000740	0.005086	0.012017	-0.000811	0.110504	18388140.000000
2021-11-05	0.003753	0.004510	0.012696	-0.000209	0.557999	20408140.000000
2021-11-04	0.012896	0.002793	0.021527	-0.001056	1.893005	24700800.000000
2021-11-03	0.006355	0.002824	0.007181	-0.005550	0.926987	17886600.000000
2021-11-02	0.014530	0.007201	0.021885	0.006030	2.089005	21150580.000000
2021-11-01	-0.030326	-0.000712	0.000870	-0.031638	-4.496490	32272100.000000
2021-10-29	0.014655	-0.004168	0.016999	-0.006587	2.141495	28954500.000000
2021-10-28	-0.002039	0.005952	0.006809	-0.011364	-0.298508	32418060.000000
2021-10-27	0.048367	0.001650	0.067630	0.001650	6.755508	51850920.000000
2021-10-26	0.006478	0.013209	0.014891	0.001675	0.899002	28258740.000000
2021-10-25	0.001068	0.001338	0.004190	-0.013536	0.147995	21081700.000000
2021-10-22	-0.029104	-0.017016	-0.008559	-0.039291	-4.155502	30182640.000000
2021-10-21	0.002567	-0.001566	0.003051	-0.005463	0.365509	14849920.000000
2021-10-20	-0.009783	0.002785	0.002960	-0.013280	-1.407013	17939500.000000
2021-10-19	0.006026	0.002315	0.008020	0.000948	0.861511	15315840.000000
2021-10-18	0.009074	-0.003257	0.009344	-0.003257	1.285492	16567200.000000
2021-10-15	0.001860	0.005572	0.005572	-0.002457	0.263000	21253360.000000
2021-10-14	0.025468	0.014880	0.027205	0.010435	3.512009	21437560.000000
2021-10-13	0.008682	0.007585	0.013437	0.001927	1.186996	16393280.000000
2021-10-12	-0.015373	0.005690	0.006104	-0.018708	-2.134506	22535020.000000
2021-10-11	-0.008629	-0.001828	0.005052	-0.008921	-1.208496	16584760.000000
2021-10-08	0.006254	0.005177	0.008129	0.001752	0.870499	18928420.000000
2021-10-07	0.013334	0.010986	0.020389	0.008802	1.831497	18250460.000000
2021-10-06	0.008643	-0.011393	0.012300	-0.012414	1.177002	19764320.000000
2021-10-05	0.018032	0.001757	0.026890	0.001757	2.412003	24126740.000000
2021-10-04	-0.019767	-0.005591	-0.005588	-0.038809	-2.697495	31529900.000000
2021-10-01	0.023990	0.002169	0.028556	0.000840	3.196991	28387300.000000
2021-09-30	-0.009333	-0.001457	0.007947	-0.011307	-1.255493	35363980.000000
2021-09-29	-0.012211	0.006797	0.008918	-0.014201	-1.663010	26337220.000000
2021-09-28	-0.037576	-0.017049	-0.013389	-0.040996	-5.317001	42189660.000000
2021-09-27	-0.007936	-0.007344	-0.000932	-0.014954	-1.131989	18844080.000000
2021-09-24	0.005686	-0.006208	0.007594	-0.006882	0.806488	14949340.000000
2021-09-23	0.006301	0.004761	0.009323	0.001121	0.888000	17276100.000000
2021-09-22	0.009252	0.002893	0.013871	-0.001251	1.292007	22067800.000000
2021-09-21	0.004528	0.007913	0.012909	-0.000802	0.629501	18129380.000000
2021-09-20	-0.017294	-0.017413	-0.014852	-0.031178	-2.446503	34917720.000000
2021-09-17	-0.020156	-0.003983	-0.000859	-0.022941	-2.910004	60039820.000000
2021-09-16	-0.005733	-0.000585	-0.000041	-0.012325	-0.832489	20298840.000000
2021-09-15	0.012552	0.002462	0.015170	-0.008019	1.799988	20653420.000000
2021-09-14	-0.000411	0.004851	0.008800	-0.003900	-0.058990	18919140.000000
2021-09-13	0.010879	0.009019	0.015995	0.002547	1.543991	20175620.000000
2021-09-10	-0.020650	0.003657	0.007629	-0.021889	-2.992493	32896620.000000
2021-09-09	0.000207	0.000000	0.005425	-0.003102	0.029999	14798560.000000
2021-09-08	-0.004367	-0.000862	0.000220	-0.009064	-0.635498	15491660.000000
2021-09-07	0.005139	-0.000176	0.007246	-0.001616	0.744003	15172600.000000
2021-09-03	0.003855	-0.000506	0.008029	-0.004951	0.556000	19110480.000000
2021-09-02	-0.011128	0.000737	0.003312	-0.011900	-1.623001	21855800.000000
2021-09-01	0.002612	0.001292	0.009339	0.001048	0.379990	15824680.000000
2021-08-31	-0.000052	0.002853	0.004417	-0.003227	-0.007492	26756420.000000
2021-08-30	0.006358	0.001065	0.013414	0.000342	0.918991	16915900.000000
2021-08-27	0.017080	-0.000074	0.020320	-0.000725	2.427505	24568240.000000
2021-08-26	-0.005785	-0.002319	0.001293	-0.006006	-0.826996	14922000.000000
2021-08-25	0.003873	0.003402	0.006422	0.000288	0.551498	12843060.000000
2021-08-24	0.009206	0.003147	0.013522	0.001800	1.298996	15126260.000000
2021-08-23	0.019233	0.004056	0.027016	0.002246	2.662506	21089680.000000
2021-08-20	0.011127	0.001238	0.012424	-0.003261	1.523499	15566740.000000
2021-08-19	0.002515	-0.008073	0.006458	-0.008889	0.343491	18295920.000000
2021-08-18	-0.005320	-0.001348	0.007236	-0.006406	-0.730499	14934460.000000
2021-08-17	-0.011629	-0.005219	-0.001422	-0.015322	-1.615494	21274020.000000
2021-08-16	0.003685	-0.002933	0.004223	-0.016186	0.509995	18050840.000000
2021-08-13	0.000119	-0.000231	0.002056	-0.002778	0.016510	12580580.000000
2021-08-12	0.005084	0.000171	0.005291	-0.006613	0.699997	14649400.000000
2021-08-11	-0.002947	0.001351	0.005440	-0.005406	-0.406998	15209660.000000
2021-08-10	0.000685	0.000562	0.003982	-0.005619	0.094498	16039080.000000
2021-08-09	0.007049	-0.000635	0.009381	-0.004431	0.966003	12379560.000000
2021-08-06	0.000701	-0.004710	0.001023	-0.006525	0.095993	13565020.000000
2021-08-05	0.006701	0.000000	0.006774	-0.003150	0.911499	11871780.000000
2021-08-04	-0.001845	-0.000224	0.001893	-0.006347	-0.251495	16527140.000000
2021-08-03	0.002136	0.000077	0.002544	-0.013280	0.290497	19064000.000000
2021-08-02	0.005683	0.001949	0.005913	-0.004078	0.768509	20140040.000000
2021-07-30	-0.009664	-0.007540	-0.005633	-0.012643	-1.319504	23954500.000000
2021-07-29	0.001166	-0.000007	0.005646	-0.001785	0.158997	19283340.000000
2021-07-28	-0.003034	0.012906	0.021050	-0.003264	-0.414993	54688340.000000
2021-07-27	-0.020395	0.002625	0.002625	-0.032543	-2.848007	42163060.000000
2021-07-26	0.013268	0.003149	0.013765	-0.001197	1.828506	23052460.000000
2021-07-23	0.033657	0.014487	0.041101	0.010290	4.487488	26377740.000000
2021-07-22	0.005490	0.000373	0.006818	-0.001512	0.728012	13608140.000000
2021-07-21	0.011434	-0.002399	0.011562	-0.003814	1.498993	14741640.000000
2021-07-20	0.014294	0.005803	0.021256	-0.000508	1.847504	19083120.000000
2021-07-19	-0.019656	-0.005233	-0.004539	-0.025094	-2.591507	25709320.000000
2021-07-16	0.004411	0.002853	0.006982	-0.003390	0.579010	14861180.000000
2021-07-15	-0.006178	0.003161	0.003880	-0.011239	-0.816010	16586320.000000
2021-07-14	0.008306	0.006924	0.015279	0.006897	1.087997	17918540.000000
2021-07-13	0.003297	0.002432	0.011320	0.000559	0.430511	16617960.000000
2021-07-12	0.007637	0.001999	0.009226	0.000197	0.989502	16950920.000000
2021-07-09	0.003077	-0.001800	0.005206	-0.001808	0.397491	15109320.000000
2021-07-08	-0.006923	-0.014049	-0.000346	-0.015664	-0.900497	19779500.000000
2021-07-07	0.002362	0.004392	0.006696	-0.000085	0.306503	16683720.000000
2021-07-06	0.008173	0.005675	0.009055	-0.002408	1.052002	21350340.000000
2021-07-02	0.018600	0.003727	0.019621	0.003169	2.350494	21165120.000000
2021-07-01	0.008399	-0.003721	0.009149	-0.003721	1.052498	17124600.000000
2021-06-30	-0.005575	-0.002896	-0.001734	-0.010006	-0.702499	24009560.000000
2021-06-29	-0.006316	-0.000371	0.001423	-0.010901	-0.801003	20949560.000000
2021-06-28	-0.001382	0.000039	0.002693	-0.008041	-0.175499	28110860.000000
2021-06-25	-0.002255	-0.002553	0.001752	-0.006584	-0.286995	33485940.000000
2021-06-24	0.006488	0.004681	0.008493	0.003942	0.820496	18933240.000000
2021-06-23	-0.004236	-0.003539	0.006272	-0.005886	-0.537994	19693160.000000
2021-06-22	0.004306	-0.000040	0.006445	-0.003389	0.544495	20986200.000000
2021-06-21	0.007068	0.001374	0.011701	-0.003450	0.887505	26256520.000000
2021-06-18	-0.006358	-0.005266	0.000142	-0.013991	-0.803505	53306200.000000
2021-06-17	0.005366	-0.001380	0.011934	-0.001444	0.674500	25755820.000000
2021-06-16	-0.002670	0.001702	0.003892	-0.014941	-0.336494	26316760.000000
2021-06-15	-0.002525	0.001345	0.004036	-0.005568	-0.319000	22182600.000000
2021-06-14	0.005215	-0.000215	0.005688	-0.005167	0.655495	22550440.000000
2021-06-11	-0.003042	0.001317	0.002138	-0.009244	-0.383499	25246180.000000
2021-06-10	0.012122	0.001048	0.012788	0.001044	1.510002	31234660.000000
2021-06-09	0.003444	0.006706	0.008921	0.001804	0.427498	20126740.000000
2021-06-08	0.006796	0.005600	0.011518	0.000872	0.838005	25065060.000000
2021-06-07	0.005845	-0.000179	0.006624	-0.004359	0.716499	23849060.000000
2021-06-04	0.019608	0.007448	0.020481	0.005473	2.357498	25948680.000000
2021-06-03	-0.006885	-0.010846	-0.004764	-0.015880	-0.833504	18345820.000000
2021-06-02	-0.003511	0.002264	0.005017	-0.010540	-0.426498	17162100.000000
2021-06-01	0.007568	0.004329	0.010952	-0.002770	0.912498	19165780.000000
2021-05-28	0.003767	0.008096	0.010668	0.002156	0.452499	24107640.000000
2021-05-27	-0.012747	0.001401	0.002659	-0.012956	-1.550995	38962260.000000
2021-05-26	0.010153	0.001563	0.014061	0.001430	1.223000	21856380.000000
2021-05-25	0.000997	0.005539	0.010895	-0.001529	0.119995	18838560.000000
2021-05-24	0.026255	0.009339	0.031291	0.006401	3.078506	21243780.000000
2021-05-21	-0.004665	0.004202	0.005479	-0.005823	-0.549500	22832640.000000
2021-05-20	0.020522	0.008373	0.022363	0.005362	2.368996	23831860.000000
2021-05-19	0.002292	-0.016944	0.005787	-0.017326	0.264000	19350880.000000
2021-05-18	-0.007745	0.006675	0.009365	-0.007862	-0.899002	17302380.000000
2021-05-17	0.002267	-0.002953	0.003100	-0.009136	0.262505	19848320.000000
2021-05-14	0.023957	0.013201	0.026159	0.009439	2.709496	26624960.000000
2021-05-13	0.010223	0.009830	0.016757	0.001626	1.144501	26670160.000000
2021-05-12	-0.030181	-0.020379	-0.010131	-0.034092	-3.484001	34933280.000000
2021-05-11	-0.014050	-0.021267	-0.008396	-0.025051	-1.644997	32110960.000000
2021-05-10	-0.023775	-0.009922	-0.008626	-0.026665	-2.851501	26005420.000000
2021-05-07	0.007282	0.007832	0.014723	0.003632	0.867004	23277840.000000
2021-05-06	0.010442	-0.002588	0.011019	-0.006111	1.230499	20617180.000000
2021-05-05	0.001058	0.006019	0.011872	-0.001206	0.124496	21805500.000000
2021-05-04	-0.017084	-0.010617	-0.006643	-0.034849	-2.045998	35120300.000000
2021-05-03	-0.006203	-0.003070	0.003975	-0.010630	-0.747498	33787780.000000
2021-04-30	-0.008136	-0.010453	-0.001132	-0.011412	-0.988503	39142600.000000
2021-04-29	0.021001	0.012782	0.023787	0.009400	2.499001	39553540.000000
2021-04-28	0.031550	0.043355	0.062961	0.029357	3.639496	59728780.000000
2021-04-27	-0.008432	0.003980	0.004603	-0.009657	-0.980995	31971660.000000
2021-04-26	0.004941	0.002000	0.011212	-0.000631	0.571999	20833000.000000
2021-04-23	0.020891	0.006856	0.025530	0.004537	2.368996	28703240.000000
2021-04-22	-0.011063	-0.000026	0.004566	-0.016064	-1.268494	21096160.000000
2021-04-21	-0.000148	-0.003654	0.000737	-0.015286	-0.017006	23934620.000000
2021-04-20	-0.003809	0.002384	0.003127	-0.013330	-0.438499	21774980.000000
2021-04-19	0.002019	-0.002516	0.009004	-0.004315	0.232002	24688900.000000
2021-04-16	0.000479	0.002761	0.004258	-0.005316	0.055000	22601800.000000
2021-04-15	0.018547	0.009819	0.022954	0.004949	2.091003	27472240.000000
2021-04-14	-0.005482	0.003480	0.004728	-0.007974	-0.621506	20219340.000000
2021-04-13	0.005535	0.002963	0.009943	0.000577	0.624001	23316080.000000
2021-04-12	-0.013601	-0.008587	-0.004620	-0.020743	-1.554497	31317020.000000
2021-04-09	0.009022	-0.003858	0.010417	-0.005176	1.021996	20887300.000000
2021-04-08	0.007005	0.012571	0.015258	0.003556	0.788002	27165180.000000
2021-04-07	0.011206	0.000620	0.013597	0.000261	1.246498	25797220.000000
2021-04-06	-0.000359	-0.001370	0.005441	-0.004830	-0.039993	27060720.000000
2021-04-05	0.041071	0.007106	0.046572	0.006488	4.389999	43297500.000000
2021-04-01	0.033413	0.014174	0.035922	0.013661	3.455994	33979560.000000
2021-03-31	0.006368	0.001742	0.018383	0.000586	0.654503	29198600.000000
2021-03-30	-0.000199	0.000817	0.007213	-0.005798	-0.020500	20735480.000000
2021-03-29	0.010022	-0.003768	0.011240	-0.009791	1.020004	24595540.000000
2021-03-26	-0.004309	-0.002690	0.003243	-0.014841	-0.440506	29876000.000000
2021-03-25	-0.000342	-0.000122	0.006753	-0.016787	-0.034996	28378140.000000
2021-03-24	-0.003848	0.006045	0.012299	-0.005555	-0.395004	23080580.000000
2021-03-23	0.007049	0.006431	0.016537	0.000309	0.718506	27339940.000000
2021-03-22	-0.002256	-0.000666	0.007239	-0.008384	-0.230507	39096320.000000
2021-03-19	0.003428	0.002863	0.008290	-0.009105	0.349007	46297860.000000
2021-03-18	-0.026235	-0.014385	-0.007451	-0.027512	-2.743004	27248600.000000
2021-03-17	-0.000688	-0.007880	0.008248	-0.018408	-0.071999	25980320.000000
2021-03-16	0.012596	0.006049	0.027617	0.001699	1.301498	29831280.000000
2021-03-15	0.002216	0.000184	0.002493	-0.008929	0.228500	25966500.000000
2021-03-12	-0.024991	-0.014077	-0.011590	-0.031786	-2.642502	34515880.000000
2021-03-11	0.029070	0.009260	0.034389	0.008443	2.987000	24781600.000000
2021-03-10	0.001135	0.009285	0.010864	-0.009417	0.116501	25371840.000000
2021-03-09	0.014095	0.022641	0.026613	0.011689	1.426498	33946120.000000
2021-03-08	-0.040013	-0.003514	0.009613	-0.041228	-4.218498	32948580.000000
2021-03-05	0.029013	0.011727	0.033683	-0.001305	2.972504	43904360.000000
2021-03-04	0.011042	-0.001648	0.030853	-0.003178	1.118996	42360120.000000
2021-03-03	-0.023668	-0.004157	0.006107	-0.031717	-2.456497	29683620.000000
2021-03-02	-0.002724	-0.002556	0.010982	-0.004924	-0.283501	22691900.000000
2021-03-01	0.021921	0.009652	0.024381	0.004536	2.232498	28102300.000000
2021-02-26	0.002708	0.009432	0.019519	-0.007532	0.275002	41676020.000000
2021-02-25	-0.030456	-0.013230	-0.000138	-0.035262	-3.190498	36568640.000000
2021-02-24	0.011739	-0.014018	0.014448	-0.015805	1.215500	24966980.000000
2021-02-23	0.002896	-0.019309	0.008296	-0.030442	0.298996	33347540.000000
2021-02-22	-0.017257	-0.016248	-0.004626	-0.018561	-1.812996	27350660.000000
2021-02-19	-0.007586	0.000978	0.006296	-0.009347	-0.803001	29152240.000000
2021-02-18	-0.005220	-0.008420	0.002079	-0.011558	-0.555496	22437100.000000
2021-02-17	0.003021	-0.010321	0.005542	-0.010830	0.320496	21418820.000000
2021-02-16	0.008455	0.000119	0.023083	0.000119	0.889503	22676760.000000
2021-02-12	0.003922	-0.002691	0.006169	-0.006088	0.410995	17117300.000000
2021-02-11	0.000243	0.001971	0.003174	-0.008619	0.025505	18913000.000000
2021-02-10	0.005697	0.005136	0.011932	-0.009801	0.593498	22709280.000000
2021-02-09	-0.004491	-0.006866	0.005839	-0.006866	-0.470001	17797000.000000
2021-02-08	-0.002426	0.003770	0.012177	-0.012393	-0.254501	24848220.000000
2021-02-05	0.017276	0.003700	0.019463	-0.001474	1.781502	30702700.000000
2021-02-04	-0.003720	-0.000570	0.004096	-0.013275	-0.385002	37046580.000000
2021-02-03	0.073961	0.075481	0.098049	0.047144	7.127998	82363400.000000
2021-02-02	0.013759	0.011155	0.028617	0.006911	1.308006	45474460.000000
2021-02-01	0.035740	0.009713	0.047203	0.008275	3.280495	32043640.000000
2021-01-29	-0.014690	-0.009092	-0.003129	-0.028399	-1.368500	32251040.000000
2021-01-28	0.017654	0.007183	0.037164	0.006473	1.616005	35462760.000000
2021-01-27	-0.045091	-0.018104	-0.014208	-0.056456	-4.322502	54965840.000000
2021-01-26	0.009392	-0.005560	0.013478	-0.007979	0.891998	26262780.000000
2021-01-25	-0.000868	0.010321	0.015007	-0.017632	-0.082497	38546400.000000
2021-01-22	0.005182	0.002342	0.010416	-0.005018	0.489998	25444640.000000
2021-01-21	0.002305	0.005883	0.025417	0.000111	0.217499	41278640.000000
2021-01-20	0.053628	0.022671	0.063014	0.019359	4.802002	49805160.000000
2021-01-19	0.031488	0.009250	0.042095	0.003035	2.733498	34692280.000000
2021-01-15	-0.002293	-0.001144	0.009091	-0.010706	-0.199501	26843400.000000
2021-01-14	-0.008105	-0.000445	0.011748	-0.011970	-0.710999	23589540.000000
2021-01-13	0.004495	-0.004563	0.010584	-0.004890	0.392502	21882620.000000
2021-01-12	-0.011417	-0.007245	0.006407	-0.023439	-1.008499	27153820.000000
2021-01-11	-0.022405	-0.011698	-0.007135	-0.025835	-2.024498	24194700.000000
2021-01-08	0.011168	0.000408	0.012639	-0.007674	0.997993	41020040.000000
2021-01-07	0.029943	0.002749	0.030606	0.001014	2.598000	45300440.000000
2021-01-06	-0.003234	-0.021994	0.004067	-0.024079	-0.281494	52042280.000000
2021-01-05	0.007337	-0.001875	0.011243	-0.005916	0.633995	22906940.000000
2021-01-04	-0.013494	0.003231	0.005006	-0.025133	-1.181999	38037100.000000
2020-12-31	0.007105	-0.002357	0.011158	-0.002357	0.618004	20244800.000000
2020-12-30	-0.010917	0.001871	0.003625	-0.018832	-0.959999	26122600.000000
2020-12-29	-0.009780	0.006588	0.009206	-0.011261	-0.868500	25987900.000000
2020-12-28	0.021416	0.007353	0.029834	0.004305	1.862000	27860660.000000
2020-12-24	0.003735	0.001512	0.007862	-0.001888	0.323494	6935060.000000
2020-12-23	0.005152	0.002675	0.014209	0.000893	0.444000	20678340.000000
2020-12-22	-0.009124	-0.002840	-0.001130	-0.015405	-0.793495	18766920.000000
2020-12-21	0.004830	-0.010110	0.005685	-0.018492	0.417999	36567560.000000
2020-12-18	-0.009663	0.003593	0.004125	-0.015836	-0.844498	80327060.000000
2020-12-17	-0.008565	0.003125	0.004982	-0.013806	-0.755005	32494880.000000
2020-12-16	-0.002698	0.002891	0.002959	-0.006613	-0.238495	30270860.000000
2020-12-15	0.004381	0.002477	0.006454	-0.005744	0.385498	29645220.000000
2020-12-14	-0.012185	-0.003800	0.008767	-0.013781	-1.085503	32003460.000000
2020-12-11	0.003627	-0.006911	0.005137	-0.008635	0.321999	24413020.000000
2020-12-10	-0.004932	-0.008032	-0.001581	-0.024555	-0.439995	27256960.000000
2020-12-09	-0.018927	-0.003596	0.008644	-0.027901	-1.721001	30151160.000000
2020-12-08	-0.000511	-0.005155	0.001330	-0.012792	-0.046501	21926380.000000
2020-12-07	-0.004655	-0.004918	0.002396	-0.012150	-0.425499	26418920.000000
2020-12-04	0.000668	-0.001232	0.003498	-0.005354	0.060997	27563320.000000
2020-12-03	-0.000646	-0.002155	0.010531	-0.002899	-0.058998	24545960.000000
2020-12-02	0.016601	0.000000	0.020883	-0.004798	1.492500	24440640.000000
2020-12-01	0.021218	0.007741	0.036399	0.004901	1.867996	34780900.000000
2020-11-30	-0.018096	-0.006695	-0.002858	-0.021297	-1.622498	36476720.000000
2020-11-27	0.012284	0.000937	0.018386	0.000570	1.087997	17698320.000000
2020-11-25	0.001442	0.002267	0.005461	-0.006976	0.127502	20922440.000000
2020-11-24	0.019610	-0.002513	0.021178	-0.004133	1.701004	31594060.000000
2020-11-23	-0.004207	0.004253	0.006721	-0.014045	-0.366501	43239500.000000
2020-11-20	-0.012319	0.000731	0.005715	-0.012506	-1.086502	46273100.000000
2020-11-19	0.009812	-0.004809	0.013058	-0.005596	0.857002	24998200.000000
2020-11-18	-0.013202	-0.002779	0.001876	-0.013564	-1.168503	23469320.000000
2020-11-17	-0.006304	-0.002492	0.002032	-0.008072	-0.561501	22942280.000000
2020-11-16	0.002454	-0.002994	0.012408	-0.005250	0.218002	24935700.000000
2020-11-13	0.015533	0.004452	0.017830	-0.003023	1.359001	30011480.000000
2020-11-12	-0.001637	-0.002898	0.008878	-0.004057	-0.143501	24975080.000000
2020-11-11	0.007079	0.005522	0.013692	0.004008	0.615997	25279320.000000
2020-11-10	-0.012825	-0.018100	0.000000	-0.025922	-1.130501	52722840.000000
2020-11-09	0.000710	0.016546	0.031963	-0.000982	0.062500	45365400.000000
2020-11-06	-0.000919	-0.005342	0.005138	-0.013055	-0.081001	33224500.000000
2020-11-05	0.008141	0.018221	0.025447	0.000789	0.712006	41316240.000000
2020-11-04	0.059944	0.036401	0.073418	0.033826	4.945999	71418540.000000
2020-11-03	0.014871	0.003536	0.021937	-0.005787	1.209000	33233060.000000
2020-11-02	0.003097	0.004411	0.024528	-0.003072	0.250999	50708920.000000
2020-10-30	0.034309	0.066914	0.076415	0.023749	2.688499	86617240.000000
2020-10-29	0.033377	0.003785	0.050830	0.003706	2.530998	40061280.000000
2020-10-28	-0.054630	-0.027751	-0.026748	-0.055876	-4.381996	36679180.000000
2020-10-27	0.008683	0.003282	0.010308	-0.004823	0.690498	24580040.000000
2020-10-26	-0.030804	-0.009744	-0.001682	-0.039305	-2.527504	37065080.000000
2020-10-23	0.015891	0.006649	0.016733	0.003207	1.283501	27516880.000000
2020-10-22	0.013820	-0.000163	0.018000	-0.005216	1.101006	28680840.000000
2020-10-21	0.024024	0.011183	0.040362	0.010090	1.868996	51366900.000000
2020-10-20	0.013893	-0.004926	0.027948	-0.005826	1.066002	44851440.000000
2020-10-19	-0.024412	0.004736	0.009625	-0.028614	-1.919998	32141500.000000
2020-10-16	0.008902	0.004310	0.014111	0.002482	0.694000	28702740.000000
2020-10-15	-0.005708	-0.013348	0.004480	-0.014699	-0.447502	30816340.000000
2020-10-14	-0.002291	0.004397	0.010183	-0.013457	-0.180000	38619800.000000
2020-10-13	0.001612	0.009292	0.013287	-0.003792	0.126503	32020860.000000
2020-10-12	0.035592	0.018334	0.051900	0.011450	2.696495	49651200.000000
2020-10-09	0.019712	0.005902	0.020586	0.002369	1.464500	28710840.000000
2020-10-08	0.017558	0.003287	0.020345	0.003287	1.281998	23756620.000000
2020-10-07	0.004713	0.007465	0.010678	-0.011999	0.342506	34923120.000000
2020-10-06	-0.021924	-0.007026	0.000498	-0.025188	-1.629005	24908460.000000
2020-10-05	0.018925	0.005341	0.020426	0.004011	1.380005	22265140.000000
2020-10-02	-0.021254	-0.018831	-0.004624	-0.026287	-1.583504	25681420.000000
2020-10-01	0.013943	0.009982	0.020033	0.006539	1.024498	35589940.000000
2020-09-30	0.000184	-0.001722	0.013898	-0.006431	0.013504	34032160.000000
2020-09-29	0.003284	0.004008	0.008292	-0.003902	0.240501	19582040.000000
2020-09-28	0.013537	0.020243	0.022035	0.003004	0.977997	40158820.000000
2020-09-25	0.011671	0.003039	0.015200	-0.010467	0.833504	26467500.000000
2020-09-24	0.009242	-0.002954	0.020138	-0.003787	0.653999	29004320.000000
2020-09-23	-0.034290	-0.004558	-0.003071	-0.039414	-2.512505	33147000.000000
2020-09-22	0.023967	0.013227	0.026803	0.002355	1.715004	31664020.000000
2020-09-21	-0.019747	-0.013651	-0.007966	-0.036603	-1.441498	57776540.000000
2020-09-18	-0.023764	0.001658	0.004997	-0.039050	-1.777000	62077640.000000
2020-09-17	-0.016681	-0.016372	-0.008286	-0.033467	-1.268501	37595020.000000
2020-09-16	-0.013325	0.009147	0.013338	-0.014026	-1.027000	26245980.000000
2020-09-15	0.014586	0.011005	0.026519	0.008264	1.108002	26621640.000000
2020-09-14	-0.000947	0.012024	0.028460	-0.003275	-0.072006	33931780.000000
2020-09-11	-0.007376	0.002598	0.028185	-0.022624	-0.564995	31941740.000000
2020-09-10	-0.016018	0.002364	0.017419	-0.020010	-1.247002	32371140.000000
2020-09-09	0.016034	0.016406	0.023891	0.002389	1.228500	35494080.000000
2020-09-08	-0.036863	-0.036159	-0.017080	-0.039616	-2.932503	52217680.000000
2020-09-04	-0.030941	-0.010708	0.001992	-0.057391	-2.540001	52171360.000000
2020-09-03	-0.050015	-0.010742	-0.010742	-0.065510	-4.321999	62155260.000000
2020-09-02	0.040687	0.007867	0.043638	0.003384	3.378502	50223600.000000
2020-09-01	0.016234	0.001499	0.019306	-0.001199	1.326500	36533100.000000
2020-08-31	-0.006221	0.002116	0.002162	-0.008574	-0.511497	36468120.000000
2020-08-28	0.006168	-0.000514	0.007856	-0.002191	0.503998	29995640.000000
2020-08-27	-0.010924	0.000787	0.001586	-0.016116	-0.902504	37232040.000000
2020-08-26	0.027459	-0.000137	0.031712	-0.002873	2.208000	71621440.000000
2020-08-25	0.012605	-0.003860	0.014746	-0.003860	1.000999	42641680.000000
2020-08-24	0.004923	0.008580	0.021355	0.000095	0.389000	28204580.000000
2020-08-21	-0.000841	-0.002984	0.010096	-0.008690	-0.066498	28929060.000000
2020-08-20	0.022113	-0.002636	0.024775	-0.006029	1.710999	34137540.000000
2020-08-19	-0.007102	-0.003394	0.009675	-0.009399	-0.553497	33212220.000000
2020-08-18	0.026759	0.005402	0.029309	0.003775	2.030998	40541720.000000
2020-08-17	0.006798	0.004603	0.011859	0.000159	0.512505	27572000.000000
2020-08-14	-0.007060	-0.001837	0.002272	-0.010254	-0.536003	27104000.000000
2020-08-13	0.007852	0.002469	0.020330	0.000919	0.591499	29104160.000000
2020-08-12	0.017766	0.003553	0.021661	0.003330	1.315002	28753100.000000
2020-08-11	-0.010547	-0.002446	0.009291	-0.012098	-0.789001	29087300.000000
2020-08-10	0.001077	-0.004891	0.006414	-0.014326	0.080498	25790600.000000
2020-08-07	-0.003740	-0.000067	0.011163	-0.012306	-0.280495	31556520.000000
2020-08-06	0.017976	-0.001262	0.019530	-0.005164	1.324501	39907360.000000
2020-08-05	0.005898	0.002956	0.011905	-0.001031	0.431999	39599140.000000
2020-08-04	-0.006430	0.001438	0.007535	-0.010716	-0.474007	38069780.000000
2020-08-03	-0.005739	0.002481	0.005064	-0.011679	-0.425499	46630280.000000
2020-07-31	-0.031663	-0.017265	-0.014692	-0.050553	-2.424500	68580720.000000
2020-07-30	0.006196	-0.016439	0.010414	-0.019579	0.471504	33427920.000000
2020-07-29	0.014450	0.003986	0.020603	0.000660	1.084000	22130680.000000
2020-07-28	-0.019514	-0.003281	-0.002431	-0.021265	-1.493004	34043480.000000
2020-07-27	0.012124	0.002467	0.019248	0.002209	0.916504	24919600.000000
2020-07-24	-0.002514	-0.011051	0.001291	-0.017999	-0.190498	30888080.000000
2020-07-23	-0.033669	-0.000969	0.002155	-0.038954	-2.640503	32552680.000000
2020-07-22	0.006462	0.001335	0.007431	-0.007905	0.503502	18639700.000000
2020-07-21	-0.004662	0.013585	0.013585	-0.007307	-0.365005	24372900.000000
2020-07-20	0.033104	-0.000191	0.036119	-0.007885	2.508507	31145040.000000
2020-07-17	-0.001614	0.002385	0.003584	-0.012899	-0.122505	29140200.000000
2020-07-16	0.002881	-0.009011	0.003336	-0.018056	0.218002	30386900.000000
2020-07-15	-0.004564	0.001677	0.009700	-0.014850	-0.347000	32213680.000000
2020-07-14	0.006114	-0.013915	0.007682	-0.018421	0.461998	31700320.000000
2020-07-13	-0.019718	0.005358	0.022956	-0.023673	-1.519997	36928480.000000
2020-07-10	0.020351	-0.003203	0.021734	-0.009563	1.537498	37134080.000000
2020-07-09	0.010020	0.006985	0.017861	-0.005291	0.749496	28466440.000000
2020-07-08	0.007285	0.006154	0.013938	0.000303	0.541000	24993160.000000
2020-07-07	-0.007034	-0.003811	0.014107	-0.008123	-0.526001	29163440.000000
2020-07-06	0.021165	0.010487	0.028600	0.005571	1.550003	31279940.000000
2020-07-02	0.018539	0.006189	0.031230	0.005827	1.333000	37189600.000000
2020-07-01	0.017282	-0.001776	0.020791	-0.002681	1.221504	35503340.000000
2020-06-30	0.013362	-0.003247	0.016975	-0.007893	0.931999	40847620.000000
2020-06-29	0.025789	-0.001265	0.026252	-0.009479	1.753494	36203600.000000
2020-06-26	-0.056496	-0.006896	-0.005467	-0.061984	-4.071495	85353960.000000
2020-06-25	0.006536	-0.001446	0.007633	-0.008359	0.467995	24609480.000000
2020-06-24	-0.022152	-0.001980	0.007518	-0.023668	-1.621994	35120440.000000
2020-06-23	0.008644	0.002603	0.016586	-0.004560	0.627495	28595280.000000
2020-06-22	0.014067	-0.001900	0.014689	-0.005944	1.007004	30848800.000000
2020-06-19	-0.002953	0.005599	0.008245	-0.010174	-0.211998	63157500.000000
2020-06-18	-0.010447	-0.001351	0.000200	-0.016615	-0.758003	31638320.000000
2020-06-17	0.005822	0.003078	0.011977	-0.007860	0.419998	30992300.000000
2020-06-16	0.016107	0.017868	0.024770	0.004261	1.143501	34232280.000000
2020-06-15	0.004720	-0.015837	0.008223	-0.017874	0.333504	30121920.000000
2020-06-12	0.006653	0.017559	0.023621	-0.012694	0.466995	38927340.000000
2020-06-11	-0.042303	-0.015943	-0.007760	-0.043558	-3.100502	39826640.000000
2020-06-10	0.006655	0.002321	0.012429	0.000076	0.484505	30503060.000000
2020-06-09	0.006602	-0.000864	0.014786	-0.002350	0.477501	28184980.000000
2020-06-08	0.005715	-0.011158	0.006674	-0.011158	0.410995	28083560.000000
2020-06-05	0.018560	0.000701	0.023276	-0.004376	1.310501	34704880.000000
2020-06-04	-0.016848	-0.004163	0.001796	-0.022035	-1.209999	29685440.000000
2020-06-03	-0.001973	-0.000639	0.005095	-0.006561	-0.141998	25123720.000000
2020-06-02	0.005168	-0.000887	0.005441	-0.009072	0.369995	25562560.000000
2020-06-01	0.002030	-0.007369	0.006327	-0.007642	0.145004	24342800.000000
2020-05-29	0.008604	0.000148	0.011181	-0.002386	0.609497	36761180.000000
2020-05-28	-0.000783	-0.014797	0.016222	-0.015404	-0.055496	33879520.000000
2020-05-27	0.000579	0.000162	0.003331	-0.018158	0.041000	33722840.000000
2020-05-26	0.004679	0.019037	0.021681	0.001212	0.329994	41212860.000000
2020-05-22	0.005432	-0.004341	0.007100	-0.007820	0.381004	26188160.000000
2020-05-21	-0.002787	0.000910	0.006234	-0.009433	-0.195999	27703880.000000
2020-05-20	0.024198	0.011718	0.026892	0.010022	1.661751	33107500.000000
2020-05-19	-0.007555	0.002209	0.005824	-0.007555	-0.522751	25612980.000000
2020-05-18	0.007828	-0.008331	0.013935	-0.013793	0.537498	36479280.000000
2020-05-15	0.012580	-0.004520	0.013531	-0.012632	0.852997	34154940.000000
2020-05-14	0.005040	-0.010605	0.005996	-0.018839	0.340004	32061540.000000
2020-05-13	-0.019197	0.000952	0.007081	-0.034411	-1.320503	36251700.000000
2020-05-12	-0.019611	0.002751	0.008366	-0.020303	-1.375999	27812000.000000
2020-05-11	0.010725	-0.007268	0.020283	-0.008080	0.744499	28242320.000000
2020-05-08	0.011519	0.007701	0.019088	0.002127	0.790504	27761360.000000
2020-05-07	0.018749	0.013835	0.022489	0.005916	1.263000	27995180.000000
2020-05-06	-0.002820	0.007831	0.014810	-0.002827	-0.190498	24308460.000000
2020-05-05	0.018322	0.008381	0.035529	0.008034	1.215500	33030660.000000
2020-05-04	0.004687	-0.009375	0.005338	-0.016364	0.309494	30080340.000000
2020-05-01	-0.020798	-0.014948	0.002528	-0.027924	-1.402496	41452780.000000
2020-04-30	0.005352	-0.012374	0.008453	-0.014156	0.359001	53378120.000000
2020-04-29	0.087390	0.087373	0.102394	0.074307	5.390499	75872600.000000
2020-04-28	-0.033083	0.009444	0.009538	-0.034235	-2.110500	59026180.000000
2020-04-27	-0.002681	0.013046	0.013163	-0.008059	-0.171501	32011260.000000
2020-04-24	0.002351	-0.011862	0.003205	-0.021045	0.150002	32807880.000000
2020-04-23	0.010370	0.006602	0.023828	0.001947	0.654999	31324060.000000
2020-04-22	0.038534	0.024006	0.056952	0.021096	2.343498	41862800.000000
2020-04-21	-0.039689	-0.015482	-0.009743	-0.044923	-2.513500	43060060.000000
2020-04-20	-0.012967	-0.009546	-0.001286	-0.017050	-0.831997	33909760.000000
2020-04-17	0.015655	0.016922	0.024504	0.006142	0.988998	38980840.000000
2020-04-16	0.000792	0.009212	0.013093	-0.015723	0.049999	50361980.000000
2020-04-15	-0.005326	-0.018610	0.008848	-0.022715	-0.337997	33434060.000000
2020-04-14	0.042437	0.022611	0.052983	0.015909	2.583500	49407060.000000
2020-04-13	0.005044	-0.001874	0.007479	-0.019688	0.305500	34796560.000000
2020-04-09	0.000967	0.011402	0.012633	-0.011192	0.058498	43508420.000000
2020-04-08	0.020034	0.016848	0.027442	0.001391	1.188499	39502700.000000
2020-04-07	-0.000345	0.028713	0.032083	-0.003951	-0.020500	47746580.000000
2020-04-06	0.081102	0.036543	0.088152	0.030113	4.452000	53294460.000000
2020-04-03	-0.020485	-0.001628	0.002409	-0.036606	-1.147999	46268000.000000
2020-04-02	0.013766	-0.006657	0.019211	-0.008339	0.761002	39297620.000000
2020-04-01	-0.049183	-0.035096	-0.028483	-0.056209	-2.859501	46883460.000000
2020-03-31	0.013943	0.000419	0.024843	-0.007569	0.799500	49759660.000000
2020-03-30	0.032511	0.012902	0.036841	-0.012812	1.805500	51481220.000000
2020-03-27	-0.043934	-0.031057	-0.009537	-0.048065	-2.552002	64169900.000000
2020-03-26	0.053751	0.008445	0.061207	-0.008127	2.963001	71475100.000000
2020-03-25	-0.028181	-0.007043	0.012729	-0.042708	-1.598499	81630560.000000
2020-03-24	0.073669	0.044623	0.074180	0.032178	3.891998	66889000.000000
2020-03-23	-0.014641	-0.010258	-0.000933	-0.054819	-0.785000	80882740.000000
2020-03-20	-0.038528	0.018318	0.025733	-0.044652	-2.148499	72035000.000000
2020-03-19	0.016858	-0.003419	0.055771	-0.033454	0.924500	73022120.000000
2020-03-18	-0.020539	-0.056519	-0.011877	-0.073692	-1.150002	84668700.000000
2020-03-17	0.032711	0.008097	0.042911	-0.026118	1.773502	77229780.000000
2020-03-16	-0.111008	-0.101440	-0.055310	-0.119117	-6.770000	85047300.000000
2020-03-13	0.094017	0.057484	0.094043	0.002003	5.241001	74002500.000000
2020-03-12	-0.082688	-0.073564	-0.017722	-0.084013	-5.025002	84534960.000000
2020-03-11	-0.050750	-0.023969	-0.015175	-0.065855	-3.249001	52224580.000000
2020-03-10	0.053333	0.036559	0.053959	0.002641	3.241501	52227460.000000
2020-03-09	-0.063809	-0.071711	-0.033618	-0.075793	-4.142502	67307300.000000
2020-03-06	-0.015640	-0.031826	-0.009719	-0.043964	-1.031502	53212560.000000
2020-03-05	-0.048669	-0.026195	-0.019913	-0.058723	-3.373993	51225760.000000
2020-03-04	-0.001865	-0.021510	-0.000734	-0.033115	-0.129501	38266300.000000
2020-03-03	0.000000	0.000000	0.000000	0.000000	0.000000	0.000000
2020-03-02	0.037168	0.009169	0.038482	-0.009344	2.488998	48629360.000000
2020-02-28	0.016114	-0.030795	0.017487	-0.035726	1.061996	75812360.000000
2020-02-27	-0.053898	-0.022337	-0.015415	-0.054559	-3.754494	59566000.000000
2020-02-26	0.003407	0.005539	0.019626	-0.006806	0.236496	44080740.000000
2020-02-25	-0.023312	0.008026	0.011642	-0.027568	-1.656998	49565560.000000
2020-02-24	-0.042771	-0.039728	-0.032415	-0.049639	-3.176003	57341060.000000
2020-02-21	-0.021763	-0.006666	-0.003909	-0.024839	-1.652000	34645460.000000
2020-02-20	-0.005594	-0.003072	0.001932	-0.013015	-0.427002	21931040.000000
2020-02-19	0.004619	0.003553	0.008184	0.001138	0.351006	18985360.000000
2020-02-18	-0.000704	-0.003775	0.007161	-0.005359	-0.053505	22422800.000000
2020-02-14	0.004014	0.000621	0.004014	-0.004833	0.304001	23956720.000000
2020-02-13	-0.002378	-0.003675	0.005869	-0.009004	-0.180496	18594600.000000
2020-02-12	0.006283	0.003771	0.007890	-0.000451	0.473999	23351300.000000
2020-02-11	0.000073	0.002075	0.013886	-0.002016	0.005501	26892660.000000
2020-02-10	0.019909	-0.003319	0.020463	-0.003319	1.472496	28397520.000000
2020-02-07	0.002032	-0.006049	0.006510	-0.006693	0.150002	23445400.000000
2020-02-06	0.019334	0.001450	0.023318	0.000925	1.400002	33587680.000000
2020-02-05	0.000802	0.010608	0.011589	-0.011409	0.057999	39723140.000000
2020-02-04	-0.026158	-0.019429	-0.011064	-0.040136	-1.943497	78659080.000000
2020-02-03	0.036054	0.019362	0.038885	0.017264	2.585495	61104320.000000
2020-01-31	-0.014844	0.008971	0.009816	-0.018759	-1.080498	48344280.000000
2020-01-30	-0.001913	-0.012800	-0.000926	-0.015240	-0.139503	26788420.000000
2020-01-29	0.004179	0.004296	0.008860	-0.004007	0.303505	21573340.000000
2020-01-28	0.013013	0.006346	0.015413	-0.000997	0.932999	31548440.000000
2020-01-27	-0.022370	-0.024347	-0.019527	-0.031029	-1.640503	35104020.000000
2020-01-24	-0.013413	0.004668	0.005950	-0.014395	-0.996994	35692880.000000
2020-01-23	0.000471	0.001137	0.006440	-0.002591	0.034996	27027080.000000
2020-01-22	0.001044	0.004446	0.012675	0.000357	0.077499	32216920.000000
2020-01-21	0.002709	-0.000858	0.007741	-0.006208	0.200500	40735600.000000
2020-01-17	0.019763	0.007722	0.020387	0.004491	1.434502	47924300.000000
2020-01-16	0.008685	0.005725	0.008887	0.001195	0.625000	23473760.000000
2020-01-15	0.005815	-0.000468	0.007349	-0.000468	0.416000	25653700.000000
2020-01-14	-0.005802	-0.000153	0.001786	-0.007546	-0.417503	31209060.000000
2020-01-13	0.006645	0.004476	0.007547	-0.002595	0.474998	33069640.000000
2020-01-10	0.006973	0.005444	0.010634	-0.001042	0.495003	36431320.000000
2020-01-09	0.011044	0.011571	0.016385	0.004237	0.775497	30053280.000000
2020-01-08	0.007880	-0.000904	0.013091	-0.001794	0.549004	30583540.000000
2020-01-07	-0.000624	0.002675	0.006297	-0.002747	-0.043503	27767520.000000
2020-01-06	0.024657	-0.007834	0.026340	-0.007834	1.677505	34662980.000000
2020-01-03	-0.004907	-0.014268	0.003752	-0.015962	-0.335503	23740120.000000
2020-01-02	0.022700	0.003388	0.023276	0.003388	1.517502	28134620.000000
