2022-12-30	-0.014201	-0.001938	0.000200	-0.015990	-4.517303	2581600.000000
2022-12-29	0.014823	0.016557	0.026702	0.013175	4.646362	1559100.000000
2022-12-28	-0.011954	0.010394	0.013167	-0.005524	-3.792542	1568200.000000
2022-12-27	0.002573	0.006230	0.016153	0.003386	0.814087	1610200.000000
2022-12-23	0.008256	0.000965	0.016737	-0.002508	2.591248	2064900.000000
2022-12-22	-0.010145	-0.002094	-0.002094	-0.019977	-3.216675	3064400.000000
2022-12-21	0.014356	0.017511	0.022438	0.006922	4.487488	2610400.000000
2022-12-20	-0.007847	-0.005487	0.005845	-0.013390	-2.472107	2632200.000000
2022-12-19	-0.018587	-0.004720	0.002787	-0.015561	-5.966797	3000600.000000
2022-12-16	-0.013004	-0.005580	0.008287	-0.018462	-4.229370	9615000.000000
2022-12-15	-0.017485	-0.004812	-0.003060	-0.023148	-5.788086	5056900.000000
2022-12-14	0.001622	0.000101	0.025910	-0.004498	0.536102	4546000.000000
2022-12-13	0.014970	0.057515	0.066421	0.013322	4.874695	5787700.000000
2022-12-12	0.023402	0.015162	0.031945	0.009787	7.446106	4900200.000000
2022-12-09	-0.011139	-0.000870	0.008329	-0.005687	-3.584045	3738800.000000
2022-12-08	0.012307	0.002208	0.020990	0.002208	3.911682	3483600.000000
2022-12-07	0.008505	0.002514	0.024470	-0.002309	2.680573	4038200.000000
2022-12-06	-0.008217	0.005857	0.012182	-0.010192	-2.611084	3341500.000000
2022-12-05	-0.024117	-0.001480	-0.000344	-0.018708	-7.853119	5057300.000000
2022-12-02	0.002813	-0.011205	0.011584	-0.013515	0.913361	3644100.000000
2022-12-01	0.009506	0.014454	0.024900	0.008641	3.057861	3830100.000000
2022-11-30	0.031618	0.003617	0.039730	-0.000969	9.858612	15106500.000000
2022-11-29	-0.009281	0.004057	0.016767	0.002850	-2.921082	3505600.000000
2022-11-28	-0.022857	0.009237	0.020849	-0.013148	-7.361786	4733700.000000
2022-11-25	0.015147	0.017685	0.037194	0.014564	4.805878	3393500.000000
2022-11-23	-0.010373	0.019199	0.022505	-0.000514	-3.325653	4243400.000000
2022-11-22	0.025570	0.023636	0.045452	0.021652	7.993439	6054700.000000
2022-11-21	0.011495	0.025566	0.031649	0.016636	3.552612	4069000.000000
2022-11-18	0.005587	0.022120	0.028172	0.009496	1.717102	3559300.000000
2022-11-17	-0.011019	0.003971	0.009377	-0.014853	-3.424347	3642100.000000
2022-11-16	0.009553	-0.006384	0.027889	-0.010769	2.940796	5249500.000000
2022-11-15	0.016323	0.003892	0.045394	0.001218	4.944061	9290400.000000
2022-11-14	-0.025465	0.011469	0.016681	-0.014336	-7.914459	6394800.000000
2022-11-11	0.010395	0.014310	0.032776	0.008589	3.197357	4945400.000000
2022-11-10	0.087010	0.052172	0.112248	0.049840	24.621674	7794000.000000
2022-11-09	-0.015079	0.005887	0.018069	-0.003650	-4.332245	3071400.000000
2022-11-08	0.002997	0.020876	0.024053	0.004119	0.858612	3371800.000000
2022-11-07	0.021969	0.022147	0.040699	0.009090	6.157837	3260200.000000
2022-11-04	0.008988	0.029138	0.039757	-0.001064	2.496704	4401600.000000
2022-11-03	-0.025041	-0.004775	0.003578	-0.015514	-7.134857	4823900.000000
2022-11-02	-0.024758	0.010392	0.027403	-0.012472	-7.233521	4426400.000000
2022-11-01	-0.000236	0.027844	0.034140	0.003822	-0.069092	3309100.000000
2022-10-31	-0.008438	-0.001051	0.015473	-0.007362	-2.486816	4210900.000000
2022-10-28	0.026077	0.009645	0.041536	0.009645	7.490112	3243100.000000
2022-10-27	0.003136	0.019272	0.027724	0.010890	0.898010	3041500.000000
2022-10-26	-0.000379	0.014522	0.018956	-0.000944	-0.108551	2615000.000000
2022-10-25	0.024712	0.021384	0.045067	0.021384	6.907867	2791600.000000
2022-10-24	0.028055	0.018631	0.046214	0.018631	7.628296	2937100.000000
2022-10-21	0.022527	0.009123	0.036839	0.007845	5.990143	3429100.000000
2022-10-20	-0.021888	0.011312	0.022568	-0.014693	-5.950653	3959500.000000
2022-10-19	-0.033572	0.004128	0.005195	-0.029465	-9.444092	4323000.000000
2022-10-18	0.013511	0.037438	0.044320	0.020433	3.750000	3166500.000000
2022-10-17	0.017473	0.024956	0.040609	0.024003	4.766449	3426700.000000
2022-10-14	-0.022628	0.026986	0.026986	-0.011315	-6.315765	2783100.000000
2022-10-13	0.008235	-0.007833	0.028904	-0.029254	2.279602	3881600.000000
2022-10-12	-0.008378	0.018816	0.019604	0.004738	-2.338837	2258200.000000
2022-10-11	0.001522	0.008456	0.026753	0.007739	0.424377	2771900.000000
2022-10-10	-0.006542	0.010627	0.015260	-0.001277	-1.835541	2115400.000000
2022-10-07	-0.020903	0.003355	0.007194	-0.014477	-5.990143	2406000.000000
2022-10-06	0.001863	0.012321	0.024243	0.006063	0.532898	2641500.000000
2022-10-05	0.001002	0.001752	0.022259	-0.001328	0.286194	2728000.000000
2022-10-04	0.020656	0.026908	0.040517	0.023551	5.782867	3641300.000000
2022-10-03	0.028122	0.031917	0.050499	0.026592	7.657898	3580000.000000
2022-09-30	-0.008587	0.011479	0.025932	0.000338	-2.358521	4789100.000000
2022-09-29	-0.013679	0.000120	0.001018	-0.013453	-3.809235	4518600.000000
2022-09-28	0.050244	0.037962	0.069190	0.028496	13.322357	5816600.000000
2022-09-27	0.007915	0.023903	0.040362	0.014856	2.082214	3701000.000000
2022-09-26	-0.016092	0.015168	0.023134	-0.006599	-4.302612	4181800.000000
2022-09-23	0.006688	0.008629	0.021468	0.002718	1.776306	3527900.000000
2022-09-22	-0.008948	0.012029	0.012029	-0.000546	-2.398041	3515800.000000
2022-09-21	-0.009483	0.020099	0.035363	0.003504	-2.565765	3173500.000000
2022-09-20	-0.022288	0.000543	0.007409	-0.019368	-6.167755	2940700.000000
2022-09-19	0.016125	0.004559	0.032649	0.004302	4.391449	3047200.000000
2022-09-16	0.016314	0.004043	0.032069	0.003483	4.371674	9535100.000000
2022-09-15	-0.017370	0.019019	0.019459	-0.007933	-4.736816	3896100.000000
2022-09-14	-0.005721	0.018695	0.019205	-0.004020	-1.569061	4194400.000000
2022-09-13	-0.065907	-0.005498	0.001551	-0.055528	-19.351959	4797200.000000
2022-09-12	-0.007439	0.016817	0.023679	0.001774	-2.200623	3632900.000000
2022-09-09	-0.000434	0.011916	0.022086	0.008030	-0.128326	2769200.000000
2022-09-08	0.008169	0.008328	0.022601	0.003354	2.398041	2703200.000000
2022-09-07	0.027388	0.016485	0.041894	0.015995	7.825653	3016000.000000
2022-09-06	-0.008085	0.017918	0.022361	-0.002773	-2.328949	4110000.000000
2022-09-02	-0.005011	0.022799	0.025183	0.002109	-1.450653	2753600.000000
2022-09-01	0.017162	0.013265	0.031464	0.007362	4.884857	3742500.000000
2022-08-31	-0.009547	0.016154	0.017755	0.003174	-2.743439	4376200.000000
2022-08-30	-0.010867	0.027657	0.032269	0.003941	-3.157013	2892400.000000
2022-08-29	-0.005971	0.014712	0.025455	0.006911	-1.745209	2711800.000000
2022-08-26	-0.037704	0.021659	0.025643	-0.018773	-11.451569	3315500.000000
2022-08-25	0.005420	0.021701	0.026071	0.012399	1.637360	2529700.000000
2022-08-24	0.003943	0.013799	0.030183	0.008814	1.186340	2495600.000000
2022-08-23	-0.017008	0.016680	0.017693	-0.001516	-5.206146	3317500.000000
2022-08-22	-0.028352	0.009694	0.014931	-0.010558	-8.931885	3144200.000000
2022-08-19	-0.011961	0.019194	0.023428	0.002886	-3.813873	3489100.000000
2022-08-18	-0.001688	0.017442	0.026772	0.008863	-0.539276	2899600.000000
2022-08-17	-0.004948	0.022159	0.026552	0.009635	-1.588318	3162600.000000
2022-08-16	0.040590	0.014663	0.079501	0.014338	12.520294	10089800.000000
2022-08-15	-0.000889	0.010716	0.022765	0.004594	-0.274567	3917300.000000
2022-08-12	0.013518	0.026250	0.033866	0.018273	4.117859	2273800.000000
2022-08-11	-0.002856	0.027345	0.029898	0.013400	-0.872559	2444100.000000
2022-08-10	0.020871	0.034283	0.045913	0.032779	6.245392	3863400.000000
2022-08-09	-0.021669	0.009877	0.013375	-0.008366	-6.627777	2607000.000000
2022-08-08	0.007362	0.027094	0.040070	0.022417	2.235413	2505100.000000
2022-08-05	0.008204	0.014003	0.028613	0.011081	2.470703	2029100.000000
2022-08-04	0.002611	0.013854	0.031932	0.013522	0.784332	2718400.000000
2022-08-03	0.018822	0.028901	0.044911	0.018692	5.549347	3329400.000000
2022-08-02	-0.016709	0.018546	0.019246	0.000570	-5.010071	3091000.000000
2022-08-01	0.016216	0.018930	0.045400	0.016795	4.784546	3303900.000000
2022-07-29	0.004372	0.021206	0.026108	0.012458	1.284424	3236000.000000
2022-07-28	0.002409	0.006605	0.027897	0.000361	0.705902	3992100.000000
2022-07-27	0.002448	0.020050	0.027233	-0.001911	0.715729	3233700.000000
2022-07-26	-0.026033	-0.010537	0.001590	-0.014168	-7.814148	2690200.000000
2022-07-25	-0.001435	0.020645	0.022741	0.010765	-0.431396	1910500.000000
2022-07-22	0.005213	0.028842	0.038908	0.017807	1.558899	2391500.000000
2022-07-21	0.008932	0.021803	0.029900	0.008374	2.647217	1965000.000000
2022-07-20	0.008238	0.023689	0.033078	0.014674	2.421722	2533400.000000
2022-07-19	0.023136	0.028265	0.044171	0.020852	6.647339	2614900.000000
2022-07-18	0.002189	0.036829	0.041154	0.018517	0.627502	2664000.000000
2022-07-15	0.010122	0.038726	0.040981	0.025126	2.872681	2647200.000000
2022-07-14	0.008009	0.001017	0.030992	0.000307	2.255066	2822200.000000
2022-07-13	0.007225	0.007462	0.036653	0.000773	2.019684	2941600.000000
2022-07-12	-0.004435	0.029135	0.045767	0.009334	-1.245178	2696100.000000
2022-07-11	-0.000279	0.015354	0.031055	0.015212	-0.078430	2453200.000000
2022-07-08	-0.000767	0.017456	0.024572	0.010057	-0.215698	1891000.000000
2022-07-07	0.010967	0.017285	0.032140	0.012286	3.049194	3133900.000000
2022-07-06	-0.000529	0.024476	0.027820	0.008408	-0.147064	2206100.000000
2022-07-05	0.016662	0.006863	0.036941	0.005145	4.559052	3241300.000000
2022-07-01	0.017538	0.025376	0.044045	0.020988	4.715942	2818300.000000
2022-06-30	0.001461	-0.011465	0.011575	-0.021287	0.399994	4058000.000000
2022-06-29	0.013770	0.005293	0.022247	-0.004960	3.720001	2460500.000000
2022-06-28	-0.044360	0.003856	0.010294	-0.045527	-12.540009	4052100.000000
2022-06-27	-0.001095	0.005159	0.007067	-0.005336	-0.309998	2538600.000000
2022-06-24	0.027522	0.007443	0.029192	-0.005446	7.579987	10310700.000000
2022-06-23	0.023942	0.003792	0.024574	0.003383	6.440002	3747500.000000
2022-06-22	-0.000817	-0.010438	0.009547	-0.017422	-0.220001	4678400.000000
2022-06-21	-0.005651	0.010933	0.011783	-0.012226	-1.529999	5498400.000000
2022-06-17	-0.009983	-0.008996	0.011556	-0.011226	-2.729980	10775600.000000
2022-06-16	-0.022415	-0.017195	-0.012941	-0.035749	-6.270020	6181000.000000
2022-06-15	0.003804	0.008361	0.017655	-0.011483	1.059998	4050400.000000
2022-06-14	-0.015857	0.000177	0.011372	-0.023202	-4.489990	3987000.000000
2022-06-13	-0.021021	-0.016872	-0.008367	-0.027520	-6.079987	4704600.000000
2022-06-10	-0.035417	-0.027880	-0.011205	-0.037417	-10.619995	4623900.000000
2022-06-09	0.007831	0.000773	0.031425	-0.000605	2.329987	4168400.000000
2022-06-08	-0.014050	-0.006594	-0.003943	-0.020181	-4.239990	3003100.000000
2022-06-07	-0.006976	-0.029057	-0.004969	-0.037152	-2.120026	3547800.000000
2022-06-06	-0.003901	0.001573	0.008293	-0.005998	-1.189972	2562000.000000
2022-06-03	-0.002583	-0.008304	0.008468	-0.012979	-0.790009	2956600.000000
2022-06-02	0.029207	0.005451	0.029745	-0.004374	8.679993	4086400.000000
2022-06-01	-0.018365	-0.003336	0.000760	-0.018893	-5.559998	3080800.000000
2022-05-31	-0.018511	-0.006030	-0.001913	-0.024736	-5.709991	5966600.000000
2022-05-27	0.018659	0.002411	0.018791	-0.003996	5.649994	3899300.000000
2022-05-26	0.031475	0.012774	0.041080	0.011684	9.239990	4170800.000000
2022-05-25	0.019623	-0.007328	0.026292	-0.007849	5.649994	4612900.000000
2022-05-24	0.006608	-0.007097	0.011502	-0.018809	1.890015	4241900.000000
2022-05-23	-0.004039	0.006616	0.010968	-0.023921	-1.160004	4305600.000000
2022-05-20	-0.001981	0.007159	0.009522	-0.028392	-0.570007	5621800.000000
2022-05-19	0.009047	0.001122	0.025668	-0.000771	2.580017	5211500.000000
2022-05-18	-0.052401	-0.026416	-0.018309	-0.065692	-15.770020	7799500.000000
2022-05-17	0.016757	0.035508	0.050509	-0.017197	4.960022	12425900.000000
2022-05-16	-0.000135	-0.006587	0.011958	-0.021079	-0.040009	4267900.000000
2022-05-13	0.021885	0.000898	0.033588	-0.004280	6.339996	3949100.000000
2022-05-12	0.023784	-0.004912	0.036118	-0.008234	6.730011	4447700.000000
2022-05-11	-0.028163	0.000996	0.007453	-0.029503	-8.200012	3880500.000000
2022-05-10	-0.019762	0.004814	0.013601	-0.031546	-5.869995	4392900.000000
2022-05-09	0.009242	-0.013693	0.021848	-0.019741	2.720001	5243600.000000
2022-05-06	-0.016048	-0.009395	-0.007890	-0.032429	-4.799988	4325300.000000
2022-05-05	-0.051378	-0.013669	-0.012527	-0.068504	-16.200012	4959600.000000
2022-05-04	0.033939	-0.002886	0.035382	-0.006657	10.350006	4021300.000000
2022-05-03	-0.006548	-0.004170	0.006613	-0.012868	-2.010010	3336600.000000
2022-05-02	0.021871	0.005293	0.027929	-0.001631	6.570007	4233900.000000
2022-04-29	-0.036438	-0.011579	-0.000128	-0.038652	-11.360016	4878200.000000
2022-04-28	0.033687	0.010444	0.042905	0.004675	10.160004	4149500.000000
2022-04-27	0.005467	0.004467	0.021536	-0.002800	1.640015	3446200.000000
2022-04-26	-0.016331	-0.008821	0.008592	-0.017118	-4.980011	3415200.000000
2022-04-25	0.016094	-0.000366	0.016827	-0.012795	4.830017	4396900.000000
2022-04-22	-0.033026	-0.001740	-0.001740	-0.034089	-10.250000	4043200.000000
2022-04-21	-0.015168	0.005902	0.010345	-0.017135	-4.780029	3014200.000000
2022-04-20	0.023847	0.010396	0.026966	0.006335	7.340027	4720800.000000
2022-04-19	0.025282	0.001332	0.026382	-0.001332	7.589996	3389700.000000
2022-04-18	-0.014153	-0.004991	0.005812	-0.019046	-4.309998	3192400.000000
2022-04-14	-0.019007	0.001321	0.005895	-0.019619	-5.900024	4569200.000000
2022-04-13	0.013484	-0.000588	0.017663	-0.001861	4.130005	3185300.000000
2022-04-12	-0.001402	0.008868	0.021420	-0.005282	-0.429993	4122600.000000
2022-04-11	-0.014111	-0.010607	0.009836	-0.016650	-4.389984	4100600.000000
2022-04-08	0.027613	-0.004261	0.031511	-0.004855	8.359985	5741900.000000
2022-04-07	0.014102	-0.005862	0.020265	-0.016581	4.209991	5241000.000000
2022-04-06	-0.020731	-0.022207	-0.013777	-0.032376	-6.319977	6499900.000000
2022-04-05	-0.002356	0.002225	0.011519	-0.011028	-0.720001	4376100.000000
2022-04-04	0.012223	-0.001325	0.015204	-0.007685	3.689972	4659500.000000
2022-04-01	0.008553	0.003909	0.013497	-0.001437	2.560028	5554600.000000
2022-03-31	-0.029599	-0.007294	-0.001621	-0.031025	-9.130005	11044600.000000
2022-03-30	-0.029115	-0.014479	-0.007774	-0.036543	-9.250000	7223800.000000
2022-03-29	0.010914	0.008368	0.021382	-0.004327	3.429993	5306100.000000
2022-03-28	0.011588	0.001030	0.011813	-0.004667	3.600006	3936600.000000
2022-03-25	-0.016151	0.008550	0.009564	-0.023687	-5.100006	5176500.000000
2022-03-24	-0.004006	0.000315	0.007412	-0.008674	-1.269989	4599900.000000
2022-03-23	-0.038456	-0.008583	-0.004671	-0.042095	-12.680023	5207700.000000
2022-03-22	0.001093	-0.000152	0.005860	-0.016273	0.360016	4852800.000000
2022-03-21	-0.033369	-0.007924	-0.000147	-0.040089	-11.369995	4521200.000000
2022-03-18	0.013022	-0.008116	0.013022	-0.012041	4.380005	9409600.000000
2022-03-17	0.016470	-0.005349	0.016470	-0.009277	5.449982	3123200.000000
2022-03-16	0.007214	0.009253	0.016467	-0.013119	2.369995	3942400.000000
2022-03-15	0.031976	0.006251	0.037128	0.006188	10.180023	3775300.000000
2022-03-14	0.004956	0.019319	0.022760	-0.001831	1.569977	3604200.000000
2022-03-11	-0.003617	0.004215	0.012109	-0.005378	-1.149994	2973300.000000
2022-03-10	0.002333	-0.008953	0.003342	-0.026639	0.739990	3895200.000000
2022-03-09	0.001452	0.010292	0.018059	0.000568	0.460022	4443600.000000
2022-03-08	-0.018682	-0.009356	0.017722	-0.021130	-6.029999	5092500.000000
2022-03-07	-0.004595	0.000000	0.016468	-0.012798	-1.490021	4670000.000000
2022-03-04	-0.000308	-0.006628	0.007091	-0.014952	-0.099976	3630900.000000
2022-03-03	-0.009195	0.005559	0.010111	-0.013868	-3.010010	3858400.000000
2022-03-02	0.022233	0.002529	0.034161	-0.001780	7.119995	5645600.000000
2022-03-01	0.013995	-0.003926	0.020897	-0.006554	4.420013	5640900.000000
2022-02-28	-0.002590	-0.011622	-0.001800	-0.019485	-0.820007	5735100.000000
2022-02-25	0.010886	-0.000192	0.013408	-0.018101	3.410004	6510600.000000
2022-02-24	0.015529	-0.027395	0.016178	-0.029697	4.789978	8416700.000000
2022-02-23	-0.024417	0.009963	0.013379	-0.028687	-7.720001	11026000.000000
2022-02-22	-0.088506	-0.033961	-0.029348	-0.099519	-30.699982	19752800.000000
2022-02-18	-0.003075	0.001293	0.007645	-0.011036	-1.070007	5526100.000000
2022-02-17	-0.006141	-0.003142	0.006341	-0.007712	-2.149994	3927000.000000
2022-02-16	-0.008974	-0.004982	-0.001132	-0.021344	-3.170013	3594900.000000
2022-02-15	0.004836	0.011378	0.016669	-0.000512	1.700012	3552500.000000
2022-02-14	0.003626	-0.006537	0.007480	-0.009878	1.269989	3654300.000000
2022-02-11	-0.013518	-0.001126	0.006336	-0.018390	-4.799988	3308700.000000
2022-02-10	-0.025469	-0.015177	-0.003760	-0.031561	-9.279999	4291800.000000
2022-02-09	0.008106	0.010707	0.016656	0.004316	2.929993	2777500.000000
2022-02-08	0.011445	0.000000	0.015755	-0.007136	4.089996	3225100.000000
2022-02-07	-0.006450	0.001640	0.005922	-0.011761	-2.320007	2809300.000000
2022-02-04	-0.014089	-0.003591	-0.000384	-0.028947	-5.139984	3728100.000000
2022-02-03	-0.023868	-0.009472	-0.004308	-0.028175	-8.920013	4009700.000000
2022-02-02	0.013643	-0.000868	0.016192	-0.002550	5.029999	3839300.000000
2022-02-01	0.004687	0.006785	0.010110	-0.012562	1.720001	3406800.000000
2022-01-31	0.001200	-0.004720	0.002374	-0.011813	0.440002	4084600.000000
2022-01-28	0.028365	0.010493	0.028870	-0.010072	10.110016	4551300.000000
2022-01-27	-0.002379	0.008817	0.019145	-0.009432	-0.850006	3941000.000000
2022-01-26	-0.004736	0.002841	0.019277	-0.012619	-1.700012	6103300.000000
2022-01-25	-0.013276	-0.015585	-0.006295	-0.031940	-4.829987	5536700.000000
2022-01-24	0.042137	-0.015239	0.043770	-0.015726	14.709991	8584300.000000
2022-01-21	-0.001373	0.006122	0.030065	-0.006865	-0.479980	7718400.000000
2022-01-20	-0.028108	0.004559	0.006005	-0.029664	-10.110016	5440600.000000
2022-01-19	-0.019170	0.001254	0.005399	-0.019933	-7.029999	5175100.000000
2022-01-18	-0.014194	-0.015860	-0.010511	-0.032177	-5.279999	6435200.000000
2022-01-14	-0.038710	-0.014600	-0.012843	-0.040002	-14.980011	6336200.000000
2022-01-13	-0.006215	0.007987	0.012609	-0.009091	-2.419983	3466300.000000
2022-01-12	0.007060	0.004190	0.017534	-0.000750	2.729980	3623300.000000
2022-01-11	-0.002039	0.001574	0.011304	-0.008104	-0.789978	4385400.000000
2022-01-10	-0.015625	-0.015777	-0.015294	-0.032265	-6.149994	6440000.000000
2022-01-07	-0.029944	-0.005915	-0.004116	-0.031743	-12.150024	4520700.000000
2022-01-06	-0.003634	0.003241	0.004494	-0.010362	-1.479980	3315100.000000
2022-01-05	-0.013565	0.002810	0.003343	-0.014606	-5.600006	4443200.000000
2022-01-04	0.010278	0.000000	0.012162	-0.001101	4.199982	3266500.000000
2022-01-03	-0.015349	0.003759	0.006819	-0.028313	-6.369995	3715700.000000
2021-12-31	0.012368	0.000122	0.016076	-0.000122	5.070007	2386100.000000
2021-12-30	-0.002191	0.002458	0.006329	-0.005939	-0.899994	1804400.000000
2021-12-29	0.011373	0.000394	0.015140	0.000222	4.619995	2209300.000000
2021-12-28	0.005271	0.002227	0.007251	-0.002697	2.130005	2521400.000000
2021-12-27	0.017679	0.004961	0.018586	0.002871	7.019989	2228300.000000
2021-12-23	0.003614	0.006698	0.010616	-0.002578	1.429993	2743900.000000
2021-12-22	0.013240	0.001357	0.013573	-0.004123	5.170013	3267800.000000
2021-12-21	0.002748	0.005727	0.011197	-0.015819	1.070007	3038200.000000
2021-12-20	0.003660	-0.009511	0.005645	-0.018248	1.419983	4294800.000000
2021-12-17	-0.028909	-0.006408	-0.003880	-0.030311	-11.549988	11097500.000000
2021-12-16	-0.020304	0.001447	0.002599	-0.023761	-8.279999	4632800.000000
2021-12-15	0.013948	-0.003928	0.014247	-0.006987	5.609985	4421400.000000
2021-12-14	-0.007502	-0.004417	0.001086	-0.017669	-3.039978	4662800.000000
2021-12-13	-0.024458	0.000000	0.002648	-0.026216	-10.160004	3766400.000000
2021-12-10	0.009870	0.002066	0.010381	-0.002626	4.059998	2625200.000000
2021-12-09	0.000219	-0.001094	0.009726	-0.007198	0.089996	3822900.000000
2021-12-08	-0.011846	0.000000	0.008818	-0.018982	-4.929993	4079400.000000
2021-12-07	0.001155	0.003127	0.006880	-0.006447	0.479980	4204500.000000
2021-12-06	0.019347	0.014002	0.031387	0.008362	7.890015	4624500.000000
2021-12-03	0.000098	0.005101	0.020011	-0.008142	0.040009	5237500.000000
2021-12-02	0.018356	0.003471	0.025673	0.001448	7.349976	3705000.000000
2021-12-01	0.003660	0.007820	0.028299	0.003158	1.460022	3516200.000000
2021-11-30	-0.015265	-0.003837	0.008110	-0.012081	-6.184418	7773500.000000
2021-11-29	0.010231	0.014608	0.024358	0.012464	4.103027	3725500.000000
2021-11-26	-0.022834	-0.007682	0.009082	-0.019889	-9.371216	3007800.000000
2021-11-24	0.009158	-0.007446	0.014906	-0.009363	3.724579	2676300.000000
2021-11-23	-0.001028	-0.003528	0.006322	-0.010062	-0.418304	3557000.000000
2021-11-22	0.000245	0.006863	0.023472	0.004160	0.099609	4006400.000000
2021-11-19	0.006998	0.008540	0.014651	-0.000169	2.828308	3542000.000000
2021-11-18	0.027859	0.012146	0.033864	0.007289	10.954681	4503700.000000
2021-11-17	0.006423	0.005415	0.022308	0.000245	2.509644	4647000.000000
2021-11-16	0.057265	0.033685	0.067185	0.025567	21.162476	8648200.000000
2021-11-15	-0.004160	0.008879	0.010172	-0.004865	-1.543640	3650600.000000
2021-11-12	0.013601	0.008205	0.020169	0.001596	4.979401	2793300.000000
2021-11-11	-0.002577	0.010729	0.013453	-0.003356	-0.946045	2387300.000000
2021-11-10	-0.005585	-0.002366	0.005653	-0.003802	-2.061493	2161400.000000
2021-11-09	0.005589	0.007078	0.018547	0.004463	2.051514	2183300.000000
2021-11-08	0.000516	0.009096	0.016429	0.002637	0.189209	2357200.000000
2021-11-05	-0.010156	0.008533	0.010152	-0.008302	-3.764435	3090200.000000
2021-11-04	0.008700	0.009062	0.015729	0.005333	3.196777	3210000.000000
2021-11-03	0.004574	0.002331	0.009795	-0.001441	1.673096	2378800.000000
2021-11-02	0.002210	0.003369	0.010739	-0.000084	0.806641	2367100.000000
2021-11-01	-0.014150	0.007539	0.009079	-0.014880	-5.238312	3380500.000000
2021-10-29	0.000457	0.000785	0.013810	-0.000026	0.169281	3820200.000000
2021-10-28	-0.002014	0.005970	0.008505	0.000279	-0.746918	2553500.000000
2021-10-27	0.008451	0.005958	0.020318	0.004435	3.107147	2840300.000000
2021-10-26	-0.005549	0.009897	0.011682	-0.001760	-2.051514	2989500.000000
2021-10-25	0.014399	0.007456	0.019692	0.004136	5.248322	2923400.000000
2021-10-22	0.003757	0.005182	0.010773	-0.002666	1.364349	2734700.000000
2021-10-21	0.017838	0.004052	0.022692	0.003827	6.363678	2885400.000000
2021-10-20	0.000670	0.003435	0.008568	-0.000857	0.239014	2574800.000000
2021-10-19	0.008394	0.009595	0.012847	0.002467	2.967712	2375600.000000
2021-10-18	0.013127	0.000095	0.020011	0.000095	4.581055	3487500.000000
2021-10-15	0.018486	0.011403	0.024274	0.009097	6.333832	3473500.000000
2021-10-14	0.017057	0.010815	0.022213	0.009538	5.746216	2824300.000000
2021-10-13	0.001421	0.002709	0.011389	0.000420	0.478027	2477400.000000
2021-10-12	0.002463	0.010602	0.016294	0.005417	0.826569	2960300.000000
2021-10-11	0.007866	0.007920	0.023717	0.004917	2.619171	2589100.000000
2021-10-08	-0.009304	-0.009194	-0.002023	-0.015502	-3.127075	2912200.000000
2021-10-07	0.021552	0.013680	0.031066	0.011735	7.090698	2789500.000000
2021-10-06	0.002671	0.000113	0.007701	-0.008299	0.876373	2226800.000000
2021-10-05	0.009220	0.005458	0.021729	0.003705	2.997589	2514300.000000
2021-10-04	-0.010277	-0.000004	0.006419	-0.013216	-3.376007	2919900.000000
2021-10-01	0.004874	0.003799	0.017809	-0.007121	1.593384	2814200.000000
2021-09-30	-0.025732	0.008040	0.009441	-0.023581	-8.634277	4255000.000000
2021-09-29	0.009377	0.002812	0.019417	0.002812	3.117126	2424000.000000
2021-09-28	-0.022290	0.004018	0.004018	-0.022187	-7.578674	3304100.000000
2021-09-27	0.011615	0.002291	0.022731	0.002291	3.903870	2966100.000000
2021-09-24	0.004704	0.006736	0.009905	0.003060	1.573456	2004900.000000
2021-09-23	-0.000059	0.009845	0.014867	0.003149	-0.019897	2426600.000000
2021-09-22	0.005116	0.009033	0.018497	0.001852	1.702942	2872800.000000
2021-09-21	0.009088	0.009654	0.021599	0.006531	2.997620	3171100.000000
2021-09-20	-0.013287	-0.007351	0.003298	-0.017522	-4.441650	4036600.000000
2021-09-17	-0.002140	-0.000163	0.013867	-0.000163	-0.717041	7098400.000000
2021-09-16	0.009059	0.008202	0.017600	0.006546	3.007599	3043800.000000
2021-09-15	0.000750	0.004859	0.008808	-0.004967	0.248962	2875500.000000
2021-09-14	-0.006946	0.005872	0.010242	-0.004934	-2.320435	2857200.000000
2021-09-13	0.010544	0.013211	0.019866	0.006556	3.485596	3908700.000000
2021-09-10	0.000543	0.010885	0.014608	0.003167	0.179291	3178600.000000
2021-09-09	0.000573	0.006771	0.010647	0.001986	0.189209	3011900.000000
2021-09-08	0.007995	0.004136	0.013232	0.000106	2.619141	2219500.000000
2021-09-07	-0.004208	0.006233	0.010884	-0.006321	-1.384247	2555200.000000
2021-09-03	0.007933	-0.003248	0.013817	-0.003769	2.589294	2774800.000000
2021-09-02	0.012668	0.008448	0.018222	0.004322	4.083069	3109000.000000
2021-09-01	-0.002742	0.007323	0.008003	-0.009014	-0.886322	3339100.000000
2021-08-31	-0.002813	0.008932	0.012851	-0.001496	-0.911591	4183100.000000
2021-08-30	0.011504	0.017137	0.028341	0.014952	3.685944	2926900.000000
2021-08-27	0.005910	0.007357	0.017309	0.003496	1.882599	2985400.000000
2021-08-26	-0.007410	0.007153	0.012700	0.000267	-2.377991	2952300.000000
2021-08-25	-0.003139	0.006911	0.014398	0.003681	-1.010681	2586900.000000
2021-08-24	-0.008665	0.012382	0.012628	-0.000705	-2.813965	2359500.000000
2021-08-23	-0.004556	0.011571	0.013195	0.003539	-1.486298	2792700.000000
2021-08-20	0.019635	0.008429	0.030432	0.007897	6.281982	2929900.000000
2021-08-19	0.004198	0.000578	0.020666	-0.002529	1.337616	2974700.000000
2021-08-18	0.002494	0.004804	0.031613	0.003735	0.792664	4880600.000000
2021-08-17	-0.042680	-0.033081	-0.025279	-0.046304	-14.169067	9322800.000000
2021-08-16	0.011258	0.007383	0.022370	-0.000963	3.695862	3496300.000000
2021-08-13	-0.008083	0.008758	0.014619	0.000056	-2.675293	2217000.000000
2021-08-12	-0.008843	0.010289	0.012745	-0.004894	-2.952728	2554200.000000
2021-08-11	0.016653	0.016305	0.030767	0.015087	5.469482	3258600.000000
2021-08-10	0.008273	0.008965	0.022994	0.004299	2.695068	1868100.000000
2021-08-09	-0.003274	0.007375	0.013005	0.001530	-1.070099	1995300.000000
2021-08-06	-0.009817	0.014028	0.017118	-0.002848	-3.240051	2656600.000000
2021-08-05	0.008477	0.014283	0.026627	0.011624	2.774384	2284000.000000
2021-08-04	-0.004911	0.005441	0.009180	0.001488	-1.615082	1783700.000000
2021-08-03	0.014425	0.012726	0.027099	0.011739	4.676788	2405900.000000
2021-08-02	-0.002956	0.014807	0.014807	0.003798	-0.961151	2016400.000000
2021-07-30	0.002321	0.007453	0.017502	0.005881	0.753082	2381200.000000
2021-07-29	0.005867	0.012248	0.018666	0.008993	1.892487	2172400.000000
2021-07-28	-0.005317	0.006651	0.015625	0.001377	-1.724091	2376200.000000
2021-07-27	-0.011836	0.011100	0.011374	-0.006362	-3.884064	2910300.000000
2021-07-26	-0.004987	0.000842	0.005360	-0.008831	-1.644806	2752000.000000
2021-07-23	0.018919	0.017923	0.030219	0.013196	6.123383	2786400.000000
2021-07-22	0.000919	0.014127	0.014220	0.006056	0.297272	2208100.000000
2021-07-21	0.003104	0.016221	0.018919	0.008062	1.000732	2832600.000000
2021-07-20	0.020322	0.008070	0.032219	0.007342	6.420685	4251700.000000
2021-07-19	-0.008304	-0.001902	0.001269	-0.011569	-2.645569	3752600.000000
2021-07-16	-0.003625	0.013275	0.020406	0.005144	-1.159271	3623700.000000
2021-07-15	0.010933	0.003424	0.021065	0.003360	3.458038	2603900.000000
2021-07-14	0.006844	0.014653	0.018823	0.012297	2.150146	3381600.000000
2021-07-13	-0.014577	0.011437	0.014103	-0.006161	-4.647064	3213800.000000
2021-07-12	-0.001087	0.006045	0.015226	0.004353	-0.346802	2521800.000000
2021-07-09	0.011145	0.015578	0.024354	0.014437	3.517487	2587400.000000
2021-07-08	-0.015271	-0.004518	-0.000587	-0.017840	-4.894775	3663000.000000
2021-07-07	0.013218	0.006807	0.025553	0.006048	4.181366	2939900.000000
2021-07-06	-0.010660	0.009648	0.012775	-0.009211	-3.408478	3109500.000000
2021-07-02	0.003608	0.012348	0.014200	0.008645	1.149353	2201600.000000
2021-07-01	0.008310	0.012469	0.018103	0.008007	2.625732	2578000.000000
2021-06-30	0.002043	0.008290	0.015742	0.007497	0.644073	3061500.000000
2021-06-29	0.012600	0.014090	0.028573	0.013351	3.923737	3150100.000000
2021-06-28	0.002072	0.009338	0.014518	0.001968	0.644043	2635400.000000
2021-06-25	0.005740	0.010536	0.020957	0.008302	1.773621	11733500.000000
2021-06-24	0.000545	0.013936	0.019506	0.009241	0.168427	2649200.000000
2021-06-23	-0.003326	0.007014	0.012307	0.002528	-1.030457	2564500.000000
2021-06-22	0.016612	0.014261	0.033225	0.011538	5.063202	4418400.000000
2021-06-21	0.016490	0.018046	0.029619	0.016778	4.944305	3774200.000000
2021-06-18	-0.001682	-0.003644	0.011605	-0.006474	-0.505310	8792700.000000
2021-06-17	0.001123	0.010141	0.017341	0.000075	0.336853	4481100.000000
2021-06-16	-0.011976	0.010031	0.012205	-0.008148	-3.636414	4492500.000000
2021-06-15	-0.009278	0.007381	0.008034	-0.009781	-2.843689	5270600.000000
2021-06-14	-0.004666	0.003265	0.006935	-0.005535	-1.436737	3393500.000000
2021-06-11	0.007979	0.012383	0.018832	0.009372	2.437469	2785100.000000
2021-06-10	0.003156	0.010259	0.016827	0.005300	0.961121	3286300.000000
2021-06-09	-0.011451	0.011027	0.015993	-0.003744	-3.527374	3603700.000000
2021-06-08	0.003033	0.013506	0.016828	0.006050	0.931396	2913500.000000
2021-06-07	-0.003376	0.009598	0.013524	-0.000916	-1.040405	3974800.000000
2021-06-04	-0.001349	0.011445	0.015787	0.002500	-0.416168	2638700.000000
2021-06-03	-0.005747	0.002056	0.008274	-0.002165	-1.783539	2652500.000000
2021-06-02	-0.004544	0.011871	0.016682	0.002024	-1.416870	3380100.000000
2021-06-01	-0.008153	0.020100	0.022009	0.002635	-2.562744	3549800.000000
2021-05-28	0.000439	0.019626	0.023254	0.014788	0.138000	3194000.000000
2021-05-27	0.004538	0.014437	0.024380	0.014437	1.419373	3734800.000000
2021-05-26	0.001831	0.017928	0.029363	0.014309	0.571686	2881600.000000
2021-05-25	0.006067	0.016757	0.021816	0.012632	1.882629	3523300.000000
2021-05-24	-0.002945	0.017971	0.024076	0.010742	-0.916656	2930600.000000
2021-05-21	-0.000412	0.018066	0.025388	0.009877	-0.128143	3920600.000000
2021-05-20	0.004611	0.015953	0.031504	0.015953	1.429199	3854700.000000
2021-05-19	-0.007261	-0.000681	0.008127	-0.010065	-2.267029	5242100.000000
2021-05-18	-0.010187	0.014502	0.028958	-0.002048	-3.213318	7010300.000000
2021-05-17	-0.011186	0.006289	0.012025	-0.011549	-3.568146	4388000.000000
2021-05-14	-0.005501	0.017246	0.020457	0.003435	-1.764343	3998000.000000
2021-05-13	0.026561	0.020934	0.047882	0.019942	8.299377	5159800.000000
2021-05-12	-0.041311	0.001831	0.008826	-0.029618	-13.464294	5822000.000000
2021-05-11	-0.030664	0.003916	0.005254	-0.023863	-10.310181	5500900.000000
2021-05-10	0.005512	0.018122	0.033792	0.015401	1.843231	4840600.000000
2021-05-07	0.004947	0.011829	0.021235	0.008372	1.646088	2998100.000000
2021-05-06	0.016654	0.019483	0.032132	0.018139	5.450745	3539600.000000
2021-05-05	-0.002164	0.019045	0.019045	0.009625	-0.709656	3227200.000000
2021-05-04	0.007570	0.011001	0.023626	0.010263	2.464172	3954400.000000
2021-05-03	0.020391	0.022714	0.039452	0.020833	6.505432	3683700.000000
2021-04-30	-0.005133	0.013629	0.016061	0.002902	-1.646027	3118700.000000
2021-04-29	0.017610	0.020880	0.033827	0.018881	5.549316	3261900.000000
2021-04-28	-0.002745	0.018837	0.022033	0.010451	-0.867401	2713400.000000
2021-04-27	0.001875	0.016150	0.022396	0.015770	0.591431	3335800.000000
2021-04-26	-0.012041	0.013875	0.014878	0.000218	-3.844177	2848500.000000
2021-04-23	0.007559	0.016837	0.027378	0.008600	2.395233	3405700.000000
2021-04-22	-0.013775	0.015311	0.016027	-0.007597	-4.425720	4875000.000000
2021-04-21	0.006143	0.017665	0.026903	0.014314	1.961548	3740100.000000
2021-04-20	-0.008842	0.011895	0.017141	-0.000024	-2.848633	4462900.000000
2021-04-19	-0.003749	0.009617	0.016853	0.006370	-1.212341	4494300.000000
2021-04-16	0.016546	0.021135	0.033174	0.018305	5.263458	6213100.000000
2021-04-15	0.008500	0.015136	0.025249	0.014628	2.681061	3508200.000000
2021-04-14	-0.001186	0.012348	0.021816	0.011019	-0.374573	3440600.000000
2021-04-13	-0.001216	0.013711	0.014881	0.002547	-0.384430	3635100.000000
2021-04-12	0.004887	0.009734	0.021144	0.008431	1.537659	3556800.000000
2021-04-09	0.015266	0.017566	0.030311	0.015566	4.731262	4607800.000000
2021-04-08	0.006273	0.015280	0.023559	0.008429	1.931915	4035600.000000
2021-04-07	-0.004175	0.011494	0.018931	0.005318	-1.291229	3799300.000000
2021-04-06	-0.005136	0.008775	0.016270	0.007231	-1.596802	3988600.000000
2021-04-05	0.024858	0.021423	0.041236	0.021094	7.540436	4697200.000000
2021-04-01	0.008190	0.019951	0.025501	0.010013	2.464142	3923900.000000
2021-03-31	0.001411	0.016796	0.025184	0.012270	0.423828	4744100.000000
2021-03-30	0.008670	0.012687	0.026216	0.007282	2.582520	5045400.000000
2021-03-29	-0.005299	0.012830	0.020344	0.001576	-1.586975	4642900.000000
2021-03-26	0.022310	0.015079	0.037816	0.010607	6.535034	5865900.000000
2021-03-25	0.015132	0.015504	0.032311	0.013528	4.366547	5373500.000000
2021-03-24	0.009552	0.012014	0.038324	0.011070	2.730316	4842000.000000
2021-03-23	0.003599	0.016886	0.030299	0.014533	1.025116	4801200.000000
2021-03-22	-0.000553	0.005409	0.018850	-0.002662	-0.157715	5564700.000000
2021-03-19	0.020978	0.016253	0.035816	0.011918	5.854919	13729200.000000
2021-03-18	0.011177	0.010910	0.034242	0.006309	3.085175	4808100.000000
2021-03-17	-0.007268	0.011152	0.021007	0.004355	-2.020660	5908400.000000
2021-03-16	0.012709	0.014533	0.029030	0.011292	3.489288	4458900.000000
2021-03-15	0.019919	0.019734	0.038866	0.019140	5.362061	4355200.000000
2021-03-12	0.015808	0.009250	0.033250	0.006646	4.189117	4190500.000000
2021-03-11	0.009803	0.023526	0.031834	0.018192	2.572662	4371300.000000
2021-03-10	0.011127	0.024590	0.035494	0.017500	2.888000	3798400.000000
2021-03-09	0.022893	0.035473	0.054549	0.031768	5.808624	6625300.000000
2021-03-08	0.021734	0.023750	0.059992	0.016864	5.397293	5037400.000000
2021-03-05	0.010322	0.026302	0.034195	0.003234	2.536987	6351800.000000
2021-03-04	-0.024984	0.015496	0.018907	-0.019808	-6.298431	7154900.000000
2021-03-03	-0.011257	0.016929	0.021714	0.004104	-2.870087	4257500.000000
2021-03-02	-0.005083	0.021125	0.026705	0.013672	-1.302719	3740300.000000
2021-03-01	0.012696	0.022748	0.037251	0.021404	3.212860	4528900.000000
2021-02-26	0.012106	0.030970	0.040849	0.024330	3.026794	7871200.000000
2021-02-25	-0.018156	0.020027	0.024543	0.000235	-4.623444	6545400.000000
2021-02-24	-0.027204	0.005572	0.019936	-0.029573	-7.121216	14512700.000000
2021-02-23	-0.031213	-0.003054	-0.001981	-0.046725	-8.433807	12111000.000000
2021-02-22	-0.013553	0.015670	0.016692	-0.001050	-3.712433	3995500.000000
2021-02-19	-0.012047	0.020242	0.023993	0.007870	-3.340240	4079900.000000
2021-02-18	0.007582	0.020455	0.034555	0.016929	2.086395	3532000.000000
2021-02-17	0.020081	0.021447	0.044616	0.020928	5.416840	3536400.000000
2021-02-16	-0.007639	0.019051	0.025011	0.011216	-2.076599	2873500.000000
2021-02-12	0.001624	0.021112	0.026971	0.019122	0.440826	2392200.000000
2021-02-11	-0.005849	0.018107	0.026605	0.011073	-1.596680	2595300.000000
2021-02-10	0.006937	0.025538	0.028858	0.018973	1.880737	2410600.000000
2021-02-09	-0.011642	0.019542	0.021511	0.008459	-3.193298	2507800.000000
2021-02-08	0.004196	0.023930	0.026602	0.013679	1.146088	3475600.000000
2021-02-05	0.000143	0.026273	0.031655	0.017193	0.039124	2389900.000000
2021-02-04	0.016960	0.021189	0.040514	0.021189	4.554840	2976000.000000
2021-02-03	0.007385	0.019878	0.034245	0.015452	1.968903	2802700.000000
2021-02-02	0.007739	0.020626	0.042135	0.020588	2.047211	4111800.000000
2021-02-01	-0.002769	0.022436	0.027789	0.007433	-0.734650	3707800.000000
2021-01-29	-0.026003	0.012666	0.017256	-0.008556	-7.082062	4079500.000000
2021-01-28	0.014596	0.028788	0.054082	0.024169	3.918182	3463000.000000
2021-01-27	-0.030255	0.011462	0.014424	-0.013500	-8.375061	4337000.000000
2021-01-26	-0.008699	0.022108	0.022932	0.008787	-2.429230	2472200.000000
2021-01-25	0.003803	0.020351	0.027253	0.011616	1.057831	4025900.000000
2021-01-22	0.017739	0.021659	0.042951	0.016574	4.848755	4501900.000000
2021-01-21	0.017317	0.028037	0.044710	0.025990	4.652771	4397900.000000
2021-01-20	0.004063	0.021115	0.035913	0.014575	1.087311	3498400.000000
2021-01-19	-0.008709	0.029818	0.029818	0.011370	-2.350891	3615800.000000
2021-01-15	0.027018	0.021994	0.051517	0.019597	7.101654	5131700.000000
2021-01-14	-0.020836	0.022567	0.024057	-0.002876	-5.593140	4641400.000000
2021-01-13	-0.008251	0.028206	0.036223	0.012061	-2.233368	3921400.000000
2021-01-12	0.018803	0.020439	0.046147	0.018708	4.995605	4030900.000000
2021-01-11	0.007953	0.014745	0.037129	0.013948	2.096252	3764400.000000
2021-01-08	0.010629	0.025070	0.038030	0.023728	2.772064	3757700.000000
2021-01-07	-0.004896	0.018525	0.025507	0.015549	-1.283203	3833200.000000
2021-01-06	0.005713	0.013255	0.035165	0.004851	1.488922	3949200.000000
2021-01-05	0.008071	0.016017	0.030987	0.014470	2.086395	3822600.000000
2021-01-04	-0.006400	0.022390	0.024042	0.003365	-1.665192	5002000.000000
2020-12-31	0.001357	0.022084	0.023546	0.014425	0.352600	2607900.000000
2020-12-30	-0.003494	0.020584	0.025148	0.016020	-0.910950	2511400.000000
2020-12-29	-0.011365	0.023659	0.025479	0.005042	-2.997375	2572100.000000
2020-12-28	-0.006164	0.025601	0.025902	0.014560	-1.635834	2633800.000000
2020-12-24	0.004114	0.019491	0.026755	0.019339	1.087280	1093900.000000
2020-12-23	-0.000852	0.020966	0.024520	0.013935	-0.225281	2337100.000000
2020-12-22	-0.003505	0.017387	0.022285	0.011548	-0.930511	3140100.000000
2020-12-21	0.001996	0.013756	0.026553	0.003640	0.528900	4339000.000000
2020-12-18	-0.012848	0.023201	0.027486	0.007215	-3.447968	9817000.000000
2020-12-17	0.016247	0.030623	0.038840	0.027366	4.290405	4247000.000000
2020-12-16	0.006008	0.022986	0.031443	0.019100	1.576996	4669600.000000
2020-12-15	0.009037	0.028310	0.033115	0.023274	2.350922	3754100.000000
2020-12-14	0.003893	0.027027	0.036520	0.023669	1.008911	4576800.000000
2020-12-11	-0.000982	0.015301	0.023011	0.012564	-0.254639	3454500.000000
2020-12-10	-0.002899	0.015125	0.022774	0.007552	-0.754272	4234300.000000
2020-12-09	0.014748	0.032164	0.036688	0.022958	3.780975	4550100.000000
2020-12-08	-0.003503	0.017315	0.020346	0.005692	-0.901184	5338100.000000
2020-12-07	-0.005114	0.018996	0.022863	0.009328	-1.322327	6379000.000000
2020-12-04	-0.015477	0.018340	0.023137	0.000636	-4.065125	7732800.000000
2020-12-03	-0.010918	0.019121	0.024016	0.005978	-2.899414	4168900.000000
2020-12-02	-0.014540	0.016697	0.017217	0.000369	-3.918121	4168600.000000
2020-12-01	-0.002920	0.031341	0.032155	0.019575	-0.789154	3942400.000000
2020-11-30	0.005145	0.023593	0.033040	0.011320	1.383392	4624100.000000
2020-11-27	0.007410	0.031253	0.036274	0.027956	1.977722	1625300.000000
2020-11-25	0.002378	0.027096	0.031828	0.018570	0.633270	3001700.000000
2020-11-24	0.007037	0.036291	0.042153	0.030882	1.860718	4773400.000000
2020-11-23	0.005893	0.027218	0.041218	0.025468	1.549011	3294200.000000
2020-11-20	-0.004134	0.028427	0.031913	0.018653	-1.091125	4111000.000000
2020-11-19	0.004077	0.028702	0.036158	0.022159	1.071655	3929400.000000
2020-11-18	-0.009689	0.019036	0.037420	0.013385	-2.571991	5122200.000000
2020-11-17	-0.025396	-0.000969	0.004281	-0.010883	-6.916962	8532200.000000
2020-11-16	0.008659	0.033901	0.041715	0.023606	2.338165	5360200.000000
2020-11-13	0.003367	0.027126	0.039426	0.022816	0.906036	3939200.000000
2020-11-12	-0.005437	0.045859	0.048409	0.012007	-1.471069	3818600.000000
2020-11-11	0.007911	0.032976	0.049253	0.028692	2.123779	2987900.000000
2020-11-10	0.020743	0.037179	0.048586	0.023720	5.455658	4828500.000000
2020-11-09	-0.050204	0.039963	0.041552	-0.026881	-13.902161	7856400.000000
2020-11-06	-0.005632	0.029617	0.029797	0.015685	-1.568542	2839100.000000
2020-11-05	0.011071	0.046898	0.049258	0.031395	3.049347	2516600.000000
2020-11-04	0.019288	0.024200	0.062243	0.021424	5.212097	3525300.000000
2020-11-03	0.024488	0.042039	0.059783	0.037755	6.459076	3037500.000000
2020-11-02	0.015110	0.039696	0.057515	0.033423	3.926178	2956400.000000
2020-10-30	-0.010830	0.023374	0.026419	-0.002475	-2.844788	3872800.000000
2020-10-29	-0.000334	0.026343	0.041604	0.017286	-0.087646	2872500.000000
2020-10-28	-0.025719	0.002023	0.014704	-0.003761	-6.936523	3255900.000000
2020-10-27	0.002898	0.029990	0.040178	0.026755	0.779388	3014100.000000
2020-10-26	-0.024594	0.014270	0.021125	-0.013441	-6.780609	2911900.000000
2020-10-23	0.006544	0.030911	0.033868	0.020579	1.792603	1750600.000000
2020-10-22	-0.011775	0.024365	0.030678	0.012531	-3.263672	2787000.000000
2020-10-21	-0.005349	0.024125	0.033563	0.016553	-1.490509	2304500.000000
2020-10-20	0.008141	0.031558	0.048381	0.027904	2.250397	2281500.000000
2020-10-19	-0.013662	0.033951	0.035200	0.011185	-3.828674	2428100.000000
2020-10-16	0.000417	0.028992	0.044699	0.025422	0.116913	3108600.000000
2020-10-15	0.001567	0.015838	0.037755	0.012263	0.438354	2699400.000000
2020-10-14	-0.011262	0.023452	0.026245	0.008039	-3.185669	2221000.000000
2020-10-13	0.012025	0.022128	0.040267	0.022128	3.361084	2699900.000000
2020-10-12	0.003462	0.031735	0.035109	0.026960	0.964478	2411900.000000
2020-10-09	0.004921	0.029885	0.036414	0.024906	1.363922	2240100.000000
2020-10-08	0.006118	0.030268	0.034298	0.020577	1.685394	2256200.000000
2020-10-07	0.022860	0.042719	0.054414	0.039563	6.157104	3423700.000000
2020-10-06	-0.019957	0.027913	0.029732	0.003425	-5.484894	2992500.000000
2020-10-05	0.009989	0.032374	0.037886	0.027890	2.718079	2330700.000000
2020-10-02	0.006088	0.016548	0.039250	0.013443	1.646454	2943600.000000
2020-10-01	-0.000324	0.032852	0.034922	0.019583	-0.087646	2696900.000000
2020-09-30	0.020580	0.031625	0.055918	0.028004	5.455658	4778800.000000
2020-09-29	-0.000808	0.030490	0.032149	0.021859	-0.214355	2048900.000000
2020-09-28	0.014076	0.039376	0.048129	0.033146	3.682556	3061100.000000
2020-09-25	0.010726	0.020624	0.043649	0.019581	2.776550	2457700.000000
2020-09-24	-0.003189	0.023223	0.038588	0.016175	-0.828064	3095600.000000
2020-09-23	-0.024734	0.034382	0.038889	-0.005916	-6.585754	4467600.000000
2020-09-22	0.003525	0.023932	0.030867	0.019975	0.935211	2972000.000000
2020-09-21	-0.010320	0.014074	0.017915	-0.005845	-2.766815	3548000.000000
2020-09-18	-0.017038	0.020774	0.025981	-0.007091	-4.647034	6072900.000000
2020-09-17	-0.005930	0.012899	0.030430	0.009437	-1.626923	3166600.000000
2020-09-16	-0.013832	0.026565	0.030052	0.008845	-3.848206	3379100.000000
2020-09-15	0.017566	0.035199	0.048585	0.032785	4.802917	4174900.000000
2020-09-14	0.015633	0.034704	0.049228	0.032735	4.208649	3055800.000000
2020-09-11	0.013311	0.031275	0.046331	0.029318	3.536407	3729200.000000
2020-09-10	-0.015666	0.030051	0.041055	0.004708	-4.228119	3156300.000000
2020-09-09	0.028894	0.038656	0.066408	0.035950	7.579498	4754700.000000
2020-09-08	-0.001484	0.016750	0.031710	0.000383	-0.389740	5241200.000000
2020-09-04	-0.018097	0.029896	0.034456	-0.010769	-4.841858	5253500.000000
2020-09-03	-0.043768	0.026814	0.028244	-0.027260	-12.246033	5380100.000000
2020-09-02	0.009703	0.027937	0.039449	0.023426	2.688904	3464600.000000
2020-09-01	0.003157	0.028214	0.037807	0.026295	0.872192	3235100.000000
2020-08-31	-0.004366	0.027221	0.033312	0.019544	-1.211395	4105400.000000
2020-08-28	-0.008107	0.030726	0.032585	0.018070	-2.267731	3100100.000000
2020-08-27	-0.011304	0.032895	0.035476	0.012889	-3.198090	3430900.000000
2020-08-26	0.020271	0.037640	0.053472	0.032375	5.620880	4001900.000000
2020-08-25	-0.002162	0.033742	0.034497	0.021579	-0.600830	2854500.000000
2020-08-24	0.012428	0.038282	0.045059	0.027098	3.411285	4430900.000000
2020-08-21	0.009085	0.029260	0.042421	0.023562	2.471222	5519100.000000
2020-08-20	-0.007707	0.023407	0.028405	0.019394	-2.112640	3530000.000000
2020-08-19	-0.007509	0.040777	0.042623	0.020755	-2.073975	4986800.000000
2020-08-18	-0.011241	0.034233	0.040247	0.013255	-3.139893	6934300.000000
2020-08-17	0.027411	0.046031	0.063759	0.042978	7.452545	5584400.000000
2020-08-14	-0.003941	0.029965	0.033116	0.022821	-1.075745	2490400.000000
2020-08-13	0.000284	0.030331	0.035791	0.025128	0.077515	2202400.000000
2020-08-12	0.024225	0.049999	0.062085	0.039527	6.454254	3867900.000000
2020-08-11	0.000692	0.042988	0.049298	0.030668	0.184143	3321300.000000
2020-08-10	0.011375	0.034833	0.044634	0.032478	2.994537	2393100.000000
2020-08-07	0.008427	0.036620	0.053131	0.033556	2.199921	2846300.000000
2020-08-06	0.007066	0.028475	0.043289	0.028205	1.831635	2203400.000000
2020-08-05	-0.001456	0.033874	0.033874	0.024243	-0.377930	1959900.000000
2020-08-04	0.006349	0.033615	0.038499	0.022799	1.637787	2224000.000000
2020-08-03	0.002599	0.036690	0.043880	0.032570	0.668671	2363500.000000
2020-07-31	-0.003079	0.026794	0.035203	0.009784	-0.794678	3640600.000000
2020-07-30	0.006234	0.026724	0.042358	0.019745	1.599060	2347800.000000
2020-07-29	-0.002337	0.030003	0.038989	0.027553	-0.600830	2874100.000000
2020-07-28	-0.008003	0.036269	0.038237	0.021259	-2.073944	2227000.000000
2020-07-27	0.007953	0.031015	0.044977	0.031015	2.044861	2412500.000000
2020-07-24	0.005686	0.036681	0.043918	0.028663	1.453674	2984500.000000
2020-07-23	-0.005129	0.042104	0.042104	0.018756	-1.318024	2680100.000000
2020-07-22	0.010479	0.032539	0.044335	0.030219	2.665054	2750000.000000
2020-07-21	0.008648	0.037621	0.046545	0.034052	2.180511	2439900.000000
2020-07-20	-0.000806	0.026560	0.035120	0.022518	-0.203506	2451100.000000
2020-07-17	0.008912	0.039667	0.042146	0.030431	2.228958	3091300.000000
2020-07-16	0.001086	0.027708	0.042677	0.024666	0.271347	2511200.000000
2020-07-15	0.000039	0.041277	0.045880	0.021303	0.009689	4343700.000000
2020-07-14	0.032730	0.029307	0.067255	0.027075	7.917679	4614200.000000
2020-07-13	-0.001959	0.039338	0.063844	0.027662	-0.474854	4437500.000000
2020-07-10	0.008671	0.033243	0.041733	0.026377	2.083557	2745300.000000
2020-07-09	-0.004856	0.033899	0.037420	0.020192	-1.172607	2994700.000000
2020-07-08	0.007358	0.034040	0.042049	0.027156	1.763794	2294000.000000
2020-07-07	-0.008816	0.022856	0.036956	0.021616	-2.132050	2927800.000000
2020-07-06	0.004225	0.039220	0.044327	0.025808	1.017548	3133800.000000
2020-07-02	0.001411	0.047630	0.049127	0.030914	0.339218	3369800.000000
2020-07-01	-0.009421	0.028328	0.031129	0.017124	-2.287125	3677300.000000
2020-06-30	0.017837	0.035560	0.055055	0.031745	4.254425	4524600.000000
2020-06-29	0.021202	0.038935	0.055375	0.029002	4.952164	3468300.000000
2020-06-26	-0.017809	0.031744	0.034898	0.010298	-4.235046	5002700.000000
2020-06-25	-0.003047	0.026294	0.032793	0.015394	-0.726822	2938400.000000
2020-06-24	-0.016699	0.021564	0.031788	0.000623	-4.050903	3873000.000000
2020-06-23	0.004616	0.047773	0.049596	0.035888	1.114502	3105300.000000
2020-06-22	0.010176	0.027896	0.046136	0.027101	2.432465	3815200.000000
2020-06-19	-0.010273	0.047977	0.052946	0.020152	-2.480942	11114600.000000
2020-06-18	-0.006538	0.025741	0.035572	0.016568	-1.589340	3347800.000000
2020-06-17	0.003601	0.043512	0.051150	0.032407	0.872223	4234000.000000
2020-06-16	0.035590	0.066243	0.075862	0.038326	8.324677	5291600.000000
2020-06-15	-0.004496	0.011314	0.030891	-0.002774	-1.056320	6250900.000000
2020-06-12	0.012444	0.047383	0.061688	0.021443	2.887924	5238500.000000
2020-06-11	-0.058872	0.009201	0.016339	-0.031838	-14.517288	6563700.000000
2020-06-10	-0.008997	0.034643	0.042038	0.021662	-2.238693	3589800.000000
2020-06-09	-0.000039	0.026083	0.037979	0.020176	-0.009674	3716100.000000
2020-06-08	0.007336	0.022114	0.039602	0.021183	1.812256	3811900.000000
2020-06-05	0.023900	0.045921	0.060470	0.037798	5.766220	5054300.000000
2020-06-04	-0.008167	0.026814	0.036680	0.017358	-1.986694	4759400.000000
2020-06-03	-0.000836	0.034294	0.038525	0.028502	-0.203506	4638100.000000
2020-06-02	0.021918	0.043657	0.060825	0.036814	5.221436	5301000.000000
2020-06-01	-0.004789	0.041917	0.043463	0.027128	-1.146408	3407800.000000
2020-05-29	0.013625	0.037693	0.057383	0.036296	3.217636	5341600.000000
2020-05-28	-0.008975	0.047096	0.058468	0.025736	-2.138672	5259300.000000
2020-05-27	0.020125	0.038931	0.059051	0.030754	4.701218	4664800.000000
2020-05-26	0.002481	0.064939	0.065240	0.038847	0.578003	4535200.000000
2020-05-22	0.004151	0.037256	0.044323	0.028465	0.963364	3041800.000000
2020-05-21	0.011293	0.035548	0.051062	0.027572	2.591431	4772700.000000
2020-05-20	0.000378	0.055034	0.056211	0.024299	0.086700	7534200.000000
2020-05-19	-0.029550	0.017301	0.025805	0.006089	-6.984390	9387000.000000
2020-05-18	0.025154	0.066267	0.077023	0.058460	5.799454	8314800.000000
2020-05-15	0.020684	0.030550	0.076767	0.030152	4.672302	16176300.000000
2020-05-14	0.019035	0.021205	0.058603	0.020438	4.219528	6434500.000000
2020-05-13	-0.012022	0.038656	0.053185	0.018599	-2.697403	6237200.000000
2020-05-12	-0.015472	0.046852	0.049836	0.021972	-3.525894	4399600.000000
2020-05-11	0.009086	0.026254	0.057249	0.023951	2.051956	4378300.000000
2020-05-08	0.021704	0.052735	0.065628	0.045722	4.797531	4365200.000000
2020-05-07	0.024696	0.050038	0.073773	0.049621	5.327377	4501300.000000
2020-05-06	-0.007491	0.046129	0.051053	0.029704	-1.628067	3321100.000000
2020-05-05	0.016994	0.052537	0.070833	0.046314	3.631897	4655200.000000
2020-05-04	0.014961	0.029056	0.057456	0.022074	3.150162	4090900.000000
2020-05-01	-0.005732	0.023582	0.037418	0.018861	-1.213821	3819300.000000
2020-04-30	-0.008927	0.014539	0.039436	0.013275	-1.907455	5152700.000000
2020-04-29	0.019207	0.055727	0.069226	0.048477	4.026855	4381100.000000
2020-04-28	-0.000597	0.067729	0.068826	0.033980	-0.125244	5080700.000000
2020-04-27	0.026298	0.052023	0.080888	0.046984	5.375565	5472800.000000
2020-04-24	0.048734	0.050396	0.092468	0.045881	9.498703	5025200.000000
2020-04-23	-0.009061	0.033710	0.052267	0.027965	-1.782166	3565500.000000
2020-04-22	0.017746	0.044655	0.064421	0.040774	3.429550	4067700.000000
2020-04-21	-0.026401	0.011331	0.029417	0.005085	-5.240707	4845000.000000
2020-04-20	-0.016092	0.021724	0.046012	0.017907	-3.246521	4753100.000000
2020-04-17	0.047886	0.076052	0.092050	0.070806	9.219406	6717600.000000
2020-04-16	0.006902	0.041379	0.057539	0.029350	1.319794	7262800.000000
2020-04-15	-0.041946	-0.004558	0.013330	-0.014880	-8.371628	5693900.000000
2020-04-14	0.042155	0.054167	0.095158	0.045029	8.072998	5655400.000000
2020-04-13	-0.013596	0.032469	0.032469	0.006303	-2.639633	4415600.000000
2020-04-09	0.034442	0.064566	0.097547	0.046983	6.464142	7125100.000000
2020-04-08	0.013157	0.048396	0.062216	0.033983	2.437332	6094700.000000
2020-04-07	0.005017	0.100911	0.107368	0.040853	0.924805	6438800.000000
2020-04-06	0.070677	0.092054	0.117670	0.075382	12.167282	7454000.000000
2020-04-03	-0.014395	0.028013	0.038261	0.001562	-2.514374	7299800.000000
2020-04-02	0.015003	0.016647	0.061799	0.011126	2.581802	6353900.000000
2020-04-01	-0.043276	-0.022012	0.016071	-0.027071	-7.783966	7858200.000000
2020-03-31	-0.047884	0.031150	0.034803	-0.018343	-9.045990	7335400.000000
2020-03-30	0.029126	0.038141	0.079705	0.022016	5.346664	6936700.000000
2020-03-27	-0.023872	0.002298	0.044253	-0.008284	-4.489258	7121700.000000
2020-03-26	0.073999	0.047912	0.131921	0.042258	12.957230	10170300.000000
2020-03-25	-0.016024	0.036346	0.076413	0.011508	-2.851562	11497400.000000
2020-03-24	0.137508	0.108346	0.186842	0.099525	21.511871	14676600.000000
2020-03-23	0.067302	0.023773	0.125222	-0.001607	9.864822	12241600.000000
2020-03-20	-0.055731	0.048661	0.096591	-0.022010	-8.650986	12602400.000000
2020-03-19	0.035340	0.021557	0.086588	-0.052879	5.298477	13499100.000000
2020-03-18	-0.103720	-0.044705	-0.029580	-0.159304	-17.350128	14681900.000000
2020-03-17	0.052619	0.058483	0.099825	-0.022755	8.361969	16234400.000000
2020-03-16	-0.197938	-0.081584	-0.060740	-0.176772	-39.218460	12536600.000000
2020-03-13	0.079123	0.091733	0.120981	0.034818	14.527496	10292300.000000
2020-03-12	-0.104749	-0.047199	0.007265	-0.098737	-21.482956	10928700.000000
2020-03-11	-0.050446	0.006085	0.014650	-0.025398	-10.895630	7253900.000000
2020-03-10	0.072413	0.078492	0.121292	0.047658	14.584061	7206600.000000
2020-03-09	-0.078990	-0.021972	-0.011409	-0.052245	-17.273102	10120500.000000
2020-03-06	-0.026830	0.012756	0.024861	-0.010919	-6.028854	7399900.000000
2020-03-05	-0.026008	0.025558	0.038605	0.010604	-6.000122	6473900.000000
2020-03-04	0.057647	0.068220	0.106316	0.062672	12.574417	6770000.000000
2020-03-03	-0.008698	0.045386	0.071699	0.025117	-1.913910	8432500.000000
2020-03-02	0.055545	0.055242	0.103308	0.048095	11.579224	7150800.000000
2020-02-28	-0.030659	0.016612	0.027911	-0.012682	-6.593460	11809600.000000
2020-02-27	-0.044840	0.026278	0.042934	-0.002591	-10.095932	7612800.000000
2020-02-26	-0.008847	0.052548	0.061088	0.031506	-2.009628	6963000.000000
2020-02-25	-0.009679	0.072877	0.076670	0.030939	-2.220139	8061500.000000
2020-02-24	-0.022988	0.015758	0.035478	0.012436	-5.397232	5350100.000000
2020-02-21	-0.006801	0.042777	0.046415	0.032201	-1.607666	3881100.000000
2020-02-20	0.013873	0.045191	0.059902	0.038586	3.234512	3701800.000000
2020-02-19	-0.001230	0.049132	0.051659	0.040993	-0.287094	2713300.000000
2020-02-18	-0.004448	0.044166	0.049582	0.037002	-1.043091	2892600.000000
2020-02-14	0.011017	0.049633	0.057222	0.046141	2.555054	2841600.000000
2020-02-13	0.003187	0.042295	0.053671	0.039829	0.736893	2468100.000000
2020-02-12	-0.000207	0.047096	0.047831	0.032868	-0.047852	3592100.000000
2020-02-11	0.004281	0.044977	0.052968	0.043196	0.985672	2692400.000000
2020-02-10	0.013948	0.041894	0.059552	0.040044	3.167511	2568000.000000
2020-02-07	-0.006448	0.044977	0.047996	0.034826	-1.473694	2456100.000000
2020-02-06	0.003066	0.044494	0.050682	0.042212	0.698563	3930300.000000
2020-02-05	0.013234	0.054315	0.059740	0.048801	2.976151	3868600.000000
2020-02-04	0.014944	0.056214	0.066730	0.056214	3.311096	3505100.000000
2020-02-03	0.015081	0.055055	0.069853	0.050703	3.291916	5100900.000000
2020-01-31	-0.020147	0.045740	0.046952	0.022981	-4.488113	5304700.000000
2020-01-30	-0.005256	0.035957	0.041761	0.034036	-1.177094	4685700.000000
2020-01-29	0.000684	0.049624	0.054003	0.042921	0.153137	2564000.000000
2020-01-28	0.011549	0.047824	0.063328	0.045700	2.555084	3621900.000000
2020-01-27	-0.003491	0.027861	0.047094	0.027861	-0.775131	3595600.000000
2020-01-24	-0.007062	0.048599	0.052938	0.031157	-1.578979	4467500.000000
2020-01-23	0.003220	0.041522	0.053591	0.034836	0.717697	4617900.000000
2020-01-22	-0.000215	0.048745	0.061036	0.044663	-0.047852	4030800.000000
2020-01-21	0.004485	0.043264	0.052862	0.041147	0.995255	4873500.000000
2020-01-17	0.013504	0.048584	0.062239	0.045388	2.956970	7979200.000000
2020-01-16	0.018834	0.051211	0.064844	0.048745	4.047974	5390800.000000
2020-01-15	0.007989	0.042491	0.055154	0.041787	1.703369	3444300.000000
2020-01-14	-0.002373	0.040953	0.052510	0.040157	-0.507187	3915100.000000
2020-01-13	-0.003925	0.046282	0.046328	0.037799	-0.842117	6060900.000000
2020-01-10	-0.004307	0.042935	0.046369	0.034953	-0.928253	4226600.000000
2020-01-09	0.015330	0.048981	0.062692	0.045259	3.253677	4843600.000000
2020-01-08	0.014964	0.046315	0.066257	0.045694	3.129211	4916200.000000
2020-01-07	-0.006547	0.042791	0.047827	0.030439	-1.378006	5685400.000000
2020-01-06	0.004705	0.033330	0.050084	0.032901	0.985703	5682800.000000
2020-01-03	-0.003323	0.032988	0.045072	0.031133	-0.698593	3423200.000000
2020-01-02	0.005861	0.048326	0.051580	0.042393	1.224884	3935700.000000
