2022-12-30	-0.002095	0.001692	0.004126	-0.007904	-0.447617	1600000.000000
2022-12-29	0.012065	0.009561	0.019794	0.008045	2.546509	1879900.000000
2022-12-28	-0.012565	0.010162	0.012875	-0.008176	-2.685776	1607300.000000
2022-12-27	0.004769	0.005438	0.014275	0.004545	1.014633	1461000.000000
2022-12-23	0.007348	0.003829	0.016661	0.001272	1.551773	1300700.000000
2022-12-22	-0.012971	0.001745	0.003007	-0.023259	-2.775314	2220000.000000
2022-12-21	0.017069	0.012284	0.023407	0.011286	3.590988	2625200.000000
2022-12-20	0.009933	0.006065	0.021379	0.004385	2.069046	1875900.000000
2022-12-19	-0.001573	0.002996	0.017711	-0.001270	-0.328262	3089800.000000
2022-12-16	0.003685	-0.002497	0.011647	-0.007885	0.765945	7128500.000000
2022-12-15	-0.026779	-0.003271	0.000615	-0.026025	-5.719711	3221400.000000
2022-12-14	-0.001117	0.011189	0.018906	-0.003636	-0.238739	2545900.000000
2022-12-13	0.002145	0.028965	0.030886	-0.001077	0.457581	3449800.000000
2022-12-12	0.013561	0.007814	0.019357	0.002589	2.854874	3347000.000000
2022-12-09	-0.008062	0.005297	0.010668	-0.003892	-1.710938	2260000.000000
2022-12-08	-0.000468	0.007181	0.010666	-0.000543	-0.099457	2169500.000000
2022-12-07	0.001220	0.008975	0.009541	-0.000268	0.258621	2983500.000000
2022-12-06	-0.011178	0.008421	0.010612	-0.014474	-2.397308	2518400.000000
2022-12-05	-0.015885	-0.000806	0.003048	-0.012508	-3.461655	3077800.000000
2022-12-02	0.007774	-0.006542	0.016719	-0.007050	1.681091	2194300.000000
2022-12-01	-0.009838	0.008639	0.010196	-0.009356	-2.148621	3990400.000000
2022-11-30	0.013058	0.003441	0.023527	-0.008758	2.815094	4675000.000000
2022-11-29	0.004403	0.005996	0.012984	0.002548	0.944992	2101700.000000
2022-11-28	-0.019450	0.003698	0.006028	-0.015627	-4.257446	2642600.000000
2022-11-25	0.005208	-0.000076	0.014711	-0.000076	1.133987	1119900.000000
2022-11-23	0.000686	0.005435	0.014120	0.003183	0.149216	2686700.000000
2022-11-22	0.010159	0.007943	0.016670	0.007339	2.188400	2516400.000000
2022-11-21	0.009463	0.007499	0.017902	0.002110	2.019318	2346500.000000
2022-11-18	0.000093	0.014107	0.018606	-0.001030	0.019897	2974700.000000
2022-11-17	0.002383	-0.002924	0.011780	-0.004005	0.507309	2689300.000000
2022-11-16	-0.006638	0.006837	0.009030	-0.004596	-1.422470	2446900.000000
2022-11-15	0.011408	0.016435	0.020353	0.005721	2.417191	2367400.000000
2022-11-14	0.001269	0.005533	0.021128	0.001044	0.268585	3074000.000000
2022-11-11	-0.009637	0.004314	0.006046	-0.010382	-2.059097	4226800.000000
2022-11-10	0.029574	0.035268	0.036328	0.017439	6.137482	4354600.000000
2022-11-09	-0.008082	0.003719	0.011080	-0.003737	-1.691025	3040400.000000
2022-11-08	0.007580	0.008101	0.022789	0.005934	1.573898	2631300.000000
2022-11-07	0.009237	0.009491	0.021836	0.006769	1.900589	2671700.000000
2022-11-04	0.016928	0.019660	0.028211	0.009330	3.424988	4125000.000000
2022-11-03	0.019554	0.009716	0.038339	0.003669	3.880356	4653700.000000
2022-11-02	-0.012949	0.011414	0.029071	-0.004951	-2.603394	4692700.000000
2022-11-01	-0.004509	0.012349	0.015468	-0.002159	-0.910706	4376600.000000
2022-10-31	-0.004440	-0.002203	0.010516	-0.002794	-0.900772	4433400.000000
2022-10-28	0.042954	0.023124	0.054795	0.011248	8.354599	4892700.000000
2022-10-27	0.032690	0.026626	0.059650	0.023653	6.157089	4754000.000000
2022-10-26	0.003269	0.020767	0.027798	0.010806	0.613739	4202900.000000
2022-10-25	0.014714	0.008923	0.026219	0.006436	2.722168	2907100.000000
2022-10-24	0.022373	0.019614	0.039342	0.015912	4.048630	3271000.000000
2022-10-21	0.029104	0.006523	0.042464	0.003850	5.117691	2959800.000000
2022-10-20	-0.009148	0.010671	0.018897	-0.002008	-1.623413	2687500.000000
2022-10-19	-0.003336	0.008086	0.015555	-0.000675	-0.593933	1688000.000000
2022-10-18	0.016042	0.028137	0.033729	0.013643	2.811279	1978600.000000
2022-10-17	0.016536	0.030522	0.038294	0.021647	2.850861	3437900.000000
2022-10-14	-0.019093	0.013634	0.015739	-0.010946	-3.355713	2970300.000000
2022-10-13	0.027548	-0.009600	0.042960	-0.010652	4.711853	3223000.000000
2022-10-12	-0.004781	0.012780	0.018249	0.001957	-0.821609	2728000.000000
2022-10-11	0.010065	0.007340	0.032964	0.003696	1.712494	2908300.000000
2022-10-10	0.002800	0.018471	0.024305	0.002617	0.475143	1932100.000000
2022-10-07	-0.020738	0.001851	0.005141	-0.016733	-3.593262	2961600.000000
2022-10-06	-0.015578	0.001584	0.009538	-0.012222	-2.741989	2599200.000000
2022-10-05	-0.002133	0.001319	0.019177	-0.007809	-0.376160	2940200.000000
2022-10-04	0.029762	0.021079	0.041570	0.020670	5.097916	3691300.000000
2022-10-03	0.036354	0.028976	0.055052	0.022986	6.008575	3379000.000000
2022-09-30	-0.018228	0.010398	0.016932	-0.010214	-3.068634	3810300.000000
2022-09-29	-0.021630	0.007488	0.007488	-0.023022	-3.721954	3117000.000000
2022-09-28	0.022108	0.020852	0.038078	0.012358	3.721954	3077800.000000
2022-09-27	0.000000	0.014912	0.024416	0.000181	0.000000	2692400.000000
2022-09-26	-0.007644	0.011104	0.015820	-0.004635	-1.296753	3271600.000000
2022-09-23	-0.010794	0.007479	0.016342	-0.009197	-1.851059	3202300.000000
2022-09-22	-0.006024	0.005815	0.012828	-0.002995	-1.039398	2229900.000000
2022-09-21	-0.015310	0.015356	0.025172	-0.005304	-2.682571	2505400.000000
2022-09-20	-0.009069	0.001228	0.004112	-0.009913	-1.603622	2478800.000000
2022-09-19	0.007217	0.002530	0.020017	0.001049	1.267044	2416200.000000
2022-09-16	0.002771	-0.008630	0.014675	-0.014570	0.485046	6417900.000000
2022-09-15	-0.017281	0.005561	0.010332	-0.010942	-3.078537	3452100.000000
2022-09-14	-0.027084	0.011694	0.011694	-0.026862	-4.959305	4949900.000000
2022-09-13	-0.036713	-0.008298	-0.000249	-0.028762	-6.978683	4858500.000000
2022-09-12	0.001774	0.018178	0.020654	0.008586	0.336563	2766700.000000
2022-09-09	0.020605	0.017158	0.032756	0.015545	3.830841	2909900.000000
2022-09-08	-0.006716	0.006213	0.006213	-0.014623	-1.257141	3506500.000000
2022-09-07	0.018804	0.011853	0.032863	0.011472	3.454681	2344300.000000
2022-09-06	-0.006902	0.011409	0.018544	-0.003456	-1.276932	2548900.000000
2022-09-02	-0.020133	0.022720	0.024521	-0.013615	-3.801163	2748400.000000
2022-09-01	0.007288	0.009153	0.019770	0.005898	1.366028	2242600.000000
2022-08-31	-0.007079	0.020126	0.020603	0.001267	-1.336334	2629300.000000
2022-08-30	-0.008939	0.007805	0.013475	-0.006213	-1.702591	2224000.000000
2022-08-29	-0.003315	0.008755	0.014615	0.000487	-0.633530	2095700.000000
2022-08-26	-0.036771	0.004222	0.010270	-0.027532	-7.295441	2837000.000000
2022-08-25	0.013348	0.017524	0.024061	0.010884	2.613297	1631500.000000
2022-08-24	0.001215	0.006078	0.015231	0.003930	0.237549	1351800.000000
2022-08-23	-0.001466	0.012875	0.015275	0.006645	-0.287048	1607600.000000
2022-08-22	-0.018456	0.000296	0.000747	-0.010981	-3.682373	2588000.000000
2022-08-19	-0.010603	0.004765	0.005757	-0.003963	-2.138153	2040700.000000
2022-08-18	0.004636	0.008875	0.016298	0.008227	0.930496	1509200.000000
2022-08-17	-0.004370	0.000994	0.011708	-0.001784	-0.880981	1661200.000000
2022-08-16	0.007021	0.001079	0.020259	-0.000719	1.405609	1661200.000000
2022-08-15	0.006870	0.009013	0.019423	0.003028	1.366058	2307900.000000
2022-08-12	0.011889	0.014393	0.022790	0.008846	2.336121	2257800.000000
2022-08-11	0.011516	0.014081	0.027567	0.014081	2.237152	2392700.000000
2022-08-10	0.016178	0.030172	0.037391	0.027191	3.092773	2639600.000000
2022-08-09	0.000619	0.018405	0.020185	0.012281	0.118195	2281600.000000
2022-08-08	0.008842	0.025403	0.032109	0.019594	1.674438	2077700.000000
2022-08-05	-0.000883	0.010675	0.017428	0.003869	-0.167435	1848700.000000
2022-08-04	0.004909	0.013303	0.022263	0.009645	0.925858	1701200.000000
2022-08-03	0.012585	0.016553	0.030242	0.008178	2.344223	2535100.000000
2022-08-02	-0.014949	0.010717	0.011880	-0.002345	-2.826843	3335500.000000
2022-08-01	-0.002442	0.009725	0.018957	0.007035	-0.462952	2333300.000000
2022-07-29	0.010607	0.015478	0.029605	0.006841	1.989639	2907400.000000
2022-07-28	0.036916	0.045392	0.058493	0.033064	6.678055	3653900.000000
2022-07-27	0.012347	0.009276	0.035411	0.004800	2.206329	3506100.000000
2022-07-26	0.000883	0.017449	0.027979	0.010504	0.157608	2324100.000000
2022-07-25	-0.001157	0.016943	0.020691	0.009054	-0.206863	1941200.000000
2022-07-22	0.007999	0.017915	0.031393	0.016223	1.418350	2327100.000000
2022-07-21	0.009929	0.015264	0.026484	0.008715	1.743408	1853700.000000
2022-07-20	0.005812	0.012858	0.023342	0.009249	1.014511	1648800.000000
2022-07-19	0.036736	0.026964	0.055293	0.026192	6.185562	2455400.000000
2022-07-18	-0.010706	0.017262	0.023666	0.001927	-1.822174	1657000.000000
2022-07-15	0.019409	0.024368	0.035868	0.018978	3.240524	2188500.000000
2022-07-14	-0.007959	0.002490	0.008788	-0.005650	-1.339539	1824200.000000
2022-07-13	-0.015783	-0.001285	0.007779	-0.006607	-2.698807	1997100.000000
2022-07-12	0.004455	0.008686	0.038643	0.008686	0.758423	2757600.000000
2022-07-11	-0.002884	0.025046	0.025280	0.007943	-0.492477	3224200.000000
2022-07-08	-0.002589	0.015849	0.018419	0.002003	-0.443237	1614800.000000
2022-07-07	0.003349	0.021126	0.021126	0.003835	0.571274	2756700.000000
2022-07-06	0.006508	0.019276	0.028008	0.009306	1.103165	2201900.000000
2022-07-05	-0.017246	0.007263	0.007263	-0.020393	-2.974609	3345600.000000
2022-07-01	0.007479	0.014330	0.024377	0.002180	1.280457	1973100.000000
2022-06-30	0.003522	-0.011201	0.007044	-0.017437	0.610001	2872200.000000
2022-06-29	-0.015629	0.000568	0.003012	-0.025803	-2.750000	2428300.000000
2022-06-28	-0.013125	0.006618	0.017780	-0.014246	-2.339996	3181100.000000
2022-06-27	-0.009610	0.005388	0.006222	-0.014554	-1.730011	2600700.000000
2022-06-24	0.031220	0.010998	0.031907	0.006473	5.449997	4155300.000000
2022-06-23	-0.017780	-0.002813	0.004951	-0.027064	-3.159988	3333400.000000
2022-06-22	-0.015401	-0.011357	-0.004099	-0.024043	-2.779999	2906700.000000
2022-06-21	0.004507	0.011408	0.012298	-0.001614	0.809998	2935500.000000
2022-06-17	-0.001001	-0.002669	0.013843	-0.009395	-0.180008	5633600.000000
2022-06-16	-0.027518	-0.016868	-0.013894	-0.032059	-5.089996	4428200.000000
2022-06-15	0.009221	0.006220	0.021825	-0.002728	1.690002	2979200.000000
2022-06-14	-0.006182	0.003904	0.014098	-0.010736	-1.139999	3452500.000000
2022-06-13	-0.009985	-0.021044	-0.000859	-0.021205	-1.860001	4764300.000000
2022-06-10	-0.029842	-0.019218	-0.017291	-0.030207	-5.729996	2878700.000000
2022-06-09	-0.012904	-0.006580	0.005449	-0.013726	-2.510010	1674800.000000
2022-06-08	-0.015687	-0.004959	-0.003745	-0.020241	-3.099991	1688800.000000
2022-06-07	0.012449	-0.007992	0.014345	-0.015575	2.429993	2130100.000000
2022-06-06	0.001899	0.009085	0.011036	-0.001694	0.369995	1586200.000000
2022-06-03	-0.011267	-0.008577	-0.004415	-0.017408	-2.219986	2254900.000000
2022-06-02	0.026731	0.009796	0.027565	0.000782	5.129990	2510600.000000
2022-06-01	-0.008832	0.004545	0.005681	-0.016682	-1.709991	2361300.000000
2022-05-31	-0.013904	-0.014209	-0.004889	-0.024344	-2.730011	3503400.000000
2022-05-27	0.016831	0.009788	0.017038	0.004868	3.250000	2246400.000000
2022-05-26	0.013968	0.004411	0.019639	0.003938	2.660004	2238600.000000
2022-05-25	0.002527	-0.004422	0.006370	-0.017162	0.479996	2512000.000000
2022-05-24	0.002004	-0.001424	0.006224	-0.024739	0.380005	2842400.000000
2022-05-23	-0.000896	0.011383	0.012806	-0.006588	-0.169998	3726000.000000
2022-05-20	-0.015053	0.004568	0.008098	-0.035661	-2.899994	3884100.000000
2022-05-19	-0.006293	-0.009491	0.006912	-0.029659	-1.220001	3126200.000000
2022-05-18	-0.026073	-0.006531	-0.001859	-0.029187	-5.190002	3185900.000000
2022-05-17	0.026294	0.010363	0.031398	0.009486	5.099991	2723900.000000
2022-05-16	0.002222	0.000362	0.009094	-0.006201	0.430008	2624200.000000
2022-05-13	0.003162	0.002540	0.010522	-0.010315	0.610001	3237400.000000
2022-05-12	0.009841	-0.000314	0.019420	-0.012301	1.879990	3990300.000000
2022-05-11	-0.014119	0.005439	0.015915	-0.012158	-2.735962	3283900.000000
2022-05-10	0.004176	0.017152	0.022127	-0.003887	0.805862	4767500.000000
2022-05-09	-0.007522	0.003484	0.007033	-0.010660	-1.462479	3781400.000000
2022-05-06	-0.012331	0.002133	0.002844	-0.018796	-2.427551	3624800.000000
2022-05-05	-0.038766	-0.005368	-0.000632	-0.040671	-7.939285	5759000.000000
2022-05-04	0.044712	0.007425	0.052877	0.006711	8.765045	5483700.000000
2022-05-03	0.000864	0.002322	0.012686	-0.003141	0.169144	5359800.000000
2022-05-02	0.017363	0.010220	0.043619	-0.003077	3.342850	7099600.000000
2022-04-29	0.018903	0.059483	0.069009	0.020742	3.571671	7248500.000000
2022-04-28	0.019157	0.012843	0.028431	-0.000803	3.551773	3424500.000000
2022-04-27	-0.007034	-0.001458	0.011075	-0.005100	-1.313263	3053500.000000
2022-04-26	-0.021635	-0.006975	0.000099	-0.017140	-4.128815	2849000.000000
2022-04-25	0.006242	0.003548	0.011826	-0.012270	1.183929	2397500.000000
2022-04-22	-0.027100	-0.001744	-0.001641	-0.023546	-5.282898	3040800.000000
2022-04-21	-0.002037	0.013423	0.026887	0.000625	-0.397964	2418200.000000
2022-04-20	-0.004361	0.010125	0.016853	-0.000936	-0.855606	2622900.000000
2022-04-19	0.026709	0.010363	0.032813	0.007746	5.103806	3340700.000000
2022-04-18	-0.015984	0.000495	0.008683	-0.015726	-3.104065	1958000.000000
2022-04-14	0.001745	0.006781	0.014673	0.005439	0.338257	4275800.000000
2022-04-13	0.020210	0.009551	0.026286	0.006867	3.840302	2391300.000000
2022-04-12	0.009088	0.013786	0.024354	0.009007	1.711227	3098800.000000
2022-04-11	-0.004680	0.005711	0.010891	-0.002429	-0.885468	2700700.000000
2022-04-08	-0.013181	0.006695	0.008729	-0.009944	-2.527023	2877800.000000
2022-04-07	-0.004752	-0.000684	0.005026	-0.021761	-0.915298	2201500.000000
2022-04-06	-0.000052	-0.003747	0.012605	-0.007848	-0.009964	2942500.000000
2022-04-05	-0.012445	-0.002201	0.007180	-0.010147	-2.427551	2293800.000000
2022-04-04	0.000204	0.001541	0.008206	-0.008150	0.039810	2051200.000000
2022-04-01	0.007452	0.011948	0.013033	-0.000449	1.442596	2286600.000000
2022-03-31	-0.009973	0.005795	0.013670	-0.005047	-1.949997	3276000.000000
2022-03-30	-0.005062	0.002993	0.008386	-0.004283	-0.994888	2427500.000000
2022-03-29	0.002181	0.015176	0.016756	-0.006497	0.427795	3350300.000000
2022-03-28	-0.003438	0.001573	0.002843	-0.012860	-0.676529	3270500.000000
2022-03-25	0.015923	0.008537	0.024077	0.008382	3.084167	2543100.000000
2022-03-24	0.012218	0.009519	0.017567	0.003614	2.338013	2197800.000000
2022-03-23	-0.013793	0.002089	0.004769	-0.010434	-2.676270	1816100.000000
2022-03-22	0.010413	0.005755	0.020231	0.005755	1.999741	2369500.000000
2022-03-21	-0.008730	-0.000806	0.003530	-0.011388	-1.691315	3500600.000000
2022-03-18	0.014537	0.004292	0.020788	-0.006025	2.775757	8748600.000000
2022-03-17	0.004711	-0.002131	0.013443	-0.004499	0.895401	3153500.000000
2022-03-16	0.017253	0.014818	0.023649	-0.001668	3.223480	4132700.000000
2022-03-15	0.025055	0.015719	0.032398	0.013853	4.566559	3922800.000000
2022-03-14	0.005268	0.011914	0.021511	0.007777	0.955093	3002100.000000
2022-03-11	-0.011499	0.016143	0.019141	-0.007573	-2.109177	2725500.000000
2022-03-10	-0.005609	-0.010375	0.003558	-0.012110	-1.034683	2455400.000000
2022-03-09	0.011788	0.022244	0.027016	0.014181	2.148972	2899400.000000
2022-03-08	0.005929	0.005295	0.031947	0.004909	1.074493	4575000.000000
2022-03-07	-0.028117	0.003038	0.004433	-0.023882	-5.243103	3533800.000000
2022-03-04	-0.000480	-0.004894	0.005934	-0.010951	-0.089554	5062000.000000
2022-03-03	0.005793	0.021465	0.034296	0.008796	1.074493	5022900.000000
2022-03-02	0.015468	0.014655	0.030586	0.008196	2.825500	5340700.000000
2022-03-01	-0.032411	-0.011291	0.005660	-0.030997	-6.118607	5463000.000000
2022-02-28	0.006311	-0.008250	0.012486	-0.008250	1.183929	4111100.000000
2022-02-25	0.034112	0.003807	0.044709	0.003642	6.188263	5001000.000000
2022-02-24	0.024497	-0.011982	0.031729	-0.014975	4.337723	5899700.000000
2022-02-23	-0.019719	0.016256	0.017972	-0.010151	-3.561996	3582400.000000
2022-02-22	0.002361	0.016158	0.028144	0.004061	0.425461	4008000.000000
2022-02-18	-0.013327	0.007051	0.013238	-0.006856	-2.434052	5038400.000000
2022-02-17	-0.023643	0.002218	0.004356	-0.014781	-4.422836	3075900.000000
2022-02-16	-0.002480	0.010718	0.012104	-0.003893	-0.465027	3085600.000000
2022-02-15	0.015212	0.018731	0.028204	0.009798	2.810028	2828500.000000
2022-02-14	-0.001604	0.012772	0.018393	-0.002578	-0.296844	3156800.000000
2022-02-11	-0.024824	0.010981	0.016673	-0.016744	-4.709763	5323500.000000
2022-02-10	-0.024769	-0.002238	0.012463	-0.018121	-4.818604	3659600.000000
2022-02-09	0.010588	0.018768	0.023443	0.011340	2.038254	3210500.000000
2022-02-08	0.010806	0.010664	0.024211	0.003156	2.058044	2735800.000000
2022-02-07	0.005118	0.014095	0.026972	0.007023	0.969681	3457800.000000
2022-02-04	-0.001252	0.011349	0.016199	-0.008891	-0.237488	5479900.000000
2022-02-03	-0.076174	-0.025321	-0.021231	-0.067102	-15.643173	8679900.000000
2022-02-02	0.010763	0.011058	0.022969	0.007219	2.186691	2835900.000000
2022-02-01	0.004206	0.007946	0.017287	-0.004015	0.850922	3053300.000000
2022-01-31	0.012327	0.003509	0.025625	-0.002745	2.463715	3297800.000000
2022-01-28	0.006678	0.009304	0.017716	-0.012506	1.325882	3392300.000000
2022-01-27	0.000000	0.022854	0.031719	0.003663	0.000000	2750000.000000
2022-01-26	-0.008156	0.014911	0.028599	-0.007221	-1.632599	3387600.000000
2022-01-25	-0.010516	-0.007824	0.007402	-0.021665	-2.127319	5237800.000000
2022-01-24	-0.003169	0.006229	0.009087	-0.019493	-0.643158	5438100.000000
2022-01-21	-0.018284	0.012309	0.013954	-0.008492	-3.779678	4440800.000000
2022-01-20	-0.008589	0.015220	0.028505	0.001072	-1.790894	2568700.000000
2022-01-19	-0.013390	0.014544	0.016248	-0.003484	-2.829819	2614800.000000
2022-01-18	-0.018654	-0.002198	0.002724	-0.015293	-4.017166	3055000.000000
2022-01-14	-0.008112	0.002282	0.003940	-0.008082	-1.761215	3343100.000000
2022-01-13	0.005407	0.011359	0.027520	0.009831	1.167557	3082500.000000
2022-01-12	0.008969	0.016178	0.024121	0.015524	1.919525	3104800.000000
2022-01-11	0.013351	0.015210	0.027378	0.001479	2.819916	3529500.000000
2022-01-10	-0.010614	0.010289	0.013990	-0.007558	-2.265839	3453700.000000
2022-01-07	0.023385	0.017040	0.041777	0.014260	4.877991	3056700.000000
2022-01-06	-0.001137	0.014208	0.026419	0.008557	-0.237473	3270400.000000
2022-01-05	0.009856	0.013276	0.042483	0.011245	2.038269	4088500.000000
2022-01-04	0.010638	0.010224	0.024104	0.005044	2.176773	3256400.000000
2022-01-03	-0.008201	0.007514	0.014736	-0.003635	-1.691940	2578600.000000
2021-12-31	0.006760	0.009444	0.020814	0.007102	1.385223	1536500.000000
2021-12-30	-0.002024	0.013440	0.017336	0.007645	-0.415573	1273100.000000
2021-12-29	0.002318	0.014862	0.015497	0.007784	0.474945	1714500.000000
2021-12-28	0.003003	0.010860	0.018889	0.009636	0.613449	1971200.000000
2021-12-27	0.005896	0.012979	0.017657	0.009138	1.197220	2486400.000000
2021-12-23	0.016746	0.017474	0.033047	0.016473	3.344345	2376100.000000
2021-12-22	0.000843	0.008409	0.012318	0.002696	0.168213	3111100.000000
2021-12-21	0.009107	0.017238	0.025482	0.012990	1.800781	2628200.000000
2021-12-20	-0.025930	-0.004360	-0.001749	-0.024162	-5.263855	3387400.000000
2021-12-17	-0.021182	0.009941	0.013075	-0.012962	-4.393143	5579100.000000
2021-12-16	-0.000715	0.017843	0.017988	0.008448	-0.148422	2993200.000000
2021-12-15	0.014902	0.014919	0.028855	0.003623	3.047516	2952000.000000
2021-12-14	-0.012188	0.008732	0.021823	-0.005373	-2.523102	3790600.000000
2021-12-13	-0.002764	0.010616	0.015192	0.004836	-0.573883	2892300.000000
2021-12-10	0.018495	0.014785	0.030485	0.009781	3.769791	3410200.000000
2021-12-09	0.006597	0.010319	0.023060	0.002269	1.335770	4992000.000000
2021-12-08	-0.012069	-0.000606	0.001785	-0.011925	-2.473633	4997400.000000
2021-12-07	0.004364	0.015956	0.027080	0.008263	0.890503	4786700.000000
2021-12-06	0.013513	0.019256	0.033460	0.017468	2.720978	4376400.000000
2021-12-03	-0.002451	0.010714	0.013042	-0.004198	-0.494720	3545900.000000
2021-12-02	0.022967	0.018469	0.041224	0.011070	4.531677	6004900.000000
2021-12-01	-0.013944	0.027705	0.028855	-0.004628	-2.790253	3123100.000000
2021-11-30	-0.026100	0.003705	0.004873	-0.021214	-5.362808	5680300.000000
2021-11-29	-0.002642	0.020372	0.020372	0.004791	-0.544189	2598100.000000
2021-11-26	-0.018849	-0.023912	-0.004624	-0.035247	-3.957809	3857800.000000
2021-11-24	-0.017546	0.006640	0.010243	-0.008800	-3.750000	3266000.000000
2021-11-23	-0.009810	0.007050	0.012147	-0.003189	-2.117416	4021400.000000
2021-11-22	-0.001602	0.009924	0.022506	0.008536	-0.346313	2451600.000000
2021-11-19	-0.010014	0.012084	0.012954	-0.005501	-2.186676	2096100.000000
2021-11-18	0.000952	0.006126	0.012773	0.003926	0.207779	1688300.000000
2021-11-17	-0.003975	0.008929	0.010299	0.002583	-0.870697	1896600.000000
2021-11-16	-0.004945	0.011346	0.014344	0.004259	-1.088409	1648500.000000
2021-11-15	0.000360	0.011755	0.018163	0.007256	0.079163	1207900.000000
2021-11-12	0.006244	0.014917	0.017661	0.003759	1.365448	2184600.000000
2021-11-11	-0.019520	0.011068	0.011068	-0.010902	-4.353592	1595800.000000
2021-11-10	-0.005997	0.012893	0.015745	0.003578	-1.345627	1324800.000000
2021-11-09	0.008949	0.014897	0.026409	0.013323	1.990082	2369000.000000
2021-11-08	-0.001460	0.022890	0.024820	0.007489	-0.325119	1715400.000000
2021-11-05	0.016046	0.023016	0.038390	0.021100	3.517120	2329200.000000
2021-11-04	-0.001391	0.014440	0.024326	0.011752	-0.305389	2320000.000000
2021-11-03	0.007279	0.013747	0.023567	0.007644	1.586136	2057300.000000
2021-11-02	0.006507	0.018635	0.025240	0.012676	1.408844	2297400.000000
2021-11-01	0.005214	0.015403	0.021671	0.012478	1.123108	1697800.000000
2021-10-29	0.000641	0.012802	0.023488	0.008435	0.137939	2615300.000000
2021-10-28	0.012794	0.008727	0.029430	0.008727	2.719101	1947900.000000
2021-10-27	-0.011909	0.014009	0.014288	0.000619	-2.561478	1647100.000000
2021-10-26	0.003586	0.018111	0.028703	0.011439	0.768448	2443900.000000
2021-10-25	0.000644	0.012277	0.022502	0.006861	0.137924	2710400.000000
2021-10-22	-0.031712	0.008025	0.012229	-0.017880	-7.014557	3498600.000000
2021-10-21	0.003935	0.014941	0.020569	0.004139	0.866959	2649200.000000
2021-10-20	0.008387	0.017091	0.023774	0.010684	1.832458	1656900.000000
2021-10-19	0.005212	0.018390	0.020599	0.009649	1.132965	1599600.000000
2021-10-18	-0.000408	0.005191	0.018481	0.001788	-0.088669	1883300.000000
2021-10-15	0.009744	0.022972	0.028312	0.018143	2.098465	2180600.000000
2021-10-14	0.013962	0.022471	0.030099	0.019505	2.965424	1425500.000000
2021-10-13	0.005832	0.019578	0.026161	0.008449	1.231491	1600200.000000
2021-10-12	-0.004459	0.016965	0.019511	0.008620	-0.945770	1383700.000000
2021-10-11	-0.011070	0.013540	0.017457	0.003655	-2.374313	1355200.000000
2021-10-08	-0.003068	0.016473	0.020517	0.007455	-0.660080	1344800.000000
2021-10-07	0.006963	0.020368	0.029074	0.019010	1.487625	1852600.000000
2021-10-06	0.005285	0.005857	0.021008	0.002798	1.123108	1735900.000000
2021-10-05	0.007049	0.012189	0.028489	0.012189	1.487640	1560100.000000
2021-10-04	-0.006677	0.013149	0.019598	0.003453	-1.418655	2632200.000000
2021-10-01	0.015875	0.018379	0.034828	0.011972	3.320084	2276500.000000
2021-09-30	-0.012284	0.020936	0.021313	0.001714	-2.600891	2934400.000000
2021-09-29	-0.000233	0.019093	0.021831	0.013049	-0.049271	2109000.000000
2021-09-28	-0.013446	0.009069	0.017128	-0.000946	-2.886597	2654100.000000
2021-09-27	-0.005885	0.013874	0.017996	0.008271	-1.270920	2199300.000000
2021-09-24	-0.002321	0.015217	0.020160	0.009349	-0.502426	1949100.000000
2021-09-23	0.012349	0.016341	0.035377	0.016341	2.640289	2180000.000000
2021-09-22	0.009865	0.022306	0.031705	0.021739	2.088608	2281100.000000
2021-09-21	-0.003847	0.020019	0.020725	0.008539	-0.817688	2568700.000000
2021-09-20	-0.012632	0.003882	0.012012	-0.004944	-2.719147	4008500.000000
2021-09-17	-0.005281	0.016002	0.016002	0.005097	-1.142807	4391600.000000
2021-09-16	-0.009202	0.013109	0.013750	0.000518	-2.009796	2393500.000000
2021-09-15	0.006812	0.017060	0.027571	0.014801	1.477783	2021700.000000
2021-09-14	-0.015250	0.017075	0.017392	-0.002627	-3.359497	2699700.000000
2021-09-13	0.005531	0.023933	0.030278	0.014302	1.211807	2771400.000000
2021-09-10	-0.002512	0.015214	0.025322	0.011754	-0.551712	2357900.000000
2021-09-09	-0.006551	0.012816	0.017655	0.005669	-1.448242	1937900.000000
2021-09-08	0.006594	0.014212	0.024002	0.009978	1.448242	2428600.000000
2021-09-07	-0.023778	0.012098	0.012098	-0.009815	-5.349609	3222400.000000
2021-09-03	-0.011300	0.015164	0.015164	0.000969	-2.571350	1622400.000000
2021-09-02	0.005091	0.019979	0.022276	0.014899	1.152679	1594500.000000
2021-09-01	-0.009098	0.019584	0.020634	0.003608	-2.078735	2484300.000000
2021-08-31	0.000172	0.013106	0.018446	0.009341	0.039398	1956300.000000
2021-08-30	0.003158	0.015383	0.022234	0.012485	0.719193	1318300.000000
2021-08-27	0.001126	0.018109	0.026814	0.014065	0.256134	1663600.000000
2021-08-26	0.000954	0.012480	0.017320	0.009619	0.216751	1303100.000000
2021-08-25	0.000955	0.016882	0.023401	0.007808	0.216736	1804200.000000
2021-08-24	0.005805	0.013880	0.023051	0.011488	1.310303	1265400.000000
2021-08-23	0.006192	0.013026	0.032462	0.013026	1.389130	2143300.000000
2021-08-20	-0.000132	0.016815	0.019489	0.009594	-0.029572	2081000.000000
2021-08-19	-0.003021	0.011299	0.018676	0.004456	-0.679764	1945100.000000
2021-08-18	-0.013091	0.008498	0.015207	0.000954	-2.985123	2555300.000000
2021-08-17	-0.009797	0.012644	0.014858	-0.008418	-2.256104	2679100.000000
2021-08-16	0.008543	0.015470	0.023966	0.008068	1.950684	1794500.000000
2021-08-13	-0.000776	0.014638	0.018183	0.011575	-0.177322	1404700.000000
2021-08-12	-0.005616	0.016207	0.017208	0.003935	-1.290619	1917200.000000
2021-08-11	0.009919	0.022243	0.031384	0.019035	2.256927	2098500.000000
2021-08-10	0.015993	0.019883	0.036225	0.018588	3.581696	2388800.000000
2021-08-09	-0.006313	0.015041	0.017482	0.009628	-1.422852	1369800.000000
2021-08-06	-0.000870	0.019611	0.023556	0.015222	-0.196289	1327400.000000
2021-08-05	0.001263	0.018813	0.027779	0.016238	0.284592	1467200.000000
2021-08-04	-0.013153	0.015356	0.020524	0.002697	-3.002716	2324000.000000
2021-08-03	0.000990	0.022367	0.025349	0.011011	0.225677	1783000.000000
2021-08-02	-0.005860	0.024964	0.032461	0.012236	-1.344315	2025300.000000
2021-07-30	0.003908	0.018685	0.023718	0.015578	0.892944	2237300.000000
2021-07-29	0.010369	0.029690	0.031282	0.022837	2.345245	1501900.000000
2021-07-28	0.000564	0.017796	0.027573	0.014699	0.127579	1713900.000000
2021-07-27	0.004842	0.016545	0.032504	0.013922	1.089203	2167100.000000
2021-07-26	-0.000305	0.015346	0.021034	0.000859	-0.068680	2776700.000000
2021-07-23	-0.014695	0.002703	0.011986	-0.009645	-3.355988	3908400.000000
2021-07-22	0.003839	0.022859	0.029628	0.011519	0.873367	3680200.000000
2021-07-21	0.009536	0.017038	0.029773	0.014952	2.148987	4554700.000000
2021-07-20	0.040787	0.023605	0.068079	0.022958	8.831497	28237100.000000
2021-07-19	-0.041983	-0.001539	0.002620	-0.026581	-9.488968	6107100.000000
2021-07-16	-0.010652	0.016365	0.023675	0.005115	-2.433548	3592800.000000
2021-07-15	0.022128	0.029056	0.044403	0.024761	4.945633	5546800.000000
2021-07-14	0.016467	0.019488	0.040363	0.019488	3.620895	2631800.000000
2021-07-13	-0.004177	0.022838	0.022838	0.013146	-0.922379	1417300.000000
2021-07-12	0.003031	0.012447	0.025257	0.009040	0.667282	2066300.000000
2021-07-09	0.022889	0.027025	0.043613	0.025677	4.926010	2161800.000000
2021-07-08	-0.006433	0.009015	0.018940	0.002413	-1.393433	2404700.000000
2021-07-07	0.009974	0.016608	0.033207	0.016514	2.139191	1563200.000000
2021-07-06	-0.012471	0.013415	0.017375	-0.005740	-2.708328	1935600.000000
2021-07-02	0.003173	0.020788	0.025684	0.014876	0.686905	1542700.000000
2021-07-01	0.005790	0.024793	0.027953	0.020519	1.246201	1630200.000000
2021-06-30	0.015745	0.017097	0.037531	0.017097	3.336380	2866300.000000
2021-06-29	-0.003875	0.020207	0.026459	0.012639	-0.824295	3001900.000000
2021-06-28	-0.008915	0.020849	0.025462	0.007711	-1.913498	2360300.000000
2021-06-25	0.004823	0.019922	0.030689	0.017394	1.030350	5219100.000000
2021-06-24	0.014115	0.024444	0.035125	0.019032	2.973282	3364300.000000
2021-06-23	-0.003852	0.019930	0.023241	0.014681	-0.814468	2234200.000000
2021-06-22	-0.002361	0.017569	0.022853	0.013795	-0.500443	2110900.000000
2021-06-21	0.016471	0.029821	0.042722	0.027903	3.434464	2872400.000000
2021-06-18	-0.017523	0.006405	0.014367	-0.001322	-3.719025	5426300.000000
2021-06-17	-0.012329	0.020056	0.024710	-0.000745	-2.649475	2425400.000000
2021-06-16	-0.015775	0.019079	0.020911	0.001217	-3.444275	3052300.000000
2021-06-15	-0.003002	0.018394	0.022230	0.012230	-0.657440	2063000.000000
2021-06-14	-0.008926	0.017902	0.018038	0.007991	-1.972382	2586100.000000
2021-06-11	-0.004729	0.025835	0.028448	0.008764	-1.049973	1998600.000000
2021-06-10	-0.006848	0.024939	0.029144	0.011653	-1.530792	2223600.000000
2021-06-09	-0.008703	0.019123	0.021695	0.009279	-1.962555	1973400.000000
2021-06-08	0.007099	0.019615	0.030824	0.015730	1.589661	1720600.000000
2021-06-07	-0.008085	0.016687	0.020452	0.007916	-1.825165	2032400.000000
2021-06-04	0.003709	0.021569	0.025971	0.019035	0.834076	1300000.000000
2021-06-03	-0.006674	0.018947	0.023054	0.009053	-1.511169	2321300.000000
2021-06-02	-0.009487	0.023760	0.023760	0.008361	-2.168610	2225400.000000
2021-06-01	0.008835	0.027817	0.031348	0.021727	2.001785	2234000.000000
2021-05-28	-0.001557	0.022296	0.023353	0.014849	-0.353256	2529300.000000
2021-05-27	0.031212	0.030075	0.053023	0.029621	6.868942	6646900.000000
2021-05-26	0.001027	0.023264	0.023400	0.015758	0.225708	1747800.000000
2021-05-25	-0.004267	0.019079	0.022295	0.011787	-0.942032	1804600.000000
2021-05-24	0.008064	0.025014	0.029672	0.018942	1.766296	1813500.000000
2021-05-21	0.004817	0.023070	0.035136	0.021511	1.049973	2274600.000000
2021-05-20	0.003660	0.015257	0.026308	0.015165	0.794830	2207800.000000
2021-05-19	-0.004498	0.011516	0.015183	-0.006316	-0.981277	3050200.000000
2021-05-18	-0.018325	0.014129	0.016919	-0.000000	-4.072311	2400400.000000
2021-05-17	-0.003914	0.021320	0.021320	0.007336	-0.873322	2058100.000000
2021-05-14	0.016452	0.028464	0.039809	0.024455	3.611099	2081300.000000
2021-05-13	0.020857	0.017777	0.045869	0.017358	4.484451	2904700.000000
2021-05-12	-0.039798	0.012150	0.014919	-0.017994	-8.911453	4197100.000000
2021-05-11	-0.007708	0.010642	0.015959	-0.006242	-1.739288	3380200.000000
2021-05-10	0.009397	0.024344	0.040671	0.024344	2.100830	2391600.000000
2021-05-07	0.000568	0.021032	0.028059	0.013155	0.127014	1957100.000000
2021-05-06	0.010920	0.028200	0.035304	0.020056	2.413544	2052900.000000
2021-05-05	0.003371	0.027309	0.031758	0.024903	0.742630	2713900.000000
2021-05-04	0.009991	0.018544	0.034409	0.012171	2.178970	2827000.000000
2021-05-03	0.000718	0.028911	0.031388	0.019826	0.156372	2218700.000000
2021-04-30	-0.003841	0.019382	0.021942	0.010332	-0.840347	2216900.000000
2021-04-29	0.004622	0.027262	0.029328	0.017940	1.006454	1789700.000000
2021-04-28	-0.000269	0.022532	0.028959	0.021430	-0.058640	2167900.000000
2021-04-27	0.006365	0.025714	0.033707	0.021510	1.377747	2786500.000000
2021-04-26	-0.013274	0.028373	0.029057	0.008635	-2.911835	3611400.000000
2021-04-23	-0.020762	0.005281	0.013093	-0.008022	-4.651138	5310400.000000
2021-04-22	-0.005380	0.022960	0.030198	0.015857	-1.211655	2516200.000000
2021-04-21	0.013944	0.022504	0.038441	0.021604	3.097504	1722400.000000
2021-04-20	-0.015760	0.019106	0.019948	0.000408	-3.556763	2050600.000000
2021-04-19	-0.004912	0.021641	0.023404	0.016306	-1.113937	2904400.000000
2021-04-16	0.009877	0.031597	0.034581	0.024340	2.218109	4098100.000000
2021-04-15	0.002005	0.027197	0.029338	0.019791	0.449463	2009400.000000
2021-04-14	0.001659	0.018935	0.032298	0.018935	0.371323	2186500.000000
2021-04-13	0.001750	0.026135	0.029448	0.018928	0.390854	2749900.000000
2021-04-12	0.007137	0.017363	0.033549	0.017002	1.582947	2660100.000000
2021-04-09	0.032384	0.058967	0.059572	0.039464	6.957184	3861900.000000
2021-04-08	0.006224	0.021906	0.030243	0.014693	1.328888	2071700.000000
2021-04-07	-0.003148	0.018875	0.026626	0.014486	-0.674240	1717200.000000
2021-04-06	-0.000365	0.024805	0.031712	0.019857	-0.078140	1796000.000000
2021-04-05	0.011393	0.032421	0.039029	0.030816	2.413498	2258700.000000
2021-04-01	-0.001244	0.027600	0.027648	0.015955	-0.263840	2109600.000000
2021-03-31	-0.004677	0.023874	0.028472	0.017116	-0.996674	2450000.000000
2021-03-30	-0.003609	0.023965	0.025415	0.014848	-0.771927	2448100.000000
2021-03-29	0.001602	0.019283	0.028743	0.016895	0.342010	3063900.000000
2021-03-26	0.021741	0.029338	0.046420	0.024649	4.543655	2540000.000000
2021-03-25	0.007822	0.023356	0.032229	0.004260	1.622040	2217500.000000
2021-03-24	0.017403	0.030126	0.055099	0.029783	3.546997	2562100.000000
2021-03-23	-0.016688	0.015155	0.024466	0.002852	-3.459076	1913800.000000
2021-03-22	-0.003664	0.014752	0.022299	0.007158	-0.762161	3306500.000000
2021-03-19	-0.009813	0.025070	0.026117	0.009840	-2.061737	10110800.000000
2021-03-18	0.009342	0.025662	0.052085	0.024125	1.944519	4293900.000000
2021-03-17	0.005760	0.031570	0.036063	0.024033	1.192078	2730200.000000
2021-03-16	-0.020305	0.024162	0.024683	0.000731	-4.289581	2577700.000000
2021-03-15	0.008489	0.020206	0.035912	0.015384	1.778351	2561000.000000
2021-03-12	0.008847	0.027209	0.037323	0.026776	1.837006	1839200.000000
2021-03-11	-0.001926	0.018021	0.032297	0.015185	-0.400635	2959700.000000
2021-03-10	0.025529	0.023749	0.051305	0.023602	5.178802	4332500.000000
2021-03-09	-0.000433	0.029761	0.034442	0.017442	-0.087952	2643300.000000
2021-03-08	0.005422	0.028160	0.052485	0.026476	1.094406	3215900.000000
2021-03-05	0.017936	0.031423	0.046198	0.017555	3.556747	2857800.000000
2021-03-04	-0.019661	0.025085	0.028496	-0.008730	-3.976913	2798800.000000
2021-03-03	0.002082	0.021126	0.037622	0.021126	0.420166	2706400.000000
2021-03-02	0.001746	0.026134	0.032188	0.018243	0.351761	2500200.000000
2021-03-01	0.019125	0.033418	0.052738	0.030182	3.781494	2536000.000000
2021-02-26	-0.011915	0.027602	0.028452	0.009812	-2.384201	3665700.000000
2021-02-25	-0.025274	0.022674	0.025158	-0.005042	-5.188553	2735000.000000
2021-02-24	0.029214	0.027183	0.063529	0.020214	5.827225	3341500.000000
2021-02-23	0.006974	0.034952	0.039142	0.024653	1.381393	2459300.000000
2021-02-22	0.000295	0.025308	0.031671	0.022178	0.058365	2205300.000000
2021-02-19	0.000197	0.030965	0.044652	0.026924	0.038910	2434400.000000
2021-02-18	0.008024	0.025898	0.042801	0.021570	1.575989	1764900.000000
2021-02-17	-0.007570	0.017425	0.021619	0.009846	-1.498154	2910200.000000
2021-02-16	-0.000639	0.034448	0.038033	0.019401	-0.126495	2283400.000000
2021-02-12	0.006875	0.028900	0.036120	0.025240	1.352264	1990300.000000
2021-02-11	0.000099	0.028036	0.032714	0.021426	0.019440	1709000.000000
2021-02-10	0.000693	0.032921	0.034702	0.023660	0.136200	1894600.000000
2021-02-09	-0.009026	0.026623	0.027632	0.013917	-1.790009	1794000.000000
2021-02-08	0.004632	0.032494	0.037964	0.026111	0.914459	2075700.000000
2021-02-05	0.011616	0.036339	0.044743	0.031470	2.266708	1868100.000000
2021-02-04	0.007281	0.031496	0.039910	0.026334	1.410583	2273300.000000
2021-02-03	-0.004897	0.025418	0.026804	0.014014	-0.953354	1910100.000000
2021-02-02	0.023318	0.039866	0.055846	0.038184	4.436066	2767800.000000
2021-02-01	0.000972	0.039404	0.040562	0.027461	0.184830	2889000.000000
2021-01-29	-0.036827	-0.004144	0.018306	-0.014077	-7.267014	4635100.000000
2021-01-28	0.017354	0.034327	0.058714	0.029223	3.365997	3731700.000000
2021-01-27	-0.008356	0.012852	0.026401	0.004775	-1.634338	4108600.000000
2021-01-26	-0.004013	0.037966	0.042701	0.023403	-0.787994	2201900.000000
2021-01-25	-0.001879	0.023309	0.029510	0.017007	-0.369675	4737700.000000
2021-01-22	-0.014520	0.023076	0.024078	0.008701	-2.899017	3502700.000000
2021-01-21	-0.013697	0.021907	0.026600	0.013213	-2.772583	2705100.000000
2021-01-20	0.006384	0.033702	0.037430	0.027487	1.284164	2452400.000000
2021-01-19	0.003835	0.039263	0.041858	0.030330	0.768494	2656300.000000
2021-01-15	-0.012655	0.022613	0.024239	0.011132	-2.568222	3887500.000000
2021-01-14	0.007680	0.032999	0.041639	0.028729	1.546799	3661500.000000
2021-01-13	-0.008905	0.024982	0.026655	0.015730	-1.809464	2145100.000000
2021-01-12	0.002496	0.025468	0.033460	0.012641	0.505844	2498800.000000
2021-01-11	-0.007951	0.018538	0.025928	0.017167	-1.624588	2938900.000000
2021-01-08	-0.012135	0.028853	0.031802	0.004050	-2.509903	3278900.000000
2021-01-07	0.001649	0.030986	0.036409	0.020864	0.340515	2057300.000000
2021-01-06	0.018229	0.032816	0.055154	0.031731	3.696701	2747900.000000
2021-01-05	0.002453	0.023139	0.039007	0.023139	0.496140	2172100.000000
2021-01-04	-0.022332	0.028611	0.029433	-0.002705	-4.620895	2328900.000000
2020-12-31	0.008296	0.028178	0.037924	0.021697	1.702423	1406400.000000
2020-12-30	0.008703	0.032211	0.040026	0.030048	1.770554	1602100.000000
2020-12-29	-0.003858	0.035083	0.035083	0.017848	-0.787979	1527600.000000
2020-12-28	0.001957	0.035146	0.036275	0.027199	0.398865	1715700.000000
2020-12-24	-0.002191	0.030578	0.031410	0.021130	-0.447525	754900.000000
2020-12-23	0.009859	0.036190	0.048697	0.034361	1.994308	2046700.000000
2020-12-22	-0.012912	0.027495	0.030618	0.014223	-2.646072	2019600.000000
2020-12-21	0.002952	0.006352	0.033416	0.002535	0.603119	2467500.000000
2020-12-18	-0.008965	0.029632	0.030699	0.011832	-1.848358	6686200.000000
2020-12-17	0.007751	0.031063	0.035902	0.026419	1.585724	2148300.000000
2020-12-16	-0.018023	0.024191	0.028702	0.004224	-3.755142	2930100.000000
2020-12-15	0.010951	0.038367	0.042734	0.028080	2.256973	2502500.000000
2020-12-14	-0.012953	0.034496	0.037848	0.013902	-2.704453	3345300.000000
2020-12-11	0.012549	0.016199	0.043889	0.016199	2.587708	3120700.000000
2020-12-10	-0.001272	0.018296	0.030647	0.018151	-0.262665	2987200.000000
2020-12-09	0.000802	0.031667	0.036417	0.021391	0.165390	2946400.000000
2020-12-08	0.004595	0.024136	0.037479	0.022091	0.943649	2302300.000000
2020-12-07	-0.007429	0.022280	0.023633	0.011840	-1.537064	2595100.000000
2020-12-04	0.021420	0.033711	0.050989	0.033711	4.338806	3198800.000000
2020-12-03	0.001058	0.021065	0.035051	0.020077	0.214005	2779400.000000
2020-12-02	0.008730	0.026888	0.042092	0.026788	1.751114	2459900.000000
2020-12-01	0.011181	0.043914	0.057726	0.038067	2.218018	3795500.000000
2020-11-30	-0.026217	0.016939	0.022240	0.000985	-5.340836	6465700.000000
2020-11-27	0.008330	0.027885	0.036547	0.027539	1.683014	1434200.000000
2020-11-25	-0.001010	0.028478	0.031643	0.021309	-0.204300	2434300.000000
2020-11-24	0.016179	0.046626	0.049088	0.038788	3.220047	4053600.000000
2020-11-23	0.012772	0.036331	0.044728	0.035161	2.509903	2806400.000000
2020-11-20	-0.003552	0.023117	0.031028	0.016677	-0.700455	2359000.000000
2020-11-19	0.008005	0.028803	0.038055	0.021698	1.566223	3263000.000000
2020-11-18	-0.020552	0.023779	0.026132	0.006057	-4.105286	4422300.000000
2020-11-17	-0.015629	0.019655	0.019655	0.002161	-3.171417	3447800.000000
2020-11-16	0.034981	0.050631	0.069095	0.037421	6.858429	4898800.000000
2020-11-13	0.021801	0.036273	0.052220	0.036273	4.183136	2355200.000000
2020-11-12	-0.005646	0.023737	0.032858	0.014046	-1.089539	2659800.000000
2020-11-11	-0.013318	0.034390	0.037714	0.014142	-2.604691	3238500.000000
2020-11-10	0.025331	0.045441	0.064367	0.038730	4.831711	5882200.000000
2020-11-09	0.069029	0.148376	0.176959	0.084036	12.316574	7735200.000000
2020-11-06	0.005402	0.034163	0.048081	0.030500	0.958633	3080300.000000
2020-11-05	0.024426	0.041297	0.064329	0.040316	4.231384	4585100.000000
2020-11-04	-0.001674	0.016791	0.051310	-0.001420	-0.290466	4318600.000000
2020-11-03	0.032256	0.044175	0.073086	0.036561	5.422394	3719800.000000
2020-11-02	0.052501	0.059363	0.092546	0.052539	8.385330	4198300.000000
2020-10-30	0.002126	0.013554	0.040032	0.010480	0.338913	4389500.000000
2020-10-29	0.021345	0.027948	0.062104	0.021604	3.330917	3113600.000000
2020-10-28	-0.033523	0.006556	0.025074	-0.003044	-5.412735	3233500.000000
2020-10-27	-0.020097	0.025896	0.030812	0.011452	-3.311523	2009300.000000
2020-10-26	-0.030591	0.018987	0.018987	-0.013960	-5.199707	2323700.000000
2020-10-23	-0.007407	0.039469	0.043207	0.014125	-1.268448	1987900.000000
2020-10-22	0.023023	0.037175	0.058921	0.033769	3.853790	1882100.000000
2020-10-21	-0.002251	0.028760	0.044437	0.028522	-0.377625	1827000.000000
2020-10-20	0.009732	0.038050	0.057611	0.038050	1.617035	1580300.000000
2020-10-19	-0.018701	0.031159	0.034526	0.010251	-3.166321	2103500.000000
2020-10-16	0.013035	0.036882	0.055430	0.033891	2.178665	3628800.000000
2020-10-15	-0.004958	0.018406	0.033171	0.014060	-0.832733	2436600.000000
2020-10-14	0.011192	0.042025	0.053282	0.040279	1.859085	2384600.000000
2020-10-13	-0.021727	0.024332	0.030280	0.004249	-3.689148	2315300.000000
2020-10-12	0.005620	0.036781	0.048152	0.031214	0.948898	3396300.000000
2020-10-09	0.003453	0.036439	0.046304	0.029723	0.581009	2636900.000000
2020-10-08	0.012999	0.037750	0.046720	0.032332	2.159241	1977900.000000
2020-10-07	0.027923	0.045749	0.065613	0.042841	4.512222	2030200.000000
2020-10-06	-0.010847	0.035141	0.049281	0.019899	-1.771988	2345800.000000
2020-10-05	0.018779	0.041360	0.055453	0.039801	3.011398	1750000.000000
2020-10-02	0.011791	0.019756	0.053702	0.018053	1.868820	2339900.000000
2020-10-01	-0.005650	0.042729	0.048627	0.017132	-0.900543	2409300.000000
2020-09-30	0.000608	0.040664	0.054161	0.023400	0.096863	2883400.000000
2020-09-29	-0.000790	0.032252	0.042728	0.025415	-0.125916	2169300.000000
2020-09-28	0.019506	0.051619	0.062555	0.043881	3.050095	2512600.000000
2020-09-25	0.017196	0.025533	0.054221	0.022411	2.643448	2593900.000000
2020-09-24	-0.000189	0.029697	0.046607	0.020136	-0.029053	2238300.000000
2020-09-23	-0.023912	0.030468	0.040499	0.001964	-3.766647	2507600.000000
2020-09-22	0.008118	0.029426	0.043186	0.024754	1.268463	2501000.000000
2020-09-21	-0.043450	0.009001	0.011205	-0.029138	-7.097534	4459600.000000
2020-09-18	-0.009628	0.027540	0.033542	0.016748	-1.587967	4908000.000000
2020-09-17	0.002000	0.020847	0.041563	0.012767	0.329208	2661400.000000
2020-09-16	0.010101	0.038829	0.051531	0.033858	1.646072	3152000.000000
2020-09-15	-0.001009	0.037658	0.042072	0.030302	-0.164612	1851200.000000
2020-09-14	0.012136	0.042433	0.051926	0.038462	1.955963	2134000.000000
2020-09-11	0.013271	0.034263	0.052746	0.032754	2.110825	2116700.000000
2020-09-10	-0.008929	0.042412	0.042412	0.020728	-1.433044	2814900.000000
2020-09-09	0.009009	0.038915	0.053375	0.036463	1.433044	2807500.000000
2020-09-08	-0.014518	0.023460	0.031205	0.011751	-2.343231	2796800.000000
2020-09-04	0.002345	0.047783	0.053620	0.022073	0.377655	3326500.000000
2020-09-03	-0.035775	0.038143	0.040838	-0.011617	-5.974350	3527700.000000
2020-09-02	0.026791	0.037427	0.063250	0.032446	4.357285	4111900.000000
2020-09-01	0.014618	0.021774	0.049036	0.019965	2.343246	3974600.000000
2020-08-31	-0.016807	0.033981	0.034042	0.010121	-2.740250	4561900.000000
2020-08-28	0.014399	0.034807	0.049615	0.029456	2.314224	13011800.000000
2020-08-27	0.004113	0.038252	0.053870	0.031379	0.658432	4281100.000000
2020-08-26	0.004741	0.034449	0.044680	0.025284	0.755264	3466600.000000
2020-08-25	0.032377	0.064960	0.082198	0.059647	4.996323	7400500.000000
2020-08-24	0.011873	0.036688	0.045540	0.026262	1.810699	2087000.000000
2020-08-21	0.008516	0.031365	0.043269	0.031365	1.287827	2507800.000000
2020-08-20	-0.004335	0.023865	0.033873	0.021956	-0.658447	1600300.000000
2020-08-19	-0.003368	0.034001	0.037675	0.024748	-0.513184	2098100.000000
2020-08-18	-0.008692	0.034250	0.039259	0.022736	-1.336212	1869300.000000
2020-08-17	-0.009483	0.031143	0.036620	0.018385	-1.471802	2817200.000000
2020-08-14	0.008177	0.026388	0.045031	0.026128	1.258759	2844700.000000
2020-08-13	-0.001194	0.023086	0.035868	0.022372	-0.183975	2574900.000000
2020-08-12	-0.001310	0.053108	0.055052	0.030234	-0.202179	2669400.000000
2020-08-11	0.005332	0.046997	0.063479	0.042958	0.818420	3773700.000000
2020-08-10	0.027851	0.038928	0.070533	0.038928	4.159454	2858800.000000
2020-08-07	0.016581	0.037640	0.056836	0.033692	2.435989	2520200.000000
2020-08-06	0.011669	0.039282	0.052917	0.035288	1.694580	2502700.000000
2020-08-05	0.023689	0.048886	0.064465	0.047194	3.360352	4097200.000000
2020-08-04	-0.008079	0.029713	0.036006	0.022371	-1.155411	3078300.000000
2020-08-03	-0.005624	0.043878	0.044712	0.024270	-0.808807	2105400.000000
2020-07-31	0.001408	0.036922	0.040821	0.023553	0.202194	4061200.000000
2020-07-30	-0.035063	0.027507	0.028448	0.001304	-5.218582	2749100.000000
2020-07-29	0.016907	0.035587	0.061960	0.032854	2.474472	3311500.000000
2020-07-28	0.008291	0.036802	0.047687	0.029362	1.203568	3904200.000000
2020-07-27	0.008901	0.034215	0.049228	0.028098	1.280594	3378300.000000
2020-07-24	-0.027971	0.040418	0.042107	0.006908	-4.140213	4368300.000000
2020-07-23	-0.005692	0.036914	0.044505	0.026905	-0.847321	2625600.000000
2020-07-22	-0.000969	0.034231	0.044298	0.032889	-0.144409	1798600.000000
2020-07-21	0.008932	0.041911	0.063172	0.041911	1.319107	2394000.000000
2020-07-20	-0.010387	0.032697	0.037789	0.021976	-1.550186	4876200.000000
2020-07-17	0.012542	0.041443	0.054198	0.034387	1.848648	4886500.000000
2020-07-16	0.007569	0.032304	0.049394	0.027109	1.107285	3697600.000000
2020-07-15	0.025861	0.060333	0.070782	0.058019	3.687668	2984600.000000
2020-07-14	0.032128	0.038593	0.073481	0.029908	4.438690	2649800.000000
2020-07-13	0.007301	0.046832	0.063601	0.037135	1.001358	2585700.000000
2020-07-10	0.007639	0.040504	0.051450	0.035140	1.039856	2325000.000000
2020-07-09	-0.028985	0.032530	0.038094	0.008204	-4.063171	3167200.000000
2020-07-08	0.004277	0.034725	0.045471	0.030999	0.596954	3587800.000000
2020-07-07	-0.015283	0.029987	0.030692	0.017711	-2.166412	2622000.000000
2020-07-06	0.015170	0.054564	0.062084	0.046543	2.118240	2336700.000000
2020-07-02	0.006315	0.049188	0.060502	0.041764	0.876205	2758500.000000
2020-07-01	-0.003320	0.043119	0.052169	0.026957	-0.462143	2609500.000000
2020-06-30	0.009425	0.031488	0.055125	0.029747	1.299805	3688000.000000
2020-06-29	0.036394	0.052871	0.076843	0.046634	4.843109	2971200.000000
2020-06-26	-0.029833	0.037500	0.037500	0.002652	-4.092072	10255300.000000
2020-06-25	0.029707	0.036191	0.072000	0.034389	3.957260	4019000.000000
2020-06-24	-0.044940	0.023967	0.027624	-0.010017	-6.268082	3371200.000000
2020-06-23	-0.000552	0.052566	0.055074	0.037017	-0.077042	2309800.000000
2020-06-22	-0.002958	0.033164	0.046667	0.024090	-0.414001	2529900.000000
2020-06-19	-0.019294	0.054218	0.056881	0.014070	-2.753723	5265900.000000
2020-06-18	-0.000742	0.028161	0.043214	0.024451	-0.105911	2581600.000000
2020-06-17	-0.005164	0.042633	0.045280	0.029539	-0.741394	3507600.000000
2020-06-16	0.016913	0.077409	0.079534	0.035335	2.387833	3804500.000000
2020-06-15	0.014670	0.007042	0.064395	0.004024	2.041229	3314000.000000
2020-06-12	0.007459	0.073131	0.078851	0.022012	1.030228	3612400.000000
2020-06-11	-0.069296	0.001799	0.002878	-0.035736	-10.283112	4184900.000000
2020-06-10	-0.025174	0.036097	0.036951	0.007915	-3.832138	3309800.000000
2020-06-09	-0.029585	0.022274	0.026354	0.004297	-4.640884	3679100.000000
2020-06-08	0.009605	0.039881	0.057451	0.036663	1.492432	3573400.000000
2020-06-05	0.035020	0.085224	0.103943	0.069436	5.257080	4524900.000000
2020-06-04	0.016694	0.029518	0.057760	0.023558	2.464890	3768200.000000
2020-06-03	0.033704	0.051825	0.080809	0.050495	4.814194	2992700.000000
2020-06-02	0.014845	0.050032	0.056711	0.040512	2.089386	3625800.000000
2020-06-01	0.002263	0.036030	0.052408	0.031900	0.317734	2071100.000000
2020-05-29	-0.011589	0.025643	0.055063	0.015859	-1.646469	4135000.000000
2020-05-28	-0.006932	0.048449	0.056906	0.011264	-0.991730	3481800.000000
2020-05-27	0.025183	0.063100	0.081587	0.052423	3.514359	4291700.000000
2020-05-26	0.041385	0.072845	0.091426	0.070159	5.545975	4370200.000000
2020-05-22	0.010821	0.036934	0.051039	0.029240	1.434631	2958000.000000
2020-05-21	0.012203	0.050046	0.059666	0.040578	1.598312	2374300.000000
2020-05-20	0.030921	0.059058	0.075824	0.056776	3.928391	2949700.000000
2020-05-19	-0.030065	0.032562	0.033860	0.007292	-3.938019	4427800.000000
2020-05-18	0.084762	0.080747	0.139463	0.073956	10.235001	6402800.000000
2020-05-15	-0.012908	0.024860	0.035405	0.011453	-1.579063	4660300.000000
2020-05-14	0.040796	0.023279	0.082751	-0.003607	4.794945	5226200.000000
2020-05-13	-0.036210	0.042479	0.042561	-0.000572	-4.415764	5786200.000000
2020-05-12	-0.049821	0.054354	0.059886	-0.006576	-6.394279	4870400.000000
2020-05-11	-0.019210	0.037463	0.038685	0.025159	-2.513718	2356400.000000
2020-05-08	0.031026	0.061063	0.081943	0.058936	3.937859	2740400.000000
2020-05-07	-0.001879	0.058676	0.066776	0.038151	-0.238930	3096500.000000
2020-05-06	-0.013569	0.055870	0.055870	0.031589	-1.749115	2349500.000000
2020-05-05	-0.002441	0.060877	0.060877	0.041066	-0.315414	3122300.000000
2020-05-04	-0.014936	0.020714	0.039466	0.012405	-1.959381	4123000.000000
2020-05-01	-0.032769	0.027302	0.028555	-0.010744	-4.444427	3681100.000000
2020-04-30	-0.029146	0.027138	0.030717	0.006165	-4.071686	4492600.000000
2020-04-29	0.023816	0.066332	0.083701	0.055412	3.249710	2651200.000000
2020-04-28	0.020589	0.071981	0.096439	0.063005	2.752670	3377900.000000
2020-04-27	0.032172	0.054048	0.089175	0.048258	4.167267	3137700.000000
2020-04-24	0.006237	0.054175	0.058370	0.028228	0.802887	2837900.000000
2020-04-23	0.012403	0.059778	0.089979	0.055138	1.577026	2786400.000000
2020-04-22	0.007803	0.063847	0.067731	0.044269	0.984497	2629700.000000
2020-04-21	-0.027266	0.025973	0.033298	0.007855	-3.536453	2418100.000000
2020-04-20	-0.018942	0.027114	0.045267	0.020306	-2.504211	2529000.000000
2020-04-17	0.045266	0.074239	0.108474	0.072658	5.725250	4750700.000000
2020-04-16	-0.018615	0.044234	0.049820	0.005438	-2.399033	4016700.000000
2020-04-15	-0.040899	0.023776	0.026753	-0.013880	-5.495850	3252800.000000
2020-04-14	0.019211	0.067261	0.090167	0.050878	2.532867	3486600.000000
2020-04-13	-0.038277	0.041363	0.044646	-0.004227	-5.247314	3016300.000000
2020-04-09	0.030018	0.051886	0.099221	0.049632	3.995209	4365000.000000
2020-04-08	0.029651	0.057313	0.086015	0.046019	3.832733	3890600.000000
2020-04-07	0.009254	0.098095	0.110431	0.054059	1.185196	4051700.000000
2020-04-06	0.051393	0.096080	0.111267	0.087789	6.260452	4874300.000000
2020-04-03	-0.040358	0.043809	0.046487	-0.003222	-5.123062	4031500.000000
2020-04-02	0.023899	0.037297	0.073998	0.025521	2.962959	3504200.000000
2020-04-01	-0.030495	0.003162	0.026622	-0.018578	-3.899628	4246100.000000
2020-03-31	0.015484	0.046965	0.080874	0.032354	1.949814	5296000.000000
2020-03-30	0.003657	0.042106	0.066097	0.037165	0.458778	5035700.000000
2020-03-27	-0.044614	0.000715	0.029575	-0.024261	-5.858994	3924900.000000
2020-03-26	0.059776	0.063843	0.124851	0.058436	7.407410	5594400.000000
2020-03-25	0.084846	0.053079	0.184835	0.048790	9.691727	7159100.000000
2020-03-24	0.150684	0.108103	0.204105	0.100548	14.958176	5799100.000000
2020-03-23	-0.076800	-0.000342	0.033045	-0.059955	-8.258064	8200400.000000
2020-03-20	-0.054304	0.063225	0.065600	-0.025692	-6.174438	6801200.000000
2020-03-19	-0.005434	0.029981	0.070830	-0.020140	-0.621254	6814100.000000
2020-03-18	-0.092489	-0.032178	-0.014635	-0.197451	-11.651131	7633900.000000
2020-03-17	-0.025652	0.053676	0.098072	0.006959	-3.316612	8524800.000000
2020-03-16	-0.094639	-0.103674	0.002975	-0.131614	-13.514908	5891000.000000
2020-03-13	0.107972	0.102889	0.161311	0.070846	13.916367	6324800.000000
2020-03-12	-0.120868	-0.021958	-0.007702	-0.083004	-17.720413	7170500.000000
2020-03-11	-0.051333	0.014803	0.019009	-0.019298	-7.933090	4826900.000000
2020-03-10	0.057765	0.066716	0.108399	0.049605	8.439651	5477600.000000
2020-03-09	-0.068097	-0.027292	0.003069	-0.044897	-10.676208	5849000.000000
2020-03-06	-0.005397	0.007489	0.047520	-0.000314	-0.850677	5021600.000000
2020-03-05	-0.036626	0.017587	0.026205	-0.002459	-5.992828	5394700.000000
2020-03-04	0.057447	0.065704	0.111137	0.061567	8.888901	4532500.000000
2020-03-03	-0.014308	0.046506	0.071350	0.022808	-2.246124	6108500.000000
2020-03-02	0.012764	0.052186	0.067606	0.016703	1.978500	6744900.000000
2020-02-28	0.016421	0.008217	0.063431	-0.012308	2.504166	9558100.000000
2020-02-27	-0.040474	0.025676	0.049712	0.003717	-6.432434	3951300.000000
2020-02-26	-0.003695	0.056866	0.078744	0.045457	-0.589478	3411700.000000
2020-02-25	-0.042620	0.054134	0.059596	0.001259	-7.101334	4092200.000000
2020-02-24	-0.025628	0.020101	0.037236	0.014371	-4.382462	3204300.000000
2020-02-21	-0.004538	0.045568	0.053602	0.040562	-0.779541	1940400.000000
2020-02-20	-0.000885	0.052321	0.059766	0.041154	-0.152100	2336800.000000
2020-02-19	0.008026	0.054317	0.065164	0.052383	1.368912	2464500.000000
2020-02-18	-0.007688	0.047783	0.050052	0.041093	-1.321396	1818600.000000
2020-02-14	0.003831	0.054191	0.062075	0.051096	0.655960	2489000.000000
2020-02-13	-0.005851	0.046979	0.050578	0.037457	-1.007721	1985700.000000
2020-02-12	0.011331	0.053851	0.066534	0.051327	1.929840	2950800.000000
2020-02-11	0.012433	0.059642	0.069688	0.053400	2.091415	2948500.000000
2020-02-10	0.009528	0.049753	0.062956	0.044892	1.587601	2399700.000000
2020-02-07	-0.006067	0.048931	0.054121	0.042072	-1.017197	3254500.000000
2020-02-06	-0.003109	0.058455	0.058455	0.047513	-0.522858	2427500.000000
2020-02-05	0.009646	0.062120	0.066443	0.053054	1.606598	2818100.000000
2020-02-04	0.022706	0.068860	0.081017	0.068369	3.698013	2992500.000000
2020-02-03	-0.010969	0.059444	0.066488	0.036428	-1.806229	3542700.000000
2020-01-31	-0.028709	0.049378	0.049378	0.010625	-4.867294	5500000.000000
2020-01-30	0.015199	0.040716	0.070477	0.040716	2.538208	3076100.000000
2020-01-29	0.001197	0.061146	0.065583	0.052933	0.199646	2199000.000000
2020-01-28	0.011064	0.055429	0.071371	0.050095	1.825241	2178400.000000
2020-01-27	-0.020268	0.034929	0.041283	0.030178	-3.412842	2491500.000000
2020-01-24	-0.013643	0.053905	0.055897	0.033814	-2.329086	2737000.000000
2020-01-23	-0.002610	0.050512	0.054776	0.045955	-0.446793	2434000.000000
2020-01-22	-0.004864	0.055576	0.057437	0.045402	-0.836578	1881700.000000
2020-01-21	-0.012552	0.050823	0.052316	0.036069	-2.186478	2188600.000000
2020-01-17	0.005322	0.055377	0.062302	0.053472	0.922119	2608000.000000
2020-01-16	0.008466	0.056395	0.062158	0.052263	1.454514	2215400.000000
2020-01-15	0.001552	0.056810	0.063514	0.048416	0.266159	2600800.000000
2020-01-14	-0.004524	0.047387	0.051624	0.041700	-0.779510	2191200.000000
2020-01-13	0.014495	0.055269	0.067574	0.051973	2.462173	2261900.000000
2020-01-10	-0.002178	0.056789	0.056789	0.046450	-0.370789	1671700.000000
2020-01-09	0.007370	0.057476	0.061796	0.053689	1.245377	1789500.000000
2020-01-08	0.000844	0.052269	0.060738	0.046702	0.142578	2545500.000000
2020-01-07	0.000563	0.051084	0.055232	0.040536	0.095078	3002800.000000
2020-01-06	-0.007548	0.045915	0.049091	0.040563	-1.283340	3277900.000000
2020-01-03	-0.010676	0.037659	0.046328	0.032247	-1.834778	2805200.000000
2020-01-02	0.021412	0.054885	0.074497	0.052746	3.602966	2857400.000000
