2022-12-30	-0.005125	0.006795	0.008384	-0.005060	-0.903519	4216600.000000
2022-12-29	0.005095	0.012267	0.016543	0.009530	0.893570	2828800.000000
2022-12-28	-0.004340	0.009066	0.012983	0.002765	-0.764481	2645400.000000
2022-12-27	-0.000282	0.010768	0.012130	0.004412	-0.049652	3067300.000000
2022-12-23	0.002542	0.005144	0.009980	0.000251	0.446777	3683400.000000
2022-12-22	-0.003658	0.002034	0.006229	-0.006072	-0.645340	5709100.000000
2022-12-21	0.011442	0.010633	0.021583	0.007078	1.995636	5472000.000000
2022-12-20	0.001083	0.010177	0.012703	0.005413	0.188644	6174700.000000
2022-12-19	-0.001082	0.005358	0.010059	-0.001981	-0.188644	5736000.000000
2022-12-16	-0.010254	0.004412	0.004412	-0.007732	-1.807007	18841800.000000
2022-12-15	-0.012628	0.004055	0.007641	-0.011634	-2.253784	7602400.000000
2022-12-14	0.003069	0.003652	0.017477	0.003652	0.546066	9533600.000000
2022-12-13	0.007704	0.014328	0.020558	0.009854	1.360214	9177500.000000
2022-12-12	0.011949	0.008396	0.019400	0.006390	2.085007	4882400.000000
2022-12-09	-0.008239	0.006738	0.011114	-0.001561	-1.449570	4561000.000000
2022-12-08	0.000169	0.005203	0.008898	0.002474	0.029785	4798500.000000
2022-12-07	0.006076	0.009881	0.017373	0.007936	1.062347	5702600.000000
2022-12-06	-0.014990	0.013615	0.014066	-0.008864	-2.660858	7943500.000000
2022-12-05	-0.000559	0.004264	0.009895	0.002237	-0.099289	5120600.000000
2022-12-02	0.000783	0.000205	0.008432	-0.002838	0.139008	5823900.000000
2022-12-01	0.004157	0.012851	0.018283	0.005891	0.734711	6282600.000000
2022-11-30	0.010847	0.008794	0.018174	-0.000300	1.896362	13288000.000000
2022-11-29	-0.006993	0.005375	0.006795	-0.007973	-1.231140	6700500.000000
2022-11-28	0.000508	0.004408	0.010204	0.003328	0.089355	6183100.000000
2022-11-25	0.001299	0.009298	0.013508	0.006339	0.228363	3058600.000000
2022-11-23	0.001074	0.005028	0.010496	0.002578	0.188629	5389200.000000
2022-11-22	0.004830	0.009654	0.014175	0.009253	0.843933	4707900.000000
2022-11-21	0.005141	0.011910	0.015707	0.005812	0.893585	5706600.000000
2022-11-18	0.007663	0.014505	0.024012	0.012302	1.321899	6555700.000000
2022-11-17	0.008071	0.011005	0.022635	0.010888	1.381073	4464100.000000
2022-11-16	0.006207	0.021044	0.028982	0.018045	1.055557	5500900.000000
2022-11-15	0.002792	0.015344	0.020121	0.005497	0.473511	9351000.000000
2022-11-14	0.015716	0.019683	0.037711	0.019683	2.624069	6581500.000000
2022-11-11	-0.029919	0.003584	0.005792	-0.030754	-5.149490	11074700.000000
2022-11-10	0.011714	0.024862	0.027331	0.011283	1.992722	7877500.000000
2022-11-09	-0.007996	0.016201	0.020458	0.004947	-1.371231	6150000.000000
2022-11-08	0.004972	0.014572	0.023714	0.009005	0.848389	5148400.000000
2022-11-07	0.008747	0.014817	0.027704	0.013457	1.479736	6621000.000000
2022-11-04	0.004452	0.018681	0.024263	0.004906	0.749725	5300900.000000
2022-11-03	0.001702	0.010006	0.019879	0.004831	0.286102	4819900.000000
2022-11-02	-0.015368	0.012522	0.018671	-0.002705	-2.624084	6877300.000000
2022-11-01	-0.005058	0.014218	0.017539	-0.006992	-0.868118	6985000.000000
2022-10-31	-0.005147	0.011665	0.015375	0.005288	-0.887833	7810000.000000
2022-10-28	0.014857	0.017753	0.031813	0.015341	2.525421	6073900.000000
2022-10-27	0.000581	0.014518	0.020875	0.010809	0.098648	5390900.000000
2022-10-26	0.008787	0.017316	0.024738	0.012565	1.479736	6123800.000000
2022-10-25	-0.001579	0.008891	0.014464	-0.000891	-0.266342	5661900.000000
2022-10-24	0.013455	0.020303	0.033942	0.016938	2.239319	6855500.000000
2022-10-21	0.021804	0.011238	0.039848	0.009518	3.551376	8487600.000000
2022-10-20	0.002550	0.015601	0.020156	0.011478	0.414322	5659900.000000
2022-10-19	-0.007951	0.013632	0.015159	0.000748	-1.302155	10044600.000000
2022-10-18	-0.003482	0.004018	0.017223	-0.007847	-0.572174	10883600.000000
2022-10-17	0.012951	0.019487	0.030644	0.017083	2.101227	6710800.000000
2022-10-14	-0.004178	0.009336	0.016947	0.004180	-0.680664	5684600.000000
2022-10-13	0.015121	0.002478	0.034255	0.001606	2.426743	6465100.000000
2022-10-12	-0.000246	0.015002	0.027086	0.012261	-0.039444	4341700.000000
2022-10-11	0.014463	0.013441	0.037075	0.013441	2.288651	6212200.000000
2022-10-10	0.001311	0.016414	0.020527	0.007239	0.207169	5315600.000000
2022-10-07	-0.010561	0.012817	0.015634	-0.003461	-1.686905	6363500.000000
2022-10-06	-0.019381	0.011729	0.013018	-0.007304	-3.156769	5890700.000000
2022-10-05	-0.003079	0.010021	0.016264	0.005063	-0.503098	4539400.000000
2022-10-04	0.014828	0.017731	0.031085	0.011954	2.387299	6236100.000000
2022-10-03	-0.000979	0.019464	0.020023	0.003393	-0.157837	8657000.000000
2022-09-30	-0.007111	0.016589	0.021148	0.006238	-1.154205	8985200.000000
2022-09-29	-0.011000	0.014425	0.018629	-0.001357	-1.805267	7008100.000000
2022-09-28	0.008609	0.021744	0.028689	0.014677	1.400803	8660900.000000
2022-09-27	-0.004587	0.017731	0.025745	0.005740	-0.749725	8686700.000000
2022-09-26	-0.006118	0.008100	0.014423	-0.000534	-1.006226	8735500.000000
2022-09-23	0.003250	0.011010	0.021623	0.004422	0.532730	9598600.000000
2022-09-22	0.017761	0.012886	0.037782	0.010900	2.860794	7401100.000000
2022-09-21	-0.010244	0.014001	0.024938	0.003063	-1.667160	8071200.000000
2022-09-20	-0.007878	0.007231	0.011377	0.001745	-1.292313	7143400.000000
2022-09-19	-0.007876	0.005831	0.006617	-0.007597	-1.302170	7380900.000000
2022-09-16	0.015265	0.015167	0.029352	0.011667	2.485977	20201500.000000
2022-09-15	0.002551	0.012400	0.022374	0.010246	0.414307	7174500.000000
2022-09-14	0.020641	0.020291	0.039015	0.020291	3.285034	9555700.000000
2022-09-13	-0.026020	0.001025	0.006350	-0.015866	-4.251785	6726400.000000
2022-09-12	-0.000422	0.016140	0.018954	0.010696	-0.069061	6365300.000000
2022-09-09	0.001935	0.011242	0.018658	0.007564	0.315689	5500600.000000
2022-09-08	0.008045	0.012519	0.022034	0.007577	1.302155	5838400.000000
2022-09-07	0.005454	0.012016	0.021397	0.007357	0.878006	4590600.000000
2022-09-06	0.002704	0.021168	0.035370	0.014192	0.434036	7394600.000000
2022-09-02	-0.015725	0.016881	0.018966	-0.006723	-2.564880	5803700.000000
2022-09-01	0.024792	0.014636	0.039831	0.014573	3.945969	7509600.000000
2022-08-31	-0.006710	0.018686	0.020683	0.006454	-1.075256	8741700.000000
2022-08-30	-0.003497	0.015559	0.017052	0.007661	-0.562317	6973300.000000
2022-08-29	-0.007731	0.008757	0.011040	-0.000191	-1.252853	5259200.000000
2022-08-26	-0.017112	0.015695	0.015938	-0.004078	-2.821365	5667100.000000
2022-08-25	0.009361	0.015959	0.023856	0.008306	1.529068	5678700.000000
2022-08-24	-0.003311	0.016317	0.016500	0.007226	-0.542572	5684300.000000
2022-08-23	-0.008712	0.010125	0.014782	0.002866	-1.440277	5566300.000000
2022-08-22	-0.003508	0.018033	0.018154	0.007606	-0.582016	5462600.000000
2022-08-19	0.015231	0.022524	0.041004	0.021912	2.488968	8128500.000000
2022-08-18	-0.004834	0.021113	0.024889	0.010456	-0.793732	8312100.000000
2022-08-17	0.000060	0.013440	0.026534	0.013440	0.009796	7406600.000000
2022-08-16	0.008911	0.019091	0.033776	0.017494	1.450256	7453600.000000
2022-08-15	0.004779	0.024826	0.029456	0.019455	0.774124	10072000.000000
2022-08-12	-0.011009	0.022947	0.025389	0.008354	-1.803024	14606900.000000
2022-08-11	-0.020683	0.007649	0.016199	-0.001560	-3.459076	9328700.000000
2022-08-10	0.002879	0.025542	0.026861	0.016607	0.480179	5603400.000000
2022-08-09	-0.000118	0.022543	0.026021	0.017686	-0.019608	5532500.000000
2022-08-08	-0.005318	0.021638	0.022711	0.010545	-0.891724	4629800.000000
2022-08-05	-0.003958	0.017594	0.018960	0.008624	-0.666321	5235500.000000
2022-08-04	-0.016038	0.021790	0.023427	0.003027	-2.743759	5651600.000000
2022-08-03	0.009658	0.018321	0.034314	0.013718	1.636444	5010000.000000
2022-08-02	-0.005693	0.026959	0.029776	0.013404	-0.970123	5794200.000000
2022-08-01	-0.003495	0.018458	0.024247	0.014774	-0.597717	5461400.000000
2022-07-29	0.001837	0.018103	0.024312	0.012947	0.313568	6451400.000000
2022-07-28	0.005774	0.021683	0.037532	0.010134	0.979904	5513000.000000
2022-07-27	-0.002764	0.014335	0.022972	0.005521	-0.470352	4648500.000000
2022-07-26	0.007074	0.021096	0.035416	0.020682	1.195480	4525500.000000
2022-07-25	0.001975	0.020504	0.025603	0.018133	0.333160	4437300.000000
2022-07-22	0.004728	0.022232	0.027534	0.019015	0.793732	4257000.000000
2022-07-21	0.003515	0.016559	0.024569	0.014885	0.587952	5729200.000000
2022-07-20	-0.005708	0.023536	0.025616	0.009033	-0.960327	7455800.000000
2022-07-19	-0.014578	0.032805	0.035265	-0.004974	-2.488953	13256400.000000
2022-07-18	-0.022443	0.017699	0.020275	-0.004231	-3.919632	7605700.000000
2022-07-15	0.014515	0.032297	0.036944	0.025558	2.498779	5691100.000000
2022-07-14	0.001368	0.003577	0.023820	0.002240	0.235168	5359600.000000
2022-07-13	-0.002332	0.019402	0.023290	0.012670	-0.401779	5291700.000000
2022-07-12	-0.014017	0.018387	0.021077	0.002480	-2.449768	4708800.000000
2022-07-11	0.000393	0.017184	0.024740	0.016154	0.068604	3645200.000000
2022-07-08	-0.001232	0.019533	0.029023	0.016331	-0.215576	3828300.000000
2022-07-07	0.001122	0.017986	0.025198	0.015983	0.195984	5725800.000000
2022-07-06	0.000898	0.020103	0.027952	0.016323	0.156784	5335600.000000
2022-07-05	-0.007687	0.016582	0.018287	-0.007407	-1.352280	5676400.000000
2022-07-01	0.011323	0.020159	0.033210	0.015790	1.969620	5498400.000000
2022-06-30	0.002938	-0.000735	0.007345	-0.011074	0.519989	10777200.000000
2022-06-29	0.000283	0.001582	0.007686	-0.002882	0.050003	7097900.000000
2022-06-28	-0.028443	0.000275	0.004667	-0.031902	-5.179993	9245700.000000
2022-06-27	-0.000933	-0.003566	0.005815	-0.004334	-0.169998	5908600.000000
2022-06-24	0.014639	0.006234	0.015975	0.001781	2.629990	9374400.000000
2022-06-23	0.022306	0.007170	0.023216	0.004438	3.919998	10223500.000000
2022-06-22	0.015779	-0.005838	0.028380	-0.007630	2.730011	10593100.000000
2022-06-21	0.020949	0.007612	0.025965	0.000590	3.549988	8219700.000000
2022-06-17	-0.003645	0.003234	0.012465	-0.004939	-0.619995	12486600.000000
2022-06-16	0.000529	-0.009354	0.001294	-0.015177	0.089996	7056700.000000
2022-06-15	0.010702	0.008621	0.019323	0.002676	1.800003	7796100.000000
2022-06-14	-0.015339	0.001464	0.001756	-0.020783	-2.619995	7116800.000000
2022-06-13	-0.010084	-0.014315	-0.001739	-0.014315	-1.740005	7997000.000000
2022-06-10	-0.006678	-0.008865	0.001497	-0.017788	-1.160004	6647300.000000
2022-06-09	-0.020138	-0.000395	0.007728	-0.020532	-3.569992	5509600.000000
2022-06-08	-0.005944	-0.001346	0.006224	-0.008635	-1.059998	4333100.000000
2022-06-07	0.010998	0.003288	0.016440	0.000000	1.940002	5447800.000000
2022-06-06	-0.000113	0.004478	0.011790	-0.002381	-0.020004	5386500.000000
2022-06-03	-0.004121	-0.000452	0.008580	-0.005645	-0.729996	4234200.000000
2022-06-02	-0.003151	0.000169	0.000563	-0.017557	-0.560013	8666500.000000
2022-06-01	-0.010138	-0.002117	0.001671	-0.020219	-1.819992	5175400.000000
2022-05-31	-0.008614	-0.017063	-0.005080	-0.033574	-1.559998	16391400.000000
2022-05-27	0.009083	0.001672	0.009473	-0.006854	1.629990	5853600.000000
2022-05-26	-0.000891	0.007683	0.007683	-0.005679	-0.159988	6897600.000000
2022-05-25	-0.009813	-0.004796	0.000827	-0.012900	-1.779999	6558900.000000
2022-05-24	0.010923	-0.001059	0.012818	-0.001895	1.959991	6419800.000000
2022-05-23	0.013900	0.003503	0.016669	0.002712	2.460007	7040800.000000
2022-05-20	0.017477	0.005232	0.018512	0.000632	3.039993	7522100.000000
2022-05-19	-0.008889	-0.004444	-0.003989	-0.016011	-1.559998	6874500.000000
2022-05-18	-0.018566	0.000112	0.003076	-0.020412	-3.320007	8608800.000000
2022-05-17	0.004155	0.003594	0.009097	-0.008367	0.740005	5751100.000000
2022-05-16	0.006955	0.000000	0.012892	-0.003845	1.229996	5516700.000000
2022-05-13	-0.005734	0.004666	0.005735	-0.011638	-1.019989	7732200.000000
2022-05-12	0.009879	0.001930	0.010333	-0.008062	1.739990	6898600.000000
2022-05-11	-0.005421	-0.006381	0.006946	-0.006833	-0.959991	6138900.000000
2022-05-10	-0.001353	0.005075	0.010432	-0.004681	-0.240005	8186700.000000
2022-05-09	0.005443	-0.005216	0.012417	-0.010092	0.960007	7855200.000000
2022-05-06	-0.002206	-0.009165	0.000622	-0.011711	-0.389999	6434000.000000
2022-05-05	-0.019090	-0.004329	-0.002719	-0.027358	-3.440002	7089200.000000
2022-05-04	0.010713	-0.000785	0.012396	-0.006394	1.910004	5923000.000000
2022-05-03	-0.001959	0.000896	0.011140	-0.005374	-0.350006	5898700.000000
2022-05-02	-0.010085	0.000055	0.005264	-0.019007	-1.820007	7145400.000000
2022-04-29	-0.016352	-0.005233	-0.004960	-0.017770	-3.000000	8463100.000000
2022-04-28	0.007468	0.000824	0.013180	-0.000989	1.360001	9403900.000000
2022-04-27	-0.013970	-0.002382	0.000758	-0.015919	-2.579987	11090100.000000
2022-04-26	-0.007150	-0.004892	0.003011	-0.009838	-1.330002	10190000.000000
2022-04-25	0.024623	0.004407	0.028368	0.003085	4.470001	11176500.000000
2022-04-22	-0.009926	-0.004854	-0.001145	-0.010798	-1.820007	8003600.000000
2022-04-21	-0.002882	0.000217	0.005329	-0.007233	-0.529999	6969200.000000
2022-04-20	0.004424	-0.004588	0.006773	-0.006445	0.809998	8044900.000000
2022-04-19	0.030508	0.017224	0.046606	0.012890	5.419998	14380800.000000
2022-04-18	-0.012451	-0.000945	0.002724	-0.017565	-2.239990	6318700.000000
2022-04-14	-0.004207	-0.003653	0.004096	-0.005148	-0.760010	6188200.000000
2022-04-13	0.004225	0.000000	0.005225	-0.003669	0.760010	5643100.000000
2022-04-12	0.000334	-0.003559	0.005394	-0.009119	0.059998	5957500.000000
2022-04-11	-0.012519	0.004832	0.011421	-0.013837	-2.279999	5932000.000000
2022-04-08	0.001981	-0.002366	0.007868	-0.007317	0.360001	7144500.000000
2022-04-07	-0.002579	-0.003073	0.003951	-0.010975	-0.470001	7385200.000000
2022-04-06	0.026012	0.010022	0.028095	0.005687	4.619995	10330900.000000
2022-04-05	0.006460	0.000000	0.018020	-0.001020	1.139999	7446100.000000
2022-04-04	-0.009653	0.000000	0.000000	-0.014984	-1.720001	6860600.000000
2022-04-01	0.005417	-0.001016	0.006771	-0.009197	0.960007	6525600.000000
2022-03-31	-0.013141	0.000000	0.003452	-0.014533	-2.360001	11490400.000000
2022-03-30	0.010408	0.003938	0.011928	-0.000338	1.849991	6277600.000000
2022-03-29	-0.000506	0.004442	0.008829	-0.005792	-0.089996	5933400.000000
2022-03-28	0.005144	-0.001526	0.007122	-0.003222	0.910004	5604200.000000
2022-03-25	0.009587	0.002568	0.014038	-0.000114	1.679993	4809500.000000
2022-03-24	0.005162	0.003786	0.006883	-0.001549	0.900009	5012300.000000
2022-03-23	-0.003771	0.001314	0.003086	-0.005200	-0.660004	5254200.000000
2022-03-22	-0.004720	0.000000	0.003071	-0.010920	-0.830002	8442100.000000
2022-03-21	0.005662	-0.001029	0.013269	-0.002974	0.990005	7574900.000000
2022-03-18	-0.011086	0.001131	0.001131	-0.017760	-1.960007	13809500.000000
2022-03-17	0.013064	0.003954	0.013294	-0.001834	2.279999	7472100.000000
2022-03-16	-0.009197	-0.003861	0.004599	-0.020325	-1.619995	9603300.000000
2022-03-15	0.025919	0.009552	0.028132	0.005009	4.449997	10554400.000000
2022-03-14	0.013818	0.007853	0.028166	0.005905	2.339996	7729500.000000
2022-03-11	-0.001827	-0.003124	0.010609	-0.003772	-0.309998	5188000.000000
2022-03-10	0.001771	-0.004724	0.004665	-0.007558	0.300003	6171400.000000
2022-03-09	0.003793	0.007646	0.008950	-0.004919	0.639999	7248200.000000
2022-03-08	-0.020266	-0.000987	0.005284	-0.021485	-3.490005	11100300.000000
2022-03-07	0.016108	-0.006962	0.021477	-0.012509	2.730011	11663400.000000
2022-03-04	0.005935	-0.004986	0.008191	-0.009675	1.000000	6302500.000000
2022-03-03	0.014695	0.003975	0.019875	0.001686	2.440002	7333700.000000
2022-03-02	0.012439	0.002500	0.022134	0.000244	2.039993	6793300.000000
2022-03-01	-0.003464	-0.009297	0.001094	-0.013125	-0.570007	8737800.000000
2022-02-28	-0.008614	-0.018855	-0.004940	-0.021807	-1.429993	9373500.000000
2022-02-25	0.049703	0.011762	0.055963	0.009865	7.860001	11340400.000000
2022-02-24	-0.019104	-0.008932	-0.006761	-0.034115	-3.080002	12883400.000000
2022-02-23	0.000496	0.002296	0.009309	-0.001800	0.080002	8016900.000000
2022-02-22	-0.013590	0.001286	0.002326	-0.017875	-2.220001	6868900.000000
2022-02-18	-0.010719	-0.000908	0.001393	-0.013262	-1.770004	6423200.000000
2022-02-17	-0.006100	0.006419	0.007864	-0.007364	-1.013504	6227600.000000
2022-02-16	-0.000598	0.001487	0.009607	-0.003205	-0.099350	8482400.000000
2022-02-15	0.010326	0.009640	0.021613	0.008911	1.699081	6631400.000000
2022-02-14	-0.012581	0.006419	0.007979	-0.016985	-2.096542	8967600.000000
2022-02-11	-0.010093	0.004637	0.010756	-0.004749	-1.699081	13125300.000000
2022-02-10	-0.012071	0.004776	0.004835	-0.006433	-2.056808	10355300.000000
2022-02-09	-0.000116	0.009705	0.010703	0.004894	-0.019852	5387500.000000
2022-02-08	0.002631	0.006184	0.012244	0.003007	0.447128	6296100.000000
2022-02-07	-0.003321	0.005129	0.007064	-0.003080	-0.566376	6065700.000000
2022-02-04	-0.006541	-0.003834	0.007701	-0.008960	-1.122787	6392200.000000
2022-02-03	-0.000058	0.003448	0.011371	-0.003658	-0.009933	6240400.000000
2022-02-02	0.011060	-0.000825	0.018846	-0.000825	1.877945	7382800.000000
2022-02-01	-0.008184	0.003206	0.004608	-0.010287	-1.401001	8154700.000000
2022-01-31	0.002911	0.004720	0.011282	0.000737	0.496811	8054800.000000
2022-01-28	0.007034	0.008012	0.013794	-0.001191	1.192337	9783100.000000
2022-01-27	0.013125	0.012456	0.027518	0.010125	2.195892	9066700.000000
2022-01-26	0.004474	0.005879	0.015965	-0.001986	0.745224	9963200.000000
2022-01-25	0.028594	0.002652	0.040014	-0.002165	4.630280	14081200.000000
2022-01-24	-0.011524	0.001108	0.002146	-0.033930	-1.887878	14054600.000000
2022-01-21	-0.002300	0.012144	0.023107	0.001669	-0.377579	10550300.000000
2022-01-20	-0.007984	0.010709	0.014152	-0.003550	-1.321518	6011300.000000
2022-01-19	-0.003112	0.007021	0.016176	0.001721	-0.516693	5926500.000000
2022-01-18	-0.004409	0.001982	0.005700	-0.004554	-0.735260	7815600.000000
2022-01-14	-0.005452	0.005644	0.005763	-0.003182	-0.914139	5847700.000000
2022-01-13	-0.006066	0.001737	0.010154	-0.001464	-1.023422	6159400.000000
2022-01-12	-0.008526	-0.003219	-0.000457	-0.010683	-1.450699	8116200.000000
2022-01-11	-0.010630	0.005838	0.008163	-0.010908	-1.828262	8341100.000000
2022-01-10	-0.004944	0.004915	0.004915	-0.003937	-0.854507	7698400.000000
2022-01-07	0.013517	0.005422	0.022076	0.003487	2.305191	6986000.000000
2022-01-06	-0.003426	0.006010	0.008055	-0.001879	-0.586227	7301600.000000
2022-01-05	0.006664	0.011831	0.020479	0.009596	1.132721	7016100.000000
2022-01-04	-0.002682	0.003603	0.010819	0.000904	-0.457062	6748400.000000
2022-01-03	0.002747	0.001360	0.009537	-0.005170	0.466995	6012200.000000
2021-12-31	-0.007196	0.007704	0.008580	-0.001057	-1.232086	4409500.000000
2021-12-30	0.004430	0.009763	0.014222	0.007593	0.755157	4231800.000000
2021-12-29	0.007044	0.004351	0.016108	0.003820	1.192337	3662000.000000
2021-12-28	0.004008	0.007131	0.012173	0.005945	0.675674	3187000.000000
2021-12-27	0.008440	0.011743	0.015990	0.009111	1.410934	3704800.000000
2021-12-23	0.001906	0.006120	0.012532	0.003003	0.317963	3501500.000000
2021-12-22	0.004306	0.005516	0.012197	-0.000142	0.715393	4178200.000000
2021-12-21	-0.003219	0.008279	0.008519	-0.004200	-0.536545	7954200.000000
2021-12-20	-0.002853	0.003907	0.008094	-0.003631	-0.476929	7954500.000000
2021-12-17	-0.027628	-0.013184	-0.006553	-0.024702	-4.749512	16726200.000000
2021-12-16	0.010927	0.007125	0.020356	0.004655	1.858063	8998600.000000
2021-12-15	0.004992	0.003819	0.012388	0.001277	0.844589	8552200.000000
2021-12-14	0.010923	0.005702	0.021475	-0.001288	1.828262	10482400.000000
2021-12-13	0.017886	0.001919	0.028981	-0.003859	2.941101	11142300.000000
2021-12-10	-0.002471	0.004417	0.011212	-0.001164	-0.407364	6572200.000000
2021-12-09	0.009493	0.005439	0.016463	0.001214	1.550049	8574200.000000
2021-12-08	0.005999	0.007097	0.013874	0.001983	0.973740	6216400.000000
2021-12-07	0.002578	0.012966	0.014634	0.003146	0.417328	8311300.000000
2021-12-06	0.022336	0.011534	0.032562	0.009261	3.537277	9692000.000000
2021-12-03	0.014578	0.011673	0.022948	0.009622	2.275406	8750500.000000
2021-12-02	-0.006263	0.001199	0.014123	-0.002048	-0.983688	11334700.000000
2021-12-01	0.013788	0.012551	0.033205	0.008485	2.136292	9835800.000000
2021-11-30	-0.023912	-0.001393	0.001694	-0.018151	-3.795639	14981700.000000
2021-11-29	0.003455	0.008316	0.014132	0.001488	0.546494	9188500.000000
2021-11-26	-0.006490	0.008680	0.012197	-0.003504	-1.033371	8523100.000000
2021-11-24	-0.002800	0.002974	0.005981	-0.001785	-0.447128	5230900.000000
2021-11-23	0.006199	0.005285	0.014612	0.000621	0.983688	7734000.000000
2021-11-22	-0.013162	0.001444	0.011457	-0.007138	-2.116409	7634500.000000
2021-11-19	0.003017	0.017003	0.017939	0.009144	0.483704	7620700.000000
2021-11-18	-0.005390	0.014066	0.020394	0.005877	-0.868698	6358700.000000
2021-11-17	0.003750	0.014257	0.020422	0.007531	0.602173	5414500.000000
2021-11-16	-0.005198	0.010905	0.018153	0.007436	-0.839096	7594700.000000
2021-11-15	-0.009030	0.012950	0.015774	0.002022	-1.470856	7496200.000000
2021-11-12	0.011959	0.040160	0.041340	0.022641	1.924957	18995200.000000
2021-11-11	-0.007366	0.008201	0.010175	0.002035	-1.194458	4118800.000000
2021-11-10	0.010830	0.013136	0.027535	0.012014	1.737396	6225100.000000
2021-11-09	-0.002210	0.011394	0.017490	0.007725	-0.355377	6112800.000000
2021-11-08	-0.003427	0.014561	0.017598	0.004210	-0.552811	5578800.000000
2021-11-05	-0.007108	-0.000036	0.013011	-0.001759	-1.154984	6215900.000000
2021-11-04	-0.002787	0.012275	0.012582	-0.001657	-0.454071	8224400.000000
2021-11-03	-0.003201	0.009647	0.014112	-0.000203	-0.523209	6717800.000000
2021-11-02	0.015765	0.017237	0.037619	0.012763	2.536987	8450600.000000
2021-11-01	0.000860	0.014753	0.019853	-0.008632	0.138199	5846400.000000
2021-10-29	0.000184	0.009901	0.015499	-0.000923	0.029617	8526800.000000
2021-10-28	-0.005435	0.013197	0.022044	0.004226	-0.878571	6278800.000000
2021-10-27	-0.012127	0.012583	0.013072	-0.001901	-1.984177	7018800.000000
2021-10-26	0.010178	0.015975	0.025050	0.012826	1.648544	6939100.000000
2021-10-25	0.002199	0.013011	0.016662	0.000575	0.355392	6715400.000000
2021-10-22	0.001958	0.010903	0.017103	0.010284	0.315887	4304300.000000
2021-10-21	-0.002320	0.016228	0.016784	0.003734	-0.375122	4524100.000000
2021-10-20	-0.000549	0.013691	0.018451	0.009240	-0.088852	6003200.000000
2021-10-19	0.023420	0.017946	0.044834	0.016871	3.701843	10081300.000000
2021-10-18	-0.007316	0.006417	0.010436	-0.000177	-1.164856	7465500.000000
2021-10-15	0.007432	0.018832	0.023767	0.014909	1.174728	6918400.000000
2021-10-14	0.005716	0.016257	0.025356	0.015557	0.898300	4579200.000000
2021-10-13	0.009576	0.013847	0.028365	0.013397	1.490616	6901100.000000
2021-10-12	-0.015975	0.011431	0.012569	-0.005384	-2.527130	6686400.000000
2021-10-11	-0.004225	0.012571	0.018802	0.006779	-0.671265	4101600.000000
2021-10-08	-0.002541	0.012886	0.014707	0.006168	-0.404724	4343200.000000
2021-10-07	0.008942	0.013708	0.030115	0.013708	1.411621	5309200.000000
2021-10-06	0.002068	0.014852	0.015360	0.001966	0.325760	7312600.000000
2021-10-05	0.002261	0.017083	0.025036	0.012566	0.355392	5129000.000000
2021-10-04	-0.007790	0.009981	0.016357	-0.004664	-1.233948	8620700.000000
2021-10-01	-0.006378	0.013200	0.015520	-0.005054	-1.016769	8568300.000000
2021-09-30	-0.015364	0.016840	0.021534	-0.003108	-2.487640	6972300.000000
2021-09-29	0.007432	0.014193	0.024522	0.012825	1.194458	5124100.000000
2021-09-28	-0.002206	0.012577	0.017606	0.004320	-0.355362	7610400.000000
2021-09-27	-0.007240	0.010792	0.013011	0.003705	-1.174728	5775500.000000
2021-09-24	-0.003033	0.012335	0.017866	0.007051	-0.493576	4399300.000000
2021-09-23	0.005673	0.015916	0.024382	0.014371	0.918060	4697900.000000
2021-09-22	-0.003647	0.018060	0.021754	0.007470	-0.592300	5657100.000000
2021-09-21	0.004395	0.017959	0.026431	0.015670	0.710754	6663600.000000
2021-09-20	-0.005706	0.005202	0.015594	-0.002853	-0.927933	7270800.000000
2021-09-17	-0.002845	0.007371	0.011111	0.002833	-0.463959	13419800.000000
2021-09-16	-0.001209	0.014420	0.019380	0.005479	-0.197433	5665400.000000
2021-09-15	0.003762	0.014241	0.020142	0.009999	0.612030	7935300.000000
2021-09-14	-0.006031	0.016677	0.017533	0.005130	-0.987152	5259600.000000
2021-09-13	-0.007007	0.018775	0.019988	0.001848	-1.154968	6273500.000000
2021-09-10	-0.006545	0.015904	0.019159	0.005778	-1.085876	6699300.000000
2021-09-09	-0.022280	0.008827	0.010536	-0.011739	-3.780792	7114600.000000
2021-09-08	-0.002437	0.008896	0.016891	0.005722	-0.414627	4661700.000000
2021-09-07	-0.015539	0.009018	0.012953	-0.006492	-2.685043	6859900.000000
2021-09-03	0.000629	0.013996	0.014691	0.006525	0.108582	4096900.000000
2021-09-02	0.006849	0.016510	0.021466	0.014003	1.174713	4544300.000000
2021-09-01	0.003523	0.011665	0.016580	0.006750	0.602158	5327400.000000
2021-08-31	-0.003052	0.012020	0.017853	0.006128	-0.523178	7106800.000000
2021-08-30	0.004221	0.012191	0.020920	0.012133	0.720627	3252700.000000
2021-08-27	-0.002135	0.018740	0.018740	0.009796	-0.365265	7046100.000000
2021-08-26	-0.005338	0.011383	0.015860	0.006151	-0.918045	5031600.000000
2021-08-25	-0.006614	0.014744	0.015957	0.004348	-1.145096	5700300.000000
2021-08-24	-0.012499	0.009475	0.010730	-0.000278	-2.191483	5734800.000000
2021-08-23	-0.004317	0.013068	0.016135	0.008241	-0.760117	6461700.000000
2021-08-20	0.004872	0.020857	0.026735	0.016178	0.853729	5428700.000000
2021-08-19	0.007788	0.015753	0.031338	0.012590	1.354248	5615000.000000
2021-08-18	-0.012704	0.019201	0.019201	0.005744	-2.237427	7134100.000000
2021-08-17	0.009166	0.015994	0.028600	0.015994	1.599564	6041900.000000
2021-08-16	0.009021	0.020765	0.028513	0.017296	1.560287	4782800.000000
2021-08-13	0.005993	0.019554	0.025371	0.018566	1.030396	5882100.000000
2021-08-12	0.008055	0.019148	0.027767	0.017800	1.373856	4300400.000000
2021-08-11	0.000173	0.021846	0.023136	0.017799	0.029449	4221300.000000
2021-08-10	0.000345	0.016391	0.021377	0.013575	0.058868	3678300.000000
2021-08-09	0.003466	0.022622	0.025742	0.017971	0.588806	3950200.000000
2021-08-06	-0.003339	0.020498	0.020498	0.011756	-0.569168	4581100.000000
2021-08-05	0.001904	0.021911	0.021911	0.013506	0.323837	4291000.000000
2021-08-04	-0.005906	0.017921	0.020200	0.012428	-1.010757	4793100.000000
2021-08-03	0.012306	0.021752	0.032222	0.020037	2.080399	6033000.000000
2021-08-02	0.000407	0.020629	0.022818	0.013705	0.068695	3721500.000000
2021-07-30	0.000116	0.021162	0.023766	0.017019	0.019638	5346400.000000
2021-07-29	0.000000	0.022345	0.025896	0.012580	0.000000	4214100.000000
2021-07-28	-0.002780	0.019444	0.023280	0.015608	-0.471054	5750700.000000
2021-07-27	0.004597	0.018616	0.024071	0.011916	0.775253	7089300.000000
2021-07-26	0.000466	0.019209	0.021107	0.013514	0.078506	4484900.000000
2021-07-23	0.010648	0.025146	0.032220	0.021429	1.776184	5014900.000000
2021-07-22	0.002891	0.018249	0.028530	0.013980	0.480850	5281900.000000
2021-07-21	0.006174	0.024173	0.026532	0.013163	1.020599	7585200.000000
2021-07-20	0.009408	0.019153	0.043029	0.018787	1.540665	9902800.000000
2021-07-19	-0.007258	0.009210	0.019577	0.002178	-1.197220	8219700.000000
2021-07-16	-0.001604	0.018849	0.023389	0.016489	-0.264954	5834900.000000
2021-07-15	-0.012029	0.012334	0.015922	0.002886	-2.011719	6656900.000000
2021-07-14	0.006794	0.023426	0.028422	0.017646	1.128540	6162900.000000
2021-07-13	-0.001239	0.015965	0.020715	0.014161	-0.206085	4691200.000000
2021-07-12	-0.001591	0.018911	0.027615	0.011767	-0.264969	7840500.000000
2021-07-09	0.003963	0.020779	0.026806	0.019995	0.657486	6120900.000000
2021-07-08	-0.001948	0.014760	0.019332	0.008023	-0.323837	5755500.000000
2021-07-07	0.008573	0.016058	0.028313	0.016058	1.413116	6293500.000000
2021-07-06	-0.005977	0.012578	0.018307	0.007030	-0.991135	6098500.000000
2021-07-02	0.018197	0.019399	0.039539	0.017066	2.963593	9059900.000000
2021-07-01	0.007406	0.019031	0.026887	0.018351	1.197220	6320200.000000
2021-06-30	0.004328	0.018845	0.024871	0.016794	0.696732	6151700.000000
2021-06-29	0.000061	0.018907	0.022883	0.015241	0.009827	3749500.000000
2021-06-28	-0.001157	0.020458	0.024368	0.014749	-0.186478	5604000.000000
2021-06-25	0.005142	0.016349	0.027826	0.016037	0.824326	10963800.000000
2021-06-24	0.004550	0.023041	0.028868	0.020096	0.726181	4549200.000000
2021-06-23	-0.006051	0.019467	0.019467	0.011931	-0.971497	4493400.000000
2021-06-22	-0.001343	0.018223	0.020275	0.015548	-0.215881	5627800.000000
2021-06-21	0.011483	0.024001	0.033375	0.020730	1.825241	6592300.000000
2021-06-18	-0.019610	0.007004	0.012678	-0.002124	-3.179489	12993000.000000
2021-06-17	0.004805	0.017544	0.026902	0.013267	0.775253	5874700.000000
2021-06-16	-0.000365	0.020951	0.026837	0.012774	-0.058899	6988500.000000
2021-06-15	-0.005321	0.018168	0.022050	0.012992	-0.863541	5062900.000000
2021-06-14	0.002485	0.016189	0.022120	0.012483	0.402328	4931300.000000
2021-06-11	-0.012688	0.018970	0.019031	0.001588	-2.080399	7389900.000000
2021-06-10	0.008998	0.021554	0.031277	0.021246	1.462173	6463100.000000
2021-06-09	0.013465	0.022773	0.033937	0.020715	2.158920	5552600.000000
2021-06-08	-0.008796	0.021751	0.024100	0.001907	-1.422928	7746800.000000
2021-06-07	-0.006808	0.019215	0.021180	0.010804	-1.108902	5362800.000000
2021-06-04	-0.000422	0.024984	0.028421	0.017988	-0.068680	6510300.000000
2021-06-03	-0.000963	0.017130	0.024856	0.016027	-0.157013	5808800.000000
2021-06-02	0.004048	0.017615	0.026418	0.016445	0.657486	6806000.000000
2021-06-01	-0.021979	0.024450	0.024751	-0.004270	-3.650543	10448400.000000
2021-05-28	0.002607	0.023317	0.032311	0.021204	0.431793	6400800.000000
2021-05-27	-0.001538	0.020176	0.025661	0.014872	-0.255142	8114700.000000
2021-05-26	-0.005938	0.018552	0.019031	0.008246	-0.991150	5726400.000000
2021-05-25	-0.002756	0.019748	0.021899	0.014191	-0.461212	7444700.000000
2021-05-24	0.003826	0.025029	0.027728	0.018251	0.637863	5195100.000000
2021-05-21	-0.000643	0.026947	0.035399	0.024190	-0.107300	6501800.000000
2021-05-20	0.005821	0.024544	0.034492	0.023037	0.965485	4853200.000000
2021-05-19	-0.002171	0.022140	0.023644	0.010891	-0.360809	5533800.000000
2021-05-18	0.000352	0.022921	0.031286	0.020213	0.058517	5846000.000000
2021-05-17	0.000999	0.026473	0.035449	0.025931	0.165787	5722600.000000
2021-05-14	0.001530	0.034559	0.035343	0.026656	0.253540	5797700.000000
2021-05-13	0.010464	0.017890	0.040629	0.017890	1.716415	8018600.000000
2021-05-12	-0.004026	0.023324	0.030975	0.019742	-0.663132	6758300.000000
2021-05-11	-0.008164	0.027677	0.029002	0.013405	-1.355591	8217900.000000
2021-05-10	0.010504	0.033908	0.043827	0.029831	1.726181	8357500.000000
2021-05-07	0.004531	0.028812	0.034191	0.025939	0.741180	5316200.000000
2021-05-06	0.004010	0.023670	0.030421	0.020294	0.653381	5529900.000000
2021-05-05	-0.004172	0.023738	0.029239	0.019399	-0.682648	7792300.000000
2021-05-04	0.015495	0.023030	0.041774	0.022037	2.496597	10179500.000000
2021-05-03	0.015240	0.030871	0.041709	0.027846	2.418625	6594100.000000
2021-04-30	-0.008953	0.025076	0.026200	0.014897	-1.433624	9079100.000000
2021-04-29	0.013705	0.024882	0.039822	0.024312	2.165039	6394300.000000
2021-04-28	-0.007354	0.023378	0.025514	0.015774	-1.170273	7448000.000000
2021-04-27	-0.005728	0.023139	0.024077	0.015080	-0.916733	6217700.000000
2021-04-26	-0.008458	0.023468	0.024707	0.014485	-1.365341	6027800.000000
2021-04-23	0.002058	0.021354	0.030851	0.018063	0.331573	6015300.000000
2021-04-22	-0.008464	0.020772	0.023480	0.013263	-1.375092	7233000.000000
2021-04-21	0.000661	0.024711	0.028037	0.018059	0.107285	6333200.000000
2021-04-20	0.023296	0.014737	0.057532	0.014737	3.696167	14050700.000000
2021-04-19	0.002774	0.027032	0.030887	0.016540	0.438843	8353500.000000
2021-04-16	0.011534	0.031462	0.038942	0.026475	1.804199	9049400.000000
2021-04-15	0.002939	0.030518	0.041226	0.027376	0.458359	7524600.000000
2021-04-14	0.002759	0.014780	0.029439	0.012915	0.429123	7718300.000000
2021-04-13	-0.013363	-0.004934	0.014541	-0.007027	-2.106522	18424100.000000
2021-04-12	0.002418	0.024371	0.030667	0.019602	0.380325	5022800.000000
2021-04-09	-0.010554	0.020041	0.025137	0.005318	-1.677399	8418300.000000
2021-04-08	-0.003912	0.027833	0.028522	0.020626	-0.624161	5039400.000000
2021-04-07	0.001347	0.026393	0.030974	0.024949	0.214569	4608000.000000
2021-04-06	-0.000245	0.029467	0.032228	0.022691	-0.039017	5074200.000000
2021-04-05	0.003685	0.030489	0.037479	0.024318	0.585144	7387100.000000
2021-04-01	-0.009249	0.014470	0.022207	0.012349	-1.482376	7229700.000000
2021-03-31	-0.004000	0.025078	0.027750	0.017248	-0.643646	8281500.000000
2021-03-30	-0.006203	0.019090	0.023042	0.014211	-1.004501	7236300.000000
2021-03-29	0.006730	0.018550	0.038445	0.017306	1.082520	8535100.000000
2021-03-26	0.018275	0.026148	0.045204	0.021654	2.886703	7619200.000000
2021-03-25	0.000371	0.028745	0.028808	0.017346	0.058517	6269800.000000
2021-03-24	0.009729	0.023790	0.039009	0.021999	1.521362	6370100.000000
2021-03-23	-0.000934	0.023536	0.029861	0.015039	-0.146255	7178300.000000
2021-03-22	0.002874	0.014304	0.029297	0.012318	0.448593	7544100.000000
2021-03-19	-0.002680	0.026794	0.031970	0.018999	-0.419357	14891500.000000
2021-03-18	-0.001866	0.021817	0.029981	0.020222	-0.292572	4801800.000000
2021-03-17	-0.003718	0.021957	0.027676	0.013697	-0.585144	6001400.000000
2021-03-16	0.005922	0.025644	0.033442	0.024238	0.926483	6369100.000000
2021-03-15	0.005138	0.026352	0.032199	0.018321	0.799683	5524100.000000
2021-03-12	0.002891	0.026291	0.032927	0.025711	0.448624	5474800.000000
2021-03-11	-0.000063	0.027901	0.034924	0.023907	-0.009750	6305600.000000
2021-03-10	0.009195	0.032671	0.039693	0.023178	1.414093	6635600.000000
2021-03-09	0.001906	0.022066	0.047212	0.022066	0.292587	7461300.000000
2021-03-08	0.008328	0.031300	0.046606	0.024600	1.267792	6546700.000000
2021-03-05	0.019795	0.031485	0.049638	0.025791	2.954987	8331600.000000
2021-03-04	-0.020164	0.023879	0.024601	-0.005789	-3.071991	11033200.000000
2021-03-03	-0.017608	0.020423	0.024615	0.006302	-2.730698	8499600.000000
2021-03-02	-0.001883	0.028349	0.034785	0.020755	-0.292572	7610900.000000
2021-03-01	0.005427	0.044737	0.045254	0.029465	0.838699	10551400.000000
2021-02-26	-0.026419	0.020601	0.023184	-0.004788	-4.193527	14417500.000000
2021-02-25	0.001046	0.028794	0.032389	0.021605	0.165802	9719700.000000
2021-02-24	0.013401	0.037915	0.050633	0.028456	2.096756	10286100.000000
2021-02-23	-0.008834	0.022918	0.033750	0.016077	-1.394577	7042800.000000
2021-02-22	-0.000617	0.024756	0.028997	0.014753	-0.097534	6447100.000000
2021-02-19	-0.016653	0.030911	0.033152	0.014165	-2.674988	8190900.000000
2021-02-18	0.000483	0.027423	0.034897	0.023312	0.077560	5189100.000000
2021-02-17	0.003574	0.031158	0.038158	0.027345	0.571808	6676700.000000
2021-02-16	-0.009065	0.031783	0.034694	0.019766	-1.463486	5656100.000000
2021-02-12	0.003131	0.021469	0.036691	0.018983	0.503983	4413100.000000
2021-02-11	-0.004496	0.032958	0.035308	0.024298	-0.726898	4871300.000000
2021-02-10	0.003248	0.041835	0.042146	0.028245	0.523361	5921300.000000
2021-02-09	0.008186	0.033534	0.042231	0.032096	1.308426	5544200.000000
2021-02-08	0.002858	0.035422	0.041006	0.028206	0.455521	6035300.000000
2021-02-05	0.015186	0.050063	0.053757	0.043693	2.384216	9495300.000000
2021-02-04	0.009284	0.034997	0.042004	0.027026	1.444122	7758100.000000
2021-02-03	-0.004651	0.029799	0.033510	0.021033	-0.726929	8601900.000000
2021-02-02	-0.008973	0.036031	0.037807	0.022080	-1.415024	11443300.000000
2021-02-01	-0.002575	0.045571	0.045571	0.028430	-0.407059	9971400.000000
2021-01-29	-0.035647	0.001895	0.012509	-0.020733	-5.844223	22505900.000000
2021-01-28	0.007624	0.033749	0.050098	0.031291	1.240540	8944400.000000
2021-01-27	-0.015251	0.023552	0.034446	0.013444	-2.519913	14207300.000000
2021-01-26	0.027112	0.054907	0.079462	0.052980	4.361404	14205700.000000
2021-01-25	0.014858	0.040993	0.047807	0.032477	2.355133	9924400.000000
2021-01-22	0.011253	0.035802	0.053665	0.032676	1.763962	8137000.000000
2021-01-21	-0.004003	0.025047	0.032418	0.017041	-0.630005	6818000.000000
2021-01-20	-0.002457	0.034445	0.040403	0.025571	-0.387650	6839900.000000
2021-01-19	0.015471	0.042725	0.049419	0.036932	2.403580	9057600.000000
2021-01-15	-0.002179	0.029535	0.036664	0.021892	-0.339203	7630800.000000
2021-01-14	0.017480	0.048512	0.058314	0.043023	2.674973	10030800.000000
2021-01-13	-0.001518	0.032435	0.033936	0.022778	-0.232590	6643100.000000
2021-01-12	-0.007781	0.030358	0.033660	0.018575	-1.201813	6903200.000000
2021-01-11	-0.004186	0.035135	0.040035	0.023595	-0.649353	7066200.000000
2021-01-08	-0.002058	0.032683	0.036479	0.028630	-0.319855	8228900.000000
2021-01-07	0.003379	0.026425	0.039529	0.022229	0.523361	7747200.000000
2021-01-06	0.009410	0.024615	0.044098	0.021226	1.444107	8230100.000000
2021-01-05	0.011757	0.030135	0.046683	0.022355	1.783340	9602300.000000
2021-01-04	-0.005592	0.030865	0.031783	0.010476	-0.852905	11765900.000000
2020-12-31	0.008523	0.034956	0.042428	0.025568	1.289047	5099900.000000
2020-12-30	0.012391	0.035799	0.046777	0.034862	1.851151	5412800.000000
2020-12-29	0.006201	0.037979	0.043502	0.035891	0.920731	5212000.000000
2020-12-28	0.004722	0.037535	0.041257	0.030632	0.697815	3855500.000000
2020-12-24	0.003488	0.031172	0.039252	0.030968	0.513687	2114900.000000
2020-12-23	-0.005107	0.032323	0.037728	0.026243	-0.755981	4607300.000000
2020-12-22	-0.001960	0.027602	0.037716	0.023961	-0.290741	4699500.000000
2020-12-21	-0.009643	0.015088	0.024437	0.002000	-1.444107	7893400.000000
2020-12-18	0.005794	0.031984	0.041723	0.018686	0.862595	17137200.000000
2020-12-17	0.026391	0.034678	0.060874	0.033782	3.828323	9920300.000000
2020-12-16	-0.005977	0.029247	0.034181	0.024793	-0.872299	8486100.000000
2020-12-15	0.010062	0.038220	0.043411	0.034967	1.453796	7612600.000000
2020-12-14	-0.025368	0.033807	0.035358	0.005069	-3.760468	8547300.000000
2020-12-11	0.004598	0.026903	0.039644	0.024870	0.678421	5977400.000000
2020-12-10	-0.005552	0.029896	0.030974	0.022213	-0.823822	7392900.000000
2020-12-09	0.010228	0.040497	0.045059	0.033212	1.502258	8440100.000000
2020-12-08	0.017319	0.038916	0.053738	0.035800	2.500519	8339800.000000
2020-12-07	-0.008651	0.025466	0.029311	0.019698	-1.259964	6634700.000000
2020-12-04	0.008524	0.037253	0.040854	0.033652	1.230911	6747100.000000
2020-12-03	0.005805	0.031086	0.041812	0.028648	0.833496	7310500.000000
2020-12-02	0.004680	0.034582	0.047597	0.033532	0.668777	7745500.000000
2020-12-01	0.019146	0.043264	0.063518	0.040198	2.684647	9738200.000000
2020-11-30	0.004722	0.033431	0.037945	0.025048	0.659073	15663200.000000
2020-11-27	0.002227	0.037671	0.038820	0.028480	0.310150	3059000.000000
2020-11-25	-0.001321	0.033145	0.033934	0.024539	-0.184189	7594600.000000
2020-11-24	0.000000	0.032715	0.038165	0.029918	0.000000	11034800.000000
2020-11-23	-0.010182	0.036468	0.036468	0.015385	-1.434387	7318300.000000
2020-11-20	-0.005301	0.038317	0.044601	0.031821	-0.750778	6354900.000000
2020-11-19	-0.001561	0.038459	0.039587	0.026403	-0.221359	7987700.000000
2020-11-18	-0.013257	0.035613	0.041804	0.025178	-1.905762	6661000.000000
2020-11-17	-0.009944	0.033098	0.037437	0.027037	-1.443787	7297700.000000
2020-11-16	0.006338	0.046022	0.048656	0.038259	0.914429	6266400.000000
2020-11-13	0.010789	0.044487	0.053734	0.039723	1.539993	5893500.000000
2020-11-12	0.003383	0.037617	0.044927	0.031571	0.481247	4710300.000000
2020-11-11	-0.003237	0.045188	0.045399	0.029003	-0.461990	6382400.000000
2020-11-10	0.015060	0.047274	0.057942	0.040232	2.117508	7386500.000000
2020-11-09	0.026924	0.084089	0.088179	0.058453	3.686401	12351600.000000
2020-11-06	0.017816	0.043710	0.064450	0.038134	2.396637	5942500.000000
2020-11-05	0.002583	0.047523	0.057063	0.037909	0.346512	8016200.000000
2020-11-04	0.006498	0.046379	0.069258	0.040453	0.866272	10263500.000000
2020-11-03	-0.001370	0.048916	0.055957	0.032135	-0.182892	6363000.000000
2020-11-02	0.011524	0.053122	0.053350	0.041832	1.520767	7088000.000000
2020-10-30	-0.000583	0.035090	0.041603	0.012143	-0.077011	7364100.000000
2020-10-29	-0.008456	0.036249	0.041505	0.021606	-1.126129	7205400.000000
2020-10-28	-0.033461	0.026469	0.030461	0.002881	-4.610397	8426100.000000
2020-10-27	-0.005696	0.037293	0.041261	0.031375	-0.789276	4890100.000000
2020-10-26	-0.008744	0.033158	0.035590	0.021140	-1.222397	6929500.000000
2020-10-23	0.001103	0.044681	0.056068	0.033725	0.154007	4154400.000000
2020-10-22	0.007990	0.040613	0.051657	0.038303	1.106888	5279700.000000
2020-10-21	-0.004289	0.035862	0.044630	0.034352	-0.596741	5221300.000000
2020-10-20	0.001594	0.041400	0.049247	0.037512	0.221359	5325400.000000
2020-10-19	-0.025523	0.041969	0.044564	0.011102	-3.638290	7250800.000000
2020-10-16	0.006183	0.041846	0.050034	0.037682	0.875885	6097000.000000
2020-10-15	-0.006145	0.034603	0.037549	0.026535	-0.875885	5978600.000000
2020-10-14	-0.001752	0.042174	0.043644	0.032159	-0.250244	7706400.000000
2020-10-13	-0.022919	0.019520	0.027183	0.011104	-3.349518	11057600.000000
2020-10-12	0.005763	0.043288	0.053886	0.039296	0.837372	7273200.000000
2020-10-09	0.013970	0.044255	0.057025	0.042860	2.002014	5054100.000000
2020-10-08	0.006830	0.043308	0.052793	0.040076	0.972122	4413500.000000
2020-10-07	0.011076	0.040586	0.052946	0.035756	1.559296	5603100.000000
2020-10-06	-0.013290	0.039303	0.041616	0.022411	-1.896133	5118200.000000
2020-10-05	0.013608	0.044352	0.054156	0.040231	1.915359	4992800.000000
2020-10-02	-0.007331	0.031124	0.046639	0.028444	-1.039505	5485600.000000
2020-10-01	-0.010478	0.041953	0.044326	0.022064	-1.501511	6457800.000000
2020-09-30	0.012376	0.041708	0.057815	0.037398	1.751785	8487700.000000
2020-09-29	-0.000340	0.042413	0.044673	0.031537	-0.048126	6768600.000000
2020-09-28	0.009955	0.046584	0.057711	0.044373	1.395615	5843200.000000
2020-09-25	0.006843	0.034141	0.050299	0.033351	0.952896	5531200.000000
2020-09-24	0.001592	0.039815	0.044778	0.031040	0.221344	5614800.000000
2020-09-23	0.001595	0.062511	0.063015	0.040177	0.221390	8784400.000000
2020-09-22	-0.006134	0.036016	0.040742	0.029071	-0.856628	5295900.000000
2020-09-21	-0.027349	0.027809	0.030247	-0.004366	-3.927017	7574500.000000
2020-09-18	0.013658	0.034293	0.056460	0.032105	1.934647	12174000.000000
2020-09-17	-0.008288	0.036432	0.040563	0.022500	-1.183884	5461400.000000
2020-09-16	-0.003291	0.042441	0.047116	0.035184	-0.471649	4323000.000000
2020-09-15	0.003640	0.046656	0.054640	0.040143	0.519760	3658800.000000
2020-09-14	0.003857	0.041343	0.050834	0.040569	0.548645	4375800.000000
2020-09-11	0.005922	0.039942	0.050409	0.036972	0.837372	3934700.000000
2020-09-10	-0.018637	0.035829	0.039507	0.016882	-2.685410	6191800.000000
2020-09-09	0.016569	0.045231	0.066044	0.045020	2.348526	6960700.000000
2020-09-08	-0.008951	0.050559	0.055034	0.027136	-1.280136	8756800.000000
2020-09-04	-0.006419	0.043259	0.048678	0.022140	-0.924011	7200100.000000
2020-09-03	-0.027823	0.045706	0.050029	0.001603	-4.119507	8672800.000000
2020-09-02	0.015245	0.033947	0.058220	0.023387	2.223373	6881900.000000
2020-09-01	-0.012320	0.042068	0.043490	0.016333	-1.819138	6307700.000000
2020-08-31	-0.001497	0.034624	0.044092	0.029620	-0.221375	6362700.000000
2020-08-28	0.004314	0.037322	0.043842	0.031617	0.635239	5395700.000000
2020-08-27	0.004465	0.039771	0.045501	0.036155	0.654510	5575400.000000
2020-08-26	0.001578	0.037586	0.042983	0.029250	0.231018	8008300.000000
2020-08-25	-0.000592	0.043254	0.045234	0.034787	-0.086639	3863500.000000
2020-08-24	0.002636	0.045730	0.046826	0.029367	0.385010	5387900.000000
2020-08-21	0.008850	0.048354	0.061270	0.040134	1.281250	6722800.000000
2020-08-20	0.006849	0.041417	0.054143	0.040026	0.984833	4874700.000000
2020-08-19	0.001999	0.042313	0.056250	0.040502	0.286835	7816300.000000
2020-08-18	0.007383	0.047762	0.053659	0.042919	1.051743	4322600.000000
2020-08-17	0.005059	0.046432	0.059907	0.045797	0.717117	4306900.000000
2020-08-14	0.001622	0.043111	0.055337	0.042899	0.229492	4240200.000000
2020-08-13	-0.011092	0.038040	0.042583	0.030982	-1.587219	5155500.000000
2020-08-12	0.018303	0.049923	0.069137	0.049568	2.572037	5257300.000000
2020-08-11	-0.007161	0.053710	0.054346	0.034139	-1.013519	6388400.000000
2020-08-10	-0.003836	0.047697	0.048753	0.039673	-0.545029	4096600.000000
2020-08-07	0.007116	0.045584	0.053664	0.043032	1.003967	3635100.000000
2020-08-06	-0.005728	0.045867	0.051858	0.032477	-0.812698	4837900.000000
2020-08-05	0.008015	0.059223	0.060715	0.049988	1.128250	5467500.000000
2020-08-04	-0.000882	0.043312	0.044945	0.035008	-0.124313	4162200.000000
2020-08-03	0.010908	0.050388	0.060433	0.048666	1.520264	4078700.000000
2020-07-31	-0.007355	0.044585	0.050212	0.025355	-1.032623	8259600.000000
2020-07-30	0.002047	0.052291	0.052719	0.043012	0.286835	5922500.000000
2020-07-29	-0.001975	0.042733	0.050426	0.040454	-0.277267	4489100.000000
2020-07-28	-0.002378	0.047431	0.051623	0.042812	-0.334656	4842200.000000
2020-07-27	-0.006346	0.040572	0.051516	0.036971	-0.898773	5675200.000000
2020-07-24	-0.009959	0.052089	0.052788	0.027832	-1.424652	5405900.000000
2020-07-23	-0.002667	0.047262	0.051724	0.040778	-0.382477	6566300.000000
2020-07-22	0.001803	0.047194	0.050547	0.032666	0.258163	5910200.000000
2020-07-21	0.000936	0.045867	0.060339	0.045168	0.133865	5575900.000000
2020-07-20	0.001674	0.052030	0.052660	0.039425	0.239029	6191500.000000
2020-07-17	0.000670	0.051123	0.055187	0.041943	0.095596	7441100.000000
2020-07-16	0.006678	0.048830	0.053486	0.034721	0.946609	9304700.000000
2020-07-15	0.002298	0.058665	0.062059	0.048059	0.325073	8512800.000000
2020-07-14	0.018663	0.046660	0.068771	0.046227	2.591156	7447100.000000
2020-07-13	0.019948	0.054977	0.077235	0.052552	2.715485	6951900.000000
2020-07-10	-0.000842	0.047776	0.048656	0.038087	-0.114777	4282400.000000
2020-07-09	-0.005444	0.042144	0.054335	0.026230	-0.745789	5738600.000000
2020-07-08	0.002940	0.046014	0.049821	0.037448	0.401581	6257400.000000
2020-07-07	-0.000909	0.034237	0.053109	0.033066	-0.124298	5622600.000000
2020-07-06	0.014258	0.054770	0.066641	0.052619	1.921844	6156400.000000
2020-07-02	0.004203	0.052349	0.056745	0.045495	0.564133	5152200.000000
2020-07-01	-0.001778	0.046314	0.051519	0.041628	-0.239029	6174800.000000
2020-06-30	0.011436	0.048575	0.060761	0.036841	1.520264	7738300.000000
2020-06-29	0.008925	0.052925	0.060211	0.047157	1.176056	5309800.000000
2020-06-26	-0.013317	0.044819	0.045343	0.026024	-1.778427	12849700.000000
2020-06-25	-0.001073	0.051477	0.051477	0.028812	-0.143433	7421200.000000
2020-06-24	-0.021280	0.035838	0.040962	0.015559	-2.906677	8211200.000000
2020-06-23	-0.003696	0.048420	0.050900	0.040689	-0.506744	5921600.000000
2020-06-22	-0.003059	0.043250	0.044631	0.032778	-0.420700	5285600.000000
2020-06-19	0.002929	0.063224	0.063881	0.044700	0.401581	12206900.000000
2020-06-18	-0.004236	0.034974	0.046593	0.030254	-0.583267	4797400.000000
2020-06-17	-0.003046	0.049053	0.052817	0.038700	-0.420700	5100100.000000
2020-06-16	0.022726	0.066896	0.076743	0.057122	3.069229	7579100.000000
2020-06-15	-0.006331	0.037406	0.047707	0.025561	-0.860519	8649600.000000
2020-06-12	0.009086	0.060493	0.066952	0.041487	1.223862	8687400.000000
2020-06-11	-0.046888	0.051387	0.055562	-0.004020	-6.626083	11913300.000000
2020-06-10	0.012606	0.050453	0.075030	0.050453	1.759293	10137100.000000
2020-06-09	-0.005519	0.056413	0.064109	0.037886	-0.774475	8247200.000000
2020-06-08	-0.003598	0.035785	0.048068	0.034791	-0.506760	7555600.000000
2020-06-05	0.003885	0.052710	0.066609	0.044941	0.545029	9725400.000000
2020-06-04	-0.012916	0.032851	0.043897	0.024267	-1.835815	8170500.000000
2020-06-03	0.002698	0.047772	0.052146	0.033169	0.382477	6339500.000000
2020-06-02	0.007201	0.044943	0.054110	0.038264	1.013489	6078300.000000
2020-06-01	-0.010487	0.035602	0.042984	0.026602	-1.491577	6141800.000000
2020-05-29	0.012111	0.052912	0.062804	0.034197	1.701950	8504000.000000
2020-05-28	0.014356	0.054024	0.069110	0.052508	1.988785	6189600.000000
2020-05-27	0.002283	0.044131	0.050859	0.034653	0.315521	7950000.000000
2020-05-26	0.001316	0.059052	0.060863	0.045360	0.181671	7072300.000000
2020-05-22	-0.009128	0.037756	0.050102	0.034095	-1.271683	6140900.000000
2020-05-21	-0.006568	0.058965	0.058965	0.039854	-0.921066	6487300.000000
2020-05-20	-0.008992	0.058276	0.062799	0.040750	-1.272430	5713400.000000
2020-05-19	-0.009965	0.050179	0.057175	0.038285	-1.424332	6107300.000000
2020-05-18	0.000532	0.067468	0.075378	0.053257	0.075974	7388400.000000
2020-05-15	0.018965	0.054758	0.073375	0.038994	2.658768	10340400.000000
2020-05-14	0.003466	0.040663	0.057627	0.032575	0.484299	6871400.000000
2020-05-13	-0.000068	0.045531	0.066072	0.045030	-0.009506	6970500.000000
2020-05-12	-0.013212	0.060109	0.061804	0.038427	-1.870682	7039200.000000
2020-05-11	0.002757	0.051347	0.063032	0.049009	0.389328	5887500.000000
2020-05-08	0.007521	0.062607	0.064462	0.055258	1.054031	4712100.000000
2020-05-07	-0.003309	0.062291	0.063429	0.046361	-0.465286	5570500.000000
2020-05-06	-0.009498	0.056639	0.058894	0.042833	-1.348373	6191600.000000
2020-05-05	0.008296	0.058302	0.070945	0.055745	1.167969	6562300.000000
2020-05-04	-0.000135	0.056526	0.058728	0.044595	-0.018997	7198400.000000
2020-05-01	-0.011664	0.050169	0.050520	0.030306	-1.661728	7309000.000000
2020-04-30	-0.001331	0.040640	0.054449	0.031528	-0.189911	14829600.000000
2020-04-29	-0.007596	0.053048	0.054787	0.037605	-1.092010	9285200.000000
2020-04-28	-0.018796	0.032368	0.044995	0.028613	-2.753723	8558700.000000
2020-04-27	-0.003681	0.052777	0.061210	0.047269	-0.541275	8924000.000000
2020-04-24	-0.004180	0.053524	0.058467	0.040454	-0.617172	8653400.000000
2020-04-23	0.016471	0.061790	0.080720	0.058004	2.392868	10665000.000000
2020-04-22	0.022114	0.075139	0.090548	0.067541	3.143066	11515600.000000
2020-04-21	-0.013121	0.042355	0.052909	0.031593	-1.889633	9951100.000000
2020-04-20	-0.002302	0.045566	0.059906	0.039747	-0.332367	12226200.000000
2020-04-17	0.015701	0.069441	0.071623	0.052625	2.231491	10920000.000000
2020-04-16	0.013612	0.057753	0.074656	0.044416	1.908615	12181700.000000
2020-04-15	0.011162	0.049656	0.066675	0.035160	1.547791	11962300.000000
2020-04-14	0.044788	0.095688	0.110757	0.085365	5.944214	13838000.000000
2020-04-13	-0.010337	0.043945	0.055056	0.027839	-1.386322	8153200.000000
2020-04-09	-0.014170	0.058631	0.068996	0.031211	-1.927582	11125400.000000
2020-04-08	0.042042	0.055186	0.104057	0.051739	5.488464	10758200.000000
2020-04-07	-0.016314	0.053871	0.070222	0.034279	-2.165009	11567100.000000
2020-04-06	0.041663	0.075409	0.106491	0.063870	5.308022	14994400.000000
2020-04-03	0.007661	0.047027	0.066089	0.040700	0.968590	10071200.000000
2020-04-02	0.033693	0.055652	0.095549	0.040118	4.121086	11594500.000000
2020-04-01	-0.017692	0.025571	0.045889	0.007902	-2.202988	12606100.000000
2020-03-31	-0.014134	0.068794	0.074495	0.029681	-1.785179	15746100.000000
2020-03-30	0.079977	0.098437	0.145723	0.090228	9.353188	21754000.000000
2020-03-27	-0.026942	0.012181	0.061854	0.003278	-3.238007	12133200.000000
2020-03-26	0.060050	0.063437	0.121032	0.061761	6.808350	15066800.000000
2020-03-25	0.001846	0.050731	0.095355	0.031203	0.208893	13986100.000000
2020-03-24	0.072341	0.125321	0.133754	0.078891	7.634483	17604800.000000
2020-03-23	-0.072984	0.027731	0.041434	-0.041135	-8.308662	20815200.000000
2020-03-20	-0.056356	0.051294	0.056350	-0.020821	-6.798859	19785100.000000
2020-03-19	-0.058610	0.053351	0.053351	-0.015629	-7.511040	18482300.000000
2020-03-18	-0.011934	0.010172	0.046024	-0.007638	-1.547791	17521100.000000
2020-03-17	0.074412	0.064880	0.132973	0.058750	8.982872	18911800.000000
2020-03-16	-0.053318	-0.030950	0.048961	-0.039890	-6.798874	18877900.000000
2020-03-13	0.070808	0.085951	0.132976	0.046735	8.432106	20084200.000000
2020-03-12	-0.048482	0.017241	0.068778	-0.005212	-6.067688	21539200.000000
2020-03-11	-0.069472	0.026722	0.031630	-0.022275	-9.343689	17763400.000000
2020-03-10	0.038112	0.080364	0.095647	0.036059	4.937744	12698100.000000
2020-03-09	-0.039358	0.010853	0.035693	0.000250	-5.308075	13848600.000000
2020-03-06	0.000141	0.026940	0.060533	0.019005	0.019012	12239100.000000
2020-03-05	-0.010245	0.033447	0.047245	0.026400	-1.395874	11339200.000000
2020-03-04	0.058190	0.069350	0.115641	0.065156	7.492020	10560500.000000
2020-03-03	-0.031638	0.052967	0.060413	0.001071	-4.206528	13662500.000000
2020-03-02	0.041196	0.055467	0.097363	0.049437	5.260559	11508200.000000
2020-02-28	-0.033352	0.024655	0.039265	-0.009712	-4.405945	19820300.000000
2020-02-27	-0.031737	0.044908	0.061107	0.018448	-4.330017	12566700.000000
2020-02-26	-0.006706	0.058214	0.064548	0.045400	-0.921082	10093800.000000
2020-02-25	-0.008636	0.053695	0.059180	0.038105	-1.196472	10529000.000000
2020-02-24	-0.020607	0.035587	0.053259	0.026750	-2.915131	10588900.000000
2020-02-21	0.010514	0.057833	0.073191	0.053904	1.471939	7776800.000000
2020-02-20	-0.003827	0.057484	0.062964	0.048874	-0.537827	7464700.000000
2020-02-19	-0.001341	0.060330	0.064239	0.055853	-0.188705	6115200.000000
2020-02-18	-0.006595	0.062233	0.064139	0.052279	-0.934143	7230700.000000
2020-02-14	0.000267	0.063152	0.063716	0.053195	0.037781	5716300.000000
2020-02-13	-0.006619	0.053309	0.059482	0.051345	-0.943558	5480200.000000
2020-02-12	-0.005922	0.058996	0.060948	0.052371	-0.849213	5166800.000000
2020-02-11	0.000856	0.062833	0.063462	0.057599	0.122665	3715300.000000
2020-02-10	-0.000197	0.058367	0.059972	0.052855	-0.028290	4835600.000000
2020-02-07	-0.010682	0.058521	0.059350	0.046165	-1.547409	5700300.000000
2020-02-06	-0.002987	0.061622	0.063343	0.051230	-0.434036	6201200.000000
2020-02-05	0.015765	0.060671	0.076751	0.057805	2.255051	5979900.000000
2020-02-04	0.009523	0.069149	0.078041	0.067102	1.349304	6541400.000000
2020-02-03	0.008732	0.063748	0.071366	0.062467	1.226608	5765200.000000
2020-01-31	-0.009910	0.055533	0.057295	0.047709	-1.405899	8651700.000000
2020-01-30	-0.001196	0.056242	0.059621	0.049343	-0.169846	6470600.000000
2020-01-29	0.006957	0.059478	0.071813	0.057210	0.981293	6288600.000000
2020-01-28	0.005042	0.057767	0.072800	0.055558	0.707672	7336600.000000
2020-01-27	0.002899	0.054116	0.067978	0.050400	0.405685	7587100.000000
2020-01-24	-0.001414	0.060189	0.062830	0.055551	-0.198105	9051900.000000
2020-01-23	0.001889	0.058331	0.063550	0.049181	0.264191	8671900.000000
2020-01-22	-0.006833	0.041585	0.059194	0.036615	-0.962418	10305300.000000
2020-01-21	0.000670	0.055641	0.066937	0.055072	0.094345	9543900.000000
2020-01-17	0.006545	0.061335	0.068486	0.057902	0.915253	9083600.000000
2020-01-16	0.008095	0.062788	0.073026	0.053993	1.122818	6476000.000000
2020-01-15	0.003344	0.058965	0.066198	0.057807	0.462326	4960300.000000
2020-01-14	0.005628	0.055105	0.066452	0.052777	0.773712	7037500.000000
2020-01-13	0.004412	0.062901	0.065166	0.057349	0.603882	4593200.000000
2020-01-10	-0.002270	0.062457	0.065591	0.056261	-0.311371	5042600.000000
2020-01-09	0.002966	0.065681	0.067656	0.060052	0.405701	6112700.000000
2020-01-08	-0.000138	0.059028	0.067143	0.050476	-0.018860	6605800.000000
2020-01-07	0.006107	0.059171	0.069762	0.039828	0.830322	7382900.000000
2020-01-06	-0.001248	0.057776	0.059245	0.049328	-0.169846	7731300.000000
2020-01-03	-0.011578	0.041899	0.055476	0.038269	-1.594574	5752400.000000
2020-01-02	0.000685	0.059833	0.060923	0.054093	0.094345	5777000.000000
