2022-12-30	0.006606	0.004286	0.015780	0.001488	0.873550	9292500.000000
2022-12-29	0.005738	0.010961	0.013547	0.006246	0.754425	6585200.000000
2022-12-28	0.005465	0.008228	0.020157	0.001804	0.714722	8827700.000000
2022-12-27	0.003504	0.009612	0.014600	0.001785	0.456635	5411000.000000
2022-12-23	0.004745	0.006770	0.013400	-0.000478	0.615448	5091900.000000
2022-12-22	-0.011350	-0.000693	0.000831	-0.021198	-1.488998	8648200.000000
2022-12-21	0.011248	0.018872	0.025038	0.015712	1.459229	8051700.000000
2022-12-20	0.004844	0.014435	0.022800	0.008471	0.625381	8549900.000000
2022-12-19	0.005956	0.010192	0.023282	0.005828	0.764359	9017200.000000
2022-12-16	-0.006226	0.000030	0.005838	-0.005545	-0.804077	21133700.000000
2022-12-15	-0.024811	-0.009679	-0.002656	-0.025536	-3.285721	12087800.000000
2022-12-14	-0.004997	0.005133	0.019633	-0.002531	-0.665085	9966100.000000
2022-12-13	-0.000969	0.027503	0.029004	-0.001095	-0.129059	10025400.000000
2022-12-12	0.015512	0.009216	0.026366	0.003118	2.034973	8841600.000000
2022-12-09	-0.005418	0.002231	0.014058	0.000715	-0.714722	7957800.000000
2022-12-08	0.010494	0.013745	0.018724	0.006850	1.369888	8907300.000000
2022-12-07	-0.000684	0.005243	0.018793	-0.002259	-0.089340	11739400.000000
2022-12-06	0.001675	0.022877	0.036066	-0.004116	0.218384	13966700.000000
2022-12-05	-0.028041	0.000530	0.002989	-0.026600	-3.762207	10154500.000000
2022-12-02	-0.007927	-0.005553	0.000806	-0.014057	-1.072083	8931900.000000
2022-12-01	-0.014040	0.007387	0.010886	-0.012662	-1.925766	8858500.000000
2022-11-30	0.011863	0.003919	0.019337	-0.017473	1.608109	14761200.000000
2022-11-29	0.016450	0.009711	0.024557	0.007836	2.193787	7925300.000000
2022-11-28	-0.017478	0.002451	0.007166	-0.011400	-2.372467	9906900.000000
2022-11-25	0.001905	0.007387	0.012258	0.004287	0.258102	3220500.000000
2022-11-23	0.010664	0.006641	0.018278	0.006044	1.429443	7316200.000000
2022-11-22	0.014957	0.014580	0.024195	0.012232	1.975403	9185700.000000
2022-11-21	-0.005903	0.006634	0.012806	-0.000818	-0.784210	7800500.000000
2022-11-18	0.009808	0.022816	0.023576	0.005411	1.290482	9468500.000000
2022-11-17	-0.004357	-0.001089	0.005646	-0.006538	-0.575760	8820200.000000
2022-11-16	0.001354	0.007841	0.012085	0.000491	0.178680	7893400.000000
2022-11-15	-0.007244	0.013179	0.020928	-0.009991	-0.962891	14038300.000000
2022-11-14	-0.010273	0.003664	0.010588	-0.002963	-1.379807	11085600.000000
2022-11-11	0.001629	0.008207	0.015515	-0.002308	0.218384	10704700.000000
2022-11-10	0.041159	0.029826	0.050170	0.029050	5.300842	16351600.000000
2022-11-09	-0.013009	0.006390	0.007233	-0.009703	-1.697449	9494000.000000
2022-11-08	0.000609	0.006390	0.012678	-0.002045	0.079407	9884100.000000
2022-11-07	0.005280	0.009853	0.019798	0.005845	0.684952	12011200.000000
2022-11-04	0.027358	0.025523	0.036135	0.017366	3.454475	14953200.000000
2022-11-03	0.001811	0.002150	0.016987	-0.001023	0.228310	12474400.000000
2022-11-02	-0.009208	0.003456	0.024759	-0.004483	-1.171341	16546100.000000
2022-11-01	0.018033	0.015309	0.026593	0.010988	2.253357	13386900.000000
2022-10-31	-0.001586	0.004350	0.018173	0.003471	-0.198540	13295200.000000
2022-10-28	0.011878	0.012965	0.020969	0.002940	1.469147	11859500.000000
2022-10-27	0.003948	0.016234	0.024351	0.008198	0.486404	10727600.000000
2022-10-26	0.011491	0.009850	0.027912	0.008864	1.399666	11667000.000000
2022-10-25	0.002615	0.003024	0.014713	-0.004878	0.317657	11289100.000000
2022-10-24	0.001227	0.006068	0.014557	-0.000031	0.148895	12624200.000000
2022-10-21	0.052527	0.010249	0.061690	0.009122	6.055275	20593300.000000
2022-10-20	-0.003262	0.013007	0.026409	-0.000049	-0.377220	12207400.000000
2022-10-19	-0.019606	0.000181	0.007302	-0.019485	-2.312904	17072000.000000
2022-10-18	0.025721	0.040427	0.044601	0.016951	2.958145	21539700.000000
2022-10-17	0.042000	0.045620	0.060116	0.035745	4.635750	22276300.000000
2022-10-14	0.016641	0.031243	0.061454	0.019821	1.806656	33387100.000000
2022-10-13	0.055593	-0.008462	0.068543	-0.010601	5.717766	22398700.000000
2022-10-12	0.016183	0.005806	0.034755	0.000668	1.637909	13181000.000000
2022-10-11	-0.028860	0.001438	0.003069	-0.022742	-3.007782	12739700.000000
2022-10-10	-0.009341	0.014516	0.020029	-0.006491	-0.982750	8931700.000000
2022-10-07	-0.019974	0.001611	0.003381	-0.019349	-2.144157	11681100.000000
2022-10-06	-0.020382	-0.001100	0.005561	-0.014971	-2.233505	11521400.000000
2022-10-05	-0.012347	-0.010820	-0.000004	-0.019112	-1.369873	10943500.000000
2022-10-04	0.046784	0.043572	0.066026	0.036496	4.958672	16013600.000000
2022-10-03	0.030909	0.027293	0.053943	0.016011	3.177887	12248100.000000
2022-09-30	-0.015637	0.015442	0.030378	-0.000451	-1.633224	15973400.000000
2022-09-29	-0.016946	0.006611	0.009717	-0.017389	-1.800468	12713900.000000
2022-09-28	0.020217	0.017360	0.044054	0.014383	2.105476	12762600.000000
2022-09-27	-0.008802	0.025537	0.029534	-0.003968	-0.924835	12793600.000000
2022-09-26	-0.021532	0.005783	0.020777	-0.012284	-2.312080	15753600.000000
2022-09-23	-0.018613	0.005798	0.008448	-0.020615	-2.036598	18138600.000000
2022-09-22	-0.011379	0.024441	0.026429	0.003569	-1.259346	11684500.000000
2022-09-21	-0.028835	0.022630	0.023156	-0.013523	-3.286110	12606300.000000
2022-09-20	-0.019719	0.009948	0.012357	-0.013879	-2.292412	9619000.000000
2022-09-19	0.009224	0.007024	0.030724	0.002770	1.062576	8201300.000000
2022-09-16	-0.006702	0.012261	0.012347	-0.005158	-0.777252	14844100.000000
2022-09-15	0.015071	0.016400	0.044934	0.013249	1.721764	10821400.000000
2022-09-14	-0.002320	0.019107	0.029062	0.003213	-0.265640	9345700.000000
2022-09-13	-0.034749	-0.004758	0.002407	-0.024061	-4.122398	12904600.000000
2022-09-12	0.011832	0.028767	0.036699	0.021688	1.387253	8614600.000000
2022-09-09	0.004806	0.021027	0.028826	0.017000	0.560799	9299700.000000
2022-09-08	0.023296	0.010962	0.041744	0.005262	2.656433	11435000.000000
2022-09-07	0.018991	0.010949	0.037578	0.007642	2.125160	10647900.000000
2022-09-06	0.000264	0.021942	0.025696	0.001740	0.029510	9751900.000000
2022-09-02	-0.006986	0.028471	0.042495	0.004683	-0.787094	10666600.000000
2022-09-01	0.006858	0.012467	0.024443	0.000134	0.767410	9979800.000000
2022-08-31	-0.005944	0.017021	0.021908	0.006894	-0.669029	10738300.000000
2022-08-30	0.000175	0.021820	0.026973	0.007248	0.019684	10745400.000000
2022-08-29	-0.002442	0.010461	0.018084	0.005675	-0.275475	8117300.000000
2022-08-26	-0.032729	0.024202	0.028746	-0.017466	-3.817413	11276200.000000
2022-08-25	0.023748	0.019559	0.042205	0.015346	2.705635	10758900.000000
2022-08-24	0.002424	0.014376	0.024230	0.006985	0.275490	9771300.000000
2022-08-23	-0.009857	0.016574	0.021801	0.005162	-1.131447	7607000.000000
2022-08-22	-0.016522	0.000292	0.003805	-0.010418	-1.928375	8967600.000000
2022-08-19	-0.024745	0.007877	0.010968	-0.013096	-2.961433	13464500.000000
2022-08-18	-0.007749	0.013498	0.015405	-0.000514	-0.934669	9531800.000000
2022-08-17	-0.008412	0.005465	0.012536	0.000450	-1.023224	8149300.000000
2022-08-16	0.009554	0.014989	0.031173	0.011503	1.151123	9555000.000000
2022-08-15	0.002702	0.008161	0.021310	0.003667	0.324677	8456200.000000
2022-08-12	0.016564	0.020883	0.034251	0.010478	1.957886	9906700.000000
2022-08-11	0.014782	0.029363	0.040524	0.024298	1.721764	11684900.000000
2022-08-10	0.026088	0.039127	0.051548	0.035075	2.961441	12847300.000000
2022-08-09	0.009007	0.019955	0.030977	0.016578	1.013382	10233800.000000
2022-08-08	-0.012180	0.020702	0.024653	0.002527	-1.387260	10332500.000000
2022-08-05	0.030260	0.017937	0.051046	0.013595	3.345146	14174600.000000
2022-08-04	-0.011003	0.009600	0.013805	-0.006771	-1.229828	18033900.000000
2022-08-03	0.010495	0.025621	0.031497	0.009891	1.160957	14394500.000000
2022-08-02	-0.015585	0.013819	0.018091	-0.000865	-1.751282	14942900.000000
2022-08-01	-0.009969	0.008823	0.014197	-0.003777	-1.131439	14740400.000000
2022-07-29	0.004790	0.023305	0.031361	0.016223	0.541122	12944500.000000
2022-07-28	-0.003731	0.016488	0.022926	0.001318	-0.423058	10384800.000000
2022-07-27	0.016047	0.021687	0.037190	0.015324	1.790634	9337400.000000
2022-07-26	-0.015622	0.010754	0.019575	-0.002919	-1.770966	10675100.000000
2022-07-25	0.004008	0.025965	0.031456	0.016488	0.452576	9394000.000000
2022-07-22	-0.004856	0.015695	0.024596	0.001857	-0.550957	7645500.000000
2022-07-21	0.006810	0.015512	0.025185	0.006017	0.767410	11595900.000000
2022-07-20	-0.000175	0.012318	0.017997	0.006818	-0.019669	11667500.000000
2022-07-19	0.024779	0.028583	0.045040	0.024401	2.725296	11862300.000000
2022-07-18	-0.010270	0.032777	0.042406	0.001462	-1.141281	13977900.000000
2022-07-15	0.045833	0.027317	0.071737	0.013294	4.870132	18863900.000000
2022-07-14	-0.034939	-0.019203	-0.017023	-0.036732	-3.846909	26204800.000000
2022-07-13	-0.009383	0.005423	0.011991	-0.006903	-1.042900	12979900.000000
2022-07-12	0.000975	0.013878	0.037293	0.010996	0.108223	11250900.000000
2022-07-11	-0.013116	0.009201	0.015244	-0.002620	-1.475800	7939500.000000
2022-07-08	-0.003138	0.020298	0.024639	0.006565	-0.354187	8807800.000000
2022-07-07	0.025293	0.031025	0.043742	0.030116	2.784332	10347400.000000
2022-07-06	-0.006482	0.008367	0.019739	-0.000116	-0.718216	10656200.000000
2022-07-05	-0.003804	-0.004099	0.013343	-0.017316	-0.423065	12514200.000000
2022-07-01	0.012788	0.025755	0.041872	0.012187	1.404350	10573600.000000
2022-06-30	-0.023330	-0.009791	-0.001829	-0.029391	-2.666412	15172600.000000
2022-06-29	-0.004490	0.010414	0.017556	-0.000649	-0.515442	9338400.000000
2022-06-28	-0.004812	0.020028	0.034071	0.002084	-0.555084	11590900.000000
2022-06-27	-0.008012	0.015209	0.018993	-0.005601	-0.931763	11280500.000000
2022-06-24	0.029846	0.002735	0.043383	-0.000807	3.370193	14841100.000000
2022-06-23	-0.010939	0.007357	0.008846	-0.023562	-1.248955	11851500.000000
2022-06-22	-0.005612	0.000571	0.012068	-0.003696	-0.644302	9842700.000000
2022-06-21	0.024772	0.034194	0.044548	0.026786	2.775452	11680500.000000
2022-06-17	-0.003526	0.009824	0.019518	-0.002450	-0.396500	30919900.000000
2022-06-16	-0.017156	-0.004704	-0.001207	-0.022099	-1.962639	16724900.000000
2022-06-15	0.011836	0.022644	0.034407	0.000974	1.338165	14083500.000000
2022-06-14	-0.016639	0.005019	0.020414	-0.015247	-1.913071	13357900.000000
2022-06-13	-0.029778	-0.013854	-0.004656	-0.029044	-3.528793	16805600.000000
2022-06-10	-0.045966	-0.013053	-0.006531	-0.039379	-5.709488	12945200.000000
2022-06-09	-0.021016	0.003880	0.009634	-0.012671	-2.666420	13560100.000000
2022-06-08	-0.015915	0.000546	0.004037	-0.015742	-2.051865	8422100.000000
2022-06-07	0.002621	0.001847	0.013434	0.000214	0.337036	6722200.000000
2022-06-06	-0.003304	0.016054	0.026130	0.003420	-0.426239	11323500.000000
2022-06-03	-0.013939	0.002808	0.007088	-0.006516	-1.823868	8596000.000000
2022-06-02	0.016088	0.008768	0.025154	-0.000784	2.071686	8374800.000000
2022-06-01	-0.017545	0.013729	0.013729	-0.018315	-2.299652	10768000.000000
2022-05-31	0.007313	0.000469	0.023294	-0.003143	0.951569	17015000.000000
2022-05-27	0.014138	0.014457	0.023108	0.006507	1.813950	11177800.000000
2022-05-26	0.017290	0.017805	0.032235	0.016537	2.180725	15990900.000000
2022-05-25	0.006964	0.008207	0.020821	-0.000655	0.872276	12780400.000000
2022-05-24	0.014125	0.006902	0.032245	-0.003218	1.744576	19324900.000000
2022-05-23	0.061871	0.035670	0.088202	0.035584	7.196342	24376700.000000
2022-05-20	-0.008199	0.018652	0.020443	-0.019209	-0.961494	13150100.000000
2022-05-19	-0.014822	-0.007116	0.005149	-0.011820	-1.764397	12765800.000000
2022-05-18	-0.017106	0.001579	0.007112	-0.013036	-2.071678	12664900.000000
2022-05-17	0.033147	0.032561	0.049025	0.030599	3.885628	11160200.000000
2022-05-16	-0.006969	0.004186	0.011980	-0.006911	-0.822716	10269000.000000
2022-05-13	0.008895	0.020555	0.027734	0.008162	1.040787	10443200.000000
2022-05-12	-0.000846	-0.000889	0.010383	-0.014809	-0.099121	16318800.000000
2022-05-11	-0.006308	0.012325	0.042788	0.000784	-0.743423	14630300.000000
2022-05-10	-0.024372	0.019194	0.024741	-0.026753	-2.943954	16382400.000000
2022-05-09	-0.015034	-0.004283	0.005665	-0.017411	-1.843697	14312300.000000
2022-05-06	-0.001614	0.007869	0.011858	-0.013461	-0.198242	14417900.000000
2022-05-05	-0.025020	-0.005839	0.000908	-0.030365	-3.152115	15055400.000000
2022-05-04	0.033081	0.006960	0.044680	0.006468	4.034309	17128500.000000
2022-05-03	0.021420	0.017891	0.040003	0.011610	2.557381	15720900.000000
2022-05-02	0.009132	0.013241	0.020256	-0.000790	1.080437	18545000.000000
2022-04-29	-0.032268	0.006474	0.011054	-0.027471	-3.945099	14874800.000000
2022-04-28	0.015813	0.020395	0.027374	0.006519	1.903168	13015600.000000
2022-04-27	-0.013006	0.003187	0.013274	-0.005915	-1.585968	17215200.000000
2022-04-26	-0.029581	-0.008105	0.005981	-0.022191	-3.717125	17209500.000000
2022-04-25	-0.000315	0.002481	0.011312	-0.020590	-0.039650	17149000.000000
2022-04-22	-0.028722	0.006682	0.008537	-0.021058	-3.717117	14318800.000000
2022-04-21	-0.007752	0.013753	0.018276	-0.003575	-1.011063	12174200.000000
2022-04-20	0.003508	0.019617	0.027234	0.010538	0.455978	13430200.000000
2022-04-19	0.020707	0.008767	0.031306	0.007039	2.636665	15015400.000000
2022-04-18	0.018554	0.005246	0.033803	0.004206	2.319481	11834400.000000
2022-04-14	-0.009269	0.002506	0.016771	-0.009223	-1.169647	18835200.000000
2022-04-13	-0.032234	-0.026434	-0.008717	-0.033567	-4.202820	30838000.000000
2022-04-12	-0.010977	0.002322	0.020830	-0.008601	-1.447205	12989900.000000
2022-04-11	-0.003671	0.005142	0.019502	0.001893	-0.485703	10466400.000000
2022-04-08	0.018308	0.013309	0.030471	0.011924	2.378967	13126900.000000
2022-04-07	-0.003042	0.004702	0.012145	-0.012330	-0.396515	12994200.000000
2022-04-06	-0.013874	-0.004470	0.002944	-0.009161	-1.833771	12914700.000000
2022-04-05	-0.011637	0.002564	0.012510	-0.005362	-1.556229	12110300.000000
2022-04-04	0.004434	0.007385	0.028567	-0.001853	0.590378	17416400.000000
2022-04-01	-0.007409	0.024375	0.024450	-0.002464	-0.993790	15721300.000000
2022-03-31	-0.030027	0.011189	0.014950	-0.014627	-4.152206	17353900.000000
2022-03-30	-0.004533	0.021507	0.023091	0.007181	-0.629715	8771000.000000
2022-03-29	0.002200	0.034216	0.036019	0.011778	0.304993	11316500.000000
2022-03-28	-0.007398	0.002574	0.009520	-0.012465	-1.033127	10818100.000000
2022-03-25	0.008743	0.019213	0.034311	0.017118	1.210236	8383500.000000
2022-03-24	0.006510	0.020104	0.023086	0.011452	0.895386	10017600.000000
2022-03-23	-0.019913	0.004637	0.008984	-0.008048	-2.794373	12093200.000000
2022-03-22	0.021267	0.035391	0.047472	0.031388	2.922287	13548600.000000
2022-03-21	-0.003212	0.018137	0.021111	0.006385	-0.442780	12676100.000000
2022-03-18	-0.000357	0.016614	0.021400	0.004068	-0.049179	23656500.000000
2022-03-17	0.012645	0.005015	0.029468	-0.001888	1.721893	17050500.000000
2022-03-16	0.044686	0.034658	0.062429	0.031283	5.824905	20354900.000000
2022-03-15	0.017746	0.029050	0.042714	0.023819	2.272903	15096600.000000
2022-03-14	0.009931	0.020818	0.048101	0.019005	1.259438	15786900.000000
2022-03-11	-0.022524	0.021179	0.033434	-0.010191	-2.922295	20061800.000000
2022-03-10	-0.011841	0.004290	0.016400	-0.007439	-1.554626	15604200.000000
2022-03-09	0.040062	0.052762	0.071299	0.049118	5.057442	17536200.000000
2022-03-08	-0.007043	0.019706	0.036617	0.001064	-0.895393	19207800.000000
2022-03-07	-0.038616	-0.000539	0.003393	-0.024889	-5.106613	27560100.000000
2022-03-04	-0.028129	-0.008296	-0.004769	-0.026963	-3.827530	21016000.000000
2022-03-03	-0.007108	0.020410	0.028728	0.000124	-0.974106	16640800.000000
2022-03-02	0.020740	0.022580	0.043063	0.017515	2.784561	19405600.000000
2022-03-01	-0.037729	0.003709	0.006863	-0.042592	-5.264084	36840400.000000
2022-02-28	-0.041698	-0.014035	-0.003664	-0.032374	-6.070908	31315300.000000
2022-02-25	0.023660	0.021245	0.055556	0.018855	3.365067	18367700.000000
2022-02-24	-0.027843	-0.022979	-0.008967	-0.044578	-4.073502	25655100.000000
2022-02-23	-0.020939	0.024689	0.025893	-0.009775	-3.128922	11799000.000000
2022-02-22	-0.001775	0.006036	0.023672	0.004767	-0.265671	11333500.000000
2022-02-18	0.004689	0.021022	0.034512	0.014310	0.698608	11733300.000000
2022-02-17	-0.023032	0.003210	0.007996	-0.012068	-3.512665	11367500.000000
2022-02-16	0.001810	0.009886	0.025389	0.009886	0.275497	9076500.000000
2022-02-15	0.014624	0.029787	0.039317	0.025388	2.194183	9500000.000000
2022-02-14	-0.009291	0.008466	0.014739	-0.007447	-1.407028	17026500.000000
2022-02-11	-0.013017	0.014108	0.030922	-0.003097	-1.997391	16830000.000000
2022-02-10	-0.004151	0.016713	0.032094	0.007367	-0.639572	16455600.000000
2022-02-09	0.004168	0.020494	0.025969	0.015476	0.639572	9131100.000000
2022-02-08	0.018815	0.029138	0.052244	0.027810	2.833740	20411400.000000
2022-02-07	0.003343	0.021054	0.023385	0.004932	0.501816	12572300.000000
2022-02-04	0.025958	0.019058	0.049130	0.016802	3.798004	16654400.000000
2022-02-03	-0.008270	0.016730	0.027914	0.005140	-1.220093	12474900.000000
2022-02-02	-0.008005	0.011953	0.014912	-0.004386	-1.190552	12441100.000000
2022-02-01	0.017160	0.016939	0.035952	0.014272	2.509018	14584900.000000
2022-01-31	0.013574	0.009599	0.031436	0.002875	1.958054	13985700.000000
2022-01-28	0.008946	0.008490	0.026465	-0.005638	1.279129	14117000.000000
2022-01-27	-0.017645	0.026630	0.033226	-0.009717	-2.568085	17536800.000000
2022-01-26	0.009486	0.031513	0.044345	0.012370	1.367676	20709100.000000
2022-01-25	0.010900	0.007209	0.029646	-0.012845	1.554611	18915900.000000
2022-01-24	-0.000896	-0.003291	0.019126	-0.022275	-0.127899	28471400.000000
2022-01-21	-0.017473	0.015222	0.015291	-0.007009	-2.538574	20705400.000000
2022-01-20	-0.008527	0.016733	0.027788	0.005610	-1.249588	14860800.000000
2022-01-19	-0.015469	0.018339	0.022773	-0.001951	-2.302429	22380000.000000
2022-01-18	-0.041928	0.002742	0.002742	-0.030988	-6.513672	32324800.000000
2022-01-14	-0.061463	-0.028805	-0.027174	-0.052124	-10.173920	40158400.000000
2022-01-13	-0.001247	0.015720	0.024590	0.013005	-0.206635	13623400.000000
2022-01-12	0.005672	0.022210	0.029066	0.014442	0.934738	12568000.000000
2022-01-11	0.001016	0.022033	0.023613	0.010189	0.167267	11854100.000000
2022-01-10	0.000957	0.027936	0.029395	0.006413	0.157425	12922500.000000
2022-01-07	0.009908	0.017245	0.028665	0.013499	1.613663	13913300.000000
2022-01-06	0.010624	0.035747	0.038601	0.016882	1.712067	14047500.000000
2022-01-05	-0.018282	0.022355	0.025644	-0.002561	-3.001007	17539400.000000
2022-01-04	0.037910	0.038918	0.065917	0.038413	5.995605	20195800.000000
2022-01-03	0.021156	0.032165	0.050115	0.029905	3.276535	13120900.000000
2021-12-31	-0.000820	0.022222	0.027641	0.019061	-0.127136	5805900.000000
2021-12-30	-0.000504	0.025962	0.033249	0.021190	-0.078232	6948200.000000
2021-12-29	-0.000504	0.023769	0.028796	0.019258	-0.078247	6398900.000000
2021-12-28	0.003035	0.022674	0.035280	0.021898	0.469467	6342300.000000
2021-12-27	0.005723	0.024626	0.028527	0.016434	0.880264	6188100.000000
2021-12-23	0.003574	0.028353	0.038205	0.025743	0.547729	8055200.000000
2021-12-22	0.003908	0.020189	0.028769	0.016848	0.596619	7273000.000000
2021-12-21	0.013966	0.032179	0.043934	0.030053	2.102859	11291300.000000
2021-12-20	-0.017989	0.007741	0.008980	-0.009674	-2.758179	15148000.000000
2021-12-17	-0.022754	0.015468	0.015851	-0.010919	-3.569962	28082000.000000
2021-12-16	0.015639	0.038275	0.047533	0.027335	2.415833	19542800.000000
2021-12-15	-0.007478	0.027042	0.027042	0.010979	-1.163910	14014200.000000
2021-12-14	0.007662	0.019373	0.041644	0.018402	1.183487	12563600.000000
2021-12-13	-0.011888	0.020368	0.022224	0.006166	-1.858353	12069000.000000
2021-12-10	-0.003989	0.027895	0.030317	0.013941	-0.625977	10405400.000000
2021-12-09	-0.001556	0.015672	0.023815	0.009310	-0.244522	11189600.000000
2021-12-08	-0.011441	0.022982	0.026818	0.007322	-1.819214	11705700.000000
2021-12-07	0.015047	0.033396	0.043035	0.028799	2.357162	9851600.000000
2021-12-06	0.011814	0.039984	0.050319	0.029973	1.829010	11186500.000000
2021-12-03	-0.018113	0.024255	0.026348	-0.003080	-2.856003	12681800.000000
2021-12-02	0.021027	0.034978	0.057124	0.028308	3.247238	12969900.000000
2021-12-01	-0.005918	0.036384	0.050997	0.015785	-0.919388	12253400.000000
2021-11-30	-0.014886	0.009289	0.018611	0.003772	-2.347382	18922600.000000
2021-11-29	-0.004323	0.031129	0.040410	0.009093	-0.684647	12104400.000000
2021-11-26	-0.030127	-0.007101	-0.003978	-0.027432	-4.919754	13619300.000000
2021-11-24	-0.007844	0.023509	0.029463	0.011236	-1.291031	9629800.000000
2021-11-23	0.023912	0.029570	0.048606	0.028761	3.843826	12354400.000000
2021-11-22	0.021315	0.043001	0.054565	0.035568	3.354813	14549900.000000
2021-11-19	-0.013064	0.011442	0.016521	-0.000158	-2.083313	12193600.000000
2021-11-18	-0.008634	0.021918	0.024778	0.010542	-1.388855	8122500.000000
2021-11-17	-0.005382	0.021488	0.023652	0.010235	-0.870499	9909600.000000
2021-11-16	-0.007205	0.025485	0.025546	0.013576	-1.173676	9706100.000000
2021-11-15	-0.001798	0.024560	0.028114	0.017146	-0.293442	6492500.000000
2021-11-12	-0.004475	0.022659	0.023209	0.010887	-0.733566	8113400.000000
2021-11-11	-0.000060	0.021806	0.028881	0.018024	-0.009766	5815300.000000
2021-11-10	-0.000954	0.020405	0.029545	0.018211	-0.156494	6999200.000000
2021-11-09	-0.007571	0.012074	0.018847	0.007538	-1.251953	7990300.000000
2021-11-08	0.006010	0.028500	0.039877	0.026614	0.987869	6413700.000000
2021-11-05	-0.001426	0.026121	0.033351	0.017069	-0.234741	7975600.000000
2021-11-04	-0.013136	0.019238	0.020437	-0.001806	-2.190887	9574200.000000
2021-11-03	0.000352	0.020376	0.026374	0.014499	0.058670	8402700.000000
2021-11-02	0.003946	0.022416	0.033796	0.017117	0.655319	7173800.000000
2021-11-01	-0.000530	0.035354	0.037100	0.017120	-0.088028	7435500.000000
2021-10-29	-0.002759	0.027337	0.033698	0.016594	-0.459686	8140100.000000
2021-10-28	0.015075	0.025279	0.038742	0.023208	2.474533	7212900.000000
2021-10-27	-0.020828	0.015973	0.018240	-0.001803	-3.491730	9847000.000000
2021-10-26	0.002691	0.022774	0.031686	0.020023	0.449905	8015100.000000
2021-10-25	-0.004890	0.027951	0.029439	0.014678	-0.821579	10159200.000000
2021-10-22	0.013451	0.025613	0.038038	0.023622	2.230011	8817900.000000
2021-10-21	-0.007844	0.021937	0.025348	0.009489	-1.310623	8415200.000000
2021-10-20	0.013466	0.020778	0.036366	0.015683	2.220230	8185600.000000
2021-10-19	0.012129	0.027634	0.035307	0.022600	1.975723	8053900.000000
2021-10-18	-0.000360	0.021618	0.034689	0.018120	-0.058701	12672900.000000
2021-10-15	0.019208	0.034174	0.045557	0.026606	3.071167	14267400.000000
2021-10-14	0.015342	0.027178	0.041530	0.016446	2.415848	15176800.000000
2021-10-13	-0.026367	0.014440	0.022725	-0.007015	-4.264404	22753500.000000
2021-10-12	-0.007681	0.016955	0.022722	0.010942	-1.251938	13032600.000000
2021-10-11	-0.021032	0.025899	0.028842	-0.000169	-3.501511	12154700.000000
2021-10-08	0.000764	0.021995	0.029929	0.017667	0.127151	8190100.000000
2021-10-07	0.006331	0.035602	0.037478	0.025561	1.046524	10195400.000000
2021-10-06	0.002134	0.018354	0.025083	0.006291	0.352112	8692600.000000
2021-10-05	0.016330	0.030178	0.048230	0.026851	2.650589	12292900.000000
2021-10-04	-0.001077	0.027592	0.048947	0.019960	-0.175018	14120000.000000
2021-10-01	0.021015	0.030524	0.057544	0.028011	3.344437	11285000.000000
2021-09-30	-0.013619	0.034589	0.035023	0.008990	-2.197205	13161200.000000
2021-09-29	-0.000783	0.029382	0.033655	0.022135	-0.126389	7777100.000000
2021-09-28	-0.005390	0.033012	0.042867	0.020445	-0.875000	13387900.000000
2021-09-27	0.024166	0.040942	0.056083	0.038481	3.830551	13220900.000000
2021-09-24	0.011540	0.030236	0.043956	0.026279	1.808334	10102400.000000
2021-09-23	0.033801	0.042365	0.066841	0.040188	5.123566	12336100.000000
2021-09-22	0.019153	0.043503	0.057286	0.042831	2.848618	11236200.000000
2021-09-21	0.000131	0.032409	0.039268	0.026021	0.019409	8999900.000000
2021-09-20	-0.029934	0.003854	0.008224	-0.018325	-4.588837	15819900.000000
2021-09-17	-0.002594	0.023957	0.034562	0.021485	-0.398621	25581600.000000
2021-09-16	-0.000443	0.036706	0.046071	0.022463	-0.068069	10880900.000000
2021-09-15	0.006940	0.026285	0.039185	0.024647	1.059723	11691500.000000
2021-09-14	-0.017453	0.032373	0.038099	0.005413	-2.712479	11685600.000000
2021-09-13	0.015887	0.036224	0.046160	0.033217	2.430542	10052800.000000
2021-09-10	-0.011496	0.037429	0.038462	0.015848	-1.779144	8311600.000000
2021-09-09	0.004353	0.027084	0.043697	0.025851	0.670822	7904300.000000
2021-09-08	-0.004460	0.026509	0.030967	0.021018	-0.690292	7852700.000000
2021-09-07	-0.001756	0.031801	0.040765	0.025158	-0.272217	9285600.000000
2021-09-03	-0.006045	0.028128	0.031333	0.020179	-0.943039	7959700.000000
2021-09-02	0.004633	0.030509	0.040748	0.026709	0.719437	8813300.000000
2021-09-01	-0.001438	0.030313	0.033785	0.022275	-0.223602	8729900.000000
2021-08-31	-0.003054	0.028577	0.034539	0.021589	-0.476395	12340800.000000
2021-08-30	-0.016007	0.029586	0.031352	0.008579	-2.537491	7937600.000000
2021-08-27	0.008037	0.028576	0.037543	0.025460	1.263870	8780200.000000
2021-08-26	0.005158	0.037142	0.047177	0.030047	0.806961	11027500.000000
2021-08-25	0.020613	0.034056	0.055389	0.029425	3.159698	11335000.000000
2021-08-24	0.006190	0.030546	0.040720	0.029692	0.943054	7670900.000000
2021-08-23	0.012797	0.032632	0.044332	0.032034	1.924988	7934600.000000
2021-08-20	0.002852	0.029043	0.032710	0.021109	0.427765	6974100.000000
2021-08-19	-0.008356	0.012577	0.028444	0.011586	-1.263870	9517700.000000
2021-08-18	-0.009108	0.023991	0.035127	0.017636	-1.390274	8065500.000000
2021-08-17	-0.012081	0.019775	0.028124	0.004889	-1.866653	9347200.000000
2021-08-16	-0.006563	0.021890	0.022469	0.008002	-1.020828	8755800.000000
2021-08-13	-0.011187	0.028577	0.030929	0.014463	-1.759705	8980900.000000
2021-08-12	0.003909	0.033172	0.036299	0.024683	0.612488	8844200.000000
2021-08-11	0.011930	0.033356	0.043044	0.027414	1.847214	9156500.000000
2021-08-10	0.012267	0.024719	0.045901	0.021908	1.876358	8667000.000000
2021-08-09	-0.001079	0.028707	0.035434	0.018127	-0.165268	9516900.000000
2021-08-06	0.028404	0.042278	0.059941	0.041740	4.229172	13328800.000000
2021-08-05	0.012629	0.035649	0.045239	0.033813	1.856918	9151500.000000
2021-08-04	-0.010792	0.017543	0.031806	0.015256	-1.604156	10155000.000000
2021-08-03	0.011378	0.033884	0.043205	0.017350	1.672226	10394800.000000
2021-08-02	-0.004019	0.030271	0.046671	0.023765	-0.593048	10203200.000000
2021-07-30	-0.007974	0.025753	0.033081	0.016476	-1.186111	9805200.000000
2021-07-29	0.008569	0.038340	0.043290	0.030000	1.263870	9063500.000000
2021-07-28	0.001651	0.034281	0.037541	0.024706	0.243073	9217300.000000
2021-07-27	-0.001319	0.020098	0.034274	0.016029	-0.194443	11218700.000000
2021-07-26	0.006705	0.025504	0.037590	0.025367	0.981918	8208000.000000
2021-07-23	-0.001921	0.032325	0.041593	0.023942	-0.281921	9666100.000000
2021-07-22	-0.012626	0.028711	0.032479	0.009130	-1.876389	9913300.000000
2021-07-21	0.021041	0.044653	0.055646	0.039913	3.062469	12356700.000000
2021-07-20	0.018643	0.025427	0.057621	0.024098	2.663895	15385200.000000
2021-07-19	-0.032519	0.005826	0.014425	-0.013403	-4.802780	22172900.000000
2021-07-16	-0.022835	0.031885	0.034002	-0.000800	-3.451370	14002700.000000
2021-07-15	0.002192	0.020487	0.037926	0.019161	0.330566	11539300.000000
2021-07-14	-0.003405	0.030559	0.039348	0.010734	-0.515259	14622800.000000
2021-07-13	-0.014874	0.015882	0.024605	-0.000718	-2.284729	22671700.000000
2021-07-12	0.014316	0.019200	0.050961	0.016493	2.168045	19940400.000000
2021-07-09	0.031999	0.042955	0.064080	0.039752	4.695801	13694500.000000
2021-07-08	-0.017254	0.015317	0.021478	0.004802	-2.576370	17834600.000000
2021-07-07	0.001173	0.019190	0.034410	0.016106	0.175003	12271800.000000
2021-07-06	-0.016792	0.026929	0.026929	0.004317	-2.547195	15083400.000000
2021-07-02	-0.000961	0.027062	0.029499	0.021595	-0.145859	11424000.000000
2021-07-01	0.009901	0.039293	0.045146	0.033706	1.488663	10479400.000000
2021-06-30	0.009083	0.031886	0.047524	0.031618	1.353302	12531000.000000
2021-06-29	-0.001231	0.038995	0.047776	0.029678	-0.183655	14528700.000000
2021-06-28	0.001818	0.032153	0.037391	0.021543	0.270660	14125800.000000
2021-06-25	0.010098	0.035046	0.048002	0.028806	1.488617	15484900.000000
2021-06-24	0.009198	0.039980	0.048195	0.035188	1.343658	13733200.000000
2021-06-23	0.006058	0.034435	0.047107	0.033677	0.879623	12733300.000000
2021-06-22	-0.001462	0.035673	0.038218	0.022332	-0.212631	14251200.000000
2021-06-21	0.016969	0.042617	0.057443	0.042197	2.426270	18664800.000000
2021-06-18	-0.025303	0.017735	0.020461	0.005874	-3.711929	43595700.000000
2021-06-17	-0.028860	0.039998	0.042382	0.001271	-4.359589	29722400.000000
2021-06-16	0.007024	0.031504	0.050770	0.020704	1.053650	25321200.000000
2021-06-15	-0.015168	0.028792	0.030236	0.011919	-2.310287	24485500.000000
2021-06-14	-0.016969	0.033600	0.034762	0.011076	-2.629288	19917900.000000
2021-06-11	-0.000686	0.034697	0.039663	0.025861	-0.106308	13683800.000000
2021-06-10	-0.015589	0.043519	0.049106	0.017806	-2.455307	12119400.000000
2021-06-09	-0.012485	0.029112	0.029613	0.017450	-1.991287	12377400.000000
2021-06-08	-0.003984	0.027197	0.035128	0.018892	-0.638000	10370700.000000
2021-06-07	-0.004686	0.037985	0.038606	0.026424	-0.753952	7267200.000000
2021-06-04	0.001625	0.034753	0.037617	0.027407	0.261002	8510800.000000
2021-06-03	0.000662	0.030454	0.041917	0.025782	0.106308	13354400.000000
2021-06-02	0.000060	0.042042	0.043164	0.031264	0.009659	10498600.000000
2021-06-01	0.011020	0.044771	0.051321	0.042314	1.749634	9445400.000000
2021-05-28	-0.000669	0.036581	0.038218	0.027643	-0.106323	10291300.000000
2021-05-27	0.015572	0.048056	0.053170	0.039234	2.435959	15707500.000000
2021-05-26	-0.000124	0.045497	0.046584	0.031052	-0.019363	13058300.000000
2021-05-25	-0.010334	0.036465	0.048167	0.021979	-1.633606	12609100.000000
2021-05-24	0.005410	0.038956	0.044489	0.031069	0.850647	9440300.000000
2021-05-21	0.011378	0.037784	0.049877	0.035211	1.768951	10249000.000000
2021-05-20	-0.001738	0.032706	0.039320	0.024294	-0.270660	10426000.000000
2021-05-19	-0.007638	0.025901	0.027048	0.010863	-1.198639	13278900.000000
2021-05-18	-0.014089	0.034567	0.039718	0.019238	-2.242615	11098100.000000
2021-05-17	0.004024	0.030467	0.039802	0.028323	0.638016	9886800.000000
2021-05-14	0.015542	0.040205	0.053400	0.037643	2.426270	10584000.000000
2021-05-13	0.025723	0.039300	0.067356	0.036015	3.914932	15395000.000000
2021-05-12	-0.006875	0.041486	0.049120	0.024651	-1.053650	14381700.000000
2021-05-11	-0.016623	0.033605	0.042011	0.014099	-2.590637	15451700.000000
2021-05-10	-0.000124	0.036172	0.050479	0.033734	-0.019333	14014300.000000
2021-05-07	0.003423	0.012164	0.039718	0.010877	0.531647	14257800.000000
2021-05-06	0.020124	0.038116	0.056176	0.032139	3.064270	13542400.000000
2021-05-05	0.013121	0.037964	0.053134	0.028848	1.971985	10506700.000000
2021-05-04	0.013824	0.031198	0.049884	0.026274	2.049286	12977700.000000
2021-05-03	-0.002926	0.041499	0.045736	0.029930	-0.434998	11801100.000000
2021-04-30	-0.008892	0.027238	0.029838	0.019972	-1.333984	11705100.000000
2021-04-29	0.019444	0.043406	0.055231	0.041096	2.861282	12976900.000000
2021-04-28	0.006479	0.042575	0.045721	0.035530	0.947311	8943700.000000
2021-04-27	0.004583	0.034092	0.041444	0.031412	0.666992	12821200.000000
2021-04-26	0.002463	0.038568	0.050139	0.035812	0.357651	10799100.000000
2021-04-23	0.019136	0.033170	0.060898	0.029730	2.725967	14041900.000000
2021-04-22	-0.021058	0.032374	0.032855	0.011964	-3.064270	15256100.000000
2021-04-21	0.008508	0.024247	0.043790	0.017316	1.227615	12236700.000000
2021-04-20	-0.022142	0.028337	0.028405	0.007396	-3.267242	13716700.000000
2021-04-19	-0.004240	0.035314	0.038418	0.027216	-0.628342	11900200.000000
2021-04-16	0.007426	0.046061	0.050412	0.038039	1.092331	13773400.000000
2021-04-15	0.006349	0.034777	0.041277	0.021573	0.927963	17694100.000000
2021-04-14	-0.018690	0.016914	0.032758	0.013289	-2.783920	19939600.000000
2021-04-13	-0.011927	0.026544	0.029529	0.011154	-1.797974	16113600.000000
2021-04-12	-0.002112	0.029870	0.040925	0.029804	-0.319016	12273400.000000
2021-04-09	0.007478	0.039105	0.047308	0.033503	1.121323	12122400.000000
2021-04-08	0.001226	0.028294	0.038377	0.017009	0.183670	12335500.000000
2021-04-07	0.015668	0.038302	0.052747	0.035250	2.310272	16903500.000000
2021-04-06	-0.007030	0.028914	0.038948	0.022652	-1.043961	13071600.000000
2021-04-05	0.005301	0.045268	0.048924	0.033082	0.782959	13508000.000000
2021-04-01	0.009722	0.038341	0.051260	0.035948	1.422287	16561500.000000
2021-03-31	-0.014565	0.032513	0.040664	0.024699	-2.162216	16736700.000000
2021-03-30	0.011789	0.052728	0.062338	0.048775	1.729767	13184300.000000
2021-03-29	-0.015539	0.020669	0.031472	0.013423	-2.315964	17570300.000000
2021-03-26	0.016650	0.052534	0.060379	0.040597	2.440887	16754400.000000
2021-03-25	0.012814	0.036313	0.056832	0.031684	1.854721	15608300.000000
2021-03-24	0.007761	0.044356	0.066497	0.043382	1.114716	13079800.000000
2021-03-23	-0.010002	0.036185	0.048523	0.026742	-1.451080	17076300.000000
2021-03-22	-0.026879	0.024901	0.032749	0.010212	-4.007309	19944800.000000
2021-03-19	-0.015921	0.026471	0.029310	-0.002044	-2.412079	54418800.000000
2021-03-18	0.016507	0.057438	0.084880	0.054150	2.460144	21898500.000000
2021-03-17	0.010292	0.053002	0.063441	0.037478	1.518341	13952400.000000
2021-03-16	-0.011971	0.032024	0.035440	0.019298	-1.787445	12805600.000000
2021-03-15	-0.004995	0.041930	0.045728	0.026002	-0.749542	12101100.000000
2021-03-12	0.011858	0.057724	0.062916	0.045654	1.758591	12849500.000000
2021-03-11	-0.005221	0.033755	0.047439	0.028724	-0.778397	11771500.000000
2021-03-10	0.021735	0.041145	0.070273	0.038403	3.171249	14342200.000000
2021-03-09	-0.007063	0.031001	0.049716	0.019568	-1.037872	16238800.000000
2021-03-08	0.013253	0.051354	0.071971	0.039493	1.921982	17133300.000000
2021-03-05	0.002325	0.058981	0.060847	0.022696	0.336349	18465100.000000
2021-03-04	-0.015369	0.038555	0.050600	0.011402	-2.258331	20093900.000000
2021-03-03	0.019332	0.049060	0.075073	0.046216	2.786865	14324100.000000
2021-03-02	-0.003256	0.037693	0.049447	0.036033	-0.470886	14221700.000000
2021-03-01	0.022627	0.057213	0.070365	0.049859	3.200119	14845500.000000
2021-02-26	-0.026525	0.034540	0.038463	0.008452	-3.853577	19829200.000000
2021-02-25	-0.013572	0.047454	0.051732	0.022468	-1.998840	18127700.000000
2021-02-24	0.017595	0.037142	0.062361	0.037142	2.546585	15061400.000000
2021-02-23	0.008032	0.055223	0.060794	0.041850	1.153198	16234400.000000
2021-02-22	0.009391	0.032512	0.055852	0.031950	1.335785	11488400.000000
2021-02-19	0.016691	0.042527	0.063826	0.042527	2.335190	11969800.000000
2021-02-18	0.003377	0.032708	0.045545	0.028405	0.470856	10587800.000000
2021-02-17	0.003111	0.035561	0.045848	0.029590	0.432465	10810100.000000
2021-02-16	0.024071	0.057541	0.070581	0.049069	3.267365	12130600.000000
2021-02-12	0.014217	0.038953	0.058081	0.038579	1.902740	8324600.000000
2021-02-11	-0.002792	0.040597	0.047228	0.029867	-0.374771	9201000.000000
2021-02-10	0.000573	0.043728	0.050214	0.036571	0.076874	10323200.000000
2021-02-09	-0.003996	0.035325	0.039409	0.028716	-0.538147	8614800.000000
2021-02-08	0.015654	0.042256	0.058093	0.042105	2.075729	10136400.000000
2021-02-05	-0.001953	0.049177	0.049930	0.034048	-0.259460	10051300.000000
2021-02-04	0.023013	0.043138	0.067701	0.043138	2.988663	12419500.000000
2021-02-03	0.011451	0.040908	0.057341	0.039818	1.470306	10600800.000000
2021-02-02	0.030782	0.059222	0.078891	0.053442	3.834351	12253600.000000
2021-02-01	0.007383	0.046500	0.051919	0.039060	0.912933	11080700.000000
2021-01-29	-0.011068	0.049234	0.053473	0.025241	-1.383820	14808100.000000
2021-01-28	0.017597	0.057199	0.075674	0.049793	2.162216	13761800.000000
2021-01-27	-0.028272	0.024859	0.026915	0.007144	-3.574883	17603900.000000
2021-01-26	-0.004087	0.045559	0.048867	0.034453	-0.518929	11307800.000000
2021-01-25	-0.012482	0.027763	0.035775	0.011585	-1.604828	14212800.000000
2021-01-22	-0.007714	0.024080	0.037278	0.020299	-0.999451	12933200.000000
2021-01-21	-0.008384	0.038454	0.042051	0.027969	-1.095490	13411700.000000
2021-01-20	-0.014996	0.038938	0.041577	0.020997	-1.989273	16028800.000000
2021-01-19	-0.004328	0.049754	0.056059	0.034442	-0.576584	19843800.000000
2021-01-15	-0.017922	0.013028	0.044135	0.009932	-2.431290	27881000.000000
2021-01-14	0.005842	0.041635	0.058391	0.038002	0.787994	18565600.000000
2021-01-13	0.000927	0.028500	0.044827	0.024864	0.124939	14816800.000000
2021-01-12	0.015719	0.051074	0.067808	0.046476	2.085342	18033500.000000
2021-01-11	0.014924	0.029580	0.057274	0.025985	1.950790	15937900.000000
2021-01-08	0.001104	0.041363	0.044273	0.027194	0.144165	12035100.000000
2021-01-07	0.032839	0.073345	0.093121	0.067254	4.151459	21940400.000000
2021-01-06	0.046956	0.075628	0.099563	0.059065	5.669823	24909100.000000
2021-01-05	0.005441	0.040763	0.051671	0.030605	0.653465	13731200.000000
2021-01-04	-0.009444	0.051638	0.054607	0.029203	-1.144928	16819900.000000
2020-12-31	0.013641	0.045833	0.064561	0.043576	1.631531	8580200.000000
2020-12-30	0.002800	0.052115	0.055133	0.047169	0.333946	7398000.000000
2020-12-29	-0.002633	0.055282	0.055951	0.044328	-0.314857	8389200.000000
2020-12-28	0.006585	0.059033	0.066019	0.050363	0.782372	8072600.000000
2020-12-24	-0.004398	0.048258	0.052113	0.035521	-0.524773	4164900.000000
2020-12-23	0.027944	0.057653	0.089870	0.053948	3.243996	14973200.000000
2020-12-22	-0.015217	0.046733	0.047836	0.031633	-1.793747	11788200.000000
2020-12-21	0.037538	0.084089	0.100196	0.065782	4.264900	28323600.000000
2020-12-18	-0.004930	0.043449	0.049930	0.035829	-0.562912	28954800.000000
2020-12-17	-0.008287	0.053215	0.054866	0.038624	-0.954124	11618000.000000
2020-12-16	0.002909	0.047917	0.054711	0.044084	0.333931	11169400.000000
2020-12-15	0.017075	0.056862	0.071126	0.050926	1.927330	12590200.000000
2020-12-14	-0.010539	0.063695	0.064396	0.035380	-1.202194	12112400.000000
2020-12-11	-0.005903	0.036501	0.045912	0.031533	-0.677422	9981600.000000
2020-12-10	-0.006444	0.038913	0.045753	0.035190	-0.744209	13668400.000000
2020-12-09	-0.007787	0.058142	0.059259	0.034689	-0.906418	13073900.000000
2020-12-08	0.000985	0.040867	0.051961	0.038460	0.114502	9592100.000000
2020-12-07	-0.003760	0.037896	0.046634	0.029843	-0.438896	9724300.000000
2020-12-04	0.009073	0.058810	0.065813	0.051981	1.049530	13583700.000000
2020-12-03	-0.006555	0.046459	0.046803	0.033663	-0.763290	12904400.000000
2020-12-02	0.019208	0.047741	0.070586	0.043977	2.194458	10811300.000000
2020-12-01	0.015779	0.069963	0.080988	0.063650	1.774666	12668900.000000
2020-11-30	-0.027553	0.037542	0.043768	0.018261	-3.186760	14411800.000000
2020-11-27	-0.006638	0.047833	0.050839	0.039931	-0.772827	5983600.000000
2020-11-25	-0.010460	0.031518	0.040102	0.023869	-1.230797	11715600.000000
2020-11-24	0.046237	0.067653	0.098152	0.064452	5.199921	20121600.000000
2020-11-23	0.028803	0.061630	0.081024	0.057239	3.148575	13209200.000000
2020-11-20	-0.008567	0.037842	0.048907	0.034758	-0.944565	12718900.000000
2020-11-19	0.002690	0.038360	0.053274	0.032722	0.295769	10202500.000000
2020-11-18	-0.007407	0.059194	0.070658	0.039876	-0.820534	12571200.000000
2020-11-17	-0.010145	0.031025	0.040407	0.023787	-1.135406	14553200.000000
2020-11-16	0.028226	0.082176	0.089709	0.063250	3.072258	19858600.000000
2020-11-13	0.006263	0.060386	0.061866	0.049940	0.677422	11847900.000000
2020-11-12	-0.012284	0.027545	0.040603	0.023254	-1.345299	22063000.000000
2020-11-11	-0.014933	0.051419	0.052049	0.025064	-1.660164	14443400.000000
2020-11-10	-0.003251	0.052125	0.053022	0.028277	-0.362572	20539300.000000
2020-11-09	0.135392	0.151923	0.210354	0.123318	13.300385	47792400.000000
2020-11-06	-0.013321	0.054921	0.055624	0.028405	-1.326218	12552800.000000
2020-11-05	0.040898	0.056559	0.098796	0.055932	3.911865	17837400.000000
2020-11-04	-0.030558	0.023665	0.034510	0.002685	-3.014999	18886500.000000
2020-11-03	0.031521	0.077050	0.095033	0.073600	3.014999	17482600.000000
2020-11-02	0.022542	0.062523	0.078451	0.046166	2.108589	15011600.000000
2020-10-30	0.008954	0.056073	0.061573	0.037952	0.830093	15194500.000000
2020-10-29	0.006526	0.043531	0.063724	0.033977	0.601097	14208800.000000
2020-10-28	-0.028088	0.028781	0.037223	0.013692	-2.661995	16389500.000000
2020-10-27	-0.018866	0.040534	0.044778	0.026558	-1.822342	10391700.000000
2020-10-26	-0.024757	0.036379	0.036884	0.012148	-2.452087	12410700.000000
2020-10-23	0.009040	0.054407	0.064085	0.048600	0.887329	15087600.000000
2020-10-22	0.035322	0.047563	0.088909	0.047458	3.348938	14837200.000000
2020-10-21	-0.009963	0.047986	0.054565	0.037231	-0.954117	10730500.000000
2020-10-20	0.005711	0.053447	0.068779	0.051451	0.543846	11257100.000000
2020-10-19	-0.016845	0.049020	0.051808	0.027957	-1.631523	11725700.000000
2020-10-16	-0.002065	0.044897	0.054376	0.037787	-0.200371	13275000.000000
2020-10-15	0.014967	0.036378	0.064405	0.035750	1.431168	17171200.000000
2020-10-14	-0.005557	0.050691	0.060051	0.041019	-0.534302	15204100.000000
2020-10-13	-0.016205	0.053820	0.056071	0.025787	-1.583832	21697300.000000
2020-10-12	0.012253	0.047055	0.066733	0.044466	1.183098	16058000.000000
2020-10-09	-0.005699	0.050356	0.051489	0.030894	-0.553383	13689100.000000
2020-10-08	0.020555	0.056288	0.071106	0.049877	1.955925	15659000.000000
2020-10-07	0.017446	0.058142	0.073005	0.055041	1.631554	16358500.000000
2020-10-06	-0.010299	0.058991	0.067351	0.031900	-0.973206	19220400.000000
2020-10-05	0.021136	0.062463	0.072513	0.053926	1.955940	13871900.000000
2020-10-02	0.009487	0.039053	0.075488	0.037308	0.869713	15149600.000000
2020-10-01	0.007271	0.067156	0.074298	0.055179	0.661751	15778700.000000
2020-09-30	0.009649	0.057816	0.078340	0.056818	0.869713	16400600.000000
2020-09-29	-0.008423	0.056386	0.056386	0.037685	-0.765732	12848200.000000
2020-09-28	0.028779	0.075811	0.096974	0.067775	2.542969	20894100.000000
2020-09-25	0.008742	0.050853	0.069917	0.048798	0.765739	13293100.000000
2020-09-24	-0.000863	0.053026	0.075610	0.042304	-0.075623	18366500.000000
2020-09-23	-0.016230	0.063539	0.069935	0.039750	-1.446373	19952700.000000
2020-09-22	-0.010912	0.053932	0.061701	0.039615	-0.983162	19257000.000000
2020-09-21	-0.030910	0.023936	0.033078	0.009093	-2.873848	28378800.000000
2020-09-18	-0.002131	0.050625	0.067798	0.045796	-0.198524	20121600.000000
2020-09-17	-0.011434	0.047207	0.053997	0.036703	-1.077675	18290100.000000
2020-09-16	0.004230	0.059415	0.077528	0.052276	0.397034	19270600.000000
2020-09-15	-0.031131	0.060500	0.061739	0.023440	-3.015648	23683000.000000
2020-09-14	0.013852	0.062421	0.082830	0.060956	1.323471	19017400.000000
2020-09-11	0.012421	0.059300	0.074028	0.055273	1.172226	13784300.000000
2020-09-10	-0.010310	0.063374	0.074071	0.044917	-0.983154	15922800.000000
2020-09-09	0.009508	0.067133	0.076555	0.054005	0.898079	13434000.000000
2020-09-08	-0.034776	0.052298	0.058327	0.016534	-3.403236	22108600.000000
2020-09-04	0.021612	0.086211	0.098321	0.058234	2.070297	26325500.000000
2020-09-03	-0.003148	0.075195	0.092574	0.047306	-0.302505	23281200.000000
2020-09-02	0.015079	0.055809	0.076830	0.051689	1.427452	14475700.000000
2020-09-01	-0.000499	0.051059	0.064996	0.045675	-0.047241	11595600.000000
2020-08-31	-0.025105	0.051126	0.051744	0.029511	-2.438988	14219400.000000
2020-08-28	0.004103	0.065981	0.067118	0.052235	0.397034	13756700.000000
2020-08-27	0.032899	0.056856	0.095820	0.056856	3.081825	22163900.000000
2020-08-26	-0.014030	0.051922	0.055396	0.042554	-1.332932	12052400.000000
2020-08-25	0.004397	0.070608	0.078114	0.055068	0.415939	13648900.000000
2020-08-24	0.028155	0.070099	0.089229	0.058903	2.590248	17898300.000000
2020-08-21	-0.000513	0.056730	0.070853	0.053145	-0.047264	12228300.000000
2020-08-20	-0.011974	0.043970	0.052235	0.039032	-1.115517	13672600.000000
2020-08-19	0.002339	0.064272	0.082239	0.058032	0.217445	13533000.000000
2020-08-18	-0.013940	0.059938	0.059938	0.040948	-1.314034	13246500.000000
2020-08-17	-0.026365	0.048417	0.053581	0.028068	-2.552437	14988000.000000
2020-08-14	0.000391	0.048826	0.067530	0.048000	0.037827	12134400.000000
2020-08-13	-0.005537	0.048157	0.062132	0.044458	-0.538849	13598600.000000
2020-08-12	-0.008476	0.081659	0.084410	0.036318	-0.831902	19240800.000000
2020-08-11	0.031598	0.091662	0.115837	0.087983	3.006195	31518600.000000
2020-08-10	0.012679	0.065587	0.086130	0.064735	1.191132	14989900.000000
2020-08-07	0.022007	0.054444	0.082293	0.050419	2.023033	14743700.000000
2020-08-06	0.000309	0.061843	0.067501	0.050526	0.028358	10482100.000000
2020-08-05	0.017373	0.061359	0.090143	0.059698	1.569267	15260900.000000
2020-08-04	-0.005723	0.055725	0.056165	0.046038	-0.519936	13366200.000000
2020-08-03	-0.005588	0.061976	0.067996	0.049169	-0.510490	12962800.000000
2020-07-31	-0.003917	0.051929	0.056835	0.038518	-0.359222	14535000.000000
2020-07-30	-0.026685	0.035107	0.037229	0.019294	-2.514610	14834800.000000
2020-07-29	0.024250	0.055099	0.083794	0.054338	2.231003	12743500.000000
2020-07-28	0.004334	0.053450	0.068624	0.053450	0.397049	11754300.000000
2020-07-27	-0.014042	0.049529	0.050820	0.035106	-1.304573	11959100.000000
2020-07-24	-0.007072	0.064442	0.066580	0.046702	-0.661743	12744200.000000
2020-07-23	0.002938	0.055780	0.064891	0.050099	0.274139	12870200.000000
2020-07-22	-0.007243	0.060370	0.065478	0.037811	-0.680641	14271200.000000
2020-07-21	0.021686	0.062274	0.087714	0.061513	1.994675	17798100.000000
2020-07-20	-0.008761	0.049950	0.060295	0.048118	-0.812996	14458100.000000
2020-07-17	-0.018498	0.057711	0.058557	0.038037	-1.748878	16137700.000000
2020-07-16	0.002807	0.047740	0.073620	0.045300	0.264687	16886900.000000
2020-07-15	0.015477	0.086683	0.090991	0.062556	1.436928	22508400.000000
2020-07-14	0.005735	0.065616	0.082732	0.046875	0.529388	42731700.000000
2020-07-13	0.014335	0.084847	0.090780	0.057377	1.304581	32079200.000000
2020-07-10	0.054667	0.066160	0.122249	0.064654	4.717262	28954200.000000
2020-07-09	-0.021651	0.060311	0.067113	0.029245	-1.909599	25600800.000000
2020-07-08	0.010615	0.057473	0.069504	0.051858	0.926445	18762200.000000
2020-07-07	-0.028211	0.044677	0.047795	0.024412	-2.533524	25757200.000000
2020-07-06	0.025254	0.078023	0.086813	0.067178	2.212105	18625300.000000
2020-07-02	0.003248	0.085075	0.087595	0.052891	0.283600	27845600.000000
2020-07-01	-0.008505	0.077550	0.086861	0.056428	-0.748970	18755700.000000
2020-06-30	0.011398	0.066172	0.087190	0.063186	0.992401	19137000.000000
2020-06-29	0.004428	0.077469	0.090043	0.063395	0.383850	18499700.000000
2020-06-26	-0.054818	0.037049	0.039884	0.003138	-5.027519	41896300.000000
2020-06-25	0.034862	0.064626	0.108182	0.063611	3.089539	25743600.000000
2020-06-24	-0.033391	0.055254	0.056236	0.028641	-3.061440	22919800.000000
2020-06-23	0.012196	0.092633	0.103673	0.080268	1.104729	15381400.000000
2020-06-22	-0.010837	0.062009	0.069653	0.054255	-0.992386	16216900.000000
2020-06-19	-0.011421	0.085289	0.086045	0.044266	-1.057938	40371200.000000
2020-06-18	-0.005428	0.059427	0.079291	0.053629	-0.505569	16591900.000000
2020-06-17	-0.025279	0.073043	0.073148	0.038297	-2.415428	15639800.000000
2020-06-16	0.008000	0.111588	0.114858	0.047658	0.758324	22193600.000000
2020-06-15	0.013818	0.031226	0.084809	0.025344	1.291992	22153600.000000
2020-06-12	0.027363	0.106581	0.111196	0.069443	2.490341	24856800.000000
2020-06-11	-0.083443	0.007396	0.023006	-0.027751	-8.285553	36259200.000000
2020-06-10	-0.040528	0.067351	0.067834	0.022806	-4.194267	24913300.000000
2020-06-09	-0.025650	0.041763	0.050989	0.026322	-2.724388	17031100.000000
2020-06-08	0.019959	0.089059	0.096549	0.074942	2.078407	24881800.000000
2020-06-05	0.045002	0.153321	0.161751	0.099132	4.484489	42231000.000000
2020-06-04	0.020811	0.063515	0.092095	0.052963	2.031601	26784700.000000
2020-06-03	0.053977	0.096736	0.132797	0.091121	4.999405	25941100.000000
2020-06-02	0.003347	0.086324	0.087840	0.060866	0.308968	21195000.000000
2020-06-01	0.013257	0.072954	0.092273	0.068893	1.207726	15176800.000000
2020-05-29	-0.025536	0.055289	0.060851	0.035180	-2.387367	26526400.000000
2020-05-28	-0.014896	0.084667	0.084773	0.047367	-1.413689	24713900.000000
2020-05-27	0.057921	0.137794	0.143479	0.101343	5.196030	39402000.000000
2020-05-26	0.070973	0.108953	0.163989	0.105611	5.944992	41233900.000000
2020-05-22	-0.007763	0.066229	0.070375	0.050948	-0.655350	13557900.000000
2020-05-21	-0.012701	0.055727	0.073153	0.048710	-1.086021	14621400.000000
2020-05-20	0.029999	0.092698	0.112936	0.088603	2.490349	20552400.000000
2020-05-19	-0.019679	0.063401	0.076981	0.046159	-1.666473	19597300.000000
2020-05-18	0.052969	0.102817	0.133405	0.092745	4.259804	30504400.000000
2020-05-15	-0.018510	0.059947	0.065195	0.041031	-1.516678	26099000.000000
2020-05-14	0.041533	0.051473	0.119986	0.047405	3.267418	35152500.000000
2020-05-13	-0.034471	0.060147	0.066038	0.023573	-2.808678	35451600.000000
2020-05-12	-0.032677	0.070261	0.077859	0.031677	-2.752480	27962900.000000
2020-05-11	-0.029450	0.049804	0.049804	0.029294	-2.555885	31907600.000000
2020-05-08	0.016336	0.086744	0.101734	0.078664	1.394966	20487800.000000
2020-05-07	0.010413	0.080785	0.099362	0.071792	0.880058	16771900.000000
2020-05-06	-0.018804	0.069982	0.076948	0.044092	-1.619652	20978000.000000
2020-05-05	-0.001520	0.085629	0.092121	0.065342	-0.131081	18064100.000000
2020-05-04	-0.011904	0.054035	0.061481	0.040061	-1.039207	15725900.000000
2020-05-01	-0.026211	0.042916	0.045593	0.024400	-2.349922	18547700.000000
2020-04-30	-0.021459	0.043457	0.056991	0.031996	-1.966057	19127600.000000
2020-04-29	0.026970	0.110607	0.114755	0.090318	2.406090	20462600.000000
2020-04-28	0.007081	0.104135	0.110343	0.072752	0.627258	20238900.000000
2020-04-27	0.043104	0.082608	0.126058	0.077898	3.660629	22870200.000000
2020-04-24	0.014767	0.083061	0.088557	0.057370	1.235817	15809200.000000
2020-04-23	0.000560	0.072907	0.091318	0.067168	0.046814	16638800.000000
2020-04-22	0.003256	0.087795	0.101949	0.069684	0.271492	16662400.000000
2020-04-21	-0.029004	0.032136	0.064281	0.028758	-2.490341	23035000.000000
2020-04-20	-0.036457	0.037712	0.062850	0.015156	-3.248688	23679400.000000
2020-04-17	0.089889	0.125242	0.170497	0.112522	7.349327	30191900.000000
2020-04-16	-0.038110	0.061536	0.065536	0.024124	-3.239311	32449600.000000
2020-04-15	-0.049319	0.019471	0.029314	0.008063	-4.409607	30118600.000000
2020-04-14	-0.027396	0.098909	0.109570	0.018629	-2.518448	46151300.000000
2020-04-13	-0.044472	0.071762	0.071762	0.011371	-4.278511	26911900.000000
2020-04-09	0.089713	0.097800	0.182412	0.097461	7.920410	42055900.000000
2020-04-08	0.040380	0.085329	0.117854	0.067064	3.426582	22903300.000000
2020-04-07	0.013190	0.127703	0.128300	0.079109	1.104736	22563800.000000
2020-04-06	0.064366	0.130903	0.156319	0.114509	5.064949	26820800.000000
2020-04-03	-0.029558	0.060602	0.078854	0.020767	-2.396706	21199400.000000
2020-04-02	0.037340	0.068350	0.124639	0.061313	2.918762	24018000.000000
2020-04-01	-0.062979	0.020126	0.037627	-0.002051	-5.253777	28029600.000000
2020-03-31	-0.037112	0.062487	0.086957	0.031207	-3.215279	23379300.000000
2020-03-30	0.026007	0.073539	0.114278	0.057552	2.196030	21656900.000000
2020-03-27	-0.071239	0.024998	0.043147	-0.004039	-6.476891	30041500.000000
2020-03-26	0.069661	0.106872	0.159698	0.100519	5.920937	29826300.000000
2020-03-25	0.037317	0.089109	0.161236	0.031749	3.057739	38111700.000000
2020-03-24	0.118942	0.159384	0.230394	0.132072	8.709984	34363200.000000
2020-03-23	-0.053533	0.068625	0.082455	0.009300	-4.141899	32536600.000000
2020-03-20	-0.021102	0.091876	0.131856	0.043545	-1.667862	30150800.000000
2020-03-19	0.016808	0.049249	0.133513	-0.010572	1.306503	32175100.000000
2020-03-18	-0.105269	0.009125	0.045037	-0.075017	-9.145470	41525600.000000
2020-03-17	0.061114	0.110125	0.190126	0.068720	5.003609	35239800.000000
2020-03-16	-0.149649	-0.115101	-0.023911	-0.121852	-14.408516	38589700.000000
2020-03-13	0.180125	0.176544	0.274599	0.127639	14.695763	38543300.000000
2020-03-12	-0.082430	0.007583	0.090470	-0.029194	-7.329346	49725200.000000
2020-03-11	-0.047070	0.047072	0.072257	0.013313	-4.392044	38127000.000000
2020-03-10	0.077697	0.143441	0.169775	0.092390	6.727051	31102700.000000
2020-03-09	-0.135455	-0.035709	-0.009147	-0.071356	-13.565308	40352000.000000
2020-03-06	-0.051680	0.006215	0.044660	-0.005527	-5.457619	38159400.000000
2020-03-05	-0.049061	0.041584	0.048427	0.013759	-5.448372	25025600.000000
2020-03-04	0.024709	0.091865	0.109028	0.058370	2.677872	25795900.000000
2020-03-03	-0.037525	0.074339	0.091923	0.032332	-4.225273	32547700.000000
2020-03-02	0.046594	0.084057	0.130066	0.063887	5.012856	27355400.000000
2020-02-28	-0.043339	0.044989	0.053615	0.001774	-4.873871	45931400.000000
2020-02-27	-0.041614	0.047437	0.070531	0.033716	-4.883133	23005500.000000
2020-02-26	0.003010	0.084950	0.102217	0.079907	0.352089	24825600.000000
2020-02-25	-0.044643	0.069751	0.079795	0.025573	-5.466873	20797200.000000
2020-02-24	-0.026876	0.044497	0.058483	0.039411	-3.382057	13618400.000000
2020-02-21	-0.012219	0.071845	0.074750	0.059051	-1.556671	9772800.000000
2020-02-20	0.000000	0.076712	0.086053	0.071688	0.000000	7422800.000000
2020-02-19	0.013639	0.089329	0.101104	0.084793	1.714203	7071200.000000
2020-02-18	-0.013241	0.078281	0.081186	0.060302	-1.686447	8996400.000000
2020-02-14	-0.003046	0.078910	0.081650	0.071866	-0.389153	6627600.000000
2020-02-13	-0.000870	0.077268	0.081882	0.066711	-0.111191	7447500.000000
2020-02-12	0.000000	0.083916	0.089312	0.077659	0.000000	7958000.000000
2020-02-11	0.001888	0.083298	0.087686	0.079537	0.240913	6578600.000000
2020-02-10	0.004155	0.077493	0.084574	0.075919	0.528152	5960700.000000
2020-02-07	-0.003197	0.072322	0.079694	0.068950	-0.407692	6379800.000000
2020-02-06	0.000146	0.084322	0.084714	0.075459	0.018562	8992300.000000
2020-02-05	0.017000	0.089435	0.098688	0.084967	2.131157	10150700.000000
2020-02-04	0.014396	0.096864	0.105361	0.093061	1.779045	9157100.000000
2020-02-03	0.007631	0.081670	0.094553	0.081670	0.935860	10021100.000000
2020-01-31	-0.025977	0.068105	0.070805	0.044120	-3.270897	12785200.000000
2020-01-30	0.012367	0.066842	0.094500	0.066842	1.538185	9048900.000000
2020-01-29	-0.001488	0.082274	0.088135	0.073283	-0.185341	9326000.000000
2020-01-28	0.018178	0.085844	0.103255	0.082902	2.223808	13062800.000000
2020-01-27	-0.008411	0.055880	0.077522	0.051341	-1.037766	12860500.000000
2020-01-24	-0.024828	0.077880	0.078354	0.045868	-3.141159	15166400.000000
2020-01-23	-0.001024	0.071564	0.079697	0.063747	-0.129723	9345700.000000
2020-01-22	-0.001169	0.082378	0.083640	0.075596	-0.148247	7549100.000000
2020-01-21	-0.009841	0.071336	0.078208	0.067432	-1.260185	8474200.000000
2020-01-17	0.006922	0.081504	0.087401	0.079774	0.880257	14697700.000000
2020-01-16	0.003877	0.084986	0.088538	0.080171	0.491119	10783800.000000
2020-01-15	-0.014986	0.071837	0.077669	0.058619	-1.927315	16293400.000000
2020-01-14	0.011662	0.085044	0.107227	0.083078	1.482536	24906000.000000
2020-01-13	0.008305	0.080175	0.088186	0.076765	1.047050	12355200.000000
2020-01-10	-0.009968	0.077418	0.077732	0.066424	-1.269432	10190900.000000
2020-01-09	0.003651	0.087972	0.089390	0.080012	0.463310	9469000.000000
2020-01-08	0.007801	0.077794	0.092726	0.077000	0.982178	9695300.000000
2020-01-07	-0.017000	0.071807	0.076335	0.060408	-2.177460	10531300.000000
2020-01-06	-0.000795	0.065337	0.078678	0.064869	-0.101944	10259000.000000
2020-01-03	-0.013196	0.058515	0.071833	0.055282	-1.714188	10386800.000000
2020-01-02	0.012123	0.089191	0.099398	0.085061	1.555939	10803700.000000
