2022-12-30	-0.005317	0.007198	0.007198	-0.004620	-0.337414	7650200.000000
2022-12-29	0.005978	0.011316	0.016864	0.009731	0.377110	7169300.000000
2022-12-28	-0.009967	0.011594	0.014576	-0.003629	-0.635128	7159400.000000
2022-12-27	0.006111	0.009407	0.015091	0.005934	0.387032	7320700.000000
2022-12-23	0.007578	0.010216	0.016102	0.005443	0.476345	6463300.000000
2022-12-22	-0.007210	0.001669	0.004354	-0.010493	-0.456497	9666700.000000
2022-12-21	0.016085	0.012164	0.027891	0.012164	1.002308	10411300.000000
2022-12-20	-0.000796	0.007350	0.012642	0.006227	-0.049618	10286500.000000
2022-12-19	0.001434	0.008955	0.018269	0.003174	0.089317	10919700.000000
2022-12-16	-0.005704	0.001922	0.008149	-0.004784	-0.357262	33631500.000000
2022-12-15	-0.013752	0.001372	0.006096	-0.015950	-0.873302	12212300.000000
2022-12-14	0.000000	0.010820	0.018064	0.001057	0.000000	12826700.000000
2022-12-13	0.000313	0.017437	0.019170	0.004993	0.019848	17521600.000000
2022-12-12	0.013145	0.010224	0.021555	0.005596	0.823685	11647900.000000
2022-12-09	-0.010500	0.004512	0.008144	-0.003700	-0.664902	13914900.000000
2022-12-08	0.004249	0.008622	0.012587	0.004657	0.267944	9946200.000000
2022-12-07	0.001576	0.007829	0.012118	0.004653	0.099243	12307600.000000
2022-12-06	-0.000473	0.008464	0.014180	0.003860	-0.029778	10099500.000000
2022-12-05	-0.013675	-0.007049	-0.000942	-0.009398	-0.873299	9185100.000000
2022-12-02	0.008779	0.004827	0.019202	0.001510	0.555737	13643500.000000
2022-12-01	0.002830	0.007671	0.015591	0.004819	0.178631	12001400.000000
2022-11-30	0.025306	0.007183	0.034308	0.002960	1.558048	30433900.000000
2022-11-29	-0.003509	0.011904	0.012713	0.003164	-0.216789	10969600.000000
2022-11-28	0.000160	0.014817	0.021454	0.012713	0.009857	12267500.000000
2022-11-25	0.000958	0.016437	0.017734	0.010766	0.059120	5165500.000000
2022-11-23	0.004491	0.017096	0.021979	0.014003	0.275913	8990400.000000
2022-11-22	0.004349	0.021192	0.021683	0.014327	0.266056	12319600.000000
2022-11-21	0.015375	0.019299	0.032577	0.015813	0.926277	15399400.000000
2022-11-18	0.007083	0.019498	0.025849	0.016321	0.423721	10415600.000000
2022-11-17	0.003139	0.009284	0.018506	0.008277	0.187225	11212600.000000
2022-11-16	-0.001814	0.017495	0.021512	0.009126	-0.108395	14199500.000000
2022-11-15	-0.001647	0.021501	0.026849	0.002619	-0.098537	13295800.000000
2022-11-14	-0.009622	0.014817	0.021437	0.004722	-0.581387	16361000.000000
2022-11-11	0.007227	0.022985	0.024318	0.003649	0.433575	18972100.000000
2022-11-10	0.035903	0.040373	0.054015	0.030531	2.079193	16804800.000000
2022-11-09	-0.013926	0.014647	0.015498	0.000344	-0.817879	10115200.000000
2022-11-08	0.001849	0.019252	0.019935	0.005435	0.108387	10081600.000000
2022-11-07	0.003881	0.014817	0.023551	0.014475	0.226646	8849700.000000
2022-11-04	0.008166	0.023795	0.028801	0.011019	0.472992	9725900.000000
2022-11-03	-0.000510	0.002738	0.018096	0.002565	-0.029564	9194000.000000
2022-11-02	-0.013917	0.014817	0.024856	0.000013	-0.817879	14549200.000000
2022-11-01	-0.003509	0.017869	0.022278	0.006678	-0.206932	10659500.000000
2022-10-31	-0.014977	0.010642	0.011644	-0.003388	-0.896713	14016400.000000
2022-10-28	0.020662	0.015499	0.038342	0.013794	1.212036	12888900.000000
2022-10-27	0.002357	0.021310	0.022506	0.014646	0.137959	16026100.000000
2022-10-26	0.007464	0.015850	0.029105	0.013268	0.433575	15831400.000000
2022-10-25	0.023971	0.040730	0.041963	0.017990	1.359852	28829900.000000
2022-10-24	0.028771	0.027149	0.046915	0.025879	1.586491	17416700.000000
2022-10-21	0.015977	0.013343	0.033794	0.013159	0.867149	15034100.000000
2022-10-20	-0.015725	0.011371	0.014092	-0.003318	-0.867149	16905100.000000
2022-10-19	-0.008505	0.012480	0.016615	0.002051	-0.472988	10182300.000000
2022-10-18	0.013467	0.026115	0.034680	0.022288	0.739048	11823100.000000
2022-10-17	0.012914	0.026815	0.037705	0.025707	0.699635	13721400.000000
2022-10-14	-0.015930	0.022446	0.025715	-0.002075	-0.877007	15997900.000000
2022-10-13	0.013239	0.002670	0.032117	-0.001379	0.719341	16220700.000000
2022-10-12	0.012115	0.028788	0.043876	0.025248	0.650364	18377400.000000
2022-10-11	0.001655	0.016123	0.030303	0.012018	0.088688	14303900.000000
2022-10-10	-0.002201	0.016493	0.023195	0.005695	-0.118248	10239100.000000
2022-10-07	-0.009449	0.014079	0.015924	0.000433	-0.512409	11479800.000000
2022-10-06	-0.021515	0.010486	0.012291	-0.009904	-1.192337	17192800.000000
2022-10-05	-0.009510	0.009813	0.012494	-0.007881	-0.532112	14324900.000000
2022-10-04	0.002295	0.020191	0.035597	0.011413	0.128098	18861400.000000
2022-10-03	0.011246	0.020976	0.029853	0.015542	0.620804	16277600.000000
2022-09-30	-0.009722	0.020199	0.024863	0.004592	-0.541965	16124600.000000
2022-09-29	-0.007196	0.016776	0.020338	-0.002637	-0.404015	14570700.000000
2022-09-28	0.010642	0.019857	0.030477	0.006357	0.591240	21480100.000000
2022-09-27	-0.025747	0.018500	0.023585	-0.012539	-1.468246	23829300.000000
2022-09-26	-0.012457	0.012912	0.014298	-0.000942	-0.719341	18670100.000000
2022-09-23	-0.011137	0.009680	0.012077	-0.006760	-0.650364	14824000.000000
2022-09-22	-0.002357	0.017380	0.020455	0.011400	-0.137959	11657600.000000
2022-09-21	-0.008347	0.018883	0.028371	0.006177	-0.492699	14165300.000000
2022-09-20	-0.001500	0.009573	0.015494	0.003483	-0.088688	11984600.000000
2022-09-19	0.007558	0.012260	0.024362	0.009533	0.443432	12596200.000000
2022-09-16	0.000168	0.017033	0.019420	0.007657	0.009853	20493500.000000
2022-09-15	-0.013587	0.015658	0.015658	-0.001830	-0.808025	11451900.000000
2022-09-14	0.005292	0.025090	0.032528	0.021709	0.313046	12881600.000000
2022-09-13	-0.032480	0.017309	0.017636	-0.014093	-1.985882	18532800.000000
2022-09-12	0.002888	0.024020	0.030253	0.021396	0.176086	13026900.000000
2022-09-09	0.003220	0.023039	0.034722	0.017938	0.195656	11855900.000000
2022-09-08	-0.003049	0.018443	0.022052	0.006303	-0.185875	17193500.000000
2022-09-07	0.018470	0.024555	0.044104	0.024555	1.105442	13290700.000000
2022-09-06	0.000491	0.024556	0.035923	0.019541	0.029350	12181800.000000
2022-09-02	-0.013710	0.028646	0.034911	0.004080	-0.831528	11809800.000000
2022-09-01	0.004699	0.020063	0.027682	0.015259	0.283699	14939700.000000
2022-08-31	-0.007080	0.025999	0.028466	0.014814	-0.430439	14633600.000000
2022-08-30	-0.009246	0.025149	0.025149	0.010157	-0.567394	8456800.000000
2022-08-29	-0.006021	0.015413	0.020920	0.010878	-0.371742	9115900.000000
2022-08-26	-0.024122	0.023164	0.024271	-0.004497	-1.526089	10089500.000000
2022-08-25	0.004817	0.022216	0.027775	0.014910	0.303257	7913900.000000
2022-08-24	0.001400	0.021739	0.027147	0.018717	0.088047	6844700.000000
2022-08-23	0.001090	0.016165	0.024923	0.013936	0.068478	8443800.000000
2022-08-22	-0.014884	0.017040	0.018295	0.003707	-0.948917	9087900.000000
2022-08-19	-0.000767	0.022059	0.026134	0.018141	-0.048923	8921100.000000
2022-08-18	0.005241	0.023476	0.029621	0.019537	0.332619	6532000.000000
2022-08-17	-0.002307	0.019072	0.025203	0.017972	-0.146744	8144000.000000
2022-08-16	0.008217	0.023325	0.033785	0.019522	0.518478	9569600.000000
2022-08-15	0.012559	0.021253	0.038103	0.020130	0.782616	9863300.000000
2022-08-12	0.007593	0.025611	0.030947	0.020114	0.469566	9489300.000000
2022-08-11	-0.006756	0.022858	0.027676	0.013062	-0.420654	8507800.000000
2022-08-10	0.009516	0.031619	0.034213	0.023027	0.586964	8857300.000000
2022-08-09	0.001270	0.025625	0.027735	0.020268	0.078262	7910900.000000
2022-08-08	-0.006469	0.024151	0.029151	0.012055	-0.401093	9165200.000000
2022-08-05	-0.004555	0.021574	0.021574	0.006161	-0.283691	10445400.000000
2022-08-04	-0.003911	0.017738	0.019177	0.006224	-0.244572	11795600.000000
2022-08-03	0.004400	0.020770	0.029605	0.016915	0.273914	11317000.000000
2022-08-02	-0.013639	0.023325	0.023483	0.004947	-0.860870	15241900.000000
2022-08-01	0.005454	0.020941	0.036075	0.019986	0.342392	12831500.000000
2022-07-29	0.001717	0.016631	0.025886	0.015354	0.107609	13734200.000000
2022-07-28	0.016664	0.020756	0.042333	0.020269	1.027180	10837000.000000
2022-07-27	-0.003164	0.016879	0.021892	-0.000748	-0.195652	12142900.000000
2022-07-26	0.016401	0.031421	0.048679	0.027804	0.997833	20118000.000000
2022-07-25	0.009742	0.021552	0.034000	0.017569	0.586956	14941700.000000
2022-07-22	0.003748	0.022549	0.030712	0.021550	0.225002	11644700.000000
2022-07-21	-0.002276	0.018227	0.028532	0.010415	-0.136959	11959600.000000
2022-07-20	-0.016472	0.020091	0.023033	-0.000344	-1.007610	11010500.000000
2022-07-19	0.014274	0.029511	0.038797	0.026859	0.860870	10998200.000000
2022-07-18	-0.013600	0.022543	0.023197	0.006024	-0.831524	10780800.000000
2022-07-15	0.005146	0.031587	0.035203	0.020408	0.313046	21968400.000000
2022-07-14	-0.003206	0.005010	0.020086	0.004518	-0.195656	14433000.000000
2022-07-13	-0.004627	0.016670	0.027599	0.010961	-0.283695	13145300.000000
2022-07-12	-0.004290	0.023190	0.030499	0.014583	-0.264130	14731100.000000
2022-07-11	-0.003168	0.019787	0.027397	0.013312	-0.195656	12702100.000000
2022-07-08	0.003656	0.024166	0.030503	0.021728	0.225002	11311500.000000
2022-07-07	-0.007885	0.019798	0.024957	0.010770	-0.489132	14828400.000000
2022-07-06	0.002054	0.027385	0.035300	0.020762	0.127171	13450500.000000
2022-07-05	-0.017086	0.019040	0.019040	-0.008905	-1.076092	15921200.000000
2022-07-01	0.023367	0.025628	0.047239	0.020754	1.438053	15143200.000000
2022-06-30	0.002869	-0.006536	0.006058	-0.009087	0.180000	15514200.000000
2022-06-29	0.007225	0.004175	0.013327	0.002409	0.450001	11795500.000000
2022-06-28	-0.010014	0.002702	0.013511	-0.012717	-0.630001	13150100.000000
2022-06-27	-0.002062	-0.000952	0.003966	-0.006504	-0.130001	12142100.000000
2022-06-24	0.018746	0.003717	0.019069	0.003717	1.160000	18147100.000000
2022-06-23	0.011938	0.002453	0.012428	0.001308	0.730000	17190900.000000
2022-06-22	0.007414	-0.001647	0.012356	-0.006260	0.450001	15207100.000000
2022-06-21	0.021370	0.001010	0.024398	-0.007067	1.270000	17705000.000000
2022-06-17	0.006094	0.010665	0.017945	0.001016	0.360001	34781900.000000
2022-06-16	-0.010055	-0.017262	-0.002514	-0.023798	-0.599998	15053800.000000
2022-06-15	0.007429	0.013000	0.023806	-0.004390	0.439999	19684700.000000
2022-06-14	-0.027422	-0.002791	-0.000164	-0.036782	-1.670002	24620000.000000
2022-06-13	-0.001140	-0.003600	0.021658	-0.004912	-0.069496	23064200.000000
2022-06-10	-0.006311	-0.005651	0.008692	-0.014615	-0.387203	14967600.000000
2022-06-09	-0.017332	0.006905	0.014592	-0.010552	-1.082180	13382200.000000
2022-06-08	-0.005692	0.003085	0.006588	-0.003763	-0.357418	10211500.000000
2022-06-07	0.006044	-0.000625	0.015235	-0.003189	0.377274	17886300.000000
2022-06-06	-0.001588	0.012983	0.020021	0.002266	-0.099285	15112800.000000
2022-06-03	-0.011925	0.004696	0.005644	-0.007315	-0.754547	13539900.000000
2022-06-02	0.010465	0.008982	0.017925	-0.008106	0.655266	14586000.000000
2022-06-01	-0.004891	0.007861	0.011992	-0.012640	-0.307777	15408300.000000
2022-05-31	-0.020099	-0.002118	0.001619	-0.018158	-1.290672	43159000.000000
2022-05-27	0.005910	0.006598	0.015527	0.004719	0.377270	17709000.000000
2022-05-26	0.003590	0.007225	0.023417	0.005496	0.228355	16159800.000000
2022-05-25	0.000781	0.006910	0.014305	0.000617	0.049644	15360500.000000
2022-05-24	0.018454	0.007545	0.028536	0.005462	1.151672	16154200.000000
2022-05-23	0.030830	0.018292	0.042242	0.017300	1.866516	19406900.000000
2022-05-20	0.016333	0.015451	0.028041	0.001517	0.972969	29133800.000000
2022-05-19	-0.019608	0.003275	0.003275	-0.018120	-1.191391	31493900.000000
2022-05-18	-0.069626	0.001713	0.003244	-0.066579	-4.547146	31437300.000000
2022-05-17	-0.002729	0.009363	0.009363	-0.007282	-0.178711	21300600.000000
2022-05-16	0.003652	0.002934	0.017340	0.002934	0.238281	13223200.000000
2022-05-13	0.018757	0.011909	0.027366	0.001136	1.201317	16167000.000000
2022-05-12	0.003110	0.004876	0.010671	-0.010003	0.198570	22574700.000000
2022-05-11	0.004687	0.012260	0.025950	0.006438	0.297844	19648400.000000
2022-05-10	-0.009286	0.005510	0.018293	-0.004623	-0.595695	21322200.000000
2022-05-09	-0.002008	0.003024	0.016871	-0.003666	-0.129066	20055300.000000
2022-05-06	0.003565	0.002385	0.019716	0.000355	0.228348	18984000.000000
2022-05-05	-0.007996	0.001959	0.007225	-0.008573	-0.516266	20155200.000000
2022-05-04	0.030913	0.005948	0.039798	0.004989	1.936008	19780200.000000
2022-05-03	-0.005675	0.011670	0.015163	-0.005000	-0.357414	21686300.000000
2022-05-02	-0.018109	0.017670	0.018137	-0.024421	-1.161610	24970300.000000
2022-04-29	-0.023871	0.002356	0.004790	-0.018644	-1.568665	20137100.000000
2022-04-28	0.009610	-0.006602	0.018287	-0.009060	0.625481	22010600.000000
2022-04-27	0.007840	0.006451	0.026270	0.006451	0.506340	16971000.000000
2022-04-26	-0.013497	0.000809	0.013793	-0.006523	-0.883621	21982600.000000
2022-04-25	0.010575	0.034239	0.037326	-0.000030	0.685059	25082000.000000
2022-04-22	-0.014499	0.005247	0.009203	-0.008444	-0.953117	14902200.000000
2022-04-21	0.003790	0.007530	0.023106	0.003560	0.248207	15120400.000000
2022-04-20	0.013678	0.012952	0.025336	0.012333	0.883621	14827100.000000
2022-04-19	0.009776	0.008163	0.019886	0.007225	0.625473	11993800.000000
2022-04-18	-0.008920	0.003352	0.009704	-0.005787	-0.575836	11679400.000000
2022-04-14	0.004480	0.010804	0.020296	0.008625	0.287918	16388400.000000
2022-04-13	0.002633	0.005353	0.012061	0.002077	0.168785	11883000.000000
2022-04-12	0.011754	0.016222	0.023010	0.008488	0.744617	18089900.000000
2022-04-11	-0.000313	0.008487	0.014641	0.004227	-0.019859	12720100.000000
2022-04-08	0.006148	0.007860	0.016751	0.002779	0.387207	12703500.000000
2022-04-07	0.005388	0.007704	0.016324	0.001000	0.337563	13960800.000000
2022-04-06	0.010085	0.012062	0.019962	0.004484	0.625477	19267400.000000
2022-04-05	-0.001119	0.004970	0.018499	0.004487	-0.069496	15721200.000000
2022-04-04	-0.005249	0.002899	0.005943	-0.011199	-0.327633	11505800.000000
2022-04-01	0.014032	0.012586	0.022658	0.008687	0.863758	12644900.000000
2022-03-31	-0.003376	0.007387	0.014187	0.003825	-0.208492	16822900.000000
2022-03-30	0.000804	0.004794	0.008035	-0.002497	0.049641	13641000.000000
2022-03-29	0.003876	0.011942	0.017148	0.004297	0.238281	14720600.000000
2022-03-28	0.006338	0.007225	0.013936	0.001987	0.387199	11485200.000000
2022-03-25	0.009019	0.009537	0.017631	0.008381	0.546055	12259800.000000
2022-03-24	0.009603	0.011227	0.017564	0.008225	0.575840	13151300.000000
2022-03-23	-0.006579	0.006397	0.010207	-0.006028	-0.397129	15529200.000000
2022-03-22	0.003631	0.013044	0.013377	-0.001421	0.218418	17559500.000000
2022-03-21	0.007987	0.013929	0.023984	0.009739	0.476559	17440100.000000
2022-03-18	0.000166	0.010745	0.010745	0.000855	0.009930	30197800.000000
2022-03-17	0.010595	0.007225	0.018744	0.003329	0.625481	15586200.000000
2022-03-16	-0.002684	0.009928	0.012631	-0.009838	-0.158852	17347300.000000
2022-03-15	0.018449	0.016516	0.030453	0.014795	1.072250	18607200.000000
2022-03-14	0.018441	0.015811	0.034561	0.015811	1.052399	17799400.000000
2022-03-11	0.000691	0.016338	0.031944	0.014584	0.039410	19855600.000000
2022-03-10	-0.018317	0.006672	0.009771	-0.010197	-1.064106	20887300.000000
2022-03-09	0.005114	0.035005	0.035351	0.014935	0.295586	23022700.000000
2022-03-08	-0.039620	0.021083	0.022579	-0.026440	-2.384392	30242100.000000
2022-03-07	-0.023813	0.005851	0.006825	-0.015073	-1.468075	29151400.000000
2022-03-04	0.001601	-0.001474	0.016885	-0.005698	0.098530	17163000.000000
2022-03-03	0.000641	0.017861	0.024527	0.012659	0.039413	21262800.000000
2022-03-02	0.007423	0.019193	0.029839	0.011823	0.453228	17319100.000000
2022-03-01	-0.004338	0.013304	0.023252	0.003031	-0.266026	15871100.000000
2022-02-28	-0.009706	-0.004443	0.006699	-0.008319	-0.601021	25879100.000000
2022-02-25	0.038671	0.022147	0.055023	0.021812	2.305565	21487800.000000
2022-02-24	-0.017535	-0.011761	-0.001049	-0.024120	-1.064110	27207400.000000
2022-02-23	-0.011079	0.014283	0.015750	-0.000383	-0.679844	19248500.000000
2022-02-22	-0.004157	0.013150	0.016558	0.001628	-0.256176	21731400.000000
2022-02-18	0.006761	0.014935	0.026372	0.012811	0.413822	21975000.000000
2022-02-17	0.020033	0.009102	0.037934	0.006769	1.202045	21468700.000000
2022-02-16	-0.000164	0.014102	0.023100	0.009103	-0.009853	15484700.000000
2022-02-15	0.003790	0.019618	0.033334	0.014099	0.226616	13408700.000000
2022-02-14	0.006469	0.012747	0.023352	-0.002067	0.384262	23641300.000000
2022-02-11	-0.017758	0.021384	0.024856	-0.005403	-1.073963	22781400.000000
2022-02-10	0.005570	0.003628	0.035886	0.000968	0.334995	23561500.000000
2022-02-09	-0.015484	0.017718	0.020173	-0.003072	-0.945869	23595600.000000
2022-02-08	0.006494	0.018725	0.026963	0.017242	0.394115	18771700.000000
2022-02-07	0.010499	0.021928	0.027589	0.013270	0.630581	17846400.000000
2022-02-04	-0.010550	0.012958	0.016088	-0.002197	-0.640438	17403700.000000
2022-02-03	0.007028	0.010954	0.024889	0.005147	0.423672	19440500.000000
2022-02-02	0.010238	0.015941	0.026834	0.014935	0.610874	20225600.000000
2022-02-01	-0.007376	0.013272	0.017098	0.000795	-0.443371	20841700.000000
2022-01-31	0.002794	0.005927	0.019940	0.003424	0.167496	22045300.000000
2022-01-28	0.019950	0.010511	0.036033	0.002854	1.172485	19101500.000000
2022-01-27	0.000839	0.019703	0.037584	0.013232	0.049267	18893800.000000
2022-01-26	-0.003678	0.014426	0.023927	0.004585	-0.216763	19190200.000000
2022-01-25	-0.002335	0.004779	0.016458	-0.006562	-0.137939	19027100.000000
2022-01-24	-0.008106	0.005701	0.013256	-0.016629	-0.482788	30185100.000000
2022-01-21	-0.004938	0.020448	0.024124	0.009088	-0.295586	26643200.000000
2022-01-20	-0.004098	0.014935	0.022256	0.010276	-0.246323	23002400.000000
2022-01-19	0.001642	0.010935	0.019601	0.009269	0.098530	18654700.000000
2022-01-18	-0.007982	0.009479	0.011629	-0.000606	-0.482792	21976700.000000
2022-01-14	0.008046	0.015602	0.024101	0.005936	0.482792	19729600.000000
2022-01-13	0.005946	0.014935	0.023317	0.012420	0.354702	14318000.000000
2022-01-12	0.001489	0.016278	0.018965	0.010570	0.088676	15753800.000000
2022-01-11	0.000331	0.014935	0.015943	0.005026	0.019703	19369600.000000
2022-01-10	0.001658	0.018636	0.023178	0.012412	0.098530	20954300.000000
2022-01-07	-0.002315	0.011746	0.019131	0.008054	-0.137943	12307900.000000
2022-01-06	-0.005264	0.009592	0.020445	0.009092	-0.315289	17902300.000000
2022-01-05	0.008293	0.011568	0.030254	0.010895	0.492645	22507300.000000
2022-01-04	0.016695	0.022295	0.036158	0.019898	0.975430	26141600.000000
2022-01-03	0.001520	0.008250	0.016649	0.000708	0.088676	20187300.000000
2021-12-31	0.007315	0.014417	0.024777	0.013554	0.423672	10021300.000000
2021-12-30	-0.002884	0.016829	0.019756	0.011664	-0.167500	7703900.000000
2021-12-29	0.001189	0.016142	0.018727	0.011143	0.068970	9996000.000000
2021-12-28	0.003922	0.010609	0.019953	0.008878	0.226616	8979900.000000
2021-12-27	0.007386	0.011100	0.023128	0.011100	0.423672	9860000.000000
2021-12-23	0.000688	0.020866	0.022436	0.010748	0.039413	11027300.000000
2021-12-22	0.007097	0.013881	0.022314	0.010016	0.403965	12447400.000000
2021-12-21	0.003997	0.016170	0.022520	0.014759	0.226616	15864900.000000
2021-12-20	-0.003291	0.005617	0.015814	0.002101	-0.187202	20879500.000000
2021-12-17	-0.015686	0.012166	0.019607	-0.001505	-0.906464	51874400.000000
2021-12-16	0.010162	0.013537	0.029269	0.012138	0.581318	24696900.000000
2021-12-15	0.004498	0.017218	0.022837	0.012301	0.256180	24923800.000000
2021-12-14	0.000692	0.008609	0.022139	0.008609	0.039406	24806600.000000
2021-12-13	0.026297	0.027559	0.044691	0.027198	1.458221	31362800.000000
2021-12-10	0.025884	0.022150	0.041946	0.018820	1.399105	23153600.000000
2021-12-09	-0.002545	0.010322	0.017334	0.007369	-0.137939	13846400.000000
2021-12-08	-0.003804	0.013281	0.017509	-0.000691	-0.206909	18026300.000000
2021-12-07	0.005463	0.016968	0.024362	0.013826	0.295586	23832700.000000
2021-12-06	0.025588	0.029532	0.047351	0.026309	1.349838	26624100.000000
2021-12-03	0.008856	0.019907	0.025262	0.013214	0.463085	21064400.000000
2021-12-02	0.014723	0.020757	0.035117	0.019010	0.758667	17074200.000000
2021-12-01	-0.002860	0.025191	0.035640	0.011645	-0.147793	18719600.000000
2021-11-30	-0.031573	0.004441	0.005003	-0.017297	-1.684834	30485200.000000
2021-11-29	0.015820	0.028897	0.041842	0.026613	0.831047	22712500.000000
2021-11-26	-0.030669	0.007306	0.010258	-0.011331	-1.662098	14754300.000000
2021-11-24	-0.008053	0.019694	0.022073	0.007248	-0.439968	12598900.000000
2021-11-23	0.007391	0.026309	0.034607	0.023359	0.400860	13835900.000000
2021-11-22	0.006167	0.022249	0.039318	0.021878	0.332420	16905600.000000
2021-11-19	-0.005053	0.023359	0.024282	0.013392	-0.273758	15813700.000000
2021-11-18	-0.008943	0.021342	0.023172	0.008720	-0.488846	15380100.000000
2021-11-17	-0.005514	0.019531	0.019713	0.012436	-0.303093	13288700.000000
2021-11-16	-0.007065	0.022806	0.028586	0.015038	-0.391075	13756500.000000
2021-11-15	0.000177	0.021360	0.024070	0.016663	0.009769	10289200.000000
2021-11-12	-0.002291	0.022986	0.027312	0.019381	-0.127098	10162500.000000
2021-11-11	0.000353	0.024789	0.025691	0.020101	0.019554	7257700.000000
2021-11-10	0.004071	0.023711	0.030591	0.019184	0.224869	8813600.000000
2021-11-09	0.002840	0.024258	0.026256	0.018448	0.156433	10155800.000000
2021-11-08	-0.008973	0.021186	0.023705	0.010030	-0.498627	12828000.000000
2021-11-05	0.004240	0.027143	0.032925	0.022625	0.234650	12886700.000000
2021-11-04	0.005507	0.019535	0.028984	0.018081	0.303089	10820200.000000
2021-11-03	0.003387	0.020983	0.026999	0.016972	0.185764	10788300.000000
2021-11-02	-0.001246	0.028268	0.028815	0.019164	-0.068439	11498900.000000
2021-11-01	-0.003548	0.023169	0.023350	0.014278	-0.195538	11651100.000000
2021-10-29	0.005889	0.019703	0.030654	0.018060	0.322636	24463700.000000
2021-10-28	0.009366	0.027043	0.033675	0.024648	0.508404	15928000.000000
2021-10-27	0.019277	0.050972	0.053037	0.037828	1.026592	24019800.000000
2021-10-26	0.004426	0.024503	0.029407	0.022806	0.234650	12086700.000000
2021-10-25	-0.004040	0.021491	0.023181	0.014728	-0.215096	11855000.000000
2021-10-22	0.001840	0.023558	0.026193	0.017536	0.097771	12828600.000000
2021-10-21	-0.005125	0.022244	0.023555	0.014942	-0.273758	14388300.000000
2021-10-20	0.008864	0.023372	0.034328	0.022050	0.469296	12474800.000000
2021-10-19	0.003893	0.024702	0.027736	0.019582	0.205318	11068500.000000
2021-10-18	-0.009912	0.020365	0.021116	0.011166	-0.527954	15861800.000000
2021-10-15	-0.002381	0.023368	0.027863	0.016812	-0.127106	17867000.000000
2021-10-14	0.006821	0.025634	0.033554	0.024126	0.361748	13704000.000000
2021-10-13	0.000184	0.021674	0.026578	0.014507	0.009781	12143300.000000
2021-10-12	0.000000	0.026389	0.034122	0.022617	0.000000	19474400.000000
2021-10-11	0.002033	0.024507	0.027908	0.020727	0.107548	12378500.000000
2021-10-08	0.004454	0.025084	0.032487	0.023185	0.234642	13786800.000000
2021-10-07	0.003165	0.028138	0.033660	0.024710	0.166214	13774400.000000
2021-10-06	0.011869	0.016832	0.036101	0.011822	0.615952	21284500.000000
2021-10-05	0.001698	0.023385	0.032071	0.021648	0.087990	17173100.000000
2021-10-04	-0.000566	0.023577	0.032644	0.010845	-0.029327	18973400.000000
2021-10-01	0.010482	0.028849	0.037036	0.024755	0.537735	16277400.000000
2021-09-30	-0.009252	0.026861	0.029951	0.012570	-0.479076	17672000.000000
2021-09-29	0.006079	0.022806	0.032910	0.021251	0.312874	13941500.000000
2021-09-28	-0.018094	0.019944	0.019944	0.000293	-0.948376	19926100.000000
2021-09-27	-0.005196	0.022046	0.029638	0.016732	-0.273758	12429500.000000
2021-09-24	-0.002776	0.022049	0.026591	0.019399	-0.146660	9682200.000000
2021-09-23	-0.001663	0.025262	0.032064	0.020349	-0.087986	13836200.000000
2021-09-22	0.001480	0.031510	0.032457	0.022995	0.078213	12719700.000000
2021-09-21	-0.000185	0.029049	0.037185	0.020535	-0.009777	16418200.000000
2021-09-20	-0.006980	0.016606	0.022054	0.009466	-0.371525	27542500.000000
2021-09-17	-0.016441	0.016708	0.019849	0.004696	-0.889709	33370200.000000
2021-09-16	-0.009485	0.019877	0.024819	0.003404	-0.518188	17430400.000000
2021-09-15	0.003412	0.022622	0.028499	0.017847	0.185768	15746000.000000
2021-09-14	0.000719	0.027768	0.028871	0.020968	0.039112	13918900.000000
2021-09-13	0.008272	0.032934	0.045165	0.032934	0.446369	20274300.000000
2021-09-10	-0.004475	0.033292	0.035506	0.024253	-0.242596	10573700.000000
2021-09-09	-0.009925	0.026141	0.030525	0.019201	-0.543404	12545400.000000
2021-09-08	0.013472	0.029414	0.045519	0.029414	0.727779	12040100.000000
2021-09-07	-0.018685	0.028163	0.029798	0.008363	-1.028603	20035300.000000
2021-09-03	-0.000705	0.024898	0.030525	0.021086	-0.038818	13220400.000000
2021-09-02	0.001411	0.031979	0.036706	0.025435	0.077629	11653200.000000
2021-09-01	0.006748	0.031806	0.039492	0.029976	0.368748	9518900.000000
2021-08-31	0.002314	0.030158	0.036762	0.027223	0.126148	14185700.000000
2021-08-30	0.009524	0.031266	0.040710	0.030340	0.514301	10034700.000000
2021-08-27	0.001981	0.032751	0.035164	0.028855	0.106739	8844100.000000
2021-08-26	-0.009452	0.028320	0.028871	0.020233	-0.514294	10331500.000000
2021-08-25	0.001071	0.031445	0.033469	0.025373	0.058224	11270700.000000
2021-08-24	-0.007619	0.034177	0.034177	0.020665	-0.417271	12067200.000000
2021-08-23	-0.003531	0.031071	0.032526	0.025795	-0.194073	8912800.000000
2021-08-20	-0.003869	0.030162	0.033606	0.025450	-0.213486	10543600.000000
2021-08-19	0.006372	0.022500	0.039280	0.020493	0.349339	9223700.000000
2021-08-18	-0.013617	0.028906	0.029625	0.015053	-0.756893	13873700.000000
2021-08-17	-0.003479	0.030167	0.031959	0.022099	-0.194073	10346400.000000
2021-08-16	0.004368	0.029985	0.035207	0.026924	0.242592	7972000.000000
2021-08-13	0.006861	0.029981	0.038865	0.029256	0.378441	7714200.000000
2021-08-12	0.001939	0.030525	0.035066	0.030525	0.106747	6169200.000000
2021-08-11	-0.001232	0.032158	0.037419	0.028892	-0.067928	8370700.000000
2021-08-10	0.002648	0.033981	0.039984	0.030707	0.145554	10906900.000000
2021-08-09	0.000177	0.033436	0.034892	0.026704	0.009708	8859900.000000
2021-08-06	0.002478	0.032349	0.034902	0.029431	0.135853	10409300.000000
2021-08-05	0.007130	0.036771	0.039526	0.034015	0.388149	9806800.000000
2021-08-04	-0.014406	0.027447	0.031068	0.014050	-0.795708	11888400.000000
2021-08-03	0.000703	0.032699	0.032699	0.028170	0.038815	8825500.000000
2021-08-02	-0.002630	0.033597	0.034320	0.024743	-0.145557	9778000.000000
2021-07-30	-0.000351	0.032331	0.034138	0.027815	-0.019409	11727000.000000
2021-07-29	0.005464	0.036519	0.039788	0.032704	0.300819	9599100.000000
2021-07-28	-0.009081	0.025666	0.028725	0.019187	-0.504597	9858000.000000
2021-07-27	0.003505	0.031428	0.039194	0.027997	0.194077	12794400.000000
2021-07-26	0.000877	0.028356	0.032513	0.022391	0.048515	8681100.000000
2021-07-23	0.009563	0.032715	0.046219	0.030160	0.524010	12144000.000000
2021-07-22	-0.001415	0.031801	0.033987	0.021413	-0.077633	13402700.000000
2021-07-21	0.012896	0.058212	0.062458	0.041600	0.698673	20918200.000000
2021-07-20	0.001794	0.030525	0.041620	0.026642	0.097038	16257900.000000
2021-07-19	-0.011879	0.024678	0.029611	0.007868	-0.650154	19527000.000000
2021-07-16	-0.000709	0.030890	0.034907	0.027238	-0.038818	14860500.000000
2021-07-15	0.003200	0.030159	0.034372	0.024114	0.174675	15068200.000000
2021-07-14	0.022537	0.030525	0.055436	0.029401	1.203266	22002700.000000
2021-07-13	0.009912	0.039415	0.046036	0.035632	0.524006	15170800.000000
2021-07-12	0.000367	0.027876	0.033174	0.026930	0.019409	15107600.000000
2021-07-09	0.006096	0.032810	0.037950	0.031477	0.320225	10847000.000000
2021-07-08	-0.003498	0.024644	0.027679	0.019522	-0.184376	11943900.000000
2021-07-07	0.008166	0.027465	0.040088	0.027465	0.426968	14377700.000000
2021-07-06	-0.005537	0.026911	0.028813	0.018542	-0.291111	15278200.000000
2021-07-02	0.004077	0.031289	0.039883	0.031289	0.213482	10604600.000000
2021-07-01	-0.002772	0.034905	0.037572	0.025764	-0.145557	13214700.000000
2021-06-30	0.004642	0.029377	0.036648	0.028420	0.242596	14614200.000000
2021-06-29	-0.007372	0.028056	0.032044	0.020269	-0.388149	12300900.000000
2021-06-28	-0.001105	0.029197	0.031474	0.024454	-0.058228	10556900.000000
2021-06-25	-0.001287	0.027683	0.032041	0.023325	-0.067928	18880300.000000
2021-06-24	0.004989	0.033191	0.036237	0.028240	0.262009	11488400.000000
2021-06-23	-0.008065	0.030525	0.031280	0.022025	-0.426971	12339200.000000
2021-06-22	0.003679	0.030146	0.039814	0.028629	0.194077	13072800.000000
2021-06-21	0.010973	0.039149	0.043174	0.034933	0.572525	14404300.000000
2021-06-18	-0.021474	0.022273	0.024336	0.007458	-1.145050	31445600.000000
2021-06-17	0.005122	0.030525	0.039573	0.030148	0.271709	10658400.000000
2021-06-16	-0.013355	0.031083	0.031455	0.016204	-0.718082	15211700.000000
2021-06-15	-0.002520	0.034792	0.034977	0.023846	-0.135853	11154200.000000
2021-06-14	-0.003409	0.029601	0.029970	0.020541	-0.184372	9710800.000000
2021-06-11	0.004472	0.039776	0.043861	0.033647	0.240784	11825800.000000
2021-06-10	0.007751	0.046337	0.050267	0.043530	0.414143	12444400.000000
2021-06-09	-0.003055	0.040156	0.043328	0.035118	-0.163731	9838800.000000
2021-06-08	-0.006959	0.042181	0.042181	0.029211	-0.375622	10968300.000000
2021-06-07	-0.003556	0.039582	0.040136	0.030351	-0.192623	14010800.000000
2021-06-04	0.010784	0.043142	0.053965	0.040902	0.577869	18935100.000000
2021-06-03	0.002523	0.032303	0.042780	0.030807	0.134842	17364300.000000
2021-06-02	0.003980	0.042422	0.043549	0.037914	0.211895	11328500.000000
2021-06-01	-0.000181	0.039229	0.045050	0.034722	-0.009644	13304000.000000
2021-05-28	-0.003604	0.035670	0.042406	0.032864	-0.192619	17011600.000000
2021-05-27	0.008359	0.041686	0.048479	0.033573	0.443039	59109600.000000
2021-05-26	0.004380	0.041891	0.043217	0.034500	0.231144	16064300.000000
2021-05-25	-0.000182	0.038669	0.038669	0.029764	-0.009624	11916500.000000
2021-05-24	0.003295	0.038480	0.044183	0.035819	0.173359	10326100.000000
2021-05-21	-0.000549	0.041140	0.047219	0.030120	-0.028896	16033200.000000
2021-05-20	0.008861	0.037332	0.050365	0.037332	0.462299	10948400.000000
2021-05-19	-0.003128	0.034086	0.035233	0.024342	-0.163731	15126100.000000
2021-05-18	-0.005490	0.033539	0.036770	0.028029	-0.288937	13232500.000000
2021-05-17	-0.001644	0.040377	0.043792	0.033927	-0.086681	12119800.000000
2021-05-14	0.004036	0.045719	0.049528	0.041719	0.211895	11725300.000000
2021-05-13	0.008697	0.036945	0.052508	0.034255	0.452656	15475800.000000
2021-05-12	-0.005155	0.039055	0.042878	0.029880	-0.269669	15836500.000000
2021-05-11	-0.010745	0.040559	0.042639	0.022028	-0.568241	12986700.000000
2021-05-10	0.007338	0.045338	0.057147	0.044385	0.385254	15545800.000000
2021-05-07	-0.000550	0.036386	0.042669	0.031056	-0.028900	10637500.000000
2021-05-06	0.010000	0.040597	0.050019	0.039251	0.520084	11572700.000000
2021-05-05	-0.002586	0.038290	0.040208	0.030044	-0.134834	9665900.000000
2021-05-04	-0.006241	0.040005	0.040958	0.027999	-0.327461	14151000.000000
2021-05-03	0.009263	0.043868	0.054062	0.041752	0.481556	10417900.000000
2021-04-30	-0.005160	0.038099	0.038481	0.027383	-0.269672	14912600.000000
2021-04-29	0.012502	0.037321	0.053209	0.035190	0.645290	15391000.000000
2021-04-28	0.000187	0.046041	0.047398	0.035577	0.009632	10868100.000000
2021-04-27	-0.001491	0.036355	0.039064	0.031711	-0.077045	9852400.000000
2021-04-26	-0.014871	0.038290	0.039052	0.021325	-0.780132	11684600.000000
2021-04-23	0.000551	0.037527	0.041151	0.033140	0.028893	9020500.000000
2021-04-22	-0.003113	0.035628	0.043233	0.032776	-0.163731	12558900.000000
2021-04-21	0.008123	0.039632	0.049215	0.039632	0.423775	13866500.000000
2021-04-20	0.003148	0.035214	0.049634	0.034637	0.163731	14419200.000000
2021-04-19	0.005961	0.044479	0.051443	0.030940	0.308197	19352900.000000
2021-04-16	0.006563	0.046272	0.047440	0.039263	0.337093	17974100.000000
2021-04-15	0.004710	0.039268	0.049635	0.039072	0.240784	13078100.000000
2021-04-14	-0.000188	0.036139	0.040246	0.029685	-0.009636	9787600.000000
2021-04-13	-0.004873	0.032257	0.037122	0.027781	-0.250404	11071700.000000
2021-04-12	0.003197	0.041219	0.045514	0.036728	0.163727	8565300.000000
2021-04-09	0.001129	0.039267	0.041417	0.032231	0.057785	10828200.000000
2021-04-08	-0.003003	0.036146	0.040239	0.032249	-0.154095	9695600.000000
2021-04-07	0.001692	0.040047	0.044341	0.036924	0.086678	10062700.000000
2021-04-06	0.007196	0.042812	0.054805	0.040059	0.365986	15614300.000000
2021-04-05	0.005713	0.035126	0.052329	0.033940	0.288940	16368700.000000
2021-04-01	-0.003794	0.043215	0.046957	0.033365	-0.192627	15834700.000000
2021-03-31	-0.008279	0.035946	0.038681	0.025592	-0.423779	15826500.000000
2021-03-30	-0.012999	0.036362	0.037133	0.020551	-0.674179	14871800.000000
2021-03-29	0.015271	0.032222	0.055908	0.031830	0.780125	17514100.000000
2021-03-26	0.019608	0.040685	0.060046	0.033100	0.982384	17126700.000000
2021-03-25	0.009705	0.041918	0.049173	0.031236	0.481564	17091900.000000
2021-03-24	0.002530	0.033845	0.048392	0.033441	0.125210	14997400.000000
2021-03-23	0.007647	0.038087	0.051523	0.034829	0.375618	16936700.000000
2021-03-22	0.003739	0.028277	0.043807	0.028277	0.182987	17911400.000000
2021-03-19	0.004746	0.036031	0.048761	0.030077	0.231152	67845700.000000
2021-03-18	-0.013076	0.034643	0.037277	0.023093	-0.645294	18007300.000000
2021-03-17	0.000391	0.038898	0.046398	0.036871	0.019264	17502700.000000
2021-03-16	0.003723	0.041749	0.048260	0.038494	0.182999	14214200.000000
2021-03-15	0.013304	0.041176	0.053959	0.040558	0.645287	13411900.000000
2021-03-12	-0.001982	0.040965	0.042817	0.032940	-0.096317	17598600.000000
2021-03-11	-0.010886	0.046322	0.046729	0.034110	-0.534889	17417700.000000
2021-03-10	0.011404	0.053519	0.062782	0.044050	0.553997	21331600.000000
2021-03-09	-0.015105	0.048554	0.051798	0.030308	-0.745033	23082700.000000
2021-03-08	0.016736	0.060949	0.081974	0.054559	0.811893	25084900.000000
2021-03-05	0.017021	0.049238	0.068106	0.046094	0.811901	21310800.000000
2021-03-04	-0.000800	0.053845	0.070183	0.039391	-0.038212	22036400.000000
2021-03-03	-0.002395	0.038991	0.056545	0.038782	-0.114620	15410700.000000
2021-03-02	0.004008	0.045673	0.060779	0.042736	0.191032	11755100.000000
2021-03-01	0.018575	0.056549	0.077919	0.055694	0.869209	13901200.000000
2021-02-26	-0.023520	0.047558	0.047767	0.021891	-1.127102	23638400.000000
2021-02-25	-0.010649	0.041977	0.047758	0.031861	-0.515793	14211100.000000
2021-02-24	0.003364	0.043825	0.054390	0.038439	0.162384	14442000.000000
2021-02-23	-0.001778	0.054583	0.065129	0.042590	-0.085976	16222300.000000
2021-02-22	0.010377	0.041500	0.063019	0.037739	0.496693	14370900.000000
2021-02-19	-0.013000	0.047345	0.048169	0.030435	-0.630413	15968800.000000
2021-02-18	0.012767	0.047559	0.061969	0.044844	0.611313	12747100.000000
2021-02-17	-0.002785	0.041309	0.051514	0.039018	-0.133724	12794300.000000
2021-02-16	-0.008286	0.045486	0.047552	0.035986	-0.401173	15093400.000000
2021-02-12	0.007753	0.052552	0.058380	0.048805	0.372517	13137100.000000
2021-02-11	0.014113	0.051365	0.067829	0.051154	0.668625	21928600.000000
2021-02-10	-0.002012	0.061888	0.065470	0.043351	-0.095516	22965400.000000
2021-02-09	-0.004407	0.045464	0.049029	0.040850	-0.210144	14592900.000000
2021-02-08	0.005438	0.053469	0.057897	0.043558	0.257896	17833200.000000
2021-02-05	0.013059	0.057399	0.063381	0.052486	0.611313	12742000.000000
2021-02-04	0.004921	0.051011	0.053372	0.044356	0.229237	20597400.000000
2021-02-03	-0.003881	0.046718	0.049712	0.040731	-0.181480	12274100.000000
2021-02-02	0.009901	0.053843	0.065720	0.050171	0.458485	13319800.000000
2021-02-01	0.006854	0.049541	0.058673	0.047584	0.315205	12183600.000000
2021-01-29	-0.020346	0.044376	0.046293	0.024779	-0.955177	18670300.000000
2021-01-28	0.012776	0.050384	0.067858	0.048658	0.592209	17498900.000000
2021-01-27	-0.015419	0.038436	0.047569	0.024417	-0.725929	21242400.000000
2021-01-26	0.010455	0.049722	0.060239	0.043283	0.487137	12922600.000000
2021-01-25	0.005981	0.045421	0.054489	0.041534	0.277000	16604200.000000
2021-01-22	-0.009397	0.043938	0.046718	0.037094	-0.439377	15400300.000000
2021-01-21	0.005546	0.049083	0.055750	0.042201	0.257893	19702500.000000
2021-01-20	0.003505	0.047580	0.053623	0.042616	0.162384	23115800.000000
2021-01-19	-0.003901	0.047792	0.054241	0.037043	-0.181480	29114500.000000
2021-01-15	-0.010766	0.045444	0.045869	0.032046	-0.506241	24366800.000000
2021-01-14	-0.018541	0.046932	0.047350	0.027313	-0.888313	34303600.000000
2021-01-13	0.000998	0.044216	0.052155	0.043589	0.047756	18864100.000000
2021-01-12	-0.001793	0.043595	0.050477	0.037756	-0.085968	18538700.000000
2021-01-11	-0.017228	0.037504	0.042423	0.023772	-0.840546	19304400.000000
2021-01-08	0.022418	0.048399	0.071450	0.044418	1.069794	29674000.000000
2021-01-07	-0.011085	0.038021	0.041544	0.026209	-0.534897	53225700.000000
2021-01-06	-0.031813	0.042719	0.043722	0.007005	-1.585587	38724500.000000
2021-01-05	-0.010993	0.038400	0.044154	0.032447	-0.553993	20323800.000000
2021-01-04	-0.037929	0.036050	0.042923	-0.006713	-1.986763	25611100.000000
2020-12-31	0.007348	0.047125	0.056355	0.043663	0.382072	8495000.000000
2020-12-30	0.005727	0.045385	0.056603	0.044998	0.296097	8142700.000000
2020-12-29	-0.000554	0.052538	0.053311	0.044226	-0.028652	8320600.000000
2020-12-28	0.013473	0.054964	0.066523	0.052613	0.687721	9020500.000000
2020-12-24	0.006782	0.045749	0.056202	0.045749	0.343864	3265500.000000
2020-12-23	0.006065	0.050703	0.059434	0.050504	0.305660	7040300.000000
2020-12-22	-0.000947	0.046932	0.054267	0.038606	-0.047768	9689500.000000
2020-12-21	-0.017306	0.026282	0.032516	0.012645	-0.888313	14926600.000000
2020-12-18	0.008823	0.043198	0.058135	0.034157	0.448936	35480100.000000
2020-12-17	0.003958	0.051668	0.059757	0.048708	0.200584	12677300.000000
2020-12-16	-0.014487	0.042265	0.046154	0.029431	-0.745033	15679600.000000
2020-12-15	0.010700	0.057152	0.065603	0.053418	0.544449	16193700.000000
2020-12-14	-0.001499	0.052819	0.056548	0.043596	-0.076408	22292000.000000
2020-12-11	0.005655	0.041998	0.056602	0.041604	0.286545	10638100.000000
2020-12-10	-0.005250	0.048306	0.050466	0.040061	-0.267445	12097300.000000
2020-12-09	0.002821	0.050673	0.055201	0.043389	0.143280	11508400.000000
2020-12-08	0.003585	0.045944	0.056613	0.042981	0.181473	12485800.000000
2020-12-07	-0.015970	0.045182	0.045571	0.024574	-0.821442	16210900.000000
2020-12-04	0.020273	0.046932	0.068553	0.046535	1.022034	18122400.000000
2020-12-03	0.012857	0.042713	0.063608	0.042713	0.639965	17318900.000000
2020-12-02	0.001345	0.044116	0.048743	0.038885	0.066860	14913100.000000
2020-12-01	0.008527	0.057888	0.061743	0.050787	0.420277	18968800.000000
2020-11-30	-0.013196	0.042928	0.044930	0.022706	-0.659065	43203600.000000
2020-11-27	-0.004345	0.058729	0.060324	0.048762	-0.217983	8499300.000000
2020-11-25	-0.005449	0.052167	0.056331	0.046616	-0.274841	10194800.000000
2020-11-24	0.010250	0.064354	0.073368	0.061951	0.511776	13827600.000000
2020-11-23	0.000190	0.060750	0.065158	0.045726	0.009483	13191900.000000
2020-11-20	-0.008658	0.056333	0.057524	0.044417	-0.435966	15645600.000000
2020-11-19	0.009884	0.052734	0.067576	0.041904	0.492821	17189500.000000
2020-11-18	-0.019933	0.056517	0.061824	0.033126	-1.014076	15278200.000000
2020-11-17	-0.003157	0.051418	0.053182	0.039074	-0.161114	14248400.000000
2020-11-16	0.007483	0.075869	0.078238	0.051785	0.379089	14908200.000000
2020-11-13	0.008300	0.059918	0.064894	0.052752	0.417007	12447900.000000
2020-11-12	-0.010638	0.044704	0.047855	0.036039	-0.540215	15024400.000000
2020-11-11	-0.007410	0.054164	0.061396	0.042435	-0.379097	17399900.000000
2020-11-10	0.026822	0.055141	0.089463	0.052733	1.336323	29706700.000000
2020-11-09	0.063094	0.120221	0.136437	0.111045	2.956947	33442000.000000
2020-11-06	0.000202	0.059623	0.066879	0.051086	0.009476	9294900.000000
2020-11-05	0.005491	0.067802	0.077458	0.058789	0.255890	12452400.000000
2020-11-04	-0.003647	0.056852	0.073529	0.049368	-0.170589	12930800.000000
2020-11-03	0.015014	0.068162	0.084221	0.063388	0.691845	15285100.000000
2020-11-02	0.011652	0.070290	0.074681	0.059093	0.530731	15156100.000000
2020-10-30	0.000833	0.050527	0.057338	0.040858	0.037910	15804000.000000
2020-10-29	0.001251	0.050081	0.066581	0.040621	0.056873	15369900.000000
2020-10-28	-0.038878	0.036110	0.039282	0.010313	-1.838627	19886200.000000
2020-10-27	0.002008	0.055353	0.065523	0.049844	0.094780	13892100.000000
2020-10-26	-0.014252	0.051382	0.054932	0.027572	-0.682373	14696400.000000
2020-10-23	-0.003157	0.061803	0.065551	0.050769	-0.151638	13491300.000000
2020-10-22	0.013803	0.080047	0.080681	0.063373	0.653942	20189200.000000
2020-10-21	-0.005174	0.049052	0.058921	0.045062	-0.246418	12517400.000000
2020-10-20	0.012697	0.060882	0.076405	0.058756	0.597080	10970700.000000
2020-10-19	-0.008195	0.055141	0.064632	0.043120	-0.388573	9930400.000000
2020-10-16	0.000800	0.055141	0.062740	0.052608	0.037910	13569800.000000
2020-10-15	-0.002594	0.039983	0.055351	0.037878	-0.123215	9961700.000000
2020-10-14	-0.001991	0.051569	0.060814	0.043165	-0.094769	10582100.000000
2020-10-13	-0.017029	0.053076	0.053076	0.030564	-0.824532	14365300.000000
2020-10-12	0.005511	0.055764	0.070093	0.055556	0.265366	11386500.000000
2020-10-09	0.006936	0.059532	0.071242	0.058068	0.331711	11407800.000000
2020-10-08	0.018160	0.058334	0.076005	0.054715	0.852962	12143900.000000
2020-10-07	0.012669	0.056866	0.072820	0.055357	0.587605	10135600.000000
2020-10-06	-0.008911	0.058773	0.062620	0.043389	-0.417011	10077400.000000
2020-10-05	0.000405	0.056637	0.059203	0.050011	0.018959	10628700.000000
2020-10-02	0.003660	0.046130	0.063723	0.041624	0.170589	13610100.000000
2020-10-01	-0.003848	0.056637	0.061339	0.038471	-0.180069	17577300.000000
2020-09-30	0.009199	0.062690	0.070239	0.054494	0.426487	15755900.000000
2020-09-29	-0.007305	0.057496	0.061136	0.047219	-0.341183	12426600.000000
2020-09-28	0.011494	0.067919	0.076582	0.064237	0.530727	11215700.000000
2020-09-25	0.000411	0.044308	0.056441	0.039542	0.018963	12603400.000000
2020-09-24	0.010164	0.055141	0.074620	0.040915	0.464386	16788100.000000
2020-09-23	-0.029199	0.056628	0.060665	0.023482	-1.374226	17121200.000000
2020-09-22	0.011611	0.055571	0.075560	0.054711	0.540211	13034600.000000
2020-09-21	-0.026957	0.040501	0.046148	0.016658	-1.288925	17514800.000000
2020-09-18	-0.001978	0.059316	0.067874	0.048044	-0.094776	23816600.000000
2020-09-17	-0.004725	0.043299	0.051817	0.037483	-0.227459	13287100.000000
2020-09-16	-0.005093	0.053074	0.063409	0.048734	-0.246410	15353900.000000
2020-09-15	0.006705	0.061175	0.069082	0.057846	0.322235	12838400.000000
2020-09-14	0.001185	0.061807	0.067224	0.053474	0.056862	10911700.000000
2020-09-11	0.021200	0.072192	0.089211	0.065809	0.996540	18272300.000000
2020-09-10	-0.003786	0.067073	0.074067	0.058596	-0.178623	15439500.000000
2020-09-09	0.007629	0.059198	0.083969	0.058130	0.357250	15252300.000000
2020-09-08	-0.024099	0.061390	0.063682	0.028671	-1.156364	17776700.000000
2020-09-04	0.011093	0.073375	0.084543	0.059468	0.526470	21019500.000000
2020-09-03	-0.013870	0.068046	0.083422	0.041033	-0.667488	22289400.000000
2020-09-02	0.042142	0.068879	0.112189	0.068879	1.946068	26332600.000000
2020-09-01	-0.008278	0.058958	0.059817	0.048649	-0.385448	12588400.000000
2020-08-31	-0.006021	0.063042	0.068805	0.053436	-0.282043	18510800.000000
2020-08-28	0.033174	0.075150	0.099410	0.070298	1.504208	16420300.000000
2020-08-27	0.001454	0.065670	0.078259	0.064566	0.065815	10931600.000000
2020-08-26	0.005218	0.060352	0.069677	0.053913	0.235031	10124200.000000
2020-08-25	-0.001251	0.064347	0.065456	0.056587	-0.056408	7827800.000000
2020-08-24	0.014594	0.067057	0.079430	0.061432	0.648689	9257700.000000
2020-08-21	-0.001478	0.063458	0.067052	0.055146	-0.065807	14734100.000000
2020-08-20	-0.000422	0.061437	0.068847	0.057395	-0.018810	11308700.000000
2020-08-19	-0.021685	0.057092	0.062803	0.037321	-0.987137	17371000.000000
2020-08-18	0.004356	0.063462	0.070081	0.058166	0.197433	9829000.000000
2020-08-17	-0.004954	0.060828	0.070268	0.058194	-0.225636	9102400.000000
2020-08-14	0.001447	0.062803	0.070498	0.055987	0.065811	10075800.000000
2020-08-13	-0.001032	0.059948	0.070271	0.055556	-0.047005	9882900.000000
2020-08-12	0.010432	0.071893	0.080548	0.067899	0.470062	9562200.000000
2020-08-11	0.004401	0.080177	0.084412	0.063236	0.197422	16531600.000000
2020-08-10	-0.001673	0.069468	0.074364	0.060567	-0.075199	11888000.000000
2020-08-07	0.006740	0.063458	0.077124	0.057633	0.300835	11669700.000000
2020-08-06	0.005506	0.051068	0.070665	0.049716	0.244438	10745000.000000
2020-08-05	0.011352	0.068466	0.076896	0.066416	0.498272	10498700.000000
2020-08-04	0.008423	0.063453	0.076548	0.061844	0.366650	11717200.000000
2020-08-03	-0.019899	0.061430	0.066384	0.040940	-0.883728	14137500.000000
2020-07-31	-0.009436	0.058106	0.065466	0.042270	-0.423058	14849200.000000
2020-07-30	-0.006872	0.055929	0.068334	0.045519	-0.310238	17276500.000000
2020-07-29	-0.003321	0.062799	0.070747	0.055734	-0.150425	13758100.000000
2020-07-28	-0.006188	0.060610	0.081235	0.055345	-0.282040	13872700.000000
2020-07-27	-0.000206	0.056882	0.064121	0.056882	-0.009399	17346500.000000
2020-07-24	0.004350	0.066326	0.075139	0.059056	0.197426	16196800.000000
2020-07-23	-0.004125	0.063463	0.065657	0.053809	-0.188026	15935000.000000
2020-07-22	0.027119	0.080133	0.093429	0.059851	1.203369	29831200.000000
2020-07-21	0.023417	0.095971	0.106811	0.082363	1.015339	25681500.000000
2020-07-20	-0.014951	0.061410	0.063909	0.041645	-0.658089	16633200.000000
2020-07-17	0.014518	0.071058	0.081199	0.063221	0.629887	13899800.000000
2020-07-16	-0.005388	0.060473	0.070330	0.053137	-0.235035	13306100.000000
2020-07-15	0.011554	0.073653	0.094292	0.071335	0.498268	23738000.000000
2020-07-14	0.013702	0.055690	0.079902	0.050048	0.582882	17080100.000000
2020-07-13	0.002215	0.072634	0.076168	0.059206	0.094013	16705300.000000
2020-07-10	0.028240	0.062955	0.096142	0.062471	1.165760	15627800.000000
2020-07-09	-0.025738	0.063210	0.063210	0.034417	-1.090549	16087100.000000
2020-07-08	-0.003097	0.062035	0.062976	0.046272	-0.131618	13851200.000000
2020-07-07	-0.000442	0.058273	0.070032	0.053570	-0.018799	13043600.000000
2020-07-06	0.007798	0.069844	0.072925	0.057283	0.329041	15146000.000000
2020-07-02	0.001339	0.074836	0.078159	0.063207	0.056408	15111900.000000
2020-07-01	0.003133	0.069634	0.083918	0.064396	0.131618	14316500.000000
2020-06-30	0.007214	0.061044	0.074952	0.056009	0.300842	23679800.000000
2020-06-29	0.018132	0.074180	0.088095	0.063194	0.742706	17603900.000000
2020-06-26	-0.030269	0.063445	0.065576	0.030065	-1.278584	21955100.000000
2020-06-25	0.006271	0.059394	0.071544	0.048912	0.263241	13829700.000000
2020-06-24	-0.021691	0.057390	0.059021	0.037113	-0.930729	17631800.000000
2020-06-23	-0.002186	0.069728	0.076472	0.059961	-0.094013	14675300.000000
2020-06-22	-0.006084	0.063913	0.066687	0.048889	-0.263241	20876200.000000
2020-06-19	-0.020643	0.081338	0.081791	0.041725	-0.911926	30464600.000000
2020-06-18	0.008802	0.057288	0.074186	0.052036	0.385452	9380800.000000
2020-06-17	-0.004062	0.063910	0.070278	0.056177	-0.178619	12602800.000000
2020-06-16	0.010151	0.092629	0.095616	0.061155	0.441864	18803500.000000
2020-06-15	0.015351	0.039656	0.083510	0.037323	0.658089	15622300.000000
2020-06-12	0.010414	0.089137	0.090080	0.060854	0.441864	21822700.000000
2020-06-11	-0.063349	0.055464	0.057892	0.003585	-2.869537	26070400.000000
2020-06-10	-0.007755	0.076850	0.079260	0.063926	-0.354031	15716600.000000
2020-06-09	-0.017051	0.067747	0.067747	0.048154	-0.791916	16713700.000000
2020-06-08	0.015482	0.083185	0.092587	0.081654	0.708061	19896700.000000
2020-06-05	0.024416	0.087233	0.108511	0.085441	1.090050	20504800.000000
2020-06-04	0.000417	0.074242	0.081636	0.061693	0.018631	13604700.000000
2020-06-03	0.021322	0.081813	0.101266	0.078380	0.931675	15508300.000000
2020-06-02	-0.001915	0.077229	0.079970	0.063524	-0.083851	15255100.000000
2020-06-01	0.006641	0.072886	0.085992	0.071276	0.288815	17010700.000000
2020-05-29	-0.008707	0.064000	0.075625	0.051692	-0.381985	51125000.000000
2020-05-28	0.007704	0.086438	0.090113	0.075413	0.335403	16230600.000000
2020-05-27	0.013886	0.094538	0.096634	0.075209	0.596264	18447600.000000
2020-05-26	0.023540	0.118396	0.118635	0.094798	0.987572	22223100.000000
2020-05-22	-0.003099	0.074534	0.076672	0.060989	-0.130436	13008400.000000
2020-05-21	-0.015690	0.077789	0.078023	0.053230	-0.670807	13193500.000000
2020-05-20	0.030310	0.089250	0.112626	0.084913	1.257751	22295900.000000
2020-05-19	-0.009562	0.074300	0.081938	0.056161	-0.400608	17839900.000000
2020-05-18	0.039528	0.112051	0.126194	0.094932	1.593143	26118500.000000
2020-05-15	-0.010069	0.079731	0.097661	0.061065	-0.409939	31579400.000000
2020-05-14	-0.005462	0.059666	0.076277	0.056002	-0.223591	18000800.000000
2020-05-13	-0.019634	0.070711	0.072388	0.042213	-0.819870	15854800.000000
2020-05-12	-0.015810	0.074760	0.080652	0.055904	-0.670795	13424400.000000
2020-05-11	-0.012362	0.063569	0.073346	0.059612	-0.531055	10874600.000000
2020-05-08	0.033857	0.084897	0.112333	0.080084	1.406826	13985100.000000
2020-05-07	-0.003352	0.082940	0.085098	0.067349	-0.139759	16466000.000000
2020-05-06	-0.014317	0.073346	0.078783	0.057269	-0.605583	11892900.000000
2020-05-05	0.005760	0.078577	0.096173	0.073584	0.242241	13370500.000000
2020-05-04	-0.010088	0.066755	0.070521	0.049807	-0.428574	22544200.000000
2020-05-01	-0.006320	0.067030	0.085040	0.057441	-0.270187	14290400.000000
2020-04-30	-0.026103	0.070612	0.070612	0.040999	-1.145943	20801100.000000
2020-04-29	0.008130	0.085517	0.099065	0.076561	0.354031	15780000.000000
2020-04-28	-0.000855	0.099043	0.101338	0.068527	-0.037266	17246700.000000
2020-04-27	0.029716	0.086813	0.109966	0.079961	1.257748	19175500.000000
2020-04-24	0.007988	0.083586	0.089540	0.074536	0.335400	15175000.000000
2020-04-23	-0.013354	0.079690	0.083214	0.056663	-0.568314	17668200.000000
2020-04-22	0.006611	0.089193	0.091558	0.076184	0.279499	15811600.000000
2020-04-21	-0.024715	0.058351	0.081881	0.020982	-1.071419	26863700.000000
2020-04-20	-0.031835	0.067316	0.072006	0.034262	-1.425446	18957900.000000
2020-04-17	0.020382	0.100692	0.100692	0.079498	0.894398	19844600.000000
2020-04-16	-0.010712	0.068611	0.078756	0.054183	-0.475143	17606800.000000
2020-04-15	-0.026778	0.046797	0.061936	0.040215	-1.220486	12893200.000000
2020-04-14	0.042404	0.096445	0.126407	0.073346	1.854015	21801900.000000
2020-04-13	-0.042245	0.059107	0.065460	0.018583	-1.928551	19586000.000000
2020-04-09	0.024676	0.087262	0.116217	0.085242	1.099373	19165300.000000
2020-04-08	0.028166	0.076346	0.109808	0.069192	1.220478	18937100.000000
2020-04-07	-0.003428	0.115433	0.117733	0.068976	-0.149063	21279600.000000
2020-04-06	0.064796	0.111548	0.151220	0.094406	2.645927	22850000.000000
2020-04-03	-0.002730	0.064309	0.082870	0.057715	-0.111805	14207100.000000
2020-04-02	0.043447	0.075894	0.126095	0.066720	1.704952	17621900.000000
2020-04-01	-0.048136	0.030412	0.058792	0.013917	-1.984447	21936400.000000
2020-03-31	-0.016667	0.075015	0.085510	0.050925	-0.698753	25373900.000000
2020-03-30	0.051156	0.079112	0.142294	0.079112	2.040344	23446000.000000
2020-03-27	-0.033416	0.058078	0.067044	0.027542	-1.378860	23297900.000000
2020-03-26	0.064408	0.105074	0.167757	0.095014	2.496872	37821700.000000
2020-03-25	0.054753	0.105451	0.182176	0.085861	2.012390	42511700.000000
2020-03-24	0.050320	0.177937	0.183081	0.109638	1.760857	49096200.000000
2020-03-23	-0.019321	0.086237	0.089880	0.016456	-0.689430	44978500.000000
2020-03-20	-0.084389	0.076425	0.079504	-0.037504	-3.288788	51513500.000000
2020-03-19	-0.067335	0.061619	0.068799	-0.017835	-2.813625	41956900.000000
2020-03-18	-0.049385	0.017836	0.027163	-0.053827	-2.170784	35408300.000000
2020-03-17	0.042421	0.088049	0.126467	0.075954	1.788795	32106700.000000
2020-03-16	-0.066227	-0.064615	0.060280	-0.088310	-2.990654	28682300.000000
2020-03-13	0.036792	0.136713	0.137861	0.070131	1.602470	33697200.000000
2020-03-12	-0.096725	0.006649	0.035475	-0.031718	-4.664009	31913100.000000
2020-03-11	-0.027022	0.056326	0.062379	0.031910	-1.339169	22653900.000000
2020-03-10	0.034709	0.111154	0.123263	0.068353	1.662415	27457400.000000
2020-03-09	-0.061527	0.019862	0.049841	0.008694	-3.140125	27898300.000000
2020-03-06	-0.026084	0.048410	0.066920	0.030090	-1.366879	22353900.000000
2020-03-05	-0.036999	0.062177	0.068976	0.032590	-2.013378	17948500.000000
2020-03-04	0.051017	0.089519	0.139543	0.089519	2.641396	20526100.000000
2020-03-03	0.002504	0.099023	0.113158	0.077337	0.129307	27099200.000000
2020-03-02	0.045429	0.091665	0.132757	0.087010	2.244259	25698600.000000
2020-02-28	-0.026215	0.061076	0.062259	0.016725	-1.329933	40890600.000000
2020-02-27	-0.046354	0.074300	0.088210	0.031629	-2.465923	23754000.000000
2020-02-26	-0.003805	0.085755	0.094931	0.076392	-0.203182	15837800.000000
2020-02-25	-0.014152	0.083682	0.092913	0.063744	-0.766560	15915100.000000
2020-02-24	-0.024613	0.064392	0.076816	0.054668	-1.366882	14415500.000000
2020-02-21	0.006865	0.078951	0.090192	0.077501	0.378666	10842400.000000
2020-02-20	-0.000837	0.081128	0.084389	0.070803	-0.046177	7597200.000000
2020-02-19	0.004032	0.082395	0.091307	0.081668	0.221653	6265700.000000
2020-02-18	-0.007006	0.080230	0.082398	0.073728	-0.387894	10075700.000000
2020-02-14	0.005704	0.083122	0.091114	0.082940	0.314011	9965500.000000
2020-02-13	0.003366	0.082212	0.090596	0.079114	0.184715	8173200.000000
2020-02-12	-0.003021	0.080760	0.086030	0.077853	-0.166241	9179100.000000
2020-02-11	-0.002678	0.082215	0.083665	0.074967	-0.147774	7431200.000000
2020-02-10	0.009461	0.085137	0.094649	0.084588	0.517200	7984900.000000
2020-02-07	0.003390	0.080740	0.088816	0.080189	0.184704	8757800.000000
2020-02-06	0.002379	0.085151	0.091774	0.082575	0.129311	9347000.000000
2020-02-05	0.000170	0.083863	0.087175	0.077238	0.009235	11414900.000000
2020-02-04	0.004438	0.085901	0.098839	0.083498	0.240124	15417900.000000
2020-02-03	0.003082	0.089248	0.093327	0.084984	0.166241	12333600.000000
2020-01-31	-0.007815	0.084782	0.086806	0.069698	-0.424839	17685200.000000
2020-01-30	0.032450	0.100232	0.120174	0.097003	1.708599	20225600.000000
2020-01-29	0.000000	0.082569	0.087507	0.076112	0.000000	13163600.000000
2020-01-28	-0.008177	0.082194	0.087845	0.073152	-0.434071	15240200.000000
2020-01-27	-0.003468	0.073936	0.085950	0.072434	-0.184719	14359900.000000
2020-01-24	-0.002594	0.083133	0.083508	0.075831	-0.138542	8594300.000000
2020-01-23	0.003819	0.078436	0.087270	0.075805	0.203190	12858900.000000
2020-01-22	0.007696	0.084274	0.091660	0.082948	0.406372	12869600.000000
2020-01-21	0.004039	0.081047	0.088654	0.075723	0.212421	11968900.000000
2020-01-17	0.002112	0.083712	0.089047	0.082378	0.110821	14264300.000000
2020-01-16	0.002116	0.085623	0.087533	0.081040	0.110832	10234100.000000
2020-01-15	0.012500	0.082759	0.101707	0.082759	0.646496	17735400.000000
2020-01-14	-0.002316	0.084881	0.085845	0.076972	-0.120064	16345300.000000
2020-01-13	0.010805	0.082759	0.096408	0.080614	0.554142	14302900.000000
2020-01-10	0.003433	0.085498	0.094303	0.084911	0.175476	13040100.000000
2020-01-09	0.018215	0.095708	0.103677	0.092521	0.914333	15398000.000000
2020-01-08	0.001843	0.083158	0.090543	0.080763	0.092354	10676000.000000
2020-01-07	-0.007682	0.078402	0.081373	0.072460	-0.387894	9973900.000000
2020-01-06	-0.000366	0.081967	0.087114	0.079393	-0.018475	14698300.000000
2020-01-03	-0.005456	0.069566	0.082759	0.065038	-0.277081	11354500.000000
2020-01-02	-0.006504	0.082172	0.084324	0.071217	-0.332474	11867700.000000
