2022-12-30	-0.003215	0.004520	0.005777	-0.010186	-1.176208	1388000.000000
2022-12-29	0.004929	0.011147	0.018975	0.006641	1.794189	1077900.000000
2022-12-28	0.000932	0.006782	0.011841	0.000651	0.338898	996000.000000
2022-12-27	-0.008209	0.007598	0.008226	-0.006500	-3.010254	1372100.000000
2022-12-23	0.007090	0.001890	0.010348	-0.004564	2.581665	1030300.000000
2022-12-22	-0.007337	0.001354	0.008006	-0.012358	-2.691315	1958100.000000
2022-12-21	0.023273	0.011576	0.034032	0.007615	8.343018	2211200.000000
2022-12-20	0.005199	0.005254	0.013526	-0.000803	1.854004	2276000.000000
2022-12-19	-0.005808	-0.002507	0.002761	-0.011428	-2.083252	2658400.000000
2022-12-16	-0.000389	-0.002561	0.004545	-0.010252	-0.139557	6612200.000000
2022-12-15	-0.009601	-0.004603	0.004532	-0.015560	-3.478760	3437100.000000
2022-12-14	0.013495	0.004214	0.033361	-0.001240	4.824402	5095500.000000
2022-12-13	-0.023390	-0.012117	0.018233	-0.021159	-8.562286	5032600.000000
2022-12-12	0.017341	0.008627	0.022245	0.007432	6.239807	2639200.000000
2022-12-09	-0.029049	0.006500	0.009199	-0.026393	-10.765198	2787200.000000
2022-12-08	-0.000484	0.006715	0.006715	-0.011518	-0.179413	2090900.000000
2022-12-07	0.009307	0.005359	0.021474	0.003834	3.418945	1629100.000000
2022-12-06	-0.002031	-0.002986	0.006903	-0.007007	-0.747589	1971000.000000
2022-12-05	-0.014596	0.000558	0.004547	-0.014112	-5.452362	2296500.000000
2022-12-02	0.011962	-0.008278	0.015995	-0.011204	4.415741	1925600.000000
2022-12-01	-0.002021	0.013266	0.014347	-0.003767	-0.747589	2516100.000000
2022-11-30	0.019591	0.006323	0.026390	-0.002691	7.106995	5556400.000000
2022-11-29	-0.004976	0.000081	0.004168	-0.010835	-1.814117	2207000.000000
2022-11-28	0.001424	-0.001709	0.014936	-0.008438	0.518311	2481300.000000
2022-11-25	0.009759	0.006508	0.014634	0.002764	3.518616	1039100.000000
2022-11-23	0.002328	0.004514	0.007656	-0.003020	0.837311	1993000.000000
2022-11-22	-0.000803	0.005541	0.007763	-0.007515	-0.289093	2460400.000000
2022-11-21	-0.001382	-0.000315	0.009033	-0.014240	-0.498383	1999200.000000
2022-11-18	0.002495	0.008185	0.014081	-0.000713	0.897125	2420900.000000
2022-11-17	0.022214	0.003178	0.029870	0.002610	7.814697	2929700.000000
2022-11-16	0.008516	0.003379	0.023102	0.003264	2.970398	3563800.000000
2022-11-15	-0.017160	0.005715	0.005856	-0.024095	-6.090302	4180700.000000
2022-11-14	0.013492	0.025366	0.030307	-0.028748	4.724731	4717400.000000
2022-11-11	-0.044532	-0.000951	0.003605	-0.059995	-16.321533	6646300.000000
2022-11-10	0.015003	0.017028	0.021902	0.005286	5.417328	2994000.000000
2022-11-09	-0.009246	0.010918	0.014649	-0.006999	-3.369690	2323700.000000
2022-11-08	0.004355	0.006254	0.016175	-0.002619	1.580475	3278600.000000
2022-11-07	0.021432	0.007695	0.033028	0.006287	7.614075	2560300.000000
2022-11-04	-0.011806	0.015825	0.017716	-0.017164	-4.244385	3004600.000000
2022-11-03	0.018932	0.003483	0.028339	-0.003744	6.679688	2602500.000000
2022-11-02	0.006750	0.010542	0.036194	-0.000729	2.365723	3774400.000000
2022-11-01	-0.026264	-0.039143	-0.002579	-0.053257	-9.452972	7013000.000000
2022-10-31	0.006085	0.002540	0.017271	-0.020354	2.176880	4258200.000000
2022-10-28	0.010019	0.017299	0.022042	0.008039	3.548615	2942100.000000
2022-10-27	-0.004275	0.009211	0.015199	-0.001107	-1.520844	2347600.000000
2022-10-26	0.018644	0.009442	0.035157	0.003542	6.510681	2373500.000000
2022-10-25	0.009802	0.002043	0.018844	-0.007991	3.389587	2513100.000000
2022-10-24	0.020923	0.016219	0.038508	0.016219	7.087219	3375900.000000
2022-10-21	0.035555	0.006034	0.046878	-0.000998	11.629822	3274700.000000
2022-10-20	-0.000668	0.011716	0.012602	-0.004323	-0.218689	1761200.000000
2022-10-19	-0.017133	0.006694	0.007836	-0.021172	-5.705566	2419000.000000
2022-10-18	0.006822	0.010206	0.013804	-0.001192	2.256378	2087100.000000
2022-10-17	0.004134	0.010284	0.024825	0.007127	1.361786	2230000.000000
2022-10-14	-0.002138	0.004398	0.015697	-0.005690	-0.705750	2231400.000000
2022-10-13	0.023200	-0.010859	0.033310	-0.010921	7.484863	2657400.000000
2022-10-12	-0.009249	0.005358	0.024613	-0.005390	-3.011841	1764700.000000
2022-10-11	0.011454	-0.006049	0.021999	-0.007819	3.687744	2598900.000000
2022-10-10	-0.008480	0.004710	0.007112	-0.013738	-2.753387	1956200.000000
2022-10-07	-0.018892	0.006094	0.006396	-0.018290	-6.252289	2601600.000000
2022-10-06	0.003526	-0.005610	0.028715	-0.008854	1.162994	4299200.000000
2022-10-05	0.005729	0.001185	0.018110	-0.001194	1.878662	2186100.000000
2022-10-04	0.025937	0.008005	0.032784	0.006754	8.290009	2622500.000000
2022-10-03	-0.005567	0.014248	0.024702	-0.013567	-1.789215	3340500.000000
2022-09-30	-0.020181	-0.002685	0.004510	-0.017104	-6.620087	4474100.000000
2022-09-29	-0.013069	0.004800	0.006936	-0.015358	-4.343781	3743100.000000
2022-09-28	0.074831	0.078568	0.104988	0.061008	23.140381	9436300.000000
2022-09-27	0.011707	0.011432	0.027136	0.008717	3.578430	3019600.000000
2022-09-26	-0.012714	-0.002558	0.006906	-0.015220	-3.936249	3760000.000000
2022-09-23	0.001898	0.009270	0.019982	-0.012574	0.586456	4572600.000000
2022-09-22	0.048536	0.020693	0.060767	0.017842	14.303680	5918300.000000
2022-09-21	-0.017400	0.003600	0.015370	-0.012004	-5.218506	2241200.000000
2022-09-20	-0.011013	0.001846	0.001846	-0.014246	-3.339844	1816800.000000
2022-09-19	-0.012302	-0.001815	-0.001685	-0.030574	-3.777222	2515300.000000
2022-09-16	-0.001874	0.001158	0.014128	-0.002841	-0.576508	4380200.000000
2022-09-15	-0.000452	0.006359	0.014710	-0.006509	-0.139130	2348100.000000
2022-09-14	0.010213	0.008430	0.023530	0.004130	3.111176	2002900.000000
2022-09-13	-0.027727	-0.010594	-0.003253	-0.026615	-8.687561	2272400.000000
2022-09-12	-0.007806	0.009802	0.014742	-0.002896	-2.465118	2077400.000000
2022-09-09	0.006973	0.009063	0.020925	0.005141	2.186798	2177000.000000
2022-09-08	0.012516	0.007164	0.019368	-0.006913	3.876587	2212500.000000
2022-09-07	0.015579	0.012428	0.024330	-0.000327	4.751343	2228100.000000
2022-09-06	0.018219	0.011443	0.044428	0.009039	5.457092	2322200.000000
2022-09-02	-0.025232	0.009223	0.009581	-0.024460	-7.753235	2525400.000000
2022-09-01	0.026226	0.005266	0.033353	0.003596	7.852600	2939200.000000
2022-08-31	-0.018923	0.006362	0.011866	-0.013396	-5.775146	3183500.000000
2022-08-30	-0.010027	0.006002	0.011937	-0.007395	-3.091309	1980300.000000
2022-08-29	-0.017144	-0.001044	0.003834	-0.012712	-5.377594	1697000.000000
2022-08-26	-0.023457	0.007435	0.010548	-0.018468	-7.534546	1858000.000000
2022-08-25	0.013391	0.011492	0.020231	-0.003557	4.244415	1977900.000000
2022-08-24	0.011964	0.010408	0.024424	0.006417	3.747375	1827000.000000
2022-08-23	-0.024760	0.000242	0.002111	-0.022706	-7.952026	2962000.000000
2022-08-22	0.001022	0.004507	0.015384	-0.001384	0.328033	2488000.000000
2022-08-19	0.019102	0.008543	0.034717	0.008512	6.013733	3393100.000000
2022-08-18	-0.000316	0.005812	0.012829	-0.002286	-0.099396	2261600.000000
2022-08-17	0.020979	0.005061	0.039394	0.005061	6.470947	2747200.000000
2022-08-16	-0.011563	0.006002	0.007412	-0.007778	-3.608246	2248000.000000
2022-08-15	0.019021	0.009724	0.027358	0.003520	5.824890	2795800.000000
2022-08-12	0.026283	0.015183	0.033850	0.009754	7.842651	2305100.000000
2022-08-11	-0.011293	-0.002544	0.012002	-0.007183	-3.408234	2198800.000000
2022-08-10	0.005247	0.014248	0.023008	0.007886	1.575317	2351000.000000
2022-08-09	0.001719	0.017960	0.023332	0.005314	0.515198	2122900.000000
2022-08-08	0.003916	0.007074	0.025396	-0.006727	1.169098	3218900.000000
2022-08-05	-0.014618	-0.001607	0.007767	-0.008770	-4.428741	2814300.000000
2022-08-04	-0.025619	-0.002356	-0.002195	-0.027957	-7.965729	4696300.000000
2022-08-03	-0.019894	0.010674	0.011777	-0.022140	-6.311218	5152200.000000
2022-08-02	-0.012186	0.018784	0.024358	-0.005597	-3.913513	3405700.000000
2022-08-01	-0.016804	0.002644	0.011584	-0.009754	-5.488861	2464300.000000
2022-07-29	-0.003356	0.010111	0.010111	-0.002825	-1.099762	3399900.000000
2022-07-28	0.005655	0.013307	0.023586	-0.012774	1.842834	2350900.000000
2022-07-27	-0.007902	0.001464	0.007218	-0.010073	-2.595825	1643000.000000
2022-07-26	0.000030	0.007613	0.012423	0.000368	0.009918	1812300.000000
2022-07-25	0.008517	0.009318	0.020125	0.007200	2.774139	1741700.000000
2022-07-22	0.005598	0.009411	0.016419	0.005953	1.813110	1850800.000000
2022-07-21	0.015185	0.007500	0.028186	0.002047	4.844849	1692100.000000
2022-07-20	-0.012783	0.012072	0.014331	-0.008906	-4.131470	2051000.000000
2022-07-19	0.013768	0.016596	0.026916	0.009538	4.389099	1628100.000000
2022-07-18	-0.029644	0.004813	0.010444	-0.026872	-9.739288	2116300.000000
2022-07-15	0.014409	0.025003	0.035378	0.013270	4.666534	3340300.000000
2022-07-14	0.013738	-0.006082	0.025908	-0.012436	4.389130	2615700.000000
2022-07-13	-0.003492	0.004390	0.012718	0.000709	-1.119598	2564200.000000
2022-07-12	-0.022593	0.006056	0.012123	-0.014187	-7.410950	2058200.000000
2022-07-11	0.001816	0.009746	0.016068	0.006142	0.594452	1342600.000000
2022-07-08	0.007684	0.005009	0.029538	0.003809	2.496765	1898200.000000
2022-07-07	-0.006664	0.000452	0.010388	-0.002635	-2.179718	2395000.000000
2022-07-06	0.009078	0.011848	0.026470	0.007992	2.942596	2252500.000000
2022-07-05	0.007607	0.002262	0.017773	-0.008648	2.447205	2107700.000000
2022-07-01	0.001480	0.008229	0.012960	-0.010823	0.475555	1817800.000000
2022-06-30	0.003808	-0.002693	0.012539	-0.009257	1.230011	2732900.000000
2022-06-29	0.016938	0.001700	0.022291	0.000094	5.380005	2562500.000000
2022-06-28	-0.029486	-0.002292	0.005500	-0.032114	-9.649994	2742900.000000
2022-06-27	0.005067	-0.004269	0.016062	-0.011117	1.649994	3218900.000000
2022-06-24	0.041251	0.021841	0.041891	0.020114	12.899994	5449900.000000
2022-06-23	0.019662	0.009162	0.021194	0.001630	6.029999	3729300.000000
2022-06-22	0.031446	-0.001278	0.041400	-0.003060	9.350006	4535700.000000
2022-06-21	0.022138	0.005088	0.028807	-0.002028	6.440002	2821300.000000
2022-06-17	0.009824	0.006734	0.044850	0.005589	2.829987	6900000.000000
2022-06-16	-0.016792	-0.009522	-0.009522	-0.033721	-4.919983	2628600.000000
2022-06-15	0.007566	0.002786	0.019086	-0.007772	2.199982	1970100.000000
2022-06-14	-0.001682	-0.007244	0.002472	-0.013698	-0.489990	2422600.000000
2022-06-13	-0.019292	-0.022154	-0.012963	-0.028619	-5.730011	2898800.000000
2022-06-10	-0.020577	-0.013256	-0.005243	-0.021039	-6.239990	2469800.000000
2022-06-09	-0.032664	-0.006029	-0.005008	-0.033111	-10.239990	1963300.000000
2022-06-08	0.004454	0.001057	0.010894	-0.004133	1.389984	2684500.000000
2022-06-07	0.028811	0.002077	0.028976	-0.001121	8.740021	3652800.000000
2022-06-06	0.005669	0.044688	0.044688	0.004774	1.709991	3734400.000000
2022-06-03	-0.002579	-0.000893	0.011176	-0.005720	-0.779999	2490000.000000
2022-06-02	-0.027806	-0.001639	-0.001318	-0.041500	-8.649994	3703300.000000
2022-06-01	-0.007529	0.000000	0.001468	-0.025045	-2.360016	2731500.000000
2022-05-31	-0.031037	-0.021176	-0.015519	-0.044670	-10.040009	6298900.000000
2022-05-27	0.031966	-0.002584	0.033880	-0.007018	10.020020	3694300.000000
2022-05-26	0.021009	-0.005798	0.022475	-0.011075	6.449982	3284200.000000
2022-05-25	0.003432	0.003399	0.014577	-0.004314	1.050018	3195700.000000
2022-05-24	0.011104	0.003668	0.016755	-0.009253	3.359985	2804900.000000
2022-05-23	0.012548	0.005856	0.020311	0.001673	3.750000	2873600.000000
2022-05-20	0.043945	0.015580	0.045307	0.009257	12.580017	3129100.000000
2022-05-19	-0.030218	-0.005454	-0.005454	-0.036654	-8.920013	3157400.000000
2022-05-18	-0.020604	-0.004645	0.003981	-0.024453	-6.209991	2161400.000000
2022-05-17	0.006747	0.002071	0.013428	-0.020008	2.019989	2553000.000000
2022-05-16	0.026575	0.001646	0.061071	-0.000103	7.750000	5118300.000000
2022-05-13	-0.000583	0.002844	0.003427	-0.018129	-0.169983	2337700.000000
2022-05-12	0.017824	-0.011720	0.018487	-0.011720	5.109985	2370000.000000
2022-05-11	0.003465	-0.007105	0.030801	-0.009451	0.989990	2625200.000000
2022-05-10	-0.012205	0.009577	0.014521	-0.014625	-3.529999	3140800.000000
2022-05-09	-0.025834	-0.011418	-0.006635	-0.034523	-7.669983	3460500.000000
2022-05-06	0.015494	-0.007525	0.020112	-0.013168	4.529999	2931200.000000
2022-05-05	-0.008579	-0.005019	0.000305	-0.022380	-2.529999	3120200.000000
2022-05-04	0.023709	0.001493	0.030930	-0.013712	6.829987	2743600.000000
2022-05-03	-0.005146	-0.003212	0.000863	-0.018822	-1.489990	2109500.000000
2022-05-02	-0.008797	-0.003081	0.002430	-0.026872	-2.570007	2789900.000000
2022-04-29	-0.017291	-0.004979	0.000135	-0.027349	-5.139984	3910900.000000
2022-04-28	0.042723	0.038234	0.054088	0.012172	12.179993	5886900.000000
2022-04-27	0.007991	0.000955	0.018739	-0.007920	2.260010	2352100.000000
2022-04-26	-0.008310	0.003436	0.017567	-0.008450	-2.370026	2166600.000000
2022-04-25	0.023212	0.000072	0.025903	-0.006817	6.470001	2410200.000000
2022-04-22	-0.037568	-0.001070	0.000035	-0.038707	-10.879974	2772600.000000
2022-04-21	-0.011300	0.000000	0.001809	-0.021371	-3.310028	2716800.000000
2022-04-20	-0.013771	0.000034	0.006700	-0.015858	-4.089996	2608600.000000
2022-04-19	-0.006057	-0.001372	0.002911	-0.016799	-1.809998	2021700.000000
2022-04-18	-0.010071	-0.002617	0.000663	-0.016763	-3.039978	1581400.000000
2022-04-14	-0.002676	0.003568	0.005947	-0.008194	-0.810028	1898100.000000
2022-04-13	-0.017560	-0.002597	0.000714	-0.024896	-5.409973	2528700.000000
2022-04-12	-0.002848	-0.007703	0.002104	-0.015471	-0.880005	2688100.000000
2022-04-11	-0.008759	0.004492	0.006641	-0.011678	-2.730011	2178100.000000
2022-04-08	0.010570	-0.001394	0.012807	-0.001556	3.260010	3024700.000000
2022-04-07	0.008468	-0.002747	0.026681	-0.002747	2.589996	4270800.000000
2022-04-06	0.045643	0.012308	0.048104	0.007795	13.350006	4672900.000000
2022-04-05	0.003672	0.001029	0.015133	-0.007961	1.069977	2324200.000000
2022-04-04	-0.004271	0.000273	0.007893	-0.005877	-1.250000	3014100.000000
2022-04-01	0.022000	-0.000768	0.023641	-0.008276	6.300018	3066200.000000
2022-03-31	-0.012143	-0.001794	0.006589	-0.013695	-3.520020	3227600.000000
2022-03-30	0.005201	0.007594	0.013523	-0.001387	1.500000	2220100.000000
2022-03-29	-0.011212	0.001269	0.005074	-0.013989	-3.269989	2798100.000000
2022-03-28	0.009134	0.007993	0.011868	-0.002457	2.640015	2195000.000000
2022-03-25	0.004623	0.002816	0.013765	-0.003858	1.329987	2399800.000000
2022-03-24	0.012316	0.007389	0.016397	0.001654	3.500000	2412400.000000
2022-03-23	-0.002912	-0.002105	0.011087	-0.005859	-0.829987	3149200.000000
2022-03-22	-0.015951	0.000104	0.003176	-0.021579	-4.620026	3791600.000000
2022-03-21	0.006953	0.000417	0.026735	0.000417	2.000000	3495700.000000
2022-03-18	0.007460	0.001156	0.020455	-0.002277	2.130005	4557900.000000
2022-03-17	0.032810	0.002062	0.034185	0.000036	9.070007	3270100.000000
2022-03-16	0.003558	0.008676	0.011435	-0.008894	0.980011	3148600.000000
2022-03-15	0.024015	0.003234	0.027807	0.003234	6.459991	4396900.000000
2022-03-14	0.010139	0.010101	0.017274	0.003830	2.700012	2713800.000000
2022-03-11	0.001053	-0.003571	0.021427	-0.003571	0.279999	2469600.000000
2022-03-10	0.012291	0.000190	0.018798	0.000190	3.229980	2797200.000000
2022-03-09	0.011003	0.012965	0.030239	0.008233	2.860016	2965900.000000
2022-03-08	-0.006536	-0.006536	0.013989	-0.010434	-1.710022	3482600.000000
2022-03-07	-0.004679	-0.011451	0.002891	-0.019059	-1.229980	3074800.000000
2022-03-04	0.016355	-0.009395	0.018636	-0.012063	4.229980	3497100.000000
2022-03-03	0.017587	0.002597	0.021285	0.000866	4.470016	3153700.000000
2022-03-02	0.018717	0.001523	0.027976	-0.001764	4.669998	2452000.000000
2022-03-01	-0.001800	-0.009562	0.001560	-0.018044	-0.449997	2873200.000000
2022-02-28	-0.003588	-0.018776	-0.003149	-0.024955	-0.900009	3188800.000000
2022-02-25	0.031965	0.003127	0.040398	0.002674	7.770004	2442200.000000
2022-02-24	0.020016	-0.013134	0.023583	-0.018086	4.770004	3272300.000000
2022-02-23	-0.003429	0.005938	0.014845	-0.004642	-0.820007	2296300.000000
2022-02-22	-0.004910	-0.004577	0.002289	-0.011610	-1.179993	2936700.000000
2022-02-18	-0.002739	-0.012242	0.006059	-0.012242	-0.660004	2517900.000000
2022-02-17	-0.018772	0.000000	0.000041	-0.021052	-4.610001	2059100.000000
2022-02-16	0.007136	-0.005167	0.013041	-0.005167	1.740005	2459000.000000
2022-02-15	0.038988	0.008351	0.043035	0.008351	9.149994	3409600.000000
2022-02-14	-0.000298	-0.003237	0.009030	-0.012311	-0.070007	2572000.000000
2022-02-11	-0.016274	0.002456	0.008323	-0.015897	-3.883774	2054300.000000
2022-02-10	-0.014922	-0.009736	0.007559	-0.017125	-3.614914	2283100.000000
2022-02-09	0.014005	0.009825	0.023219	0.008988	3.346024	1759900.000000
2022-02-08	-0.014946	-0.002629	0.001453	-0.020894	-3.624863	2615000.000000
2022-02-07	0.005283	0.004755	0.011469	-0.003991	1.274673	3948300.000000
2022-02-04	-0.010375	-0.004398	0.001262	-0.010551	-2.529434	3569300.000000
2022-02-03	-0.024000	-0.009157	-0.006675	-0.034779	-5.994980	3473600.000000
2022-02-02	0.010271	-0.007676	0.018735	-0.013015	2.539413	2586700.000000
2022-02-01	0.011777	0.010967	0.018292	-0.004542	2.877975	2449400.000000
2022-01-31	0.001183	-0.003323	0.005772	-0.008854	0.288788	3237100.000000
2022-01-28	0.035400	0.007441	0.040232	-0.002910	8.345169	3081100.000000
2022-01-27	-0.004793	0.013124	0.027014	-0.004691	-1.135254	2178500.000000
2022-01-26	-0.006682	0.004887	0.016629	-0.010712	-1.593353	2913200.000000
2022-01-25	-0.003993	-0.010904	0.008811	-0.017962	-0.956009	2525100.000000
2022-01-24	-0.010861	0.002068	0.007066	-0.038709	-2.629013	3712800.000000
2022-01-21	-0.000288	0.019663	0.023793	0.000003	-0.069717	2788600.000000
2022-01-20	-0.007835	0.006346	0.016058	-0.006275	-1.912018	2655400.000000
2022-01-19	-0.008176	0.001167	0.017749	-0.005336	-2.011612	2487600.000000
2022-01-18	0.012084	-0.001461	0.022274	-0.004176	2.937744	3241200.000000
2022-01-14	-0.022229	0.006105	0.007674	-0.023055	-5.526932	2894300.000000
2022-01-13	-0.024422	-0.003084	0.002526	-0.024744	-6.224014	3726500.000000
2022-01-12	-0.024398	-0.031886	-0.014506	-0.039274	-6.373413	6562800.000000
2022-01-11	0.008496	0.009888	0.013054	-0.007600	2.200836	2294000.000000
2022-01-10	0.002351	-0.000895	0.006728	-0.009795	0.607452	2576700.000000
2022-01-07	0.000656	0.005762	0.011609	-0.005971	0.169312	2245100.000000
2022-01-06	-0.005064	0.002056	0.006679	-0.015820	-1.314514	2863200.000000
2022-01-05	-0.023088	0.009255	0.011551	-0.019875	-6.134399	3004200.000000
2022-01-04	-0.018106	-0.005914	-0.002662	-0.025944	-4.899567	2340500.000000
2022-01-03	-0.016255	-0.002406	-0.002406	-0.029126	-4.471313	2621300.000000
2021-12-31	-0.003715	0.004971	0.009535	-0.000317	-1.025726	1315700.000000
2021-12-30	-0.004202	0.006952	0.012217	-0.003219	-1.165131	1181500.000000
2021-12-29	0.007199	0.001959	0.014818	0.001668	1.981720	1112300.000000
2021-12-28	-0.007112	0.007529	0.007745	-0.004915	-1.971771	1033900.000000
2021-12-27	0.019443	0.011308	0.030648	0.010131	5.287933	1677100.000000
2021-12-23	0.024766	0.013783	0.037220	0.004853	6.572571	2632200.000000
2021-12-22	0.006116	0.003644	0.010543	-0.003521	1.613251	2721000.000000
2021-12-21	0.005313	0.006156	0.013588	-0.006916	1.394165	2702500.000000
2021-12-20	-0.014733	0.010971	0.013900	-0.022374	-3.923615	3479400.000000
2021-12-17	-0.041643	-0.004354	-0.004354	-0.045163	-11.571686	7582900.000000
2021-12-16	0.013659	0.005597	0.035619	-0.007608	3.744385	5546400.000000
2021-12-15	0.103857	0.055273	0.109513	0.035703	25.792313	10016700.000000
2021-12-14	0.003420	0.000983	0.010154	-0.004472	0.846481	3424000.000000
2021-12-13	0.017981	0.009809	0.031156	0.009604	4.371750	3016700.000000
2021-12-10	0.005105	-0.002853	0.011161	-0.002853	1.234848	2380800.000000
2021-12-09	-0.005812	0.004873	0.010709	-0.002278	-1.414108	2291100.000000
2021-12-08	-0.003223	0.010320	0.016752	-0.018932	-0.786713	3636200.000000
2021-12-07	-0.004953	-0.004346	0.000546	-0.015719	-1.214935	4035800.000000
2021-12-06	0.003054	0.005565	0.009736	-0.012386	0.746887	3491200.000000
2021-12-03	-0.009279	0.021391	0.026860	-0.015271	-2.290436	4169700.000000
2021-12-02	-0.005017	-0.006346	0.007601	-0.011989	-1.244812	3817700.000000
2021-12-01	0.004394	0.009842	0.033566	0.003567	1.085480	3241400.000000
2021-11-30	-0.026645	-0.001973	0.000904	-0.028729	-6.761780	8265900.000000
2021-11-29	-0.021277	0.002825	0.011695	-0.018464	-5.516953	4041700.000000
2021-11-26	-0.006221	0.003408	0.019046	-0.007209	-1.623230	1495500.000000
2021-11-24	0.000153	0.007279	0.015598	-0.003147	0.039825	2518500.000000
2021-11-23	0.005836	0.000434	0.013120	-0.000414	1.513672	1986200.000000
2021-11-22	-0.000997	0.010029	0.016847	-0.001873	-0.258911	1995400.000000
2021-11-19	-0.002411	0.023772	0.040564	0.000217	-0.627350	2786800.000000
2021-11-18	0.000574	0.007327	0.014248	-0.001054	0.149353	1689200.000000
2021-11-17	0.013425	0.000629	0.030787	-0.002254	3.445618	2873600.000000
2021-11-16	-0.002747	-0.001537	0.011635	-0.005306	-0.707031	2565700.000000
2021-11-15	-0.004699	0.003169	0.004020	-0.005455	-1.214935	1903200.000000
2021-11-12	-0.008137	0.004174	0.007013	-0.006758	-2.121155	1964000.000000
2021-11-11	-0.007633	-0.001434	0.006179	-0.002843	-2.005096	1739400.000000
2021-11-10	0.010037	0.007358	0.022738	0.005820	2.610596	2215100.000000
2021-11-09	0.005719	0.007435	0.013738	-0.000840	1.479004	1963800.000000
2021-11-08	-0.016868	0.003595	0.014696	-0.014805	-4.437042	2386100.000000
2021-11-05	-0.022140	-0.000037	0.001822	-0.038810	-5.955688	3745700.000000
2021-11-04	0.017802	0.004484	0.025786	0.003689	4.704987	4133400.000000
2021-11-03	0.036636	0.011043	0.046422	0.011004	9.340576	4382900.000000
2021-11-02	0.030243	0.015274	0.047803	0.007799	7.484344	3987800.000000
2021-11-01	-0.021393	0.008819	0.014237	-0.019099	-5.409775	2735800.000000
2021-10-29	0.005565	0.009145	0.019842	0.001152	1.399597	3152000.000000
2021-10-28	0.012711	0.007395	0.033933	0.007073	3.156540	3386500.000000
2021-10-27	0.006963	0.008124	0.031846	0.006948	1.717209	3181300.000000
2021-10-26	0.013834	0.005174	0.023345	-0.025290	3.364990	4533000.000000
2021-10-25	0.005333	0.011196	0.017850	-0.005915	1.290421	2763100.000000
2021-10-22	0.010698	0.006558	0.019424	0.000710	2.560959	1960700.000000
2021-10-21	-0.010463	0.012519	0.012519	-0.008645	-2.531204	1717700.000000
2021-10-20	0.005819	0.013339	0.022361	0.010470	1.399612	1537500.000000
2021-10-19	0.013934	0.007772	0.022485	0.007772	3.305420	1573200.000000
2021-10-18	0.004624	0.007731	0.027679	0.002438	1.091873	2546000.000000
2021-10-15	0.005028	0.010542	0.018544	0.003732	1.181229	2598300.000000
2021-10-14	0.001057	0.009864	0.015957	-0.002493	0.248154	1824700.000000
2021-10-13	0.015723	0.013018	0.029680	0.007522	3.632996	2105700.000000
2021-10-12	-0.003809	0.011876	0.013471	0.000149	-0.883438	1719200.000000
2021-10-11	-0.001154	0.019321	0.024876	0.005971	-0.268005	1892300.000000
2021-10-08	0.003259	0.008472	0.018798	0.000393	0.754395	2563000.000000
2021-10-07	0.023393	0.013050	0.035113	0.012520	5.290649	2001800.000000
2021-10-06	-0.013337	0.005821	0.007086	-0.013854	-3.057251	2462700.000000
2021-10-05	0.027040	0.014559	0.041979	0.013349	6.035110	2802000.000000
2021-10-04	-0.020645	-0.000419	0.010068	-0.016128	-4.705002	4784700.000000
2021-10-01	-0.006319	0.007217	0.010182	-0.016982	-1.449234	2215700.000000
2021-09-30	0.002995	0.018018	0.037174	0.009359	0.684906	3786100.000000
2021-09-29	0.039531	0.024756	0.052169	0.020892	8.695343	3971000.000000
2021-09-28	-0.021201	0.007391	0.007435	-0.020154	-4.764557	3583300.000000
2021-09-27	-0.022790	-0.000001	0.004739	-0.018960	-5.241043	2785900.000000
2021-09-24	-0.002153	0.009995	0.021363	0.003790	-0.496307	1642500.000000
2021-09-23	0.016995	0.011848	0.033470	0.010568	3.851349	1912300.000000
2021-09-22	-0.008124	0.006691	0.011199	-0.003901	-1.856186	2529600.000000
2021-09-21	-0.006346	0.009262	0.016481	-0.000828	-1.459152	2172800.000000
2021-09-20	0.006693	-0.001365	0.018950	-0.004868	1.528641	2803400.000000
2021-09-17	-0.004069	0.001636	0.006519	-0.004818	-0.933060	4480000.000000
2021-09-16	-0.011509	0.008944	0.011573	-0.009806	-2.670151	2958700.000000
2021-09-15	0.002746	0.009553	0.034621	0.007305	0.635269	2802500.000000
2021-09-14	-0.020466	0.010653	0.015183	-0.017882	-4.834061	3826000.000000
2021-09-13	-0.006430	0.009706	0.014376	-0.010863	-1.528625	2832800.000000
2021-09-10	-0.002083	0.016670	0.023764	0.001432	-0.496307	4633500.000000
2021-09-09	-0.058233	0.001308	0.004193	-0.052535	-14.730484	4976600.000000
2021-09-08	0.000157	0.006644	0.011033	0.003007	0.039703	1542400.000000
2021-09-07	-0.018225	0.005378	0.012442	-0.012440	-4.695114	2403700.000000
2021-09-03	-0.000154	0.012325	0.012946	-0.003393	-0.039673	1124500.000000
2021-09-02	0.008430	0.007474	0.016554	0.003795	2.153976	1469700.000000
2021-09-01	-0.003446	0.008410	0.009307	-0.007387	-0.883469	2956800.000000
2021-08-31	-0.015325	0.009471	0.012543	-0.009656	-3.990295	2733400.000000
2021-08-30	0.009856	0.012399	0.024190	0.006892	2.541107	1300700.000000
2021-08-27	-0.006008	0.012061	0.014413	-0.003128	-1.558441	1839700.000000
2021-08-26	-0.009664	0.007931	0.014002	-0.005126	-2.531128	1732900.000000
2021-08-25	0.004186	0.007473	0.014144	0.001761	1.091888	2388500.000000
2021-08-24	-0.018856	0.001341	0.006006	-0.015285	-5.012756	3736000.000000
2021-08-23	-0.011406	0.012604	0.014872	-0.004502	-3.067200	2438800.000000
2021-08-20	0.001886	0.003635	0.016637	0.002443	0.506226	1536800.000000
2021-08-19	0.007001	-0.001457	0.019929	-0.004158	1.866150	1901000.000000
2021-08-18	-0.015364	0.004849	0.015008	-0.009854	-4.159088	2527400.000000
2021-08-17	0.010261	0.011988	0.029566	-0.002866	2.749542	2096100.000000
2021-08-16	0.021687	0.009990	0.030504	0.007664	5.687744	2623200.000000
2021-08-13	0.002809	0.006211	0.015924	0.005714	0.734528	1482300.000000
2021-08-12	0.000836	0.007244	0.012372	0.000700	0.218353	2100900.000000
2021-08-11	-0.019855	0.011213	0.016277	-0.014781	-5.293396	2813300.000000
2021-08-10	0.008572	0.009137	0.025517	0.006980	2.265747	2060200.000000
2021-08-09	0.014121	0.015061	0.047518	0.014755	3.680695	3238500.000000
2021-08-06	-0.002839	0.008086	0.010994	-0.002511	-0.742096	2155200.000000
2021-08-05	0.006553	0.013807	0.022394	0.006298	1.701843	2262400.000000
2021-08-04	0.025313	0.010727	0.068568	0.008437	6.411438	3892400.000000
2021-08-03	0.038078	0.003106	0.063026	-0.002017	9.290710	5406200.000000
2021-08-02	0.012731	0.019944	0.028909	0.013801	3.067215	1958900.000000
2021-07-30	-0.007459	0.008916	0.013242	-0.000435	-1.810638	1905100.000000
2021-07-29	-0.004787	0.014747	0.017781	-0.006819	-1.167511	1924100.000000
2021-07-28	0.012029	0.009816	0.030687	0.006788	2.899002	1688000.000000
2021-07-27	0.001521	0.012766	0.014220	0.008402	0.366074	2116500.000000
2021-07-26	-0.003850	0.004147	0.015366	0.004147	-0.930038	2678800.000000
2021-07-23	0.023733	0.014036	0.036369	0.010985	5.600159	2448100.000000
2021-07-22	0.005057	0.010645	0.020953	0.006769	1.187317	1703500.000000
2021-07-21	0.009659	0.016536	0.020794	0.004538	2.245972	1651500.000000
2021-07-20	0.003758	0.014400	0.026271	0.009825	0.870697	2297800.000000
2021-07-19	0.007227	0.008166	0.018688	0.002471	1.662231	2305600.000000
2021-07-16	0.004277	0.015185	0.017543	0.009553	0.979538	2229100.000000
2021-07-15	-0.020647	0.004958	0.009148	-0.013516	-4.828400	3611200.000000
2021-07-14	0.004462	0.012793	0.018978	0.008240	1.038895	2103400.000000
2021-07-13	-0.003008	0.010559	0.013429	0.002209	-0.702484	1974000.000000
2021-07-12	0.004341	0.011462	0.023634	0.011376	1.009201	2928600.000000
2021-07-09	-0.008983	0.010901	0.016442	-0.007939	-2.107468	4030100.000000
2021-07-08	0.005513	0.002159	0.016902	-0.005255	1.286240	2431500.000000
2021-07-07	0.001699	0.007511	0.015711	0.002273	0.395782	3141500.000000
2021-07-06	0.006240	0.009262	0.017686	0.007534	1.444550	3125400.000000
2021-07-02	0.012244	0.014361	0.024156	0.011562	2.800079	1994000.000000
2021-07-01	0.007015	0.010644	0.019407	0.006901	1.592972	1977300.000000
2021-06-30	0.000654	0.013860	0.017209	0.009322	0.148422	1786700.000000
2021-06-29	0.005039	0.010821	0.024771	0.009049	1.137833	1621200.000000
2021-06-28	-0.008687	0.005332	0.009195	-0.003975	-1.978867	2507500.000000
2021-06-25	-0.011804	0.011339	0.012944	-0.004843	-2.720901	6992200.000000
2021-06-24	0.073100	0.093647	0.114364	0.072698	15.702179	12290500.000000
2021-06-23	-0.019599	0.014111	0.014339	-0.009577	-4.294113	2419600.000000
2021-06-22	-0.005524	0.010506	0.014955	0.000884	-1.216965	1658800.000000
2021-06-21	0.018851	0.013231	0.034828	0.008514	4.076401	3671300.000000
2021-06-18	-0.016471	0.002592	0.005412	-0.007005	-3.621292	4016600.000000
2021-06-17	0.006568	0.008445	0.021401	0.008445	1.434677	1890700.000000
2021-06-16	-0.012348	0.010733	0.014486	-0.004324	-2.730820	2548800.000000
2021-06-15	-0.011411	0.010688	0.013191	-0.003751	-2.552719	2188900.000000
2021-06-14	0.008970	0.011319	0.022279	0.005862	1.988754	2720700.000000
2021-06-11	-0.040464	-0.017485	-0.006406	-0.041158	-9.350067	5636000.000000
2021-06-10	0.033363	0.015026	0.054738	0.011806	7.460266	5598200.000000
2021-06-09	0.024015	0.013665	0.038302	0.008673	5.243958	4934900.000000
2021-06-08	-0.008179	0.007009	0.009552	-0.012704	-1.800766	4618500.000000
2021-06-07	0.101475	0.010538	0.167329	0.009737	20.283218	17231400.000000
2021-06-04	-0.003355	0.011137	0.019414	0.003657	-0.672806	2817700.000000
2021-06-03	0.017928	0.009977	0.033578	0.008049	3.532242	3066600.000000
2021-06-02	0.003578	0.013693	0.023422	0.009822	0.702499	2030300.000000
2021-06-01	-0.006609	0.013623	0.016507	-0.004796	-1.306061	3070200.000000
2021-05-28	0.002711	0.010282	0.026315	0.007288	0.534302	2386000.000000
2021-05-27	-0.008906	0.008978	0.012649	-0.016919	-1.771072	9340300.000000
2021-05-26	0.008885	0.010739	0.027024	0.005767	1.751297	2891300.000000
2021-05-25	-0.008954	0.012749	0.014861	0.001236	-1.780975	2919100.000000
2021-05-24	0.005704	0.016351	0.029599	0.011497	1.127960	2074900.000000
2021-05-21	0.001754	0.013069	0.022794	0.010384	0.346283	2579000.000000
2021-05-20	0.015368	0.014031	0.034192	0.008939	2.988068	3494400.000000
2021-05-19	0.009659	0.005391	0.025020	0.002795	1.860107	3070500.000000
2021-05-18	-0.004603	0.007948	0.014926	0.000608	-0.890472	2369400.000000
2021-05-17	-0.003466	0.012079	0.028201	0.004919	-0.672806	2466000.000000
2021-05-14	0.006515	0.014680	0.022768	0.010584	1.256561	1823700.000000
2021-05-13	0.013465	0.010162	0.030445	0.007535	2.562622	2174300.000000
2021-05-12	-0.007959	0.015154	0.019845	0.004625	-1.526871	2397400.000000
2021-05-11	-0.000051	0.008013	0.020314	0.006033	-0.009842	1850200.000000
2021-05-10	-0.003377	0.019050	0.021336	0.005180	-0.650162	2242000.000000
2021-05-07	0.007891	0.020023	0.027615	0.015206	1.507172	2526700.000000
2021-05-06	0.005601	0.008520	0.021946	-0.003221	1.063858	3101600.000000
2021-05-05	0.024495	0.017581	0.044120	0.014992	4.541199	4274400.000000
2021-05-04	0.012263	0.023945	0.037868	0.019850	2.245956	3703500.000000
2021-05-03	0.017235	0.016376	0.035038	0.015987	3.102982	3197000.000000
2021-04-30	0.003129	0.013148	0.024905	0.009527	0.561508	3103900.000000
2021-04-29	0.009139	0.018022	0.026849	0.012062	1.625336	2432500.000000
2021-04-28	-0.009110	0.010920	0.013984	-0.005070	-1.635193	4682800.000000
2021-04-27	-0.026760	-0.002306	0.007834	-0.019711	-4.935226	6838700.000000
2021-04-26	-0.007948	0.014347	0.014778	0.000846	-1.477600	2797500.000000
2021-04-23	0.008928	0.015046	0.026443	0.015046	1.645065	2482800.000000
2021-04-22	-0.020424	0.010104	0.016855	-0.007174	-3.841782	2982600.000000
2021-04-21	0.001784	0.020214	0.027936	0.010840	0.334915	2219800.000000
2021-04-20	0.005115	0.019276	0.035817	0.017991	0.955536	2460900.000000
2021-04-19	0.002061	0.015101	0.023898	0.008825	0.384186	2966400.000000
2021-04-16	0.017911	0.023126	0.039070	0.020396	3.280273	3731800.000000
2021-04-15	0.015956	0.019536	0.041337	0.017429	2.876419	2586600.000000
2021-04-14	0.002575	0.015488	0.025944	0.012485	0.462982	2002100.000000
2021-04-13	0.003905	0.011581	0.025316	0.011581	0.699402	3089100.000000
2021-04-12	-0.014472	0.009321	0.012128	-0.004710	-2.630157	2876100.000000
2021-04-09	0.010295	0.014709	0.029219	0.014042	1.851944	2611200.000000
2021-04-08	0.001591	0.018662	0.024341	0.015989	0.285675	2393200.000000
2021-04-07	-0.002626	0.015709	0.017264	0.006380	-0.472839	3406600.000000
2021-04-06	-0.011304	0.014056	0.019217	0.001977	-2.058792	2488400.000000
2021-04-05	-0.001889	0.017072	0.018771	0.003427	-0.344772	2864800.000000
2021-04-01	-0.008457	0.015154	0.021947	0.003417	-1.556412	2340400.000000
2021-03-31	0.007116	0.015537	0.028507	0.013841	1.300293	3621300.000000
2021-03-30	-0.004508	0.010741	0.017987	0.006274	-0.827469	2523600.000000
2021-03-29	0.005558	0.011593	0.028083	0.005293	1.014633	3002600.000000
2021-03-26	0.012125	0.020477	0.030790	0.012604	2.186859	2868200.000000
2021-03-25	0.016207	0.019831	0.034706	0.015436	2.876419	2630500.000000
2021-03-24	-0.019109	0.015265	0.016039	-0.006179	-3.457596	3931500.000000
2021-03-23	-0.011623	0.012478	0.019634	0.001006	-2.127762	3284700.000000
2021-03-22	0.008411	0.013832	0.024078	0.009150	1.526855	2666600.000000
2021-03-19	0.001957	0.019404	0.025475	0.014878	0.354614	6048600.000000
2021-03-18	-0.014995	0.011294	0.017111	-0.000775	-2.758194	4240000.000000
2021-03-17	-0.021844	0.008932	0.009464	-0.007925	-4.107742	5134200.000000
2021-03-16	0.009198	0.027927	0.028356	0.004796	1.714005	6194200.000000
2021-03-15	-0.090926	-0.058367	-0.057538	-0.081834	-18.637543	12388500.000000
2021-03-12	0.013986	0.013571	0.031232	0.000660	2.827164	4541400.000000
2021-03-11	-0.001168	0.020392	0.024048	0.009324	-0.236420	4037300.000000
2021-03-10	-0.003202	0.018996	0.024660	0.006683	-0.650162	3400200.000000
2021-03-09	-0.004444	0.021578	0.040309	0.010398	-0.906265	4227300.000000
2021-03-08	0.000532	0.015547	0.034631	0.012211	0.108368	3300300.000000
2021-03-05	0.031814	0.017584	0.051247	0.016875	6.284760	3875900.000000
2021-03-04	-0.007228	0.024150	0.028924	-0.001882	-1.438217	4308400.000000
2021-03-03	-0.010483	0.011325	0.015999	-0.006876	-2.108063	3660300.000000
2021-03-02	-0.011285	0.027053	0.032264	0.003502	-2.295212	3445300.000000
2021-03-01	0.007712	0.019564	0.031752	0.014609	1.556442	2797400.000000
2021-02-26	0.005250	0.029498	0.030943	0.006388	1.054001	3887900.000000
2021-02-25	-0.003423	0.010439	0.020267	0.001405	-0.689545	2386700.000000
2021-02-24	0.010075	0.011093	0.035108	0.010893	2.009552	2848800.000000
2021-02-23	0.008970	0.013283	0.033517	0.005037	1.773132	3287700.000000
2021-02-22	-0.001195	0.006363	0.018640	0.000199	-0.236435	2263600.000000
2021-02-19	-0.000994	0.015205	0.024038	0.011167	-0.197021	3434900.000000
2021-02-18	-0.025864	0.009451	0.010041	-0.011938	-5.260269	3919400.000000
2021-02-17	0.003402	0.011454	0.019743	0.007803	0.689575	3329900.000000
2021-02-16	-0.007381	0.008739	0.016134	-0.002868	-1.507187	2741900.000000
2021-02-12	0.023250	0.010494	0.043417	0.007988	4.639679	2611300.000000
2021-02-11	-0.004716	0.011812	0.018346	0.005578	-0.945663	3544700.000000
2021-02-10	0.013286	0.033342	0.038800	0.019040	2.629013	3062700.000000
2021-02-09	-0.019731	0.009386	0.015331	-0.007606	-3.982742	2661300.000000
2021-02-08	0.019825	0.022476	0.042937	0.020101	3.923904	2909300.000000
2021-02-05	0.000744	0.019393	0.025966	0.015500	0.147125	2732200.000000
2021-02-04	0.023660	0.018617	0.044858	0.012562	4.571365	2924300.000000
2021-02-03	-0.003037	0.020684	0.035028	0.015936	-0.588577	3679000.000000
2021-02-02	-0.027469	0.025616	0.033244	-0.009662	-5.473846	5314600.000000
2021-02-01	-0.023225	0.026697	0.028805	-0.004477	-4.738113	5383800.000000
2021-01-29	-0.010232	0.028320	0.057623	-0.008066	-2.109100	8401700.000000
2021-01-28	0.012285	0.021505	0.040364	0.019394	2.501465	5460400.000000
2021-01-27	-0.024210	0.011486	0.016039	-0.017123	-5.052017	7358000.000000
2021-01-26	0.001742	0.020354	0.023618	0.010993	0.362961	6601500.000000
2021-01-25	0.030125	0.029778	0.050993	0.029037	6.091873	5959100.000000
2021-01-22	0.018730	0.017832	0.040502	0.010376	3.717896	6128800.000000
2021-01-21	0.005416	0.031752	0.036919	0.002932	1.069260	8698800.000000
2021-01-20	0.014006	0.020883	0.036291	0.020421	2.727097	5335800.000000
2021-01-19	0.040415	0.047340	0.066150	0.037027	7.563339	7729100.000000
2021-01-15	0.021854	0.019994	0.047187	0.019994	4.002365	6624600.000000
2021-01-14	0.006415	0.018130	0.038408	0.014338	1.167358	4413200.000000
2021-01-13	0.037472	0.025266	0.069679	0.022472	6.572556	7303900.000000
2021-01-12	-0.038399	0.002124	0.010074	-0.027207	-7.004166	7179300.000000
2021-01-11	0.117361	0.133272	0.159613	0.115017	19.158432	11396500.000000
2021-01-08	0.003498	0.021791	0.025725	0.012078	0.568970	3438100.000000
2021-01-07	0.009189	0.018525	0.036764	0.003636	1.481277	3025500.000000
2021-01-06	-0.012025	-0.001078	0.025277	-0.001139	-1.961960	3619700.000000
2021-01-05	0.004955	0.017484	0.026538	0.005227	0.804398	2322600.000000
2021-01-04	-0.019782	0.020480	0.023258	-0.015262	-3.276428	3164800.000000
2020-12-31	0.010957	0.019760	0.032395	0.014999	1.795181	1643600.000000
2020-12-30	0.002581	0.024656	0.030470	0.020005	0.421799	1413300.000000
2020-12-29	0.000480	0.020189	0.027047	0.015781	0.078461	1712000.000000
2020-12-28	-0.000960	0.022758	0.025143	0.010525	-0.156921	1482000.000000
2020-12-24	0.007131	0.021673	0.034548	0.021673	1.157547	627200.000000
2020-12-23	-0.007438	0.023857	0.027220	0.011750	-1.216431	1697300.000000
2020-12-22	-0.012205	0.012931	0.017038	0.001818	-2.020798	2447900.000000
2020-12-21	-0.015286	0.004406	0.005120	-0.013912	-2.570160	3655900.000000
2020-12-18	-0.007125	0.018744	0.020929	-0.002042	-1.206589	7356400.000000
2020-12-17	0.003371	0.017498	0.030355	0.013765	0.568970	3521100.000000
2020-12-16	0.027594	0.033154	0.054463	0.015253	4.532104	6009900.000000
2020-12-15	0.060287	0.029206	0.086015	0.020297	9.338882	6974300.000000
2020-12-14	-0.013309	0.023534	0.033725	0.005317	-2.089462	4390100.000000
2020-12-11	-0.005963	0.011289	0.020533	0.007110	-0.941757	3441900.000000
2020-12-10	0.018987	0.031458	0.045201	0.020555	2.942917	6430600.000000
2020-12-09	0.058272	0.055513	0.085214	0.049299	8.534500	8364400.000000
2020-12-08	0.012753	0.016351	0.038202	0.015867	1.844223	2754400.000000
2020-12-07	-0.006938	0.011497	0.018569	0.005866	-1.010406	2637200.000000
2020-12-04	0.030116	0.019111	0.052003	0.018615	4.257446	3058600.000000
2020-12-03	-0.007233	0.023186	0.028804	0.005138	-1.030029	4059600.000000
2020-12-02	-0.002748	0.017993	0.030109	0.011130	-0.392380	3757400.000000
2020-12-01	-0.000618	0.026672	0.036261	0.016664	-0.088303	3954400.000000
2020-11-30	-0.012141	0.011788	0.024441	0.001832	-1.755951	5842200.000000
2020-11-27	0.018584	0.025732	0.041718	0.023689	2.638840	1754000.000000
2020-11-25	-0.001035	0.019394	0.022489	0.003283	-0.147141	3223700.000000
2020-11-24	0.010601	0.019465	0.035462	0.017474	1.491074	4127000.000000
2020-11-23	-0.014503	0.019744	0.020304	-0.010945	-2.069870	3794200.000000
2020-11-20	0.014504	0.015342	0.045552	0.015342	2.040436	5063800.000000
2020-11-19	0.023115	0.019975	0.046447	0.010303	3.178360	4626100.000000
2020-11-18	-0.007294	0.024447	0.028202	0.011669	-1.010376	2795100.000000
2020-11-17	0.004339	0.011998	0.029327	0.005037	0.598389	3619200.000000
2020-11-16	-0.012572	0.024262	0.033140	0.002353	-1.755981	4957600.000000
2020-11-13	0.009572	0.029513	0.035151	0.021490	1.324310	2142700.000000
2020-11-12	-0.020761	0.011678	0.015430	-0.010051	-2.933075	3463400.000000
2020-11-11	-0.012282	0.033021	0.033021	0.002329	-1.756744	3046800.000000
2020-11-10	0.029720	0.062570	0.074088	0.035142	4.128326	5377000.000000
2020-11-09	-0.002873	0.023196	0.039060	0.009270	-0.400177	5493800.000000
2020-11-06	-0.019104	0.021322	0.037798	-0.020573	-2.713165	6229800.000000
2020-11-05	-0.020661	0.018356	0.026148	-0.002193	-2.996185	5731000.000000
2020-11-04	0.134448	0.055375	0.188910	0.055375	17.186676	12211700.000000
2020-11-03	-0.004938	0.040278	0.043625	0.017392	-0.634384	3628400.000000
2020-11-02	0.008968	0.040968	0.052042	0.020940	1.141876	3449500.000000
2020-10-30	-0.015768	0.018525	0.028883	-0.001187	-2.039749	4335300.000000
2020-10-29	0.009443	0.030015	0.038833	0.017374	1.210175	4099900.000000
2020-10-28	-0.004473	0.013445	0.041722	0.012280	-0.575806	6188000.000000
2020-10-27	-0.069160	-0.038134	-0.016007	-0.046449	-9.564423	11374600.000000
2020-10-26	-0.004776	0.021177	0.023984	0.007864	-0.663666	2947100.000000
2020-10-23	0.005154	0.028899	0.046694	0.025138	0.712479	2427200.000000
2020-10-22	0.002406	0.026227	0.031520	0.020933	0.331818	3056600.000000
2020-10-21	-0.015879	0.015355	0.022776	0.007648	-2.225189	1983700.000000
2020-10-20	0.005532	0.028650	0.034103	0.019680	0.771011	2188700.000000
2020-10-19	-0.022721	0.030802	0.033677	-0.002786	-3.240189	3158900.000000
2020-10-16	-0.004497	0.026935	0.035801	0.019186	-0.644150	2918900.000000
2020-10-15	-0.011316	0.011173	0.013934	0.003374	-1.639587	3785900.000000
2020-10-14	-0.010794	0.026680	0.028182	0.008451	-1.581085	2710200.000000
2020-10-13	-0.028546	0.014749	0.023570	-0.014765	-4.304001	5963900.000000
2020-10-12	-0.015234	0.024305	0.026395	0.008564	-2.332504	3242700.000000
2020-10-09	0.022019	0.028570	0.048996	0.028436	3.298737	4590600.000000
2020-10-08	0.030478	0.048294	0.058887	0.035224	4.430847	4686100.000000
2020-10-07	0.033511	0.055840	0.065580	0.043968	4.713898	4602800.000000
2020-10-06	-0.017050	0.026728	0.033017	0.005764	-2.439911	2409200.000000
2020-10-05	0.009779	0.023643	0.040578	0.017363	1.385864	2790600.000000
2020-10-02	0.006376	0.020229	0.043450	0.017388	0.897903	3880000.000000
2020-10-01	-0.025199	0.026777	0.029408	-0.002781	-3.640350	3809200.000000
2020-09-30	0.012034	0.025612	0.039974	0.016225	1.717712	5083900.000000
2020-09-29	-0.012424	0.023801	0.026984	0.009618	-1.795776	3308300.000000
2020-09-28	-0.014375	0.029678	0.033633	0.008538	-2.108078	2427100.000000
2020-09-25	0.009744	0.021740	0.035579	0.018021	1.415146	2440600.000000
2020-09-24	-0.006675	0.020870	0.023605	0.007943	-0.975967	3424200.000000
2020-09-23	-0.000334	0.025931	0.036460	0.016700	-0.048782	3545700.000000
2020-09-22	-0.008731	0.022802	0.027275	0.010873	-1.288269	2926400.000000
2020-09-21	-0.019394	0.017985	0.021242	-0.009330	-2.918121	3501600.000000
2020-09-18	0.011150	0.021742	0.038273	0.021742	1.659103	13209800.000000
2020-09-17	0.010003	0.018998	0.036306	0.014450	1.473709	3620700.000000
2020-09-16	0.005864	0.035828	0.042382	0.029479	0.858841	3618800.000000
2020-09-15	0.007248	0.031233	0.044368	0.027520	1.054047	2923500.000000
2020-09-14	0.006145	0.031550	0.041375	0.020342	0.888123	3072500.000000
2020-09-11	0.012789	0.034021	0.045443	0.029256	1.825027	3001400.000000
2020-09-10	-0.037836	0.010540	0.015395	-0.017508	-5.611740	3961300.000000
2020-09-09	0.017815	0.033621	0.057640	0.031494	2.596054	2328500.000000
2020-09-08	-0.010602	0.024903	0.027347	0.008268	-1.561539	4351200.000000
2020-09-04	0.012683	0.022912	0.049109	0.017274	1.844543	4361800.000000
2020-09-03	-0.003544	0.042719	0.050804	0.010312	-0.517258	4226100.000000
2020-09-02	0.015275	0.021084	0.043413	0.019136	2.195938	2406800.000000
2020-09-01	-0.007346	0.026150	0.030224	0.012617	-1.063812	2358700.000000
2020-08-31	0.007126	0.024701	0.034715	0.022476	1.024765	4430700.000000
2020-08-28	-0.010942	0.023737	0.025870	0.010944	-1.590805	2102600.000000
2020-08-27	-0.001943	0.033693	0.036164	0.022435	-0.283035	3146100.000000
2020-08-26	-0.002806	0.021277	0.023126	0.009092	-0.409897	3029700.000000
2020-08-25	0.001070	0.030388	0.036898	0.023192	0.156113	2216100.000000
2020-08-24	0.001742	0.030055	0.032457	0.017698	0.253784	2268400.000000
2020-08-21	-0.013744	0.024631	0.024699	0.001680	-2.030014	3112000.000000
2020-08-20	-0.006238	0.026381	0.028399	0.014943	-0.927170	1830200.000000
2020-08-19	-0.005355	0.029316	0.033331	0.017270	-0.800262	1938800.000000
2020-08-18	0.010427	0.028824	0.035586	0.022062	1.542023	1959700.000000
2020-08-17	0.009594	0.030298	0.042449	0.026475	1.405365	2704700.000000
2020-08-14	-0.002459	0.020137	0.033008	0.015710	-0.361115	1538000.000000
2020-08-13	-0.008893	0.017949	0.023821	0.010997	-1.317535	2077700.000000
2020-08-12	0.012747	0.030720	0.046988	0.029421	1.864761	2430400.000000
2020-08-11	-0.015490	0.030568	0.030568	0.010783	-2.301819	2103400.000000
2020-08-10	0.000458	0.029626	0.033396	0.020200	0.067993	1745200.000000
2020-08-07	0.000327	0.030165	0.033802	0.020871	0.048553	2017100.000000
2020-08-06	-0.009460	0.026357	0.037365	0.007344	-1.417984	2176200.000000
2020-08-05	-0.003294	0.045983	0.047180	0.019320	-0.495331	2386400.000000
2020-08-04	0.013151	0.033264	0.050914	0.031310	1.952194	3260000.000000
2020-08-03	0.016967	0.046822	0.054015	0.035997	2.476608	3615000.000000
2020-07-31	-0.017712	0.030501	0.031914	0.000958	-2.632034	5342700.000000
2020-07-30	-0.054096	0.008620	0.008938	-0.042305	-8.498230	6638100.000000
2020-07-29	-0.005533	0.028866	0.032032	0.019814	-0.874084	3108900.000000
2020-07-28	0.013395	0.037132	0.061124	0.035079	2.088104	3483100.000000
2020-07-27	0.006017	0.030013	0.043824	0.023495	0.932404	2709700.000000
2020-07-24	-0.012259	0.029307	0.029307	0.010056	-1.923035	2247900.000000
2020-07-23	-0.020141	0.032249	0.033499	0.004329	-3.224487	2408800.000000
2020-07-22	-0.002783	0.031121	0.033052	0.011126	-0.446747	1686500.000000
2020-07-21	-0.010417	0.028578	0.030797	0.015572	-1.689941	1540700.000000
2020-07-20	0.006507	0.032914	0.040483	0.028199	1.048904	1806200.000000
2020-07-17	0.005818	0.036116	0.043729	0.030312	0.932404	2935800.000000
2020-07-16	-0.002720	0.026514	0.029564	0.011890	-0.437057	1486800.000000
2020-07-15	0.009580	0.037856	0.045961	0.029751	1.524811	2346200.000000
2020-07-14	0.011106	0.034708	0.046714	0.026132	1.748230	2642900.000000
2020-07-13	-0.007835	0.037505	0.052568	0.015003	-1.243164	3455600.000000
2020-07-10	-0.018564	0.027708	0.027708	0.006677	-3.001099	2245100.000000
2020-07-09	-0.015846	0.034192	0.039488	-0.003370	-2.602875	2955200.000000
2020-07-08	0.014273	0.030182	0.048582	0.030182	2.311523	2781800.000000
2020-07-07	-0.000839	0.024875	0.038819	0.019631	-0.135986	3273300.000000
2020-07-06	0.018429	0.033333	0.061356	0.030506	2.933090	2760100.000000
2020-07-02	0.003491	0.034481	0.038894	0.023762	0.553604	1960200.000000
2020-07-01	-0.005360	0.030504	0.037716	0.019216	-0.854660	2065100.000000
2020-06-30	0.008972	0.032094	0.045129	0.026968	1.417969	3296300.000000
2020-06-29	-0.000676	0.036076	0.038352	0.018244	-0.106842	2640300.000000
2020-06-26	-0.000184	0.026275	0.035506	0.012683	-0.029099	5290400.000000
2020-06-25	0.037127	0.033626	0.071328	0.027528	5.662231	3735400.000000
2020-06-24	-0.014497	0.024521	0.032534	0.010176	-2.243530	3096000.000000
2020-06-23	-0.006918	0.032450	0.045155	0.020000	-1.078064	2771500.000000
2020-06-22	0.003189	0.024733	0.039540	0.023060	0.495316	2647300.000000
2020-06-19	-0.007016	0.037041	0.038639	0.011663	-1.097488	6004900.000000
2020-06-18	0.006876	0.024670	0.048935	0.018233	1.068344	3631600.000000
2020-06-17	-0.022845	0.032896	0.033714	0.002519	-3.632401	4711200.000000
2020-06-16	0.156798	0.137303	0.218134	0.127699	21.551544	15029300.000000
2020-06-15	-0.014073	0.018579	0.025035	0.001938	-1.961884	3709900.000000
2020-06-12	-0.003748	0.040059	0.046062	0.010974	-0.524475	3973200.000000
2020-06-11	-0.045828	0.035422	0.038081	-0.024583	-6.720871	4547400.000000
2020-06-10	0.012539	0.035356	0.052203	0.034528	1.816177	4940200.000000
2020-06-09	-0.000536	0.033352	0.047153	0.028936	-0.077682	4302100.000000
2020-06-08	0.000000	0.012651	0.029902	0.011064	0.000000	4076400.000000
2020-06-05	-0.009953	0.022726	0.036799	0.013435	-1.456833	4578800.000000
2020-06-04	-0.011932	0.027466	0.036444	0.010590	-1.767639	3328700.000000
2020-06-03	-0.008644	0.026146	0.033173	0.009483	-1.291748	3190300.000000
2020-06-02	0.009249	0.027127	0.040635	0.020103	1.369476	3269400.000000
2020-06-01	-0.003269	0.039858	0.043359	0.015759	-0.485626	5233800.000000
2020-05-29	0.015267	0.036529	0.050061	0.024773	2.233795	9466300.000000
2020-05-28	0.033974	0.041851	0.074853	0.035350	4.807587	3982700.000000
2020-05-27	-0.015275	0.031087	0.031087	-0.000575	-2.194992	5376100.000000
2020-05-26	-0.021170	0.029285	0.033713	0.002380	-3.107910	5013400.000000
2020-05-22	-0.007355	0.029220	0.031519	0.015359	-1.087784	2355000.000000
2020-05-21	-0.005551	0.029760	0.029760	0.006698	-0.825531	3049800.000000
2020-05-20	-0.022782	0.020230	0.034423	-0.003819	-3.467270	3780800.000000
2020-05-19	-0.007977	0.022391	0.037252	0.012157	-1.223770	2339400.000000
2020-05-18	-0.007976	0.043270	0.049930	0.015917	-1.233444	2703700.000000
2020-05-15	0.005367	0.031251	0.036972	0.014349	0.825546	2824500.000000
2020-05-14	0.007570	0.021438	0.041154	0.007486	1.155746	2393900.000000
2020-05-13	0.001332	0.029947	0.045164	0.023454	0.203018	2650000.000000
2020-05-12	-0.005235	0.043086	0.053068	0.028209	-0.802353	2329400.000000
2020-05-11	0.032832	0.034204	0.074637	0.031576	4.872070	3196200.000000
2020-05-08	0.003530	0.042791	0.044279	0.031633	0.521988	1966600.000000
2020-05-07	-0.023679	0.039887	0.041142	0.008327	-3.586365	2330600.000000
2020-05-06	-0.007663	0.038208	0.041353	0.024383	-1.169662	1964800.000000
2020-05-05	0.030075	0.037982	0.074562	0.030896	4.456345	2862600.000000
2020-05-04	-0.002278	0.041341	0.050432	0.018515	-0.338318	2228500.000000
2020-05-01	-0.006531	0.028319	0.034206	0.013936	-0.976349	2576400.000000
2020-04-30	-0.003351	0.034740	0.046607	0.021939	-0.502686	4175800.000000
2020-04-29	-0.013605	0.037498	0.039274	0.017177	-2.068680	3240700.000000
2020-04-28	-0.024738	0.032228	0.038899	0.004329	-3.857025	3270200.000000
2020-04-27	-0.010066	0.041267	0.044441	0.020441	-1.585358	3210300.000000
2020-04-24	0.018758	0.047862	0.066620	0.038872	2.900024	4414000.000000
2020-04-23	0.020548	0.037576	0.073090	0.016584	3.112717	5692900.000000
2020-04-22	0.026462	0.047619	0.065710	0.040572	3.905396	3278000.000000
2020-04-21	-0.032448	0.018870	0.021427	-0.007354	-4.949417	4270200.000000
2020-04-20	0.003179	0.030133	0.053612	0.023424	0.483353	2562200.000000
2020-04-17	0.016545	0.039086	0.054129	0.023107	2.474670	3709900.000000
2020-04-16	0.023482	0.046174	0.064649	0.040084	3.431717	3512900.000000
2020-04-15	0.000463	0.019618	0.050150	0.016674	0.067657	3614400.000000
2020-04-14	0.046323	0.054959	0.085545	0.031823	6.467041	3809600.000000
2020-04-13	-0.008989	0.029078	0.040578	0.014242	-1.266327	2289000.000000
2020-04-09	-0.003351	0.022375	0.035747	0.015583	-0.473679	4415300.000000
2020-04-08	0.030589	0.035713	0.073627	0.024411	4.195374	4006600.000000
2020-04-07	0.001907	0.045577	0.057776	0.023077	0.261017	3900600.000000
2020-04-06	0.013962	0.053806	0.062916	0.039214	1.885010	4159900.000000
2020-04-03	-0.017724	0.025306	0.052081	0.007407	-2.436035	4013200.000000
2020-04-02	0.042223	0.026359	0.082853	0.008767	5.568069	4725000.000000
2020-04-01	-0.016580	-0.000725	0.023064	-0.008332	-2.223358	3297900.000000
2020-03-31	0.002022	0.023414	0.061224	0.005181	0.270660	7560100.000000
2020-03-30	0.032287	0.032622	0.093560	0.029845	4.185730	5057400.000000
2020-03-27	-0.001787	0.005984	0.059575	0.002519	-0.232025	4717400.000000
2020-03-26	0.101771	0.045926	0.151545	0.034473	11.996445	6723600.000000
2020-03-25	-0.007730	0.011156	0.061831	0.003495	-0.918335	6472100.000000
2020-03-24	0.032255	0.070882	0.082699	0.020223	3.712029	6827300.000000
2020-03-23	-0.027369	0.022218	0.072336	-0.010658	-3.238350	7299300.000000
2020-03-20	-0.080322	0.027245	0.027944	-0.065484	-10.333771	9113500.000000
2020-03-19	-0.069886	0.030136	0.033678	-0.052064	-9.666748	6554800.000000
2020-03-18	-0.000768	-0.015083	0.040252	-0.031409	-0.106323	6734600.000000
2020-03-17	0.106817	0.065096	0.148091	0.048226	13.359436	8909200.000000
2020-03-16	-0.071680	-0.027653	0.029352	-0.048065	-9.657089	6619700.000000
2020-03-13	0.105936	0.091360	0.144061	0.054913	12.905128	6841700.000000
2020-03-12	-0.099986	-0.033718	0.008467	-0.069624	-13.533455	7836300.000000
2020-03-11	-0.008287	0.021798	0.039236	0.006631	-1.131027	7211800.000000
2020-03-10	0.040303	0.061227	0.081806	0.026851	5.287704	5961200.000000
2020-03-09	-0.040577	-0.019934	0.030597	-0.025126	-5.548706	5351300.000000
2020-03-06	0.009347	0.004727	0.050786	0.000520	1.266373	8010700.000000
2020-03-05	-0.001639	0.019735	0.045748	0.013471	-0.222351	6882100.000000
2020-03-04	0.077277	0.056066	0.118225	0.055828	9.734413	5301900.000000
2020-03-03	-0.019045	0.037900	0.056356	0.002156	-2.445686	6936600.000000
2020-03-02	0.053199	0.047678	0.090818	0.035129	6.486397	7355700.000000
2020-02-28	-0.023686	0.011972	0.015336	-0.027023	-2.958031	7898300.000000
2020-02-27	-0.032502	0.032924	0.043305	-0.000234	-4.195374	4292800.000000
2020-02-26	-0.013884	0.039210	0.046773	0.018430	-1.817368	4659000.000000
2020-02-25	-0.019834	0.040389	0.042560	0.008040	-2.648697	3401600.000000
2020-02-24	-0.027387	0.014372	0.031196	0.004103	-3.760361	4727400.000000
2020-02-21	0.000282	0.029665	0.039208	0.022307	0.038666	2900900.000000
2020-02-20	0.008308	0.040350	0.049017	0.037191	1.131027	3417000.000000
2020-02-19	-0.001276	0.038948	0.040562	0.029705	-0.173996	3082800.000000
2020-02-18	-0.000780	0.033740	0.040631	0.030148	-0.106339	2858200.000000
2020-02-14	-0.004796	0.037756	0.038267	0.025500	-0.657349	2273700.000000
2020-02-13	-0.006794	0.035125	0.041502	0.027372	-0.937653	3455500.000000
2020-02-12	-0.005130	0.042863	0.044521	0.034357	-0.711655	3953200.000000
2020-02-11	-0.008659	0.041407	0.042336	0.023184	-1.211746	2976400.000000
2020-02-10	-0.006147	0.004963	0.033727	0.002264	-0.865524	4892100.000000
2020-02-07	-0.006042	0.039270	0.039270	0.026281	-0.855881	2670400.000000
2020-02-06	-0.000340	0.042587	0.043504	0.036024	-0.048126	3285000.000000
2020-02-05	0.027259	0.049549	0.068252	0.047737	3.760239	4060900.000000
2020-02-04	0.017305	0.049422	0.062475	0.045587	2.346512	3177500.000000
2020-02-03	0.009739	0.046462	0.054207	0.040133	1.307907	5137800.000000
2020-01-31	-0.021238	0.041147	0.041147	0.016512	-2.913925	3913500.000000
2020-01-30	0.019654	0.026904	0.068075	0.026309	2.644653	5243400.000000
2020-01-29	0.004739	0.041702	0.053873	0.037670	0.634735	2815500.000000
2020-01-28	0.006869	0.042692	0.051639	0.039233	0.913589	2649100.000000
2020-01-27	-0.005465	0.026900	0.040059	0.026900	-0.730881	2826400.000000
2020-01-24	-0.015155	0.044548	0.045579	0.021352	-2.058029	3183300.000000
2020-01-23	-0.002472	0.037558	0.041157	0.027494	-0.336594	3138700.000000
2020-01-22	0.004613	0.042344	0.049723	0.038211	0.625092	2742100.000000
2020-01-21	0.009529	0.039239	0.054660	0.031268	1.279068	4849500.000000
2020-01-17	-0.013081	0.035791	0.042114	0.024616	-1.779129	5393200.000000
2020-01-16	0.002268	0.045141	0.046172	0.030550	0.307755	3794800.000000
2020-01-15	0.003270	0.039317	0.047524	0.035103	0.442352	3676500.000000
2020-01-14	0.012308	0.040209	0.054504	0.033698	1.644501	4685200.000000
2020-01-13	0.006812	0.041342	0.054830	0.039006	0.903992	5117100.000000
2020-01-10	0.015303	0.038764	0.057813	0.036851	2.000305	4177600.000000
2020-01-09	0.016528	0.046367	0.060443	0.042168	2.125336	4522800.000000
2020-01-08	0.009056	0.039443	0.053175	0.035911	1.154045	5188600.000000
2020-01-07	0.001890	0.035432	0.045102	0.035432	0.240417	2448300.000000
2020-01-06	0.003719	0.037073	0.046069	0.033285	0.471245	2102900.000000
2020-01-03	-0.003328	0.024813	0.041880	0.024262	-0.423134	1963500.000000
2020-01-02	0.005935	0.042525	0.046402	0.034297	0.750099	2204200.000000
