2022-12-30	-0.001150	0.008259	0.011999	-0.005708	-0.556488	910000.000000
2022-12-29	0.007926	0.007920	0.019520	0.006463	3.806030	764000.000000
2022-12-28	-0.004696	0.007643	0.013550	0.000907	-2.265747	810300.000000
2022-12-27	0.004573	0.009857	0.018685	0.006733	2.196167	788800.000000
2022-12-23	0.008325	0.006716	0.016542	0.004322	3.965057	661600.000000
2022-12-22	-0.017123	0.003923	0.004583	-0.021975	-8.297760	1520700.000000
2022-12-21	0.003085	0.009877	0.015445	0.005344	1.490601	988300.000000
2022-12-20	0.009050	0.008573	0.026472	0.006359	4.332703	1014300.000000
2022-12-19	0.000000	0.006275	0.019225	0.002411	0.000000	929700.000000
2022-12-16	0.006266	-0.000346	0.014325	-0.004465	2.981232	2590600.000000
2022-12-15	-0.013191	-0.002394	0.006109	-0.014589	-6.359955	1067300.000000
2022-12-14	0.010349	0.008329	0.023165	0.006128	4.938934	1071800.000000
2022-12-13	-0.012543	0.013911	0.014676	-0.009533	-6.061859	1730900.000000
2022-12-12	0.005666	0.009147	0.013767	0.004049	2.722870	1129200.000000
2022-12-09	-0.003708	0.006835	0.016621	0.001797	-1.788757	856400.000000
2022-12-08	0.008687	0.014786	0.022210	0.007028	4.153839	762200.000000
2022-12-07	-0.005785	0.006920	0.017191	-0.001022	-2.782440	999800.000000
2022-12-06	-0.013594	0.007629	0.007629	-0.011075	-6.628296	1076500.000000
2022-12-05	-0.011204	-0.004573	0.003761	-0.009745	-5.525208	1357200.000000
2022-12-02	0.025926	0.002385	0.038044	0.002385	12.461548	1744400.000000
2022-12-01	-0.003092	0.009054	0.012124	-0.003079	-1.490631	913600.000000
2022-11-30	0.008501	0.003995	0.016441	-0.000753	4.064423	1470000.000000
2022-11-29	0.001842	0.012341	0.016532	0.009491	0.878998	802600.000000
2022-11-28	-0.000517	0.005555	0.016299	0.005324	-0.246918	939000.000000
2022-11-25	0.004968	0.019370	0.019791	0.013308	2.360321	321500.000000
2022-11-23	0.003274	0.013162	0.019941	0.010924	1.550507	1020200.000000
2022-11-22	-0.002994	0.016845	0.019561	0.009076	-1.422119	838400.000000
2022-11-21	0.008641	0.016117	0.027733	0.015565	4.068817	1730500.000000
2022-11-18	0.008567	0.014413	0.029919	0.012571	3.999756	2160300.000000
2022-11-17	0.014006	0.009878	0.031118	0.008271	6.448914	1401900.000000
2022-11-16	-0.002162	0.008215	0.016927	0.000305	-0.997467	1022600.000000
2022-11-15	0.011276	0.020899	0.040951	0.003827	5.145325	3272800.000000
2022-11-14	-0.003924	0.020189	0.030296	0.002770	-1.797394	2286700.000000
2022-11-11	-0.054832	-0.008123	-0.001748	-0.045530	-26.575928	3061800.000000
2022-11-10	0.011521	0.018999	0.025176	0.001134	5.520599	1601000.000000
2022-11-09	-0.018093	0.003616	0.009128	-0.007676	-8.829010	1383200.000000
2022-11-08	0.011236	0.013089	0.025067	0.008862	5.421875	1221000.000000
2022-11-07	0.014450	0.014274	0.029998	0.011078	6.873566	944800.000000
2022-11-04	-0.006497	0.013281	0.016080	-0.013014	-3.110870	1481100.000000
2022-11-03	0.005725	0.007761	0.029186	0.005198	2.725739	1291100.000000
2022-11-02	-0.007351	0.010298	0.019348	0.003960	-3.525696	1291800.000000
2022-11-01	-0.002157	0.011219	0.021892	0.006725	-1.036957	1229700.000000
2022-10-31	0.003733	0.003341	0.019588	0.001211	1.787537	1288200.000000
2022-10-28	0.027419	0.017012	0.053788	0.013365	12.779358	2045300.000000
2022-10-27	0.020257	0.016993	0.038008	0.016599	9.253662	1513700.000000
2022-10-26	0.005237	0.017016	0.035655	0.013253	2.380066	1554600.000000
2022-10-25	0.005880	0.005023	0.026029	0.000906	2.656616	1537000.000000
2022-10-24	0.006269	0.022527	0.038341	0.014687	2.814606	2013600.000000
2022-10-21	0.023113	0.011158	0.036157	0.003023	10.142517	1620200.000000
2022-10-20	0.009955	0.011789	0.024884	0.007945	4.325623	1781300.000000
2022-10-19	0.018803	0.017565	0.049455	0.009077	8.019196	2623700.000000
2022-10-18	0.086909	0.027455	0.109926	0.023352	34.101318	4588500.000000
2022-10-17	0.020287	0.021906	0.041694	0.019696	7.801880	1617200.000000
2022-10-14	-0.040768	0.008505	0.011124	-0.031976	-16.344513	1369100.000000
2022-10-13	0.021489	0.001309	0.037107	-0.003226	8.433960	1012700.000000
2022-10-12	-0.033182	0.002398	0.007250	-0.021718	-13.470642	921700.000000
2022-10-11	0.002610	0.001877	0.027809	0.001877	1.056702	1013600.000000
2022-10-10	0.014927	0.021670	0.049343	0.018060	5.955139	1112500.000000
2022-10-07	0.010886	0.009910	0.025393	0.003449	4.296021	1124700.000000
2022-10-06	-0.007205	0.010332	0.015313	0.001427	-2.864014	746700.000000
2022-10-05	-0.008865	0.012571	0.016436	-0.000718	-3.555298	828400.000000
2022-10-04	0.015935	0.021108	0.033089	0.012799	6.290924	1060000.000000
2022-10-03	0.034818	0.021614	0.055927	0.019884	13.282990	1273800.000000
2022-09-30	-0.008979	-0.008626	0.012857	-0.008834	-3.456543	1343700.000000
2022-09-29	-0.025525	0.009989	0.011077	-0.023147	-10.083252	1127700.000000
2022-09-28	0.000651	0.006137	0.018524	-0.009315	0.256805	1161500.000000
2022-09-27	-0.019404	0.016421	0.019203	-0.010480	-7.811829	1051900.000000
2022-09-26	-0.013121	0.009188	0.010463	-0.003510	-5.352692	1208300.000000
2022-09-23	-0.021347	0.007053	0.007605	-0.022214	-8.898132	1874600.000000
2022-09-22	0.004474	0.011679	0.023463	-0.004779	1.856628	1409900.000000
2022-09-21	-0.000903	0.030411	0.044375	0.011247	-0.375275	2106400.000000
2022-09-20	0.009747	0.011307	0.024459	0.002409	4.009613	1112100.000000
2022-09-19	0.005383	0.011862	0.020759	0.008758	2.202301	695500.000000
2022-09-16	0.001693	0.006842	0.017908	0.003806	0.691315	2023300.000000
2022-09-15	-0.007297	0.008196	0.008196	-0.001768	-3.002289	1189200.000000
2022-09-14	0.017834	0.014698	0.035008	0.010023	7.209412	1004100.000000
2022-09-13	-0.022239	0.009378	0.017795	-0.014712	-9.194427	1621200.000000
2022-09-12	-0.006856	0.011298	0.012475	0.002890	-2.854126	1349700.000000
2022-09-09	0.004480	0.015081	0.022150	0.011051	1.856689	1284600.000000
2022-09-08	-0.001166	0.011197	0.014812	-0.000371	-0.483948	1112600.000000
2022-09-07	0.005649	0.006681	0.020133	-0.000808	2.330688	1255700.000000
2022-09-06	-0.001887	0.013635	0.023941	0.005822	-0.780182	962500.000000
2022-09-02	-0.009560	0.018273	0.019951	0.000447	-3.989838	869800.000000
2022-09-01	0.005951	0.008064	0.020935	0.007003	2.468964	948800.000000
2022-08-31	-0.005209	0.012691	0.018397	0.007080	-2.172668	909300.000000
2022-08-30	-0.010636	0.018715	0.020921	0.005834	-4.483521	976100.000000
2022-08-29	-0.003363	0.011081	0.025833	0.008291	-1.422607	868100.000000
2022-08-26	-0.017121	0.023374	0.028905	0.001392	-7.367889	876200.000000
2022-08-25	0.011367	0.019285	0.031341	0.016276	4.836731	727600.000000
2022-08-24	0.001362	0.021332	0.024768	0.014154	0.578796	740200.000000
2022-08-23	0.001827	0.020699	0.024943	0.014499	0.775085	915200.000000
2022-08-22	-0.017499	0.015764	0.023014	0.000313	-7.554321	1086700.000000
2022-08-19	0.001548	0.017266	0.022927	0.011605	0.667114	1013600.000000
2022-08-18	-0.005073	0.020023	0.026186	0.008390	-2.197601	866500.000000
2022-08-17	0.003249	0.009952	0.031627	0.007335	1.402924	996500.000000
2022-08-16	0.004909	0.016748	0.035551	0.016748	2.109314	851100.000000
2022-08-15	0.008682	0.015623	0.032735	0.009003	3.698700	884900.000000
2022-08-12	0.012569	0.019403	0.032214	0.015339	5.288025	978000.000000
2022-08-11	-0.002651	0.017507	0.025211	0.012671	-1.118408	949300.000000
2022-08-10	0.003360	0.022900	0.028085	0.014028	1.412750	1409300.000000
2022-08-09	0.011065	0.026715	0.038571	0.023709	4.601257	747400.000000
2022-08-08	-0.005980	0.021890	0.026360	0.007978	-2.501770	814800.000000
2022-08-05	-0.004017	0.012452	0.018594	-0.001190	-1.687469	932500.000000
2022-08-04	-0.002725	0.022632	0.031987	0.013563	-1.147858	1126400.000000
2022-08-03	0.001213	0.015695	0.026369	-0.002443	0.510162	1330500.000000
2022-08-02	0.022658	0.033214	0.052249	0.018847	9.320282	2453900.000000
2022-08-01	0.013219	0.030196	0.055469	0.026255	5.366516	1721900.000000
2022-07-29	0.019036	0.020314	0.039541	0.009044	7.583740	1493500.000000
2022-07-28	0.018919	0.020845	0.040333	0.013147	7.397339	1014600.000000
2022-07-27	0.004360	0.021802	0.025552	0.012067	1.697266	838600.000000
2022-07-26	-0.007479	0.020253	0.027392	0.011050	-2.933411	992400.000000
2022-07-25	0.012819	0.018329	0.042498	0.016418	4.964264	1038300.000000
2022-07-22	-0.001164	0.031536	0.036745	0.014797	-0.451355	769400.000000
2022-07-21	-0.000051	0.016963	0.020136	0.004894	-0.019592	941000.000000
2022-07-20	0.012398	0.020016	0.037823	0.006987	4.748444	1560300.000000
2022-07-19	0.008005	-0.002981	0.027944	-0.016536	3.041351	3023800.000000
2022-07-18	-0.027863	0.023353	0.023430	-0.009755	-10.889984	2759700.000000
2022-07-15	-0.004821	0.027942	0.027942	0.012919	-1.893494	1223200.000000
2022-07-14	-0.018848	0.007268	0.012714	-0.006897	-7.544525	1160700.000000
2022-07-13	-0.014469	0.007270	0.028591	0.003872	-5.876648	1155500.000000
2022-07-12	-0.012122	0.020258	0.021279	0.003548	-4.983887	680500.000000
2022-07-11	-0.003045	0.013344	0.025710	0.007233	-1.255798	602600.000000
2022-07-08	-0.004358	0.027372	0.030825	0.013925	-1.805206	682000.000000
2022-07-07	-0.008688	0.015910	0.024334	0.004111	-3.629974	1177100.000000
2022-07-06	0.025623	0.023335	0.050237	0.019358	10.438721	1044900.000000
2022-07-05	-0.042143	-0.001241	0.001063	-0.042575	-17.924347	1712800.000000
2022-07-01	0.008280	0.018763	0.031138	0.006293	3.492645	1296900.000000
2022-06-30	0.026427	-0.001743	0.027286	-0.004798	11.069977	1269500.000000
2022-06-29	-0.004326	0.005586	0.008795	-0.010173	-1.819977	733800.000000
2022-06-28	0.003482	0.008945	0.019821	0.000239	1.459991	953300.000000
2022-06-27	0.000501	0.000000	0.009904	-0.003747	0.209991	779000.000000
2022-06-24	0.020506	0.012712	0.021577	0.000146	8.420013	1768000.000000
2022-06-23	-0.011626	-0.000193	0.001974	-0.019906	-4.830017	988700.000000
2022-06-22	-0.008378	-0.011696	0.003485	-0.017114	-3.509979	1073300.000000
2022-06-21	0.037004	0.019777	0.040816	0.012376	14.949982	1474400.000000
2022-06-17	-0.001927	-0.003014	0.001507	-0.025025	-0.779999	3757100.000000
2022-06-16	-0.022482	-0.008863	-0.002922	-0.026757	-9.309998	1580300.000000
2022-06-15	-0.004974	0.003340	0.006800	-0.017541	-2.070007	1241700.000000
2022-06-14	-0.018305	0.000189	0.000543	-0.030241	-7.759979	1497800.000000
2022-06-13	-0.014552	-0.013459	-0.004254	-0.020154	-6.260010	1483000.000000
2022-06-10	-0.005847	-0.003975	0.003767	-0.016107	-2.529999	1165700.000000
2022-06-09	-0.024109	0.000023	0.000316	-0.024605	-10.690002	995100.000000
2022-06-08	-0.028249	-0.009424	-0.003638	-0.029345	-12.889984	1151600.000000
2022-06-07	0.029070	-0.003180	0.029905	-0.004533	12.889984	1126000.000000
2022-06-06	0.001626	0.002553	0.007477	-0.002553	0.720001	690000.000000
2022-06-03	0.003582	-0.002516	0.012401	-0.004421	1.580017	928000.000000
2022-06-02	0.004120	0.005600	0.007375	-0.020168	1.809998	1210000.000000
2022-06-01	-0.001840	0.006635	0.008498	-0.008225	-0.809998	1199000.000000
2022-05-31	-0.017085	-0.010631	-0.006164	-0.020882	-7.649994	2539100.000000
2022-05-27	0.005737	0.013329	0.014070	-0.001676	2.554016	1265800.000000
2022-05-26	0.001005	0.011784	0.020913	0.006770	0.447205	1143100.000000
2022-05-25	0.010750	0.007844	0.019548	0.002890	4.730408	1032200.000000
2022-05-24	0.022516	0.006184	0.030142	0.006184	9.689423	1034100.000000
2022-05-23	0.020936	0.014059	0.033536	0.014059	8.824829	1038200.000000
2022-05-20	-0.003454	0.011880	0.011880	-0.013440	-1.460876	1632500.000000
2022-05-19	-0.020054	-0.001809	0.003149	-0.028591	-8.655853	1539800.000000
2022-05-18	-0.015125	0.006253	0.008695	-0.011772	-6.628571	986900.000000
2022-05-17	0.007885	0.011451	0.016993	-0.008212	3.428558	798100.000000
2022-05-16	0.005469	0.005860	0.018277	-0.000707	2.365204	1004700.000000
2022-05-13	0.001335	0.008036	0.013477	-0.006690	0.576385	1114700.000000
2022-05-12	-0.013215	0.003626	0.008333	-0.021301	-5.783813	1390200.000000
2022-05-11	0.002915	0.002518	0.019681	0.000502	1.272034	1018200.000000
2022-05-10	0.000661	0.008776	0.023818	0.003181	0.288208	978500.000000
2022-05-09	-0.023563	0.000880	0.004798	-0.021308	-10.524200	1354500.000000
2022-05-06	0.014171	0.002575	0.020854	-0.001104	6.240997	1409800.000000
2022-05-05	-0.005811	0.006253	0.010159	-0.009843	-2.573914	1183800.000000
2022-05-04	0.025232	0.011484	0.032221	0.006531	10.901825	1172600.000000
2022-05-03	0.009192	0.014592	0.022113	0.006604	3.935394	1332000.000000
2022-05-02	-0.003032	0.000385	0.018758	-0.007649	-1.301880	1397100.000000
2022-04-29	-0.021711	0.012450	0.013771	-0.019557	-9.530396	1479500.000000
2022-04-28	-0.007349	0.015344	0.015344	-0.010616	-3.249695	1348800.000000
2022-04-27	-0.002488	0.006569	0.019585	-0.009131	-1.103088	1017500.000000
2022-04-26	0.007225	0.015682	0.027678	0.006912	3.180115	1440400.000000
2022-04-25	-0.006505	-0.000044	0.004064	-0.022007	-2.881989	1499800.000000
2022-04-22	0.014219	0.009344	0.032260	0.003621	6.211151	1451700.000000
2022-04-21	-0.031573	0.008759	0.010865	-0.027047	-14.240906	1937600.000000
2022-04-20	-0.013112	0.006210	0.009448	-0.009325	-5.992523	1636200.000000
2022-04-19	-0.016130	-0.004402	0.023604	-0.013142	-7.493164	2044000.000000
2022-04-18	-0.000470	0.004833	0.015527	-0.012144	-0.218628	1638900.000000
2022-04-14	-0.003261	0.012087	0.015990	-0.000502	-1.520508	1965200.000000
2022-04-13	0.003508	0.013678	0.021448	0.003456	1.629822	1212400.000000
2022-04-12	0.007108	0.010480	0.022488	0.000033	3.279480	1502300.000000
2022-04-11	0.005915	0.011203	0.034445	0.007714	2.713043	1911200.000000
2022-04-08	-0.008571	0.011031	0.019396	-0.006500	-3.965210	1710700.000000
2022-04-07	0.024044	0.002756	0.034632	-0.002136	10.862091	2032700.000000
2022-04-06	0.016412	0.004318	0.029472	0.004318	7.294373	1941400.000000
2022-04-05	0.007275	0.008497	0.030729	0.004826	3.209930	2240200.000000
2022-04-04	-0.004417	0.009638	0.010811	-0.008255	-1.957764	1166300.000000
2022-04-01	0.010376	0.008123	0.023556	0.000372	4.551544	1174200.000000
2022-03-31	-0.010203	-0.002750	0.012842	-0.004916	-4.521729	1660700.000000
2022-03-30	0.020130	0.011248	0.029065	0.011225	8.745331	1719500.000000
2022-03-29	-0.017596	-0.020272	-0.009260	-0.029159	-7.781372	2451100.000000
2022-03-28	-0.019133	-0.003373	-0.000845	-0.016704	-8.626038	1676200.000000
2022-03-25	0.008739	0.006925	0.023706	0.006857	3.905579	1646300.000000
2022-03-24	0.010062	0.006366	0.020378	0.001688	4.452148	1375400.000000
2022-03-23	0.010577	0.014041	0.022035	0.010273	4.631042	1715100.000000
2022-03-22	0.001341	0.004996	0.015035	-0.007034	0.586334	2113800.000000
2022-03-21	0.032428	0.019121	0.057607	0.019121	13.734131	3245200.000000
2022-03-18	-0.005623	0.020528	0.027149	-0.009923	-2.395020	5215700.000000
2022-03-17	0.017207	0.019914	0.031186	0.014517	7.204926	2947700.000000
2022-03-16	-0.060913	-0.024293	-0.020166	-0.077424	-27.160156	5815500.000000
2022-03-15	0.009495	0.006933	0.019770	-0.003188	4.193756	1778700.000000
2022-03-14	0.012322	0.030090	0.030869	0.006643	5.376404	2475700.000000
2022-03-11	-0.011972	0.000909	0.016059	-0.006768	-5.286926	2649100.000000
2022-03-10	-0.009717	0.010537	0.024732	-0.008278	-4.332916	3049600.000000
2022-03-09	-0.000601	-0.019497	0.021381	-0.030860	-0.268311	3477300.000000
2022-03-08	-0.036812	0.001137	0.010247	-0.032149	-17.053375	4133700.000000
2022-03-07	0.017462	0.016928	0.054221	0.016906	7.950287	5210100.000000
2022-03-04	0.023067	0.011264	0.039599	-0.004420	10.265808	3320300.000000
2022-03-03	-0.004844	-0.005553	0.019446	-0.021832	-2.166443	4603500.000000
2022-03-02	-0.014476	-0.018517	-0.004876	-0.053975	-6.568909	5003400.000000
2022-03-01	0.052582	0.009037	0.063618	0.009037	22.668243	5719300.000000
2022-02-28	0.066660	0.023870	0.073578	0.023103	26.941498	5808600.000000
2022-02-25	0.034824	0.011952	0.061163	0.011927	13.600739	3376300.000000
2022-02-24	0.017511	0.037488	0.039442	0.009326	6.721405	4140900.000000
2022-02-23	0.006991	0.020973	0.023885	0.008721	2.664856	1839500.000000
2022-02-22	-0.000673	0.025792	0.031428	0.009537	-0.256622	1680900.000000
2022-02-18	-0.005942	0.014146	0.019201	0.005207	-2.279907	1459900.000000
2022-02-17	0.004833	0.011139	0.025725	0.010222	1.845642	1248800.000000
2022-02-16	0.012244	0.014851	0.030385	0.012598	4.619110	1776800.000000
2022-02-15	-0.012275	-0.000067	0.014045	-0.009467	-4.688202	2418600.000000
2022-02-14	-0.023272	0.007530	0.011468	-0.018529	-9.100037	2799800.000000
2022-02-11	0.027917	0.016678	0.048459	0.012971	10.620026	3276400.000000
2022-02-10	-0.023090	0.009329	0.016057	-0.014065	-8.991516	2301100.000000
2022-02-09	-0.003788	0.011800	0.017223	0.007169	-1.480499	1541900.000000
2022-02-08	0.009431	0.021807	0.024802	0.008688	3.651917	1311400.000000
2022-02-07	0.007731	0.020130	0.029446	0.010501	2.970825	1243000.000000
2022-02-04	-0.000949	0.008761	0.021345	0.001794	-0.365204	1645800.000000
2022-02-03	0.006093	0.015378	0.025815	0.010696	2.329315	1649000.000000
2022-02-02	0.000853	0.010825	0.016689	0.007945	0.325684	1620600.000000
2022-02-01	-0.005448	0.016019	0.016774	0.005578	-2.092407	1951100.000000
2022-01-31	-0.010225	0.006352	0.007615	-0.008647	-3.967682	2363400.000000
2022-01-28	0.010461	0.013233	0.024248	0.001984	4.017059	2145100.000000
2022-01-27	-0.005521	0.008390	0.024472	-0.003652	-2.131897	2566200.000000
2022-01-26	0.010512	0.015353	0.030086	0.004101	4.016998	3640500.000000
2022-01-25	0.037072	0.025448	0.052994	0.006261	13.660004	3182400.000000
2022-01-24	0.005738	0.008678	0.022298	-0.002814	2.102234	3022300.000000
2022-01-21	-0.010476	0.010129	0.018502	-0.001539	-3.878876	2795400.000000
2022-01-20	-0.005830	0.012322	0.023438	0.004267	-2.171356	2109100.000000
2022-01-19	0.002098	0.010383	0.026393	0.006831	0.779694	3336700.000000
2022-01-18	0.010520	0.007281	0.026070	0.002958	3.869049	2471600.000000
2022-01-14	0.020373	0.013181	0.034850	0.009824	7.343201	2165000.000000
2022-01-13	0.010739	0.015313	0.030175	0.009872	3.829529	1244000.000000
2022-01-12	-0.007799	0.011067	0.018802	0.000132	-2.803101	1477100.000000
2022-01-11	0.002450	0.015301	0.018174	0.007659	0.878448	1128000.000000
2022-01-10	0.008636	0.021227	0.039401	0.016754	3.069550	2389900.000000
2022-01-07	0.005978	0.016238	0.027304	0.013606	2.112152	1634600.000000
2022-01-06	-0.000391	0.018443	0.021951	0.011512	-0.138214	1368800.000000
2022-01-05	-0.010636	0.016008	0.018807	0.001650	-3.799866	1682200.000000
2022-01-04	0.021532	0.016527	0.039429	0.015612	7.530762	1361100.000000
2022-01-03	-0.002954	0.011100	0.016545	0.006397	-1.036377	1205700.000000
2021-12-31	0.005176	0.012007	0.023153	0.007393	1.806213	887200.000000
2021-12-30	-0.001948	0.015269	0.023363	0.011008	-0.681030	778500.000000
2021-12-29	0.001470	0.012293	0.018193	0.010145	0.513214	771700.000000
2021-12-28	0.009906	0.012545	0.027326	0.010954	3.424866	827500.000000
2021-12-27	0.009394	0.013415	0.024247	0.013123	3.217590	965900.000000
2021-12-23	0.011307	0.015071	0.028476	0.015071	3.829498	1061200.000000
2021-12-22	0.006955	0.014341	0.023825	0.013954	2.339203	1311400.000000
2021-12-21	0.009928	0.017235	0.031078	0.016875	3.306396	2352400.000000
2021-12-20	-0.019527	0.003937	0.004496	-0.018379	-6.632568	2315400.000000
2021-12-17	-0.002030	0.015267	0.019998	0.007540	-0.690887	2749500.000000
2021-12-16	0.001219	0.016858	0.023595	0.010975	0.414520	1185900.000000
2021-12-15	-0.003530	0.012448	0.013181	-0.003351	-1.204132	1208900.000000
2021-12-14	0.000261	0.007904	0.021538	0.007904	0.088867	1786000.000000
2021-12-13	0.001943	0.011771	0.018822	0.003281	0.661255	1740700.000000
2021-12-10	0.003725	0.019786	0.023915	0.016130	1.263367	1180700.000000
2021-12-09	0.007388	0.009795	0.025152	0.004834	2.487213	1591500.000000
2021-12-08	0.005631	0.014794	0.022770	0.012733	1.885101	1376900.000000
2021-12-07	-0.002324	0.013300	0.019589	0.009724	-0.779694	1540700.000000
2021-12-06	0.018424	0.023622	0.039284	0.023622	6.070007	1946900.000000
2021-12-03	0.009923	0.015695	0.024983	0.012599	3.237305	1603200.000000
2021-12-02	0.006425	0.018056	0.030118	0.012904	2.082550	1804100.000000
2021-12-01	-0.014701	0.018288	0.021176	-0.002382	-4.836243	2248300.000000
2021-11-30	-0.015099	0.009499	0.012972	-0.002985	-5.043518	2763200.000000
2021-11-29	-0.004348	0.025379	0.027168	0.011072	-1.458557	1492300.000000
2021-11-26	-0.002503	0.008808	0.020523	0.005211	-0.841827	1079900.000000
2021-11-24	-0.004635	0.020617	0.026950	0.015260	-1.566223	1134500.000000
2021-11-23	0.000580	0.021564	0.030773	0.020646	0.195770	1212700.000000
2021-11-22	0.010368	0.022432	0.039964	0.021684	3.465271	1229400.000000
2021-11-19	-0.001871	0.017980	0.024311	0.013411	-0.626495	1426500.000000
2021-11-18	0.000263	0.023744	0.024909	0.016247	0.088104	1431300.000000
2021-11-17	0.004760	0.018893	0.031108	0.018893	1.585815	1751000.000000
2021-11-16	-0.001613	0.024470	0.029714	0.018088	-0.538422	1307500.000000
2021-11-15	0.005486	0.023040	0.029367	0.022679	1.820770	1068600.000000
2021-11-12	0.009438	0.020743	0.035250	0.018948	3.103058	1097400.000000
2021-11-11	-0.005154	0.020081	0.020293	0.008462	-1.703278	1216500.000000
2021-11-10	-0.001597	0.023376	0.029207	0.019540	-0.528595	1268700.000000
2021-11-09	-0.010562	0.020368	0.022221	0.007576	-3.533752	1769200.000000
2021-11-08	0.005561	0.026794	0.030971	0.014621	1.850067	1733000.000000
2021-11-05	0.013085	0.025979	0.036849	0.024152	4.297333	2145300.000000
2021-11-04	0.012525	0.021410	0.035098	0.021410	4.062408	1847900.000000
2021-11-03	0.015445	0.019028	0.042821	0.015052	4.933624	1902600.000000
2021-11-02	-0.013961	0.023169	0.024990	0.004215	-4.522491	2745000.000000
2021-11-01	-0.004183	0.015877	0.027343	0.014647	-1.360657	1865000.000000
2021-10-29	0.002806	0.017279	0.030719	0.013703	0.910339	1821500.000000
2021-10-28	0.001360	0.018662	0.033664	0.003660	0.440552	2874600.000000
2021-10-27	-0.002923	0.024919	0.035476	0.017347	-0.949554	2822900.000000
2021-10-26	-0.118035	-0.054443	-0.046653	-0.115059	-43.482330	9439700.000000
2021-10-25	0.004618	0.025136	0.031108	0.021591	1.693420	1350300.000000
2021-10-22	0.003913	0.023727	0.032186	0.019127	1.429199	1092000.000000
2021-10-21	0.005416	0.022940	0.027427	0.010581	1.967621	803600.000000
2021-10-20	0.000162	0.023518	0.025693	0.018067	0.058685	955200.000000
2021-10-19	0.016630	0.025762	0.038860	0.017785	5.941895	1051300.000000
2021-10-18	-0.001696	0.017959	0.027878	0.011114	-0.606903	1014600.000000
2021-10-15	0.009805	0.027291	0.033329	0.025627	3.475037	952700.000000
2021-10-14	0.000857	0.022298	0.028341	0.017610	0.303467	973300.000000
2021-10-13	0.010164	0.025843	0.033744	0.008242	3.563171	1102100.000000
2021-10-12	0.002913	0.021278	0.031005	0.018503	1.018066	840200.000000
2021-10-11	0.009413	0.024885	0.037678	0.022632	3.259674	996800.000000
2021-10-08	0.005600	0.022435	0.031379	0.018718	1.928406	768500.000000
2021-10-07	0.005115	0.022089	0.034669	0.022089	1.752258	1042600.000000
2021-10-06	0.006441	0.019449	0.028585	0.011135	2.192719	995700.000000
2021-10-05	0.005087	0.021593	0.034732	0.018109	1.722839	889400.000000
2021-10-04	-0.005204	0.021241	0.028819	0.009521	-1.771790	1127400.000000
2021-10-01	0.007824	0.028106	0.035122	0.014667	2.643005	960400.000000
2021-09-30	-0.014816	0.025180	0.027426	0.005845	-5.080475	1054300.000000
2021-09-29	-0.005282	0.009902	0.022811	0.000735	-1.820679	1547700.000000
2021-09-28	-0.003424	0.021564	0.027201	0.011619	-1.184479	1140100.000000
2021-09-27	0.010986	0.029222	0.044128	0.026825	3.758942	1866000.000000
2021-09-24	0.015456	0.035721	0.047504	0.031388	5.207672	1693000.000000
2021-09-23	0.007228	0.017259	0.030681	0.016721	2.417847	1366200.000000
2021-09-22	0.016902	0.027917	0.043299	0.027552	5.560150	1335900.000000
2021-09-21	-0.007121	0.022409	0.026423	0.011422	-2.359161	1317000.000000
2021-09-20	-0.007391	0.014733	0.020575	0.006314	-2.466827	1709800.000000
2021-09-17	-0.001523	0.016927	0.025483	0.014534	-0.509003	2108000.000000
2021-09-16	-0.010346	0.022778	0.024139	0.008775	-3.494629	1451400.000000
2021-09-15	0.002120	0.022929	0.029248	0.020288	0.714600	1149700.000000
2021-09-14	-0.005689	0.026549	0.027434	0.010266	-1.928436	1325600.000000
2021-09-13	0.001243	0.027559	0.031606	0.012319	0.420929	1489200.000000
2021-09-10	-0.008741	0.023057	0.024931	0.012459	-2.985596	1222600.000000
2021-09-09	-0.007199	0.018803	0.022261	0.011100	-2.476624	1098900.000000
2021-09-08	0.006472	0.025045	0.034377	0.022324	2.212311	1215300.000000
2021-09-07	-0.019101	0.017891	0.017891	0.001678	-6.656464	2033500.000000
2021-09-03	-0.005726	0.021564	0.022191	0.014659	-2.006744	893200.000000
2021-09-02	0.003897	0.021993	0.027521	0.018298	1.360657	2071500.000000
2021-09-01	-0.008727	0.017305	0.020740	0.012308	-3.073700	1116000.000000
2021-08-31	0.000974	0.021422	0.025543	0.017727	0.342651	1083900.000000
2021-08-30	0.000166	0.029692	0.034553	0.028271	0.058289	986000.000000
2021-08-27	0.001023	0.033705	0.036664	0.027701	0.359589	1203900.000000
2021-08-26	0.008000	0.029957	0.038217	0.024622	2.789215	1172400.000000
2021-08-25	-0.000696	0.030931	0.033682	0.026058	-0.242950	953500.000000
2021-08-24	0.004617	0.033618	0.037994	0.030594	1.603546	822600.000000
2021-08-23	0.000504	0.031171	0.034427	0.026764	0.174927	827800.000000
2021-08-20	0.008869	0.031017	0.042846	0.027616	3.051697	904300.000000
2021-08-19	-0.007207	0.025000	0.038475	0.020210	-2.497711	1345700.000000
2021-08-18	-0.013827	0.022977	0.025823	0.014611	-4.859314	961000.000000
2021-08-17	0.003747	0.025526	0.035465	0.024440	1.312042	1571000.000000
2021-08-16	0.006341	0.028953	0.036225	0.021997	2.206085	1625700.000000
2021-08-13	-0.004920	0.030383	0.032729	0.022546	-1.720184	1222200.000000
2021-08-12	-0.009772	0.026206	0.031785	0.016208	-3.450104	1005400.000000
2021-08-11	0.002926	0.029550	0.034947	0.025431	1.030182	900100.000000
2021-08-10	0.003324	0.026531	0.034710	0.026274	1.166229	842100.000000
2021-08-09	-0.002790	0.025117	0.030005	0.022502	-0.981537	945100.000000
2021-08-06	0.003520	0.033288	0.036596	0.028326	1.234222	704500.000000
2021-08-05	-0.002378	0.031229	0.032879	0.023945	-0.835815	912600.000000
2021-08-04	-0.021139	0.015139	0.017562	0.001548	-7.590210	1608100.000000
2021-08-03	0.003122	0.031970	0.033451	0.022527	1.117645	872900.000000
2021-08-02	-0.009067	0.030697	0.038283	0.019014	-3.275208	1176500.000000
2021-07-30	-0.002496	0.027489	0.031825	0.022077	-0.903809	798600.000000
2021-07-29	-0.000563	0.034584	0.037371	0.024924	-0.204071	754800.000000
2021-07-28	-0.005124	0.032440	0.033099	0.017585	-1.865997	775200.000000
2021-07-27	0.018150	0.029512	0.049921	0.029512	6.492035	1460600.000000
2021-07-26	-0.033406	0.007956	0.011631	-0.009879	-12.362091	2720700.000000
2021-07-23	0.002211	0.034478	0.035913	0.029657	0.816376	795900.000000
2021-07-22	-0.002520	0.028575	0.030736	0.020687	-0.933014	688400.000000
2021-07-21	0.002395	0.028953	0.041734	0.027382	0.884399	922800.000000
2021-07-20	0.021397	0.031691	0.052795	0.031664	7.736053	1268000.000000
2021-07-19	-0.013576	0.023524	0.028080	0.002816	-4.975952	1357600.000000
2021-07-16	-0.002935	0.029960	0.032952	0.020874	-1.078766	890800.000000
2021-07-15	0.003795	0.024311	0.033950	0.023983	1.389740	713400.000000
2021-07-14	-0.002699	0.028953	0.030451	0.021791	-0.991272	698900.000000
2021-07-13	-0.003245	0.028763	0.033350	0.024800	-1.195374	709500.000000
2021-07-12	-0.010545	0.025703	0.029517	0.010475	-3.926331	1008200.000000
2021-07-09	0.008396	0.036482	0.041059	0.031255	3.100220	542900.000000
2021-07-08	-0.009283	0.018354	0.024150	0.014061	-3.459808	894500.000000
2021-07-07	0.012702	0.028247	0.045067	0.025529	4.674652	952900.000000
2021-07-06	-0.007392	0.024934	0.025851	0.007888	-2.740631	1142700.000000
2021-07-02	0.003340	0.033094	0.036991	0.025516	1.234253	778700.000000
2021-07-01	0.004942	0.026125	0.036486	0.025880	1.817352	752800.000000
2021-06-30	0.013202	0.031929	0.045541	0.029504	4.791290	1077600.000000
2021-06-29	-0.017497	0.028439	0.029846	0.010489	-6.462891	1223900.000000
2021-06-28	-0.005078	0.028037	0.030892	0.020361	-1.885437	778200.000000
2021-06-25	0.011331	0.026665	0.044453	0.026665	4.159576	1708100.000000
2021-06-24	0.001060	0.034925	0.036207	0.027644	0.388794	1032700.000000
2021-06-23	-0.013465	0.028227	0.029034	0.014910	-5.005096	1024000.000000
2021-06-22	-0.000052	0.026371	0.032665	0.021286	-0.019440	636200.000000
2021-06-21	0.008729	0.034489	0.045913	0.032806	3.216858	1186900.000000
2021-06-18	-0.009689	0.021617	0.026803	0.018473	-3.605621	2416200.000000
2021-06-17	-0.001825	0.030777	0.034103	0.018143	-0.680298	1246400.000000
2021-06-16	-0.015906	0.031619	0.032121	0.011531	-6.025513	1524200.000000
2021-06-15	0.001773	0.031307	0.036728	0.028821	0.670563	943900.000000
2021-06-14	0.003585	0.028661	0.033571	0.024070	1.350891	868400.000000
2021-06-11	0.000000	0.031766	0.032748	0.022186	0.000000	751000.000000
2021-06-10	0.002379	0.035178	0.036774	0.027064	0.894135	913700.000000
2021-06-09	-0.004453	0.030913	0.030913	0.019922	-1.681335	1046100.000000
2021-06-08	-0.007612	0.028953	0.031976	0.017284	-2.896149	1065000.000000
2021-06-07	-0.006572	0.031407	0.033183	0.017230	-2.517151	1087900.000000
2021-06-04	0.017426	0.030680	0.050656	0.029644	6.560089	1836100.000000
2021-06-03	0.005869	0.025399	0.035499	0.023636	2.196381	1649700.000000
2021-06-02	0.008300	0.029196	0.038598	0.025478	3.080811	1007600.000000
2021-06-01	-0.000733	0.034418	0.034957	0.026072	-0.272095	962200.000000
2021-05-28	-0.006731	0.028712	0.032189	0.020209	-2.517151	935500.000000
2021-05-27	0.008487	0.044724	0.046207	0.036310	3.147034	3979300.000000
2021-05-26	-0.004458	0.035154	0.036496	0.026133	-1.660400	999500.000000
2021-05-25	-0.004797	0.036413	0.040688	0.029146	-1.795502	978500.000000
2021-05-24	0.001265	0.042005	0.042674	0.032535	0.473022	931400.000000
2021-05-21	-0.002833	0.038520	0.046229	0.028543	-1.061920	892500.000000
2021-05-20	0.007211	0.039264	0.046653	0.037330	2.683624	1094700.000000
2021-05-19	-0.004338	0.029967	0.031920	0.020202	-1.621704	995000.000000
2021-05-18	-0.009971	0.036303	0.043984	0.025205	-3.764862	1171800.000000
2021-05-17	0.000870	0.032857	0.039219	0.030445	0.328217	979100.000000
2021-05-14	0.007762	0.042317	0.047473	0.038096	2.905670	799800.000000
2021-05-13	0.018785	0.039063	0.062469	0.036804	6.902222	1105800.000000
2021-05-12	-0.018565	0.036306	0.042664	0.015552	-6.950470	1633700.000000
2021-05-11	-0.013532	0.030346	0.032059	0.012902	-5.135620	1353200.000000
2021-05-10	0.007173	0.038613	0.053554	0.038427	2.702972	1578600.000000
2021-05-07	0.007745	0.034996	0.049973	0.032028	2.895996	1203700.000000
2021-05-06	0.002511	0.040249	0.043761	0.034914	0.936401	1079500.000000
2021-05-05	-0.002865	0.032858	0.035906	0.020480	-1.071564	1079300.000000
2021-05-04	0.005632	0.041121	0.048918	0.033835	2.094788	1509600.000000
2021-05-03	0.012482	0.033755	0.051775	0.031823	4.585419	1347400.000000
2021-04-30	0.000552	0.031847	0.040399	0.028416	0.202667	1103700.000000
2021-04-29	0.019869	0.041628	0.061016	0.041183	7.153168	1385600.000000
2021-04-28	-0.000750	0.036572	0.037738	0.029605	-0.270294	1110400.000000
2021-04-27	0.003334	0.034569	0.042199	0.030782	1.197021	1564900.000000
2021-04-26	-0.014074	0.027641	0.030469	0.017867	-5.125977	1518100.000000
2021-04-23	-0.007367	0.031818	0.031818	0.017455	-2.702911	1298000.000000
2021-04-22	-0.018464	0.034648	0.034648	0.012258	-6.902161	1670500.000000
2021-04-21	-0.000232	0.036414	0.045427	0.029541	-0.086853	1358500.000000
2021-04-20	-0.011232	0.026042	0.035297	0.017104	-4.247528	1370100.000000
2021-04-19	-0.000204	0.036408	0.037439	0.022184	-0.077209	1317600.000000
2021-04-16	0.003021	0.041713	0.045744	0.033705	1.139099	1499500.000000
2021-04-15	0.005043	0.035906	0.044781	0.033320	1.891998	1289400.000000
2021-04-14	0.004030	0.036682	0.046958	0.035611	1.506012	1078800.000000
2021-04-13	-0.001908	0.032460	0.036841	0.026531	-0.714355	1124300.000000
2021-04-12	0.004194	0.038320	0.042557	0.030702	1.563843	1067400.000000
2021-04-09	0.000544	0.038214	0.047284	0.029572	0.202698	1400900.000000
2021-04-08	0.015334	0.034298	0.055605	0.030783	5.627930	1863400.000000
2021-04-07	0.003219	0.035277	0.039815	0.027979	1.177704	976900.000000
2021-04-06	0.000581	0.029779	0.039598	0.029259	0.212372	1035700.000000
2021-04-05	0.020834	0.038809	0.062095	0.038809	7.462067	1489300.000000
2021-04-01	0.004114	0.034476	0.045690	0.032654	1.467346	1261600.000000
2021-03-31	-0.002807	0.036493	0.041693	0.027071	-1.003998	1375500.000000
2021-03-30	-0.006036	0.037184	0.039629	0.024290	-2.171997	1518600.000000
2021-03-29	0.022155	0.036729	0.062974	0.036729	7.799927	2245500.000000
2021-03-26	0.009662	0.039032	0.047463	0.031690	3.369049	2010500.000000
2021-03-25	0.014321	0.031979	0.052399	0.030379	4.923218	1598100.000000
2021-03-24	0.007098	0.039948	0.062476	0.039948	2.423035	1592300.000000
2021-03-23	-0.011324	0.034313	0.040511	0.021453	-3.909668	1474600.000000
2021-03-22	0.007294	0.026949	0.045533	0.026949	2.500244	2190900.000000
2021-03-19	-0.009430	0.038738	0.038738	0.011774	-3.262878	5739100.000000
2021-03-18	0.021167	0.044316	0.059456	0.040392	7.172546	2272200.000000
2021-03-17	0.011206	0.037995	0.061033	0.035906	3.755127	2083000.000000
2021-03-16	0.002078	0.036205	0.043651	0.023615	0.695038	1687700.000000
2021-03-15	0.018284	0.048664	0.055546	0.043244	6.004364	2055800.000000
2021-03-12	0.001354	0.035631	0.047859	0.032521	0.444122	2151900.000000
2021-03-11	-0.003257	0.036392	0.044385	0.028672	-1.071564	1673500.000000
2021-03-10	0.009896	0.041768	0.053370	0.030350	3.224213	1760100.000000
2021-03-09	-0.011568	0.035784	0.040153	0.023224	-3.813049	1448800.000000
2021-03-08	0.002996	0.045247	0.053037	0.029850	0.984650	1599100.000000
2021-03-05	0.006445	0.036579	0.044848	0.026351	2.104431	1451300.000000
2021-03-04	-0.007803	0.034599	0.046359	0.015364	-2.567780	2196700.000000
2021-03-03	0.006852	0.039026	0.059586	0.035906	2.239563	4052300.000000
2021-03-02	0.015354	0.035284	0.056222	0.033421	4.942566	2076300.000000
2021-03-01	0.009750	0.047668	0.059337	0.043967	3.108368	1654500.000000
2021-02-26	-0.026070	0.032576	0.034898	0.008136	-8.533600	2024000.000000
2021-02-25	-0.013967	0.041650	0.051590	0.026197	-4.636658	1568000.000000
2021-02-24	0.000866	0.047014	0.056119	0.038964	0.287323	2068700.000000
2021-02-23	0.016918	0.058136	0.065310	0.037287	5.518066	2400000.000000
2021-02-22	0.015056	0.038807	0.069181	0.036971	4.837891	1657200.000000
2021-02-19	-0.007398	0.047401	0.047463	0.035601	-2.394958	1849200.000000
2021-02-18	0.002730	0.043477	0.051840	0.038521	0.881317	1296200.000000
2021-02-17	0.005880	0.042821	0.057059	0.036870	1.887299	2010900.000000
2021-02-16	-0.007995	0.048546	0.050865	0.031764	-2.586639	1668400.000000
2021-02-12	-0.004158	0.041571	0.048465	0.035907	-1.350769	1207300.000000
2021-02-11	-0.008913	0.039547	0.051231	0.031158	-2.921875	1181600.000000
2021-02-10	-0.000438	0.046532	0.048117	0.034122	-0.143707	1728900.000000
2021-02-09	0.013320	0.046012	0.064458	0.039925	4.311035	1677500.000000
2021-02-08	0.002373	0.049950	0.051467	0.038150	0.766357	1549900.000000
2021-02-05	-0.000564	0.051153	0.056818	0.041589	-0.182068	1454700.000000
2021-02-04	0.014561	0.048873	0.062785	0.043189	4.636749	2174100.000000
2021-02-03	-0.000932	0.040648	0.046045	0.030043	-0.296997	2683100.000000
2021-02-02	0.026757	0.054801	0.079832	0.052418	8.305786	2065400.000000
2021-02-01	0.006867	0.053774	0.056271	0.037329	2.117188	1615500.000000
2021-01-29	-0.018632	0.041207	0.047191	0.024081	-5.853302	2101100.000000
2021-01-28	-0.013774	0.042687	0.050661	0.027116	-4.387695	1837800.000000
2021-01-27	0.005504	0.048868	0.059758	0.040629	1.743591	2666300.000000
2021-01-26	-0.037321	0.030144	0.045277	0.004891	-12.281525	3542400.000000
2021-01-25	0.010680	0.042251	0.065378	0.037767	3.477539	1976600.000000
2021-01-22	0.000618	0.040990	0.050517	0.036289	0.201172	1557600.000000
2021-01-21	-0.005854	0.043849	0.049775	0.035569	-1.915955	1661800.000000
2021-01-20	0.000498	0.047028	0.050818	0.036879	0.162872	1780000.000000
2021-01-19	-0.016615	0.054279	0.054970	0.026445	-5.527618	2017200.000000
2021-01-15	-0.000489	0.042797	0.053042	0.034355	-0.162842	1853100.000000
2021-01-14	0.005644	0.051432	0.071947	0.047958	1.868073	1965600.000000
2021-01-13	0.010648	0.042505	0.060185	0.035665	3.487061	1648100.000000
2021-01-12	0.012349	0.040263	0.061438	0.037512	3.994904	3002200.000000
2021-01-11	0.004701	0.040432	0.052855	0.035215	1.513611	3196400.000000
2021-01-08	-0.018829	0.041807	0.046652	0.020872	-6.179077	3226300.000000
2021-01-07	-0.015746	0.032841	0.043309	0.023783	-5.249817	2048900.000000
2021-01-06	-0.002179	0.026520	0.053216	0.025862	-0.728119	1897500.000000
2021-01-05	0.012042	0.043849	0.063687	0.039790	3.975708	1479100.000000
2021-01-04	-0.029128	0.043849	0.043849	0.002945	-9.905670	1887200.000000
2020-12-31	0.002315	0.042846	0.049360	0.038160	0.785553	1318500.000000
2020-12-30	0.000735	0.041194	0.051842	0.041194	0.249084	840800.000000
2020-12-29	-0.000791	0.049213	0.053191	0.036834	-0.268219	1055900.000000
2020-12-28	0.006279	0.047229	0.061198	0.043077	2.117126	1023400.000000
2020-12-24	0.001052	0.047500	0.051152	0.040286	0.354492	508800.000000
2020-12-23	0.010577	0.049939	0.065090	0.048289	3.525421	1307500.000000
2020-12-22	-0.004093	0.043849	0.047643	0.037992	-1.369934	1820800.000000
2020-12-21	-0.018762	0.035434	0.037721	0.016201	-6.399353	2128700.000000
2020-12-18	0.009728	0.042191	0.056253	0.036181	3.285858	4342000.000000
2020-12-17	-0.005556	0.047852	0.052945	0.035929	-1.887268	1658100.000000
2020-12-16	-0.008390	0.042914	0.044812	0.032405	-2.873932	1986200.000000
2020-12-15	-0.000252	0.046971	0.050357	0.037399	-0.086212	1521000.000000
2020-12-14	-0.011197	0.049014	0.055132	0.031526	-3.879913	1370500.000000
2020-12-11	0.017783	0.041381	0.066553	0.040324	6.054535	1409800.000000
2020-12-10	-0.016494	0.038562	0.052139	0.026083	-5.709656	1378700.000000
2020-12-09	0.005902	0.045650	0.053612	0.037223	2.030975	1522200.000000
2020-12-08	-0.008008	0.040534	0.046846	0.034365	-2.778168	1783600.000000
2020-12-07	-0.012220	0.044674	0.044674	0.026565	-4.291840	1390500.000000
2020-12-04	0.012651	0.046991	0.060284	0.044079	4.387665	1222600.000000
2020-12-03	0.001854	0.046044	0.067362	0.042693	0.641815	1758400.000000
2020-12-02	-0.009945	0.043849	0.046709	0.029606	-3.477509	2520000.000000
2020-12-01	-0.000027	0.053772	0.067557	0.043477	-0.009583	1299700.000000
2020-11-30	-0.018131	0.041181	0.045814	0.020402	-6.456879	1608400.000000
2020-11-27	-0.010573	0.052455	0.052455	0.037563	-3.805389	612300.000000
2020-11-25	-0.000370	0.047289	0.060786	0.044900	-0.133209	854800.000000
2020-11-24	0.020574	0.063706	0.072776	0.057413	7.258759	959000.000000
2020-11-23	0.007690	0.061203	0.069743	0.056405	2.692291	929200.000000
2020-11-20	-0.022419	0.049781	0.053327	0.026466	-8.029297	1117500.000000
2020-11-19	-0.002913	0.044022	0.051678	0.036143	-1.046448	1075400.000000
2020-11-18	0.004416	0.055596	0.072318	0.052100	1.579193	1066800.000000
2020-11-17	-0.003261	0.047052	0.060487	0.045909	-1.170105	1321100.000000
2020-11-16	0.005304	0.059303	0.066700	0.053783	1.893097	1306700.000000
2020-11-13	0.019707	0.058807	0.074322	0.054978	6.897247	921000.000000
2020-11-12	-0.003764	0.046083	0.054821	0.040418	-1.322388	856100.000000
2020-11-11	-0.005387	0.055651	0.056953	0.035295	-1.902649	1115200.000000
2020-11-10	0.020140	0.054182	0.078558	0.051121	6.973358	1708000.000000
2020-11-09	0.007418	0.104482	0.110069	0.058307	2.549561	1956900.000000
2020-11-06	-0.009405	0.047114	0.048354	0.031694	-3.263092	1401600.000000
2020-11-05	-0.020045	0.057900	0.063408	0.027452	-7.097015	1709300.000000
2020-11-04	0.023993	0.073217	0.103267	0.068705	8.295685	2146400.000000
2020-11-03	0.031270	0.065198	0.092250	0.062454	10.483765	1484600.000000
2020-11-02	0.006540	0.069132	0.080511	0.052921	2.178558	1707700.000000
2020-10-30	-0.006554	0.045781	0.054997	0.030898	-2.197601	1309800.000000
2020-10-29	0.004503	0.048573	0.067238	0.043450	1.503143	1548000.000000
2020-10-28	-0.031923	0.035024	0.044102	0.016404	-11.007019	1679900.000000
2020-10-27	-0.016606	0.046729	0.049524	0.029074	-5.822174	977400.000000
2020-10-26	-0.015441	0.037390	0.038625	0.017930	-5.498779	1387200.000000
2020-10-23	0.014555	0.057930	0.071747	0.051292	5.108734	1178800.000000
2020-10-22	0.004957	0.052180	0.062516	0.045452	1.731415	1255100.000000
2020-10-21	-0.013621	0.051149	0.059029	0.030788	-4.823273	1931200.000000
2020-10-20	-0.029971	0.048081	0.056847	0.018523	-10.940430	1779200.000000
2020-10-19	-0.007219	0.053162	0.059580	0.038013	-2.654236	1181000.000000
2020-10-16	0.000984	0.057601	0.061113	0.051068	0.361511	952100.000000
2020-10-15	-0.011773	0.042029	0.046172	0.030972	-4.376160	792000.000000
2020-10-14	0.004551	0.046258	0.068743	0.046258	1.683899	1090300.000000
2020-10-13	0.000077	0.043636	0.055582	0.040879	0.028473	973300.000000
2020-10-12	0.007748	0.051340	0.063624	0.043877	2.844543	807400.000000
2020-10-09	-0.006845	0.050663	0.055234	0.042223	-2.530548	675000.000000
2020-10-08	0.014754	0.053785	0.068305	0.049338	5.375122	694900.000000
2020-10-07	0.017213	0.057125	0.071756	0.057013	6.164612	826500.000000
2020-10-06	-0.019533	0.056816	0.057035	0.029412	-7.135040	954900.000000
2020-10-05	0.008881	0.058496	0.065816	0.046399	3.215546	825000.000000
2020-10-02	-0.000814	0.037654	0.058297	0.032908	-0.294952	1217200.000000
2020-10-01	-0.006236	0.053124	0.069579	0.039411	-2.273682	1103900.000000
2020-09-30	-0.014045	0.053123	0.053908	0.028896	-5.194305	1410300.000000
2020-09-29	-0.004533	0.048727	0.058256	0.043074	-1.683899	1113100.000000
2020-09-28	0.009853	0.060120	0.078087	0.059168	3.624603	980000.000000
2020-09-25	0.020963	0.047514	0.077902	0.044738	7.553589	1375400.000000
2020-09-24	-0.011690	0.051177	0.054578	0.028823	-4.261902	1295100.000000
2020-09-23	-0.013336	0.053342	0.067414	0.033748	-4.927948	1223300.000000
2020-09-22	0.023208	0.057435	0.086787	0.055940	8.381287	1286300.000000
2020-09-21	-0.039303	0.033486	0.037130	0.003505	-14.774353	1447400.000000
2020-09-18	-0.002020	0.046397	0.059273	0.046397	-0.761047	2636400.000000
2020-09-17	0.000910	0.041637	0.059041	0.035100	0.342529	959500.000000
2020-09-16	0.007719	0.047293	0.070028	0.046811	2.882538	1052200.000000
2020-09-15	-0.003048	0.056222	0.057156	0.032836	-1.141602	955700.000000
2020-09-14	0.011041	0.061730	0.070637	0.057006	4.090698	991000.000000
2020-09-11	0.027275	0.057693	0.082730	0.055697	9.836914	933800.000000
2020-09-10	-0.015912	0.053278	0.060126	0.032295	-5.831696	716000.000000
2020-09-09	0.013176	0.057950	0.076555	0.053306	4.766174	1218300.000000
2020-09-08	-0.012441	0.048337	0.051887	0.032967	-4.556885	1071600.000000
2020-09-04	-0.003288	0.057190	0.065462	0.032890	-1.208252	933600.000000
2020-09-03	-0.029593	0.054925	0.061210	0.012359	-11.206787	1500800.000000
2020-09-02	0.029110	0.046638	0.084004	0.043812	10.712128	1214500.000000
2020-09-01	-0.008840	0.044577	0.048267	0.036982	-3.282166	908400.000000
2020-08-31	-0.007452	0.048423	0.055988	0.038531	-2.787415	1030400.000000
2020-08-28	0.001443	0.058877	0.060189	0.048757	0.538971	728300.000000
2020-08-27	-0.001062	0.061310	0.070001	0.056068	-0.397156	700300.000000
2020-08-26	0.001520	0.052637	0.065119	0.046102	0.567413	908600.000000
2020-08-25	-0.000506	0.059386	0.077216	0.050498	-0.189117	987400.000000
2020-08-24	0.014041	0.060986	0.073854	0.058461	5.172241	1006400.000000
2020-08-21	0.004357	0.057102	0.065500	0.054785	1.598022	996000.000000
2020-08-20	-0.005564	0.052766	0.055261	0.040023	-2.051941	1203700.000000
2020-08-19	-0.000538	0.057078	0.062199	0.053717	-0.198578	717400.000000
2020-08-18	0.003342	0.058137	0.065586	0.055880	1.229279	806100.000000
2020-08-17	-0.006285	0.064482	0.067751	0.047596	-2.326141	864100.000000
2020-08-14	0.005601	0.055935	0.071042	0.054251	2.061371	648600.000000
2020-08-13	-0.008154	0.051933	0.061904	0.042905	-3.025848	1053600.000000
2020-08-12	0.001225	0.063124	0.069869	0.055758	0.453918	878500.000000
2020-08-11	0.006936	0.063678	0.085359	0.063189	2.553009	1312800.000000
2020-08-10	0.009439	0.058662	0.072622	0.058498	3.441864	856000.000000
2020-08-07	0.015484	0.058317	0.076837	0.054836	5.559937	924900.000000
2020-08-06	-0.009804	0.052822	0.056711	0.042647	-3.555298	698500.000000
2020-08-05	0.014577	0.063189	0.076815	0.058349	5.210083	1018500.000000
2020-08-04	0.002360	0.063118	0.068054	0.055294	0.841522	900600.000000
2020-08-03	-0.004934	0.051621	0.056003	0.036552	-1.768188	923100.000000
2020-07-31	-0.007204	0.054324	0.056596	0.035290	-2.600311	1101800.000000
2020-07-30	-0.014407	0.045032	0.053579	0.039980	-5.276276	983300.000000
2020-07-29	0.001655	0.065497	0.067986	0.052013	0.605133	1209600.000000
2020-07-28	0.011961	0.057316	0.080040	0.057316	4.321259	1132100.000000
2020-07-27	-0.010668	0.053513	0.056963	0.040862	-3.895721	1047000.000000
2020-07-24	-0.003638	0.058602	0.073581	0.046625	-1.333252	1305700.000000
2020-07-23	-0.016393	0.056734	0.057753	0.035104	-6.108368	1442800.000000
2020-07-22	0.050544	0.062048	0.112682	0.058975	17.927948	2280700.000000
2020-07-21	0.026236	0.093586	0.096248	0.072176	9.067963	1997300.000000
2020-07-20	-0.008060	0.059000	0.059000	0.040145	-2.808319	1444500.000000
2020-07-17	0.007161	0.058780	0.066584	0.048808	2.477478	1135500.000000
2020-07-16	0.003621	0.051009	0.061569	0.041494	1.248108	955400.000000
2020-07-15	0.025024	0.075347	0.087063	0.072136	8.415527	1617300.000000
2020-07-14	0.007364	0.045794	0.066133	0.045404	2.458496	1651900.000000
2020-07-13	0.010909	0.070738	0.081094	0.055597	3.602570	2031300.000000
2020-07-10	0.027327	0.064938	0.086714	0.062854	8.784332	1514200.000000
2020-07-09	-0.029324	0.050832	0.055331	0.024199	-9.710968	1823800.000000
2020-07-08	-0.008605	0.058254	0.069630	0.043675	-2.874512	1965100.000000
2020-07-07	-0.025704	0.057565	0.058528	0.028953	-8.812714	1395900.000000
2020-07-06	0.001630	0.070654	0.072523	0.054176	0.557861	1202300.000000
2020-07-02	0.004384	0.066691	0.074144	0.058358	1.494019	1396000.000000
2020-07-01	-0.012331	0.061681	0.067332	0.044205	-4.255066	1430100.000000
2020-06-30	-0.007020	0.051378	0.056846	0.042918	-2.439545	1482100.000000
2020-06-29	0.030104	0.068326	0.089403	0.065658	10.155334	1073000.000000
2020-06-26	-0.016702	0.048063	0.070974	0.034801	-5.730072	2008600.000000
2020-06-25	0.008338	0.051805	0.067823	0.038490	2.836731	1391600.000000
2020-06-24	-0.031961	0.055289	0.056228	0.019497	-11.233368	2302800.000000
2020-06-23	-0.011331	0.064007	0.065498	0.043726	-4.028137	1469300.000000
2020-06-22	0.010102	0.057736	0.070750	0.052565	3.555359	1370600.000000
2020-06-19	-0.016359	0.071400	0.072099	0.039706	-5.853088	4322200.000000
2020-06-18	-0.009735	0.050840	0.055379	0.040849	-3.517456	1562000.000000
2020-06-17	-0.001724	0.056820	0.067153	0.041403	-0.624054	1519000.000000
2020-06-16	0.025423	0.095190	0.110008	0.075415	8.973419	2038600.000000
2020-06-15	-0.022495	0.033776	0.044494	0.017907	-8.122467	2271300.000000
2020-06-12	-0.005236	0.083600	0.086630	0.037151	-1.900604	1788100.000000
2020-06-11	-0.049261	0.028544	0.040645	0.004657	-18.807343	1698800.000000
2020-06-10	-0.011724	0.052233	0.058963	0.044338	-4.529266	1188200.000000
2020-06-09	-0.013855	0.047942	0.051541	0.038931	-5.427521	1188400.000000
2020-06-08	0.008643	0.068508	0.075254	0.060140	3.356750	1294600.000000
2020-06-05	0.017539	0.074149	0.089869	0.064849	6.694580	1702500.000000
2020-06-04	0.002583	0.055333	0.063449	0.048031	0.983398	1261700.000000
2020-06-03	0.032994	0.068093	0.095090	0.065217	12.159973	1382200.000000
2020-06-02	0.002083	0.056695	0.069176	0.052209	0.765961	1404700.000000
2020-06-01	0.001339	0.058927	0.072703	0.054489	0.491699	1090300.000000
2020-05-29	-0.019190	0.057565	0.058099	0.027471	-7.186371	1733800.000000
2020-05-28	0.003324	0.075602	0.083104	0.066761	1.240662	1487900.000000
2020-05-27	0.066953	0.077067	0.135211	0.076495	23.421570	1986900.000000
2020-05-26	0.008672	0.086897	0.086897	0.068501	3.007599	1596100.000000
2020-05-22	0.000488	0.066974	0.067840	0.054743	0.169189	752600.000000
2020-05-21	0.017406	0.064503	0.086046	0.064238	5.930603	1179100.000000
2020-05-20	-0.024147	0.066724	0.071192	0.037137	-8.430603	1880500.000000
2020-05-19	-0.016051	0.065468	0.077840	0.046220	-5.695648	1087100.000000
2020-05-18	0.047558	0.095888	0.123284	0.080566	16.109436	1879700.000000
2020-05-15	0.011564	0.052775	0.079593	0.052148	3.872192	1854500.000000
2020-05-14	-0.021692	0.054654	0.056261	0.029149	-7.424957	1776400.000000
2020-05-13	-0.018674	0.064462	0.067845	0.037885	-6.513275	1287400.000000
2020-05-12	-0.014473	0.068043	0.080588	0.048349	-5.122314	1447700.000000
2020-05-11	-0.004863	0.054414	0.067067	0.051996	-1.729340	1287800.000000
2020-05-08	0.004939	0.068184	0.076944	0.063155	1.748077	1130400.000000
2020-05-07	-0.005388	0.076425	0.079572	0.056723	-1.917267	1462000.000000
2020-05-06	-0.030028	0.065583	0.065583	0.031562	-11.015381	1089800.000000
2020-05-05	0.026673	0.070272	0.099295	0.067977	9.530365	1270900.000000
2020-05-04	-0.008632	0.059951	0.062587	0.038060	-3.110962	1077900.000000
2020-05-01	-0.014368	0.054622	0.059462	0.042178	-5.253937	911600.000000
2020-04-30	0.002965	0.050781	0.073657	0.043485	1.080872	1343300.000000
2020-04-29	0.008266	0.073460	0.088256	0.049511	2.988800	1500400.000000
2020-04-28	0.016272	0.073221	0.090000	0.069174	5.789612	1313900.000000
2020-04-27	-0.008382	0.069938	0.070301	0.053467	-3.007599	1457400.000000
2020-04-24	0.013378	0.069594	0.084676	0.053383	4.736938	1029200.000000
2020-04-23	-0.009648	0.070547	0.076477	0.052199	-3.449280	1164400.000000
2020-04-22	0.018637	0.092608	0.093890	0.069359	6.541473	1188400.000000
2020-04-21	-0.025495	0.063419	0.089879	0.030101	-9.182526	2042000.000000
2020-04-20	-0.045578	0.044285	0.059893	0.015480	-17.199707	1487200.000000
2020-04-17	0.062533	0.090836	0.133155	0.083543	22.209198	1768400.000000
2020-04-16	0.009349	0.061786	0.083641	0.058631	3.289551	1568400.000000
2020-04-15	-0.014867	0.054791	0.054791	0.028502	-5.310242	1251500.000000
2020-04-14	0.027275	0.087989	0.111832	0.077233	9.483276	1653400.000000
2020-04-13	-0.002857	0.063831	0.072549	0.048803	-0.996246	1237200.000000
2020-04-09	0.026535	0.088497	0.107898	0.070186	9.013336	1629400.000000
2020-04-08	0.017254	0.082212	0.115993	0.073887	5.761444	1447700.000000
2020-04-07	-0.034434	0.100264	0.104312	0.023781	-11.908173	2101500.000000
2020-04-06	0.049786	0.098610	0.123017	0.098610	16.400787	2525400.000000
2020-04-03	-0.009775	0.058083	0.069625	0.050899	-3.251953	2113200.000000
2020-04-02	0.045610	0.053697	0.112628	0.051496	14.511597	1896200.000000
2020-04-01	-0.001269	0.019651	0.070378	0.010799	-0.404144	2082300.000000
2020-03-31	-0.028379	0.051653	0.058088	0.025514	-9.304718	2169300.000000
2020-03-30	0.001349	0.073472	0.088712	0.045344	0.441711	1756300.000000
2020-03-27	-0.005566	0.032571	0.108801	0.017447	-1.832733	3562800.000000
2020-03-26	0.095911	0.085043	0.171913	0.078419	28.816498	2680900.000000
2020-03-25	0.106469	0.107099	0.214634	0.081283	28.910492	2950100.000000
2020-03-24	0.043750	0.106910	0.133894	0.077197	11.381866	3088400.000000
2020-03-23	-0.049516	0.041250	0.048776	-0.027765	-13.552979	3172100.000000
2020-03-20	-0.073138	0.063974	0.069528	-0.024036	-21.598297	3040100.000000
2020-03-19	-0.057617	0.063974	0.066176	-0.006870	-18.054932	2836700.000000
2020-03-18	0.045730	-0.009142	0.132052	-0.012079	13.703308	3589400.000000
2020-03-17	0.107279	0.082672	0.180481	0.061055	29.032654	2626200.000000
2020-03-16	-0.123710	-0.044758	0.008831	-0.077170	-38.205780	2351500.000000
2020-03-13	0.055270	0.118475	0.124728	0.035682	16.175171	3877800.000000
2020-03-12	-0.127616	-0.040149	0.011779	-0.075681	-42.811157	3892600.000000
2020-03-11	-0.027889	0.033258	0.060265	0.013611	-9.624298	1950800.000000
2020-03-10	0.043008	0.097160	0.111245	0.059652	14.229675	2505600.000000
2020-03-09	-0.079588	0.001411	0.027810	-0.022819	-28.609680	3086700.000000
2020-03-06	-0.005797	0.029098	0.064666	0.019059	-2.095978	2161000.000000
2020-03-05	-0.043106	0.042511	0.052912	0.011547	-16.287964	1967200.000000
2020-03-04	0.065262	0.086584	0.136034	0.080298	23.149048	2025800.000000
2020-03-03	-0.010358	0.073711	0.107359	0.050694	-3.712524	2531400.000000
2020-03-02	0.031038	0.068232	0.102032	0.037222	10.789795	2859900.000000
2020-02-28	-0.032261	0.029622	0.040646	0.003120	-11.588684	3363800.000000
2020-02-27	-0.040658	0.050946	0.065608	0.026403	-15.224243	1894100.000000
2020-02-26	0.001349	0.070522	0.097826	0.067928	0.504333	1678000.000000
2020-02-25	-0.045284	0.072570	0.076732	0.014946	-17.736786	1600100.000000
2020-02-24	-0.019752	0.050258	0.061646	0.046379	-7.892365	1117800.000000
2020-02-21	0.004296	0.068519	0.077567	0.062336	1.709167	1055500.000000
2020-02-20	-0.019586	0.068561	0.071912	0.045225	-7.948334	1190600.000000
2020-02-19	-0.002457	0.074220	0.077342	0.067829	-0.999390	787200.000000
2020-02-18	-0.005253	0.068577	0.073345	0.061266	-2.148285	776100.000000
2020-02-14	0.007246	0.071345	0.079941	0.069695	2.942169	948600.000000
2020-02-13	-0.004352	0.068694	0.077252	0.065015	-1.774597	800200.000000
2020-02-12	-0.007389	0.068611	0.070266	0.057876	-3.035522	1419200.000000
2020-02-11	0.000205	0.074551	0.077399	0.065080	0.084045	744600.000000
2020-02-10	0.001343	0.070241	0.076384	0.067364	0.550995	870400.000000
2020-02-07	0.000456	0.068631	0.076119	0.066558	0.186890	883800.000000
2020-02-06	0.008686	0.071566	0.082145	0.069967	3.530548	833500.000000
2020-02-05	0.010237	0.076968	0.083430	0.066281	4.118896	1251800.000000
2020-02-04	0.016326	0.074697	0.091191	0.074697	6.463348	1216300.000000
2020-02-03	-0.009950	0.074157	0.075357	0.055450	-3.978821	1795800.000000
2020-01-31	-0.017848	0.068273	0.069845	0.046585	-7.266602	1650100.000000
2020-01-30	0.004748	0.062018	0.078454	0.062018	1.924011	1210200.000000
2020-01-29	-0.007617	0.072002	0.072664	0.055594	-3.110168	1268500.000000
2020-01-28	0.011078	0.076574	0.087023	0.055526	4.473877	2063200.000000
2020-01-27	-0.000277	0.054218	0.075483	0.054218	-0.112030	1737900.000000
2020-01-24	0.008676	0.073452	0.082491	0.072928	3.474457	1086700.000000
2020-01-23	0.010273	0.069747	0.083622	0.069596	4.072266	978400.000000
2020-01-22	-0.004059	0.074047	0.076560	0.066158	-1.615784	918700.000000
2020-01-21	0.001151	0.067536	0.075988	0.063990	0.457581	1071400.000000
2020-01-17	-0.000094	0.072944	0.075283	0.067637	-0.037354	1195600.000000
2020-01-16	0.011284	0.076200	0.082838	0.069943	4.436584	1085200.000000
2020-01-15	0.011558	0.071376	0.084394	0.070655	4.492523	833000.000000
2020-01-14	-0.006873	0.067002	0.068739	0.060563	-2.689911	967200.000000
2020-01-13	0.012541	0.073527	0.089102	0.072803	4.847504	986800.000000
2020-01-10	-0.002651	0.070836	0.072384	0.064334	-1.027405	987800.000000
2020-01-09	0.009488	0.069249	0.083601	0.067973	3.642639	1064300.000000
2020-01-08	-0.008372	0.077268	0.080161	0.058309	-3.241028	1708100.000000
2020-01-07	0.003365	0.065835	0.078456	0.058163	1.298248	1059900.000000
2020-01-06	-0.001522	0.081654	0.081654	0.055000	-0.588348	2477800.000000
2020-01-03	0.035982	0.083121	0.118375	0.080387	13.421631	2990100.000000
2020-01-02	0.025656	0.080224	0.098124	0.074972	9.330750	1258400.000000
