2022-12-30	-0.001378	-0.006661	0.000731	-0.011580	-0.479218	1617600.000000
2022-12-29	0.018307	0.008741	0.024382	0.006280	6.249847	1459800.000000
2022-12-28	-0.012162	0.002751	0.011316	-0.011051	-4.203156	1854100.000000
2022-12-27	0.007451	0.003081	0.011272	-0.003595	2.555847	1637700.000000
2022-12-23	0.006090	-0.005709	0.010480	-0.009610	2.076630	1914500.000000
2022-12-22	-0.012063	-0.002723	0.001362	-0.025207	-4.163239	2276100.000000
2022-12-21	0.007989	0.003638	0.015204	-0.000071	2.735535	2087000.000000
2022-12-20	0.004952	0.001946	0.010751	-0.000256	1.687256	1895900.000000
2022-12-19	-0.013243	0.000233	0.001652	-0.016623	-4.572540	2457300.000000
2022-12-16	-0.001184	-0.002658	0.007380	-0.006679	-0.409363	5947100.000000
2022-12-15	-0.031496	-0.015439	-0.008771	-0.040262	-11.241760	2774900.000000
2022-12-14	0.001008	0.001202	0.015505	-0.007856	0.359436	2587200.000000
2022-12-13	-0.002848	0.032580	0.032636	-0.005173	-1.018372	3072200.000000
2022-12-12	0.026775	0.005873	0.029217	0.002398	9.324890	2427100.000000
2022-12-09	-0.006663	-0.006278	0.006187	-0.009244	-2.336212	2301100.000000
2022-12-08	0.010794	0.009061	0.015317	0.001046	3.743927	1998600.000000
2022-12-07	-0.000317	-0.000250	0.002545	-0.015843	-0.109833	2454300.000000
2022-12-06	-0.024039	-0.004762	-0.001443	-0.031400	-8.546112	2353300.000000
2022-12-05	-0.011026	-0.009671	-0.001604	-0.013983	-3.963562	2202500.000000
2022-12-02	-0.002051	-0.007677	0.005759	-0.011536	-0.738800	2015500.000000
2022-12-01	0.012346	0.006091	0.016181	-0.004981	4.392853	3374700.000000
2022-11-30	0.038673	0.000806	0.040359	-0.003193	13.248505	4252300.000000
2022-11-29	-0.004237	-0.001109	0.002001	-0.009539	-1.457642	1724200.000000
2022-11-28	-0.019073	-0.011521	-0.001399	-0.021358	-6.689148	2226200.000000
2022-11-25	0.007601	0.002542	0.009552	0.000014	2.645691	944400.000000
2022-11-23	0.010668	0.000665	0.018580	-0.000729	3.674072	1937300.000000
2022-11-22	0.019837	0.006302	0.022559	-0.000420	6.699127	2510700.000000
2022-11-21	-0.015828	-0.000388	0.003255	-0.016067	-5.431213	1965100.000000
2022-11-18	0.007091	0.014508	0.023225	0.001799	2.416107	2737700.000000
2022-11-17	-0.004347	-0.009365	-0.000832	-0.015209	-1.487610	2004500.000000
2022-11-16	-0.002183	0.000602	0.006347	-0.008320	-0.748779	2579600.000000
2022-11-15	0.012199	0.022932	0.036597	0.001977	4.133301	2983600.000000
2022-11-14	0.000236	-0.005905	0.017033	-0.008030	0.079865	2348900.000000
2022-11-11	0.005989	0.006761	0.017541	-0.001080	2.016754	3734700.000000
2022-11-10	0.068527	0.050936	0.070674	0.044526	21.594910	3255000.000000
2022-11-09	-0.031036	-0.009047	-0.004711	-0.030970	-10.093597	3001200.000000
2022-11-08	0.001907	0.005012	0.014777	-0.007219	0.618988	2387500.000000
2022-11-07	0.021233	0.014459	0.024998	-0.000453	6.749054	2742100.000000
2022-11-04	0.029757	0.016752	0.046849	0.014809	9.185089	3414000.000000
2022-11-03	-0.033300	-0.013097	-0.007929	-0.033516	-10.632751	2860900.000000
2022-11-02	-0.040127	-0.003698	0.001052	-0.039141	-13.348328	3074900.000000
2022-11-01	0.015266	0.013953	0.018287	-0.001704	5.001892	3660400.000000
2022-10-31	-0.003915	-0.000171	0.001532	-0.015675	-1.287933	3157900.000000
2022-10-28	0.031625	0.001435	0.040606	-0.003238	10.083649	3644400.000000
2022-10-27	-0.000438	-0.008816	0.012814	-0.015462	-0.139771	4725800.000000
2022-10-26	0.026011	0.004453	0.043565	0.004453	8.086884	5278000.000000
2022-10-25	0.019012	0.002639	0.022927	0.002475	5.800568	3012400.000000
2022-10-24	0.010682	0.008745	0.016960	-0.004571	3.224792	3184100.000000
2022-10-21	0.020555	-0.004361	0.023361	-0.007775	6.080109	3599600.000000
2022-10-20	-0.004970	0.001589	0.018341	-0.005609	-1.477600	2463800.000000
2022-10-19	-0.008722	-0.014783	-0.000845	-0.017017	-2.615753	1914300.000000
2022-10-18	0.018099	0.029223	0.031023	0.006749	5.331329	3096000.000000
2022-10-17	0.021996	0.024973	0.036457	0.010817	6.339722	3417600.000000
2022-10-14	-0.017928	0.008097	0.017501	-0.019230	-5.261444	3106300.000000
2022-10-13	0.037335	-0.019938	0.044214	-0.021387	10.562836	3322800.000000
2022-10-12	-0.009334	0.003339	0.006665	-0.008321	-2.665649	2646800.000000
2022-10-11	-0.019638	-0.005071	-0.003149	-0.023642	-5.720734	3554900.000000
2022-10-10	-0.010815	0.008652	0.009365	-0.016815	-3.184814	1783500.000000
2022-10-07	-0.014237	-0.006980	-0.005206	-0.019264	-4.253113	2210800.000000
2022-10-06	-0.014751	-0.002104	0.006042	-0.014372	-4.472748	2494400.000000
2022-10-05	0.009726	-0.007717	0.020988	-0.010148	2.920563	2845200.000000
2022-10-04	0.037145	0.022960	0.049830	0.022234	10.755127	3949200.000000
2022-10-03	0.021594	0.015623	0.032912	0.005285	6.120209	5285200.000000
2022-09-30	-0.008474	0.003554	0.017198	-0.005262	-2.422150	3804200.000000
2022-09-29	-0.011751	-0.003088	0.009773	-0.015188	-3.399017	3439700.000000
2022-09-28	0.012915	-0.001559	0.026002	-0.013535	3.688049	5611400.000000
2022-09-27	-0.012512	0.021775	0.030178	-0.015124	-3.618225	4073300.000000
2022-09-26	-0.011820	-0.008824	0.009253	-0.012002	-3.458832	3635600.000000
2022-09-23	-0.016021	-0.014347	-0.009505	-0.024065	-4.764557	3245900.000000
2022-09-22	-0.020164	-0.001868	-0.001440	-0.022822	-6.120178	3176500.000000
2022-09-21	-0.027995	0.007114	0.008715	-0.025743	-8.741699	2366300.000000
2022-09-20	-0.002420	-0.005930	0.004325	-0.011425	-0.757538	2769600.000000
2022-09-19	-0.003491	-0.006885	0.004258	-0.012297	-1.096466	2369700.000000
2022-09-16	-0.005774	-0.009770	-0.000971	-0.021608	-1.824097	3650900.000000
2022-09-15	-0.027282	-0.003719	0.003516	-0.029643	-8.861298	2486800.000000
2022-09-14	0.001260	0.008171	0.012610	-0.003204	0.408661	2657900.000000
2022-09-13	-0.038355	-0.021722	-0.013421	-0.037790	-12.938080	2316900.000000
2022-09-12	0.007652	0.009930	0.014082	0.003508	2.561707	2097800.000000
2022-09-09	0.017511	0.004667	0.024363	0.003482	5.761322	1815700.000000
2022-09-08	0.004412	-0.009247	0.008337	-0.012453	1.445343	2114000.000000
2022-09-07	0.014009	0.003239	0.019089	-0.003045	4.525360	1998300.000000
2022-09-06	0.004712	0.003052	0.017017	-0.002981	1.515106	2043400.000000
2022-09-02	-0.008271	0.016070	0.016872	-0.011320	-2.681366	1936800.000000
2022-09-01	0.002713	0.001507	0.007074	-0.012720	0.877197	2493200.000000
2022-08-31	-0.010494	0.004708	0.013553	-0.007564	-3.428925	3129000.000000
2022-08-30	-0.004676	0.008265	0.014266	-0.008275	-1.535034	2618900.000000
2022-08-29	-0.007862	-0.002715	0.005808	-0.009424	-2.601532	2308200.000000
2022-08-26	-0.036876	0.004345	0.006062	-0.034513	-12.669006	1925000.000000
2022-08-25	0.014601	0.004095	0.019245	-0.003819	4.944000	2228500.000000
2022-08-24	-0.003462	0.001149	0.007359	-0.004236	-1.176208	2218400.000000
2022-08-23	-0.013372	-0.004949	0.002368	-0.014589	-4.605072	2240700.000000
2022-08-22	-0.024754	-0.008881	-0.006049	-0.025079	-8.741669	2312400.000000
2022-08-19	-0.008619	0.001190	0.001583	-0.007429	-3.070068	1740700.000000
2022-08-18	0.005713	0.000387	0.015069	-0.001730	2.023438	1934900.000000
2022-08-17	-0.010912	-0.012818	-0.003156	-0.017705	-3.907318	2439900.000000
2022-08-16	-0.001945	-0.012592	0.003378	-0.015853	-0.697754	2448700.000000
2022-08-15	0.016033	-0.002255	0.024988	-0.006531	5.661682	2526300.000000
2022-08-12	0.010525	0.015143	0.017175	0.002323	3.678070	2514200.000000
2022-08-11	-0.007923	0.010251	0.010251	-0.005363	-2.790955	2609400.000000
2022-08-10	0.019738	0.025820	0.026428	0.016295	6.817902	2443700.000000
2022-08-09	-0.015959	-0.001775	0.000276	-0.016162	-5.601868	2467400.000000
2022-08-08	-0.014965	0.007420	0.007420	-0.018144	-5.332733	2477600.000000
2022-08-05	0.004044	-0.012737	0.008198	-0.012737	1.435364	1848700.000000
2022-08-04	0.005478	0.004769	0.015931	-0.009453	1.933746	2339500.000000
2022-08-03	0.014670	0.006085	0.024712	0.001888	5.103455	2921200.000000
2022-08-02	-0.004365	-0.006664	0.004985	-0.015536	-1.525055	2878800.000000
2022-08-01	-0.009186	-0.013719	0.006216	-0.019815	-3.239502	2289400.000000
2022-07-29	0.003802	0.008021	0.015621	-0.003849	1.335693	3176800.000000
2022-07-28	0.026743	0.017063	0.032436	-0.004506	9.150360	3635500.000000
2022-07-27	0.005831	0.008325	0.025698	-0.026275	1.983582	4580300.000000
2022-07-26	-0.008512	-0.001308	0.004463	-0.011072	-2.920563	2254200.000000
2022-07-25	0.000960	0.004902	0.008082	-0.007760	0.328949	2180100.000000
2022-07-22	-0.008763	0.008907	0.015298	-0.015616	-3.030212	2253000.000000
2022-07-21	0.016556	0.005003	0.020760	-0.000318	5.631775	2230800.000000
2022-07-20	0.002615	0.003239	0.011875	-0.008816	0.887146	2563600.000000
2022-07-19	0.028307	0.005573	0.036578	0.005573	9.339722	2689800.000000
2022-07-18	-0.004691	0.012078	0.018141	-0.005147	-1.554962	2468500.000000
2022-07-15	0.023198	0.029784	0.035772	0.017839	7.515686	3387400.000000
2022-07-14	0.005133	-0.019130	0.016300	-0.021519	1.654633	2743900.000000
2022-07-13	0.001580	-0.018233	0.009671	-0.024883	0.508331	2442600.000000
2022-07-12	-0.004103	-0.009078	0.013049	-0.009078	-1.325714	2761500.000000
2022-07-11	0.003498	-0.008189	0.013052	-0.008903	1.126373	2073800.000000
2022-07-08	-0.003117	-0.000755	0.006056	-0.011373	-1.006744	1662100.000000
2022-07-07	0.013732	0.011618	0.019495	0.002737	4.375824	2202100.000000
2022-07-06	0.002850	0.003958	0.014533	-0.006364	0.905670	2219200.000000
2022-07-05	0.003205	-0.011515	0.011312	-0.022944	1.015167	2112100.000000
2022-07-01	0.008749	0.000381	0.015796	-0.008504	2.746857	2287700.000000
2022-06-30	-0.022040	-0.021100	-0.011817	-0.038517	-7.099121	3411500.000000
2022-06-29	0.013510	0.004113	0.026139	0.001910	4.293427	3779500.000000
2022-06-28	-0.032053	0.013320	0.026873	-0.031087	-10.523865	3394200.000000
2022-06-27	-0.005053	0.005987	0.005987	-0.008710	-1.667450	2810800.000000
2022-06-24	0.043377	0.009311	0.045956	0.009311	13.718964	4318100.000000
2022-06-23	0.001929	0.010244	0.013666	-0.006735	0.609070	2387600.000000
2022-06-22	-0.003938	-0.010868	0.006708	-0.017526	-1.248077	2671500.000000
2022-06-21	0.021597	0.018811	0.032286	0.015040	6.699738	3193700.000000
2022-06-17	0.006186	-0.004241	0.018918	-0.015106	1.907074	6235300.000000
2022-06-16	-0.051046	-0.027092	-0.025984	-0.060980	-16.584595	4528500.000000
2022-06-15	0.010089	0.017917	0.027928	-0.006893	3.245026	2357800.000000
2022-06-14	0.007506	0.002660	0.014876	0.001282	2.396332	2788400.000000
2022-06-13	-0.044839	-0.036614	-0.009986	-0.048821	-14.987030	4825100.000000
2022-06-10	-0.040831	-0.020478	-0.011926	-0.039791	-14.228180	3300500.000000
2022-06-09	-0.036790	-0.005571	0.001201	-0.035479	-13.309601	2250600.000000
2022-06-08	-0.004643	0.004229	0.010062	-0.006831	-1.687408	1709600.000000
2022-06-07	0.010773	-0.007394	0.013602	-0.009063	3.874023	2158800.000000
2022-06-06	0.006484	0.013232	0.030894	0.003520	2.316467	2196100.000000
2022-06-03	-0.014487	-0.008398	-0.004343	-0.018631	-5.251923	2076100.000000
2022-06-02	0.016860	0.011154	0.023944	0.003496	6.010773	2484200.000000
2022-06-01	-0.002263	0.002456	0.019920	-0.006919	-0.808746	2190000.000000
2022-05-31	0.000251	-0.011596	0.010463	-0.017055	0.089844	3873800.000000
2022-05-27	0.022550	0.011551	0.024146	0.007887	7.877899	2658700.000000
2022-05-26	0.014880	0.010945	0.026196	0.005164	5.122162	2817400.000000
2022-05-25	0.011946	0.001209	0.022258	-0.002818	4.063782	3033400.000000
2022-05-24	-0.022214	-0.011517	-0.011201	-0.034254	-7.728149	2561500.000000
2022-05-23	0.036439	0.010023	0.046578	0.009815	12.231262	3420800.000000
2022-05-20	0.011920	0.012024	0.023811	-0.012124	3.953918	3428700.000000
2022-05-19	-0.010956	-0.016059	0.002457	-0.032667	-3.674347	4380700.000000
2022-05-18	-0.008735	-0.013955	0.009631	-0.014132	-2.955475	4521400.000000
2022-05-17	0.027689	0.033061	0.036311	0.010037	9.115997	2802300.000000
2022-05-16	-0.009225	-0.011287	0.003790	-0.021850	-3.065277	2062300.000000
2022-05-13	0.035986	0.021580	0.045150	0.016654	11.542328	3536000.000000
2022-05-12	-0.014208	-0.011068	0.000641	-0.038729	-4.622925	3891500.000000
2022-05-11	0.001660	0.001995	0.018988	-0.019340	0.539185	4263900.000000
2022-05-10	-0.008110	0.014724	0.018907	-0.013552	-2.655945	5003500.000000
2022-05-09	-0.055111	-0.016125	-0.012114	-0.062607	-19.100708	5777400.000000
2022-05-06	-0.017687	-0.018647	-0.004447	-0.034150	-6.240448	3635200.000000
2022-05-05	-0.041110	-0.015915	-0.000506	-0.051435	-15.126801	3424800.000000
2022-05-04	0.029990	0.005956	0.033584	-0.010028	10.713562	3346600.000000
2022-05-03	-0.003482	0.008646	0.013806	-0.014088	-1.248108	2686900.000000
2022-05-02	-0.011943	0.000485	0.005805	-0.033719	-4.333344	3903800.000000
2022-04-29	-0.040783	-0.016392	-0.002988	-0.043622	-15.426331	4741800.000000
2022-04-28	0.047736	0.022474	0.058040	0.021532	17.233551	6843300.000000
2022-04-27	0.050740	0.039049	0.087771	0.036139	17.433319	5702300.000000
2022-04-26	-0.029583	-0.017278	-0.011290	-0.029592	-10.473969	3116400.000000
2022-04-25	0.009739	-0.003886	0.012598	-0.009960	3.414764	3380400.000000
2022-04-22	-0.036385	-0.009295	-0.004898	-0.036474	-13.239716	2968800.000000
2022-04-21	-0.002327	0.013021	0.028758	-0.003485	-0.848694	3605300.000000
2022-04-20	0.003903	0.009212	0.023607	0.001533	1.417847	3377300.000000
2022-04-19	0.019815	0.001561	0.023624	-0.000516	7.059174	2999300.000000
2022-04-18	-0.002851	-0.009187	0.009762	-0.011343	-1.018463	1871400.000000
2022-04-14	0.007546	0.007286	0.023558	0.006412	2.675903	3358900.000000
2022-04-13	0.027010	-0.002493	0.033971	-0.006953	9.325714	3048500.000000
2022-04-12	-0.004520	0.009116	0.022032	-0.006800	-1.567596	4038500.000000
2022-04-11	-0.013910	-0.003101	-0.000656	-0.016805	-4.892487	1809200.000000
2022-04-08	0.007781	-0.004914	0.019698	-0.009642	2.715820	2235100.000000
2022-04-07	-0.009942	-0.003800	0.001079	-0.019034	-3.504639	2848500.000000
2022-04-06	-0.026891	-0.015986	-0.014275	-0.035006	-9.741516	3864500.000000
2022-04-05	-0.009784	-0.006918	0.004891	-0.010690	-3.579559	2215900.000000
2022-04-04	0.008078	0.003694	0.018877	0.000663	2.931427	3027200.000000
2022-04-01	0.018440	0.008086	0.032417	0.005140	6.570801	3806800.000000
2022-03-31	-0.013416	-0.004442	0.008128	-0.010588	-4.845795	4095700.000000
2022-03-30	-0.014447	-0.006737	0.004915	-0.018716	-5.294525	2614200.000000
2022-03-29	0.048675	0.026473	0.060925	0.021837	17.010254	5512400.000000
2022-03-28	0.004212	0.001457	0.007348	-0.012853	1.465729	3134600.000000
2022-03-25	-0.000945	0.005966	0.009210	-0.007699	-0.329071	2173800.000000
2022-03-24	0.020954	0.003128	0.024231	-0.001415	7.149139	2482700.000000
2022-03-23	-0.021028	-0.014666	-0.005111	-0.019401	-7.328583	2527800.000000
2022-03-22	0.011430	0.006405	0.027156	0.002720	3.938477	4669900.000000
2022-03-21	-0.012882	-0.008737	0.002665	-0.018849	-4.496857	6053800.000000
2022-03-18	0.010536	0.003675	0.021161	-0.008512	3.639343	6790800.000000
2022-03-17	0.005106	-0.006039	0.009324	-0.011422	1.754883	3244200.000000
2022-03-16	0.028896	0.023849	0.050644	0.007952	9.651794	4340800.000000
2022-03-15	0.019508	0.014613	0.032804	0.010919	6.391327	3738900.000000
2022-03-14	0.011700	0.016232	0.040256	0.010550	3.788910	4122700.000000
2022-03-11	0.000616	0.019731	0.022636	0.001192	0.199432	2987700.000000
2022-03-10	-0.010788	-0.015997	-0.003221	-0.022691	-3.529694	3771300.000000
2022-03-09	0.043903	0.031064	0.051166	0.024555	13.759796	4015900.000000
2022-03-08	0.004506	-0.001981	0.040774	-0.020506	1.405884	5048200.000000
2022-03-07	-0.053936	-0.000655	0.000012	-0.053627	-17.788025	6874300.000000
2022-03-04	-0.030001	-0.009107	-0.003430	-0.047048	-10.200165	4670900.000000
2022-03-03	-0.009009	0.013241	0.018691	-0.006958	-3.090942	3975900.000000
2022-03-02	-0.001132	-0.001503	0.014102	-0.013934	-0.388916	4997900.000000
2022-03-01	-0.045286	-0.005333	0.005035	-0.051557	-16.292389	5894200.000000
2022-02-28	-0.022406	-0.015826	-0.007213	-0.033570	-8.245850	4952400.000000
2022-02-25	-0.000785	-0.002942	0.011638	-0.017930	-0.289185	3817900.000000
2022-02-24	0.022562	-0.039529	0.028771	-0.052383	8.126251	7425000.000000
2022-02-23	-0.019170	0.012944	0.017274	-0.019298	-7.039398	3802500.000000
2022-02-22	-0.004487	-0.010497	0.014770	-0.013750	-1.655182	3897900.000000
2022-02-18	-0.010035	0.005097	0.005902	-0.009691	-3.739105	4083800.000000
2022-02-17	-0.024104	-0.008418	-0.001373	-0.025258	-9.203064	3972500.000000
2022-02-16	0.003643	-0.001231	0.012018	-0.009590	1.385925	3424800.000000
2022-02-15	0.019724	0.004049	0.026806	0.000886	7.358521	5800400.000000
2022-02-14	0.011872	0.000346	0.023319	-0.005241	4.377228	3678400.000000
2022-02-11	-0.012340	0.012218	0.020362	-0.015159	-4.606567	4345600.000000
2022-02-10	-0.018302	-0.022455	-0.000680	-0.025505	-6.959625	3995000.000000
2022-02-09	0.018698	0.033008	0.040643	0.019613	6.979584	5492800.000000
2022-02-08	-0.004679	0.006682	0.012628	-0.011983	-1.754883	5825300.000000
2022-02-07	-0.015882	0.002923	0.003447	-0.020405	-6.052338	4767500.000000
2022-02-04	-0.020176	-0.003505	-0.002014	-0.032199	-7.847046	6045400.000000
2022-02-03	-0.016837	-0.017831	-0.006708	-0.023013	-6.660522	4209200.000000
2022-02-02	0.011962	-0.004163	0.023029	-0.020893	4.676331	6115000.000000
2022-02-01	0.014700	0.001313	0.026595	-0.007356	5.663422	5841100.000000
2022-01-31	0.010117	-0.007119	0.013515	-0.013386	3.858734	6345200.000000
2022-01-28	0.091233	0.027300	0.095167	0.016799	31.886810	8813400.000000
2022-01-27	0.017031	0.015784	0.046484	-0.027137	5.852875	8416100.000000
2022-01-26	0.017416	0.016541	0.050321	0.010295	5.882812	7438600.000000
2022-01-25	-0.030508	-0.014586	-0.003908	-0.043087	-10.628906	6994400.000000
2022-01-24	-0.015940	-0.032412	-0.011143	-0.066249	-5.643494	7472800.000000
2022-01-21	-0.024506	-0.001210	0.014302	-0.024327	-8.894012	4867100.000000
2022-01-20	0.009065	0.005981	0.037231	0.005536	3.260437	5043200.000000
2022-01-19	-0.015206	-0.007728	0.011137	-0.015121	-5.553741	4464800.000000
2022-01-18	-0.015693	-0.000716	0.002923	-0.015781	-5.823029	4933900.000000
2022-01-14	0.007090	-0.011191	0.017199	-0.011652	2.612396	4029900.000000
2022-01-13	0.006017	0.006472	0.031237	0.004479	2.203552	3892900.000000
2022-01-12	0.002785	0.010179	0.018886	0.005058	1.017029	5783100.000000
2022-01-11	0.006540	0.001875	0.014360	-0.018629	2.373077	4131200.000000
2022-01-10	-0.015528	0.006341	0.006341	-0.053728	-5.723267	6009300.000000
2022-01-07	-0.000946	-0.006863	0.007775	-0.013043	-0.348999	4551200.000000
2022-01-06	-0.009132	-0.009754	0.005098	-0.015636	-3.400024	4781100.000000
2022-01-05	-0.003969	0.000520	0.023259	-0.003466	-1.483734	5976600.000000
2022-01-04	0.011969	0.007054	0.035236	0.006134	4.421234	6854500.000000
2022-01-03	0.032367	0.005552	0.040572	0.004043	11.580902	4708200.000000
2021-12-31	-0.004626	-0.004218	0.010888	-0.007473	-1.662903	1984000.000000
2021-12-30	-0.000830	0.006212	0.013578	-0.001821	-0.298737	1558000.000000
2021-12-29	0.001414	0.007022	0.010836	0.002596	0.507812	1535200.000000
2021-12-28	0.001305	0.000002	0.014914	-0.001057	0.468048	1920100.000000
2021-12-27	-0.000749	0.002623	0.005631	-0.009631	-0.268890	2677100.000000
2021-12-23	0.008672	0.004407	0.018257	-0.002728	3.086945	2627000.000000
2021-12-22	0.019217	-0.007672	0.026801	-0.007672	6.711578	3456400.000000
2021-12-21	0.040710	0.014102	0.048876	0.011241	13.662079	3105100.000000
2021-12-20	-0.035184	-0.018962	-0.012378	-0.033365	-12.238129	5013900.000000
2021-12-17	-0.010229	-0.006375	0.003869	-0.020802	-3.594788	5898200.000000
2021-12-16	0.018969	0.019751	0.025753	0.000672	6.542267	5369900.000000
2021-12-15	0.017031	0.002617	0.022050	-0.010564	5.775543	4918700.000000
2021-12-14	-0.013785	0.004268	0.012673	-0.017427	-4.739899	4518500.000000
2021-12-13	-0.013175	0.002144	0.003120	-0.023284	-4.590576	4358300.000000
2021-12-10	0.015674	0.011468	0.020941	0.005142	5.377228	3405900.000000
2021-12-09	0.006368	-0.002479	0.016530	-0.005530	2.170776	3389600.000000
2021-12-08	0.008336	0.003411	0.017609	-0.011763	2.818054	4226900.000000
2021-12-07	0.018540	0.016199	0.031625	0.016199	6.153961	4939500.000000
2021-12-06	0.034833	0.012470	0.049913	0.003896	11.172607	6055000.000000
2021-12-03	0.005965	0.004364	0.012048	-0.015206	1.901917	4732900.000000
2021-12-02	0.045449	0.015092	0.056438	0.013124	13.861237	6717600.000000
2021-12-01	-0.027435	0.022926	0.026880	-0.024206	-8.603516	8008800.000000
2021-11-30	-0.025046	-0.011337	-0.002756	-0.035867	-8.055847	10237600.000000
2021-11-29	-0.003578	0.022330	0.027938	-0.014101	-1.155121	6362200.000000
2021-11-26	-0.046559	-0.050167	-0.034543	-0.057788	-15.763153	6613900.000000
2021-11-24	0.033435	-0.002019	0.038914	-0.007910	10.953552	6414400.000000
2021-11-23	0.023965	0.015678	0.030462	0.005458	7.667511	7116200.000000
2021-11-22	-0.054221	0.004475	0.009442	-0.054764	-18.342255	11378200.000000
2021-11-19	-0.024410	-0.002164	-0.000289	-0.021976	-8.464142	6954800.000000
2021-11-18	-0.030487	0.008601	0.013494	-0.036555	-10.903778	6533700.000000
2021-11-17	-0.028114	-0.022881	-0.000000	-0.045598	-10.346130	11727300.000000
2021-11-16	0.022692	0.013715	0.031224	0.006018	8.165436	4969000.000000
2021-11-15	-0.005887	0.008770	0.025318	-0.003607	-2.131012	4693200.000000
2021-11-12	0.025851	0.009113	0.031163	0.008745	9.121338	4724200.000000
2021-11-11	-0.010058	0.005473	0.009008	-0.010827	-3.584808	4472200.000000
2021-11-10	0.038561	0.020119	0.047858	0.018371	13.233917	6337100.000000
2021-11-09	-0.014356	0.005186	0.005761	-0.024538	-4.998840	4247800.000000
2021-11-08	0.002523	0.001993	0.016792	0.000985	0.876312	3862200.000000
2021-11-05	0.039830	0.025226	0.048339	0.020915	13.303619	7201500.000000
2021-11-04	0.018213	0.009238	0.032284	0.003934	5.974701	4819500.000000
2021-11-03	0.002892	0.004300	0.007602	-0.011475	0.945953	3952500.000000
2021-11-02	-0.016674	0.007486	0.009410	-0.017857	-5.546478	5375300.000000
2021-11-01	-0.004381	0.003431	0.020342	-0.003663	-1.463837	5126200.000000
2021-10-29	0.007477	-0.001159	0.019678	-0.001551	2.479523	5843700.000000
2021-10-28	-0.008013	0.029515	0.048420	-0.016252	-2.678650	9505100.000000
2021-10-27	-0.060450	-0.021955	-0.013186	-0.061864	-21.508850	9652700.000000
2021-10-26	-0.009810	0.011252	0.022300	-0.007032	-3.525055	3320100.000000
2021-10-25	0.006106	0.014850	0.020002	0.004575	2.180786	2447900.000000
2021-10-22	0.006906	0.005564	0.019547	0.000546	2.449615	2774400.000000
2021-10-21	-0.001570	-0.001869	0.003141	-0.022502	-0.557648	2516300.000000
2021-10-20	-0.014720	0.003129	0.005320	-0.012679	-5.307526	2796200.000000
2021-10-19	0.010211	0.004127	0.015025	0.001913	3.644562	2835400.000000
2021-10-18	0.006854	-0.001516	0.015353	-0.012038	2.429688	3280900.000000
2021-10-15	0.033142	0.017120	0.039299	0.013448	11.371826	4053600.000000
2021-10-14	0.006514	0.008610	0.014388	-0.000220	2.220612	4083800.000000
2021-10-13	-0.008658	0.006885	0.016336	-0.020072	-2.977417	3755700.000000
2021-10-12	-0.005214	0.008578	0.012483	-0.003080	-1.802368	3042900.000000
2021-10-11	-0.022002	0.001381	0.004013	-0.018564	-7.777008	2769800.000000
2021-10-08	0.002967	0.010169	0.022569	0.005090	1.045532	2336700.000000
2021-10-07	0.016253	0.006401	0.032066	0.006401	5.636108	3209200.000000
2021-10-06	0.015967	-0.003867	0.022119	-0.006504	5.450043	3712000.000000
2021-10-05	-0.002876	0.015323	0.018274	0.001798	-0.984619	4724100.000000
2021-10-04	-0.044367	0.004810	0.006820	-0.052671	-15.892426	7901500.000000
2021-10-01	0.035952	0.011725	0.050334	0.004004	12.431488	5227300.000000
2021-09-30	-0.015601	0.009920	0.013508	-0.010976	-5.479797	4393300.000000
2021-09-29	0.005724	0.010175	0.022687	0.009029	1.998993	2808800.000000
2021-09-28	-0.015668	0.001928	0.003338	-0.016250	-5.559387	3266900.000000
2021-09-27	-0.003881	0.002391	0.017945	-0.002915	-1.382385	4158000.000000
2021-09-24	0.011551	0.005394	0.022149	0.001787	4.067596	3306200.000000
2021-09-23	0.031042	0.012330	0.038828	0.010749	10.601624	4783200.000000
2021-09-22	0.017873	0.011230	0.024850	0.008965	5.996948	3238800.000000
2021-09-21	-0.006800	0.012937	0.015838	-0.001626	-2.297333	2967300.000000
2021-09-20	-0.009766	-0.008327	-0.000150	-0.016242	-3.331665	3956600.000000
2021-09-17	-0.009442	-0.001199	0.004608	-0.010578	-3.252075	5527500.000000
2021-09-16	0.004525	0.007433	0.014053	0.005333	1.551453	3771100.000000
2021-09-15	-0.003036	0.008997	0.010538	-0.003332	-1.044250	3833500.000000
2021-09-14	-0.005808	0.010885	0.011463	-0.001922	-2.008972	3281900.000000
2021-09-13	0.001238	0.013062	0.018822	0.002526	0.427643	3234200.000000
2021-09-10	-0.011439	0.015580	0.015780	-0.007054	-3.997925	3437700.000000
2021-09-09	0.001054	0.004562	0.012955	0.002300	0.367950	3716200.000000
2021-09-08	0.018363	0.006354	0.026772	0.006354	6.295349	5054500.000000
2021-09-07	0.013168	0.019280	0.028471	0.013753	4.455444	4764300.000000
2021-09-03	-0.003077	0.001530	0.013934	-0.001416	-1.044250	5171000.000000
2021-09-02	-0.023715	0.008211	0.008298	-0.023947	-8.244598	7412000.000000
2021-09-01	0.009647	0.008847	0.022410	0.008615	3.321686	4499600.000000
2021-08-31	-0.019317	0.005194	0.011688	-0.018331	-6.782623	6780400.000000
2021-08-30	-0.007534	0.002879	0.012037	-0.004329	-2.665314	4032100.000000
2021-08-27	0.008134	0.004368	0.015880	0.002060	2.854340	3698300.000000
2021-08-26	-0.017377	0.002428	0.002988	-0.014933	-6.205841	3946300.000000
2021-08-25	-0.007408	0.006008	0.007231	-0.003609	-2.665375	2340400.000000
2021-08-24	0.002133	0.011134	0.019685	0.006789	0.765778	3032000.000000
2021-08-23	0.016958	0.012532	0.026043	0.010493	5.987061	3537900.000000
2021-08-20	-0.006493	0.005648	0.008350	-0.005693	-2.307312	4135900.000000
2021-08-19	-0.010084	-0.005775	0.003251	-0.011847	-3.620056	2727900.000000
2021-08-18	-0.006277	-0.000167	0.012290	-0.001801	-2.267548	2774500.000000
2021-08-17	-0.000908	0.001193	0.007997	-0.004919	-0.328156	2812800.000000
2021-08-16	0.002233	-0.000729	0.008446	-0.011484	0.805573	2937300.000000
2021-08-13	0.002127	0.006285	0.009730	0.001758	0.765778	2304600.000000
2021-08-12	-0.006205	0.000898	0.002692	-0.012132	-2.247620	3802900.000000
2021-08-11	-0.009787	0.007448	0.011303	-0.005673	-3.580292	3267700.000000
2021-08-10	-0.007662	0.009875	0.011123	-0.012314	-2.824432	3225000.000000
2021-08-09	-0.010280	0.004595	0.005427	-0.009634	-3.828949	2400800.000000
2021-08-06	0.006964	0.004102	0.015132	0.002967	2.575867	2038500.000000
2021-08-05	0.010679	0.006027	0.016300	0.002748	3.908447	2562400.000000
2021-08-04	0.001115	0.004632	0.010048	-0.005899	0.407745	3203200.000000
2021-08-03	-0.020412	0.009259	0.009286	-0.036534	-7.618011	6328500.000000
2021-08-02	-0.027673	0.014262	0.016033	-0.026121	-10.621552	3430300.000000
2021-07-30	-0.007381	0.005999	0.005999	-0.009311	-2.854248	2533300.000000
2021-07-29	0.014005	0.016154	0.035140	0.016154	5.340576	3774000.000000
2021-07-28	-0.017501	0.008986	0.009269	-0.014949	-6.792542	3372600.000000
2021-07-27	-0.006441	-0.001660	0.011856	-0.012181	-2.516174	2783800.000000
2021-07-26	-0.001170	0.001442	0.004562	-0.007251	-0.457520	2285800.000000
2021-07-23	0.029046	0.013217	0.037976	0.013217	11.039246	3720300.000000
2021-07-22	0.005525	0.006143	0.012915	-0.002456	2.088470	4180300.000000
2021-07-21	0.015145	0.009912	0.022992	0.007280	5.638916	2393100.000000
2021-07-20	0.024463	0.009772	0.036186	0.005012	8.891052	3542200.000000
2021-07-19	-0.055977	-0.018181	-0.016622	-0.056181	-21.551270	6814400.000000
2021-07-16	-0.007970	0.013032	0.013830	-0.007118	-3.092957	2706500.000000
2021-07-15	-0.001459	0.003809	0.011940	-0.003112	-0.566925	3773000.000000
2021-07-14	0.018478	0.003595	0.026262	0.003595	7.051208	4140500.000000
2021-07-13	0.021701	0.005481	0.035173	0.005481	8.105347	5161000.000000
2021-07-12	0.007025	0.011062	0.013947	0.003189	2.605621	2648300.000000
2021-07-09	0.007429	0.010017	0.014444	0.004693	2.734955	2404800.000000
2021-07-08	-0.008809	-0.010592	-0.002273	-0.015573	-3.271973	2809000.000000
2021-07-07	-0.005849	0.008486	0.012126	-0.003131	-2.185364	3176600.000000
2021-07-06	0.002906	0.011041	0.015309	-0.002783	1.082703	2740500.000000
2021-07-02	0.011653	0.012069	0.019673	0.010603	4.291321	2786500.000000
2021-07-01	0.015393	0.009339	0.023567	0.008098	5.582611	3108500.000000
2021-06-30	-0.007908	0.006556	0.012629	-0.003511	-2.890625	2884900.000000
2021-06-29	0.000870	0.010334	0.016850	0.007322	0.317871	3394300.000000
2021-06-28	-0.031427	0.010166	0.010166	-0.031734	-11.850677	4800300.000000
2021-06-25	0.012969	0.008573	0.019855	0.002878	4.827667	3983900.000000
2021-06-24	-0.001040	0.017051	0.019895	0.000681	-0.387390	2788200.000000
2021-06-23	-0.007671	0.006586	0.008503	-0.003294	-2.880707	2241800.000000
2021-06-22	0.013267	0.009121	0.021991	0.003805	4.917053	3582700.000000
2021-06-21	0.015432	0.009980	0.031434	0.003350	5.632324	3094600.000000
2021-06-18	0.000354	-0.007478	0.015161	-0.007807	0.129120	5009400.000000
2021-06-17	0.009538	0.005807	0.021440	-0.000474	3.446930	3824900.000000
2021-06-16	-0.011681	0.010138	0.010138	-0.011958	-4.271362	3081000.000000
2021-06-15	0.004365	0.008944	0.012817	-0.003690	1.589294	3562500.000000
2021-06-14	0.002791	0.008069	0.009805	-0.002672	1.013245	2515300.000000
2021-06-11	0.003294	0.010119	0.013739	0.005311	1.192047	2708300.000000
2021-06-10	0.002670	0.010460	0.013093	0.002896	0.963531	2460200.000000
2021-06-09	-0.005284	0.011322	0.017882	0.001373	-1.917175	2520900.000000
2021-06-08	0.003241	0.009236	0.016646	0.004342	1.172150	3224200.000000
2021-06-07	-0.005300	0.011588	0.021352	-0.000844	-1.927094	2133400.000000
2021-06-04	0.011608	0.013620	0.020075	0.011923	4.172058	2295200.000000
2021-06-03	-0.013711	-0.002885	0.006253	-0.007358	-4.996521	2605900.000000
2021-06-02	0.019622	0.017157	0.038533	0.015338	7.013031	3531000.000000
2021-06-01	-0.002191	0.017581	0.020149	0.003789	-0.784698	3119700.000000
2021-05-28	-0.003923	0.010864	0.016175	0.002298	-1.410614	3624300.000000
2021-05-27	-0.001792	0.011966	0.017102	0.000835	-0.645660	5416300.000000
2021-05-26	-0.012445	0.011572	0.014067	-0.007481	-4.539642	3101900.000000
2021-05-25	-0.013857	0.008720	0.010396	-0.008339	-5.125671	3916300.000000
2021-05-24	0.013003	0.013484	0.023507	0.012279	4.748230	2351500.000000
2021-05-21	-0.000272	0.010635	0.019916	0.006035	-0.099365	2708700.000000
2021-05-20	0.018616	0.012158	0.030202	0.010903	6.675323	4087500.000000
2021-05-19	-0.005756	-0.009223	0.001369	-0.014658	-2.076080	3577900.000000
2021-05-18	-0.000633	0.016945	0.024814	0.005528	-0.228485	3421200.000000
2021-05-17	-0.001676	0.002239	0.007107	-0.009491	-0.605896	2511600.000000
2021-05-14	0.010805	0.015109	0.019806	0.010803	3.864105	2959700.000000
2021-05-13	0.009534	0.014342	0.024251	0.010362	3.377411	2626000.000000
2021-05-12	-0.029896	-0.001140	0.000586	-0.026087	-10.916901	3293200.000000
2021-05-11	0.003467	-0.007954	0.013809	-0.012736	1.261505	3073100.000000
2021-05-10	-0.024134	0.007738	0.008301	-0.020097	-8.999725	3193700.000000
2021-05-07	-0.000213	0.011465	0.015165	0.001545	-0.079498	2935900.000000
2021-05-06	0.017175	0.012146	0.024664	-0.002689	6.297821	3787300.000000
2021-05-05	-0.018010	0.012102	0.016681	-0.014411	-6.724976	2993900.000000
2021-05-04	-0.009199	0.000510	0.003535	-0.014057	-3.466797	3321200.000000
2021-05-03	-0.006962	0.015677	0.019366	-0.007036	-2.642303	3344100.000000
2021-04-30	-0.017714	-0.009070	-0.003531	-0.027835	-6.844177	4043200.000000
2021-04-29	-0.016934	-0.003867	-0.001603	-0.023434	-6.655518	4637100.000000
2021-04-28	0.016912	0.010910	0.038854	0.010910	6.536285	4065300.000000
2021-04-27	0.004129	0.008641	0.014383	0.003237	1.589355	2270000.000000
2021-04-26	0.001059	0.008695	0.021985	0.006796	0.407288	2255000.000000
2021-04-23	0.009652	0.009292	0.023814	0.006955	3.675415	2294800.000000
2021-04-22	0.000679	0.006640	0.023510	0.003775	0.258240	3713700.000000
2021-04-21	0.017179	0.011931	0.026659	0.006799	6.427002	2466300.000000
2021-04-20	-0.014470	0.001503	0.004453	-0.015962	-5.493195	3135900.000000
2021-04-19	-0.010384	0.003381	0.010785	-0.005951	-3.983398	3360900.000000
2021-04-16	-0.000828	0.013230	0.013491	-0.000653	-0.317871	2725500.000000
2021-04-15	0.021595	0.014276	0.030774	0.013744	8.115692	2942200.000000
2021-04-14	0.000503	0.003684	0.014200	-0.000043	0.188751	2317400.000000
2021-04-13	-0.004502	0.004625	0.007381	-0.001365	-1.698669	2652800.000000
2021-04-12	-0.000631	0.001395	0.008970	-0.003637	-0.238342	2896600.000000
2021-04-09	0.006195	0.002268	0.013648	-0.002102	2.324432	2429300.000000
2021-04-08	0.019156	0.013102	0.030241	0.012423	7.052795	3528400.000000
2021-04-07	0.004086	0.006715	0.019860	0.006333	1.498169	2958300.000000
2021-04-06	0.003394	-0.001471	0.014537	-0.008039	1.240234	2661900.000000
2021-04-05	0.013818	0.017597	0.027918	0.010773	4.980743	2180300.000000
2021-04-01	0.020362	0.010690	0.028693	0.005594	7.193207	3701800.000000
2021-03-31	-0.006002	0.011798	0.017173	0.001078	-2.133179	4372600.000000
2021-03-30	-0.012978	0.001972	0.012497	-0.008248	-4.673157	2885800.000000
2021-03-29	-0.008822	0.002657	0.005713	-0.012841	-3.204681	4054900.000000
2021-03-26	0.021710	0.012303	0.031090	0.004794	7.719116	2741200.000000
2021-03-25	-0.003587	0.003292	0.007383	-0.007526	-1.279877	2961800.000000
2021-03-24	0.012329	0.013022	0.035463	0.009958	4.345673	3550000.000000
2021-03-23	-0.008733	0.010418	0.010418	-0.005864	-3.105530	3756300.000000
2021-03-22	0.005301	0.006276	0.022419	0.000791	1.875244	4140400.000000
2021-03-19	-0.028583	0.001845	0.005910	-0.038415	-10.407959	12224300.000000
2021-03-18	-0.030844	-0.001827	-0.000630	-0.028417	-11.588562	7205200.000000
2021-03-17	-0.009676	0.006490	0.015057	-0.009272	-3.670990	3240900.000000
2021-03-16	0.001624	0.010369	0.017181	-0.000218	0.615112	3445100.000000
2021-03-15	-0.002482	0.009467	0.021450	-0.002831	-0.942566	4216200.000000
2021-03-12	-0.004345	-0.000608	0.006707	-0.005590	-1.656921	2467500.000000
2021-03-11	0.007021	0.017921	0.028483	0.010264	2.658966	3729700.000000
2021-03-10	0.013758	0.008101	0.027910	-0.001535	5.139465	4509500.000000
2021-03-09	0.013977	0.017849	0.051288	0.011660	5.149384	5832800.000000
2021-03-08	0.028957	0.012132	0.068157	0.010429	10.368256	7213300.000000
2021-03-05	0.032561	0.023518	0.043329	-0.000995	11.290955	4643200.000000
2021-03-04	-0.029840	0.007468	0.011748	-0.035674	-10.665863	4572000.000000
2021-03-03	-0.007083	0.000054	0.015138	-0.012586	-2.549896	3692300.000000
2021-03-02	-0.000221	0.005388	0.018191	-0.002000	-0.079407	3559200.000000
2021-03-01	0.025576	0.027341	0.043776	0.023069	8.979156	4382900.000000
2021-02-26	-0.002031	0.015022	0.021588	-0.013290	-0.714355	4868500.000000
2021-02-25	-0.034711	0.000314	0.007887	-0.033573	-12.650177	5207500.000000
2021-02-24	0.048228	0.014934	0.060724	0.008319	16.767731	7467400.000000
2021-02-23	0.028650	0.007858	0.048184	0.001230	9.683624	6326600.000000
2021-02-22	0.022481	-0.001702	0.041013	-0.005423	7.431366	4940300.000000
2021-02-19	-0.015630	0.007828	0.009495	-0.014328	-5.248566	4095800.000000
2021-02-18	0.003350	-0.000598	0.015716	-0.005528	1.121155	2393700.000000
2021-02-17	-0.011371	0.001477	0.005436	-0.007975	-3.849640	2267000.000000
2021-02-16	0.000616	0.014390	0.016754	-0.000773	0.208313	2916900.000000
2021-02-12	-0.005454	0.003360	0.008622	-0.010250	-1.855316	3025100.000000
2021-02-11	0.025912	0.041935	0.054269	0.026102	8.592194	5110800.000000
2021-02-10	0.002309	0.012603	0.014023	0.004290	0.764008	4246300.000000
2021-02-09	-0.010652	0.004658	0.005465	-0.013136	-3.561890	2993300.000000
2021-02-08	-0.005077	0.011607	0.016040	-0.001693	-1.706543	2652800.000000
2021-02-05	-0.006103	0.012885	0.018237	-0.002285	-2.063721	2964800.000000
2021-02-04	0.024067	0.015610	0.039473	0.014671	7.947296	4537500.000000
2021-02-03	-0.004636	0.006290	0.012801	-0.002060	-1.537903	4036800.000000
2021-02-02	0.039837	0.013811	0.053649	0.013811	12.709808	5686000.000000
2021-02-01	0.016662	0.022609	0.030926	0.011998	5.228729	4930700.000000
2021-01-29	-0.024639	0.006395	0.012239	-0.029099	-7.927460	7627200.000000
2021-01-28	0.027861	0.044946	0.051047	0.028621	8.721222	6906400.000000
2021-01-27	-0.037260	-0.014688	-0.006568	-0.036956	-12.114502	7449400.000000
2021-01-26	-0.004526	0.010367	0.012021	-0.002431	-1.478302	3503100.000000
2021-01-25	0.000608	0.003353	0.010828	-0.028140	0.198425	6257700.000000
2021-01-22	-0.016296	-0.004318	0.010027	-0.008778	-5.407349	3846600.000000
2021-01-21	-0.001404	0.006382	0.013755	-0.001623	-0.466370	3484900.000000
2021-01-20	0.027521	0.020411	0.044963	0.017752	8.899902	5081000.000000
2021-01-19	0.008290	0.019517	0.026189	0.012252	2.658997	4625200.000000
2021-01-15	-0.011226	0.009768	0.016396	-0.007681	-3.641296	7911500.000000
2021-01-14	-0.056016	0.014756	0.017346	-0.049269	-19.248138	8712200.000000
2021-01-13	0.009944	0.027550	0.027991	0.011738	3.383270	4125700.000000
2021-01-12	-0.015164	0.004645	0.007308	-0.027340	-5.238708	4858100.000000
2021-01-11	-0.015967	0.002931	0.006662	-0.009374	-5.605804	2403000.000000
2021-01-08	0.011405	0.012208	0.022637	0.006821	3.958801	3371500.000000
2021-01-07	0.007923	0.013230	0.023161	0.011575	2.728546	3100200.000000
2021-01-06	0.000374	0.017879	0.028365	0.000857	0.128723	3966800.000000
2021-01-05	-0.011579	0.001442	0.013500	-0.008205	-4.032928	2990700.000000
2021-01-04	-0.015269	0.012162	0.012529	-0.017920	-5.400574	4638400.000000
2020-12-31	0.003909	0.007689	0.020121	0.002637	1.377380	2881700.000000
2020-12-30	0.025645	0.015045	0.041653	0.010766	8.809296	4200600.000000
2020-12-29	0.006358	0.018862	0.021704	0.010015	2.170105	2822700.000000
2020-12-28	0.025208	0.014751	0.037968	0.011778	8.393066	3449100.000000
2020-12-24	0.020563	0.013517	0.031051	0.012598	6.708496	1308900.000000
2020-12-23	-0.009060	0.014906	0.018186	-0.000585	-2.982635	2760600.000000
2020-12-22	-0.006370	0.008531	0.011730	0.000805	-2.110687	2403100.000000
2020-12-21	-0.017512	-0.011948	-0.003230	-0.029650	-5.905853	3642500.000000
2020-12-18	0.010181	0.007997	0.023244	0.001527	3.398865	8443700.000000
2020-12-17	0.014453	0.016579	0.028096	0.013115	4.756378	2725500.000000
2020-12-16	-0.004646	0.010103	0.010224	-0.004143	-1.535919	3393300.000000
2020-12-15	0.007550	0.015290	0.021568	-0.001593	2.477325	3104600.000000
2020-12-14	0.011392	0.014035	0.044086	0.009689	3.696106	3552400.000000
2020-12-11	-0.012367	-0.004320	0.009317	-0.009069	-4.062744	4179400.000000
2020-12-10	-0.015823	0.002574	0.005240	-0.007792	-5.281616	3506800.000000
2020-12-09	-0.011561	0.008040	0.011889	-0.008899	-3.904205	2962600.000000
2020-12-08	-0.000499	0.001233	0.014700	-0.003444	-0.168457	2224600.000000
2020-12-07	-0.009845	0.006263	0.019832	-0.003437	-3.359253	2389800.000000
2020-12-04	0.027481	0.014525	0.036898	0.011152	9.126373	4323600.000000
2020-12-03	-0.014931	0.004241	0.015394	-0.008929	-5.033813	3080300.000000
2020-12-02	0.003954	0.002911	0.013215	-0.005368	1.327759	2972100.000000
2020-12-01	0.007043	0.018641	0.027518	0.012494	2.348480	4210400.000000
2020-11-30	-0.007550	0.004968	0.006129	-0.017294	-2.536713	4276200.000000
2020-11-27	-0.006592	0.013629	0.013777	-0.001804	-2.229584	1402300.000000
2020-11-25	-0.003125	0.013055	0.013055	0.000175	-1.060303	2535200.000000
2020-11-24	0.031171	0.023966	0.045849	0.015487	10.256012	3529700.000000
2020-11-23	0.027988	0.019194	0.041033	0.013445	8.957947	3219000.000000
2020-11-20	-0.032587	0.011885	0.013034	-0.023720	-10.781250	4142400.000000
2020-11-19	-0.006132	0.007813	0.018838	-0.004413	-2.041290	2718700.000000
2020-11-18	-0.001664	0.009255	0.022510	0.004246	-0.554901	3203400.000000
2020-11-17	0.003130	0.002306	0.016144	-0.005065	1.040466	3412700.000000
2020-11-16	0.001254	0.029557	0.032118	0.003562	0.416199	3312800.000000
2020-11-13	0.020531	0.015344	0.033204	0.006245	6.678802	2393700.000000
2020-11-12	-0.012335	-0.000945	0.011290	-0.009325	-4.062805	3207700.000000
2020-11-11	-0.007139	0.017093	0.017967	-0.002018	-2.368225	2969900.000000
2020-11-10	-0.028384	-0.004220	0.012972	-0.023404	-9.691223	5330400.000000
2020-11-09	0.098584	0.116246	0.148680	0.096876	30.639191	10933700.000000
2020-11-06	-0.009130	0.007411	0.009037	-0.011367	-2.863739	2978500.000000
2020-11-05	0.030371	0.035248	0.049078	0.030123	9.245270	3794400.000000
2020-11-04	0.039981	0.042304	0.068371	0.032567	11.702728	4790100.000000
2020-11-03	0.018692	0.024756	0.045255	0.015464	5.370789	4097700.000000
2020-11-02	0.004608	0.028744	0.030842	0.007347	1.317902	5094900.000000
2020-10-30	-0.015485	-0.002297	0.004587	-0.032072	-4.498749	6892800.000000
2020-10-29	0.006177	0.015468	0.022741	-0.004100	1.783600	9582300.000000
2020-10-28	-0.081139	-0.039907	-0.038921	-0.081565	-25.496246	11518200.000000
2020-10-27	-0.002987	0.011830	0.013924	-0.008921	-0.941406	4314900.000000
2020-10-26	-0.035041	-0.000632	0.001909	-0.037924	-11.445099	5173300.000000
2020-10-23	-0.011960	0.015487	0.015487	-0.006838	-3.953766	2945400.000000
2020-10-22	0.000540	0.009014	0.015097	-0.003456	0.178375	2256000.000000
2020-10-21	0.005125	0.011507	0.023159	0.007887	1.684540	2725300.000000
2020-10-20	0.000151	0.013333	0.024774	0.009195	0.049561	2677800.000000
2020-10-19	-0.022775	0.011306	0.014814	-0.017506	-7.659790	2937600.000000
2020-10-16	0.002451	0.013427	0.028271	0.011132	0.822418	3324600.000000
2020-10-15	-0.012051	-0.003792	0.000066	-0.019929	-4.092499	3727300.000000
2020-10-14	-0.009079	0.008932	0.013104	-0.004404	-3.111450	2234300.000000
2020-10-13	-0.017612	0.007416	0.007617	-0.010959	-6.143738	2523800.000000
2020-10-12	-0.000993	0.016639	0.016639	0.004669	-0.346771	2942900.000000
2020-10-09	0.020976	0.017469	0.033170	0.014574	7.174255	3116500.000000
2020-10-08	0.004803	0.013601	0.021475	0.011339	1.634979	1991800.000000
2020-10-07	0.019175	0.023365	0.031958	0.019053	6.403839	3068200.000000
2020-10-06	-0.016956	0.006837	0.019494	-0.010352	-5.760468	2553400.000000
2020-10-05	0.013045	0.018838	0.023520	0.010758	4.374756	2081600.000000
2020-10-02	-0.013222	-0.004666	0.008104	-0.011316	-4.493500	2184600.000000
2020-10-01	0.015377	0.022500	0.035825	0.016644	5.146729	2503600.000000
2020-09-30	0.005770	0.011753	0.032637	0.010911	1.920197	3285200.000000
2020-09-29	-0.006383	0.010340	0.017297	0.002667	-2.137970	2679500.000000
2020-09-28	0.019923	0.025048	0.037107	0.022612	6.542389	3122500.000000
2020-09-25	0.010877	0.002460	0.026563	-0.008469	3.533478	3077500.000000
2020-09-24	0.011339	0.006199	0.029798	-0.000089	3.642334	3706300.000000
2020-09-23	-0.032149	0.008924	0.009918	-0.025336	-10.669647	2893900.000000
2020-09-22	0.022754	0.015456	0.035548	0.001896	7.383575	3375300.000000
2020-09-21	-0.022102	-0.007109	-0.000479	-0.033206	-7.334106	4466000.000000
2020-09-18	-0.012285	0.006709	0.015430	-0.007698	-4.127319	4006000.000000
2020-09-17	-0.007079	-0.003580	0.015867	-0.006950	-2.395233	3713000.000000
2020-09-16	0.007991	0.016715	0.030896	0.012276	2.682220	3049000.000000
2020-09-15	0.001595	0.022693	0.026244	0.010131	0.534485	2396400.000000
2020-09-14	0.025595	0.025091	0.040484	0.022183	8.363586	3416100.000000
2020-09-11	-0.008201	0.015894	0.015894	-0.006566	-2.702118	2920400.000000
2020-09-10	-0.019903	0.018848	0.026671	-0.014945	-6.690826	2845900.000000
2020-09-09	0.029587	0.033341	0.049788	0.017966	9.660126	3344900.000000
2020-09-08	-0.015313	-0.008509	0.012451	-0.014119	-5.077515	4425700.000000
2020-09-04	-0.025680	0.007872	0.019596	-0.040465	-8.739594	6571200.000000
2020-09-03	-0.046743	0.004094	0.005410	-0.044112	-16.687500	6297400.000000
2020-09-02	0.010647	0.011727	0.023645	0.008585	3.761200	4127200.000000
2020-09-01	-0.003602	0.008986	0.013866	-0.002720	-1.276886	4409600.000000
2020-08-31	-0.021659	0.011748	0.011748	-0.012923	-7.848785	3948200.000000
2020-08-28	0.028427	0.014540	0.042268	0.010794	10.016388	3544700.000000
2020-08-27	0.014187	0.012384	0.030431	0.009074	4.929047	3811700.000000
2020-08-26	0.009665	0.011328	0.023795	0.004063	3.325623	3512000.000000
2020-08-25	0.011698	0.013486	0.024511	0.009429	3.978851	2862700.000000
2020-08-24	0.019401	0.017114	0.030511	0.015285	6.473083	2753900.000000
2020-08-21	-0.000652	0.012377	0.014773	0.006297	-0.217773	2680900.000000
2020-08-20	0.014802	0.003623	0.027362	0.003623	4.869690	2966000.000000
2020-08-19	0.004230	0.007410	0.020901	0.007288	1.385651	3421000.000000
2020-08-18	0.002332	0.010248	0.013920	-0.001531	0.762115	3021700.000000
2020-08-17	0.010496	0.010958	0.024036	0.009969	3.394867	2904100.000000
2020-08-14	0.001870	0.008729	0.014831	0.006066	0.603790	1444900.000000
2020-08-13	-0.004395	0.005098	0.017124	0.004142	-1.425262	2526700.000000
2020-08-12	-0.002770	0.010709	0.019135	0.003144	-0.900665	3125900.000000
2020-08-11	0.017530	0.016974	0.046857	0.012530	5.602051	5273300.000000
2020-08-10	-0.015670	0.007784	0.015638	-0.008633	-5.087372	3752100.000000
2020-08-07	-0.006422	0.003791	0.004801	-0.008665	-2.098358	3662500.000000
2020-08-06	0.006524	0.008492	0.020259	0.003871	2.118134	4839800.000000
2020-08-05	0.043290	0.016703	0.059477	0.015096	13.470642	5677200.000000
2020-08-04	0.005759	0.010049	0.020360	0.005524	1.781677	3409200.000000
2020-08-03	0.013159	0.018429	0.026615	0.012862	4.018433	3907800.000000
2020-07-31	-0.001521	0.013610	0.013904	-0.000744	-0.465210	4684400.000000
2020-07-30	-0.000970	-0.006973	0.021838	-0.010108	-0.296936	3941600.000000
2020-07-29	0.009696	0.004304	0.027920	0.003051	2.939636	3542400.000000
2020-07-28	-0.008191	0.009162	0.014724	0.001083	-2.504120	2116300.000000
2020-07-27	0.006321	0.010801	0.020479	0.007377	1.920074	2311600.000000
2020-07-24	-0.009616	-0.000810	0.013046	-0.007135	-2.949432	2500300.000000
2020-07-23	-0.011073	0.010920	0.022817	-0.004652	-3.434509	3118500.000000
2020-07-22	0.018758	0.012081	0.029949	0.012081	5.710938	3303100.000000
2020-07-21	-0.013976	0.013708	0.017109	-0.007991	-4.315338	3562100.000000
2020-07-20	0.025982	0.003229	0.046659	0.003229	7.819153	5279400.000000
2020-07-17	0.015734	0.018373	0.030219	0.010542	4.661743	3169800.000000
2020-07-16	-0.020836	0.001252	0.003102	-0.012166	-6.304810	3312100.000000
2020-07-15	0.022646	0.024028	0.036769	0.018586	6.700745	5257300.000000
2020-07-14	0.030223	0.016677	0.041398	0.005013	8.680267	4795900.000000
2020-07-13	-0.018601	0.017789	0.020386	-0.009000	-5.443695	4853700.000000
2020-07-10	0.003700	0.008317	0.018468	-0.000257	1.078857	3030900.000000
2020-07-09	-0.018524	0.008556	0.012259	-0.021941	-5.503174	5042800.000000
2020-07-08	0.002137	0.015063	0.017188	0.003222	0.633514	4115000.000000
2020-07-07	-0.018523	0.003810	0.019039	-0.008738	-5.594635	3633100.000000
2020-07-06	0.010416	0.025840	0.028081	0.014198	3.113556	3013300.000000
2020-07-02	0.004151	0.022304	0.030904	0.012160	1.235596	3290100.000000
2020-07-01	0.018498	0.012579	0.037589	0.009705	5.406769	3801300.000000
2020-06-30	0.009456	0.012242	0.024364	0.005058	2.738007	4283500.000000
2020-06-29	0.012408	0.018682	0.025011	-0.002961	3.548523	3642200.000000
2020-06-26	-0.029093	0.007853	0.012029	-0.018321	-8.569855	4922500.000000
2020-06-25	0.013605	0.012205	0.026761	0.000196	3.953796	3294800.000000
2020-06-24	-0.041938	0.005491	0.007206	-0.033871	-12.721313	5086000.000000
2020-06-23	0.008015	0.020296	0.031595	0.011623	2.411896	3801500.000000
2020-06-22	0.026779	0.022267	0.040522	0.015886	7.848236	3489200.000000
2020-06-19	-0.027390	0.027121	0.027121	-0.016021	-8.253510	4533500.000000
2020-06-18	0.003588	0.005261	0.016152	0.000832	1.077362	2776600.000000
2020-06-17	-0.002365	0.013417	0.021657	0.007037	-0.711731	2566400.000000
2020-06-16	0.024599	0.041444	0.052270	0.021698	7.225616	4013100.000000
2020-06-15	-0.002082	-0.014776	0.015528	-0.019022	-0.612854	5932900.000000
2020-06-12	0.022455	0.037880	0.042049	0.010439	6.464447	4512200.000000
2020-06-11	-0.069934	-0.014608	-0.009827	-0.059676	-21.646942	6505300.000000
2020-06-10	0.005329	0.014612	0.026532	0.007792	1.640778	4089000.000000
2020-06-09	0.003479	0.009636	0.021662	0.004486	1.067505	3314800.000000
2020-06-08	-0.004713	0.009030	0.017204	-0.003978	-1.452942	3724300.000000
2020-06-05	0.034874	0.029951	0.047978	0.026057	10.388519	5058200.000000
2020-06-04	-0.018563	0.006319	0.010207	-0.013778	-5.634186	4147700.000000
2020-06-03	0.011463	0.017988	0.026752	0.007091	3.439819	3429700.000000
2020-06-02	0.007266	0.023740	0.027499	0.012663	2.164703	4131300.000000
2020-06-01	0.001695	0.011387	0.018986	0.001636	0.504089	2841800.000000
2020-05-29	-0.004664	0.010685	0.018818	0.000210	-1.393646	4930100.000000
2020-05-28	0.008440	0.015773	0.046215	0.008551	2.500763	4520800.000000
2020-05-27	-0.011737	0.013924	0.016359	-0.025699	-3.518921	5147900.000000
2020-05-26	0.028551	0.045000	0.046303	0.035806	8.322754	5246900.000000
2020-05-22	0.002209	0.014440	0.020422	0.007392	0.642487	2897000.000000
2020-05-21	-0.015194	0.013619	0.015515	-0.008795	-4.487549	3944100.000000
2020-05-20	0.027758	0.029158	0.047949	0.027905	7.976746	4592200.000000
2020-05-19	0.002863	0.009142	0.039329	0.003279	0.820435	5211800.000000
2020-05-18	0.039292	0.035337	0.059383	0.033668	10.833344	6037800.000000
2020-05-15	0.005878	0.007056	0.018366	-0.002977	1.611145	3813300.000000
2020-05-14	0.030280	0.015599	0.043262	-0.007856	8.055878	6294200.000000
2020-05-13	-0.010841	0.012396	0.026413	-0.017757	-2.915924	4802100.000000
2020-05-12	-0.032429	0.008884	0.015647	-0.021119	-9.014618	4031400.000000
2020-05-11	-0.004284	0.001158	0.013015	-0.005540	-1.196014	4056900.000000
2020-05-08	0.014256	0.029600	0.029673	0.015431	3.924072	3215400.000000
2020-05-07	0.022134	0.031631	0.048861	0.029514	5.960388	4371400.000000
2020-05-06	-0.005621	0.022693	0.022693	0.002716	-1.522247	3261900.000000
2020-05-05	0.017530	0.040170	0.043965	0.026869	4.665497	3926200.000000
2020-05-04	0.001935	-0.000508	0.016696	-0.009882	0.513947	3747100.000000
2020-05-01	-0.022657	-0.011380	0.008084	-0.016862	-6.157990	5067800.000000
2020-04-30	-0.030738	-0.007069	0.004343	-0.024971	-8.619263	5898900.000000
2020-04-29	0.072147	0.064644	0.089688	0.056271	18.869415	8505000.000000
2020-04-28	-0.001961	0.031838	0.040424	0.003447	-0.513977	4344000.000000
2020-04-27	0.024579	0.017398	0.038901	0.014622	6.286499	4099900.000000
2020-04-24	0.011334	0.021851	0.027387	-0.000291	2.866531	3824200.000000
2020-04-23	-0.004087	0.021455	0.033387	0.005231	-1.037888	4270600.000000
2020-04-22	0.047116	0.036884	0.066325	0.034987	11.426437	5083200.000000
2020-04-21	-0.025345	-0.008727	0.002285	-0.018975	-6.306290	5964600.000000
2020-04-20	-0.031696	-0.009559	-0.001309	-0.028394	-8.144806	6042700.000000
2020-04-17	0.053534	0.058797	0.068842	0.031164	13.057404	10412100.000000
2020-04-16	-0.040367	0.016607	0.016607	-0.037215	-10.260132	11455400.000000
2020-04-15	-0.050162	-0.026466	-0.017347	-0.044740	-13.423004	10240700.000000
2020-04-14	0.028025	0.036815	0.058943	0.034202	7.294739	6354400.000000
2020-04-13	-0.022495	0.007183	0.009061	-0.039571	-5.990021	7114400.000000
2020-04-09	-0.005721	0.027297	0.030545	-0.000371	-1.532135	6662900.000000
2020-04-08	0.047433	0.026668	0.063314	0.012589	12.128250	5690100.000000
2020-04-07	-0.025795	0.072958	0.077759	-0.015169	-6.770218	8627300.000000
2020-04-06	0.121968	0.077247	0.141839	0.068741	28.531815	8636700.000000
2020-04-03	-0.007744	0.005195	0.017495	-0.023097	-1.825806	4163000.000000
2020-04-02	0.044924	0.012279	0.060945	0.007669	10.135651	6446600.000000
2020-04-01	-0.053610	-0.031293	-0.005454	-0.047401	-12.780624	6646200.000000
2020-03-31	-0.046160	0.010093	0.013934	-0.035438	-11.537064	10373900.000000
2020-03-30	0.022613	0.005889	0.040257	0.000979	5.526749	5765800.000000
2020-03-27	-0.059009	-0.036566	-0.014120	-0.057895	-15.326813	7819300.000000
2020-03-26	0.026123	0.018864	0.050113	-0.001996	6.612305	9957900.000000
2020-03-25	0.081875	0.059542	0.138185	0.027315	19.156113	12642700.000000
2020-03-24	0.166109	0.076152	0.188393	0.071567	33.328278	11654800.000000
2020-03-23	-0.038407	-0.025758	0.033670	-0.041526	-8.013779	11588700.000000
2020-03-20	-0.069249	0.052820	0.052820	-0.063248	-15.524231	10518600.000000
2020-03-19	-0.003422	-0.004173	0.060242	-0.059563	-0.769821	9126400.000000
2020-03-18	-0.041828	-0.052939	-0.024145	-0.091786	-9.819839	11352800.000000
2020-03-17	0.009463	0.034022	0.077106	-0.002613	2.200836	12665200.000000
2020-03-16	-0.127255	-0.120040	-0.032829	-0.139667	-33.910553	12111500.000000
2020-03-13	0.118054	0.085755	0.132956	0.030036	28.137054	9934900.000000
2020-03-12	-0.104760	-0.081514	-0.014054	-0.095036	-27.890381	15031500.000000
2020-03-11	-0.038529	-0.014265	-0.010329	-0.049079	-10.668579	8366800.000000
2020-03-10	0.070837	0.068981	0.086190	0.016541	18.317230	8131400.000000
2020-03-09	-0.087105	-0.064450	-0.014177	-0.077936	-24.673004	8498300.000000
2020-03-06	-0.012795	-0.014767	0.006702	-0.028952	-3.671295	7061500.000000
2020-03-05	-0.038464	-0.009031	0.001022	-0.034065	-11.477905	6621300.000000
2020-03-04	0.035480	0.037926	0.050730	0.015856	10.224518	6463800.000000
2020-03-03	-0.048054	0.039185	0.039185	-0.039302	-14.547150	8051100.000000
2020-03-02	0.056813	0.043416	0.071588	0.010426	16.274231	9688100.000000
2020-02-28	0.015499	-0.025494	0.029455	-0.030244	4.372040	12846000.000000
2020-02-27	-0.041001	-0.030977	0.011248	-0.044881	-12.060120	13814600.000000
2020-02-26	-0.016012	0.010276	0.029980	-0.003473	-4.786560	9403300.000000
2020-02-25	-0.067084	0.002861	0.008760	-0.061366	-21.495117	12715700.000000
2020-02-24	-0.044245	-0.052934	-0.017648	-0.063881	-14.833435	7816000.000000
2020-02-21	-0.013790	0.007665	0.011606	-0.012751	-4.687836	4997100.000000
2020-02-20	-0.000319	0.016724	0.021164	-0.005537	-0.108521	4316000.000000
2020-02-19	0.009729	0.021419	0.031070	0.017381	3.276550	3040300.000000
2020-02-18	0.000851	0.015245	0.019643	0.011590	0.286224	3597300.000000
2020-02-14	0.015215	0.018141	0.028943	0.016844	5.043121	2716300.000000
2020-02-13	0.005028	0.007644	0.024382	0.007098	1.658051	3001000.000000
2020-02-12	0.009791	0.012947	0.024062	0.008048	3.197540	2451000.000000
2020-02-11	0.001938	0.027734	0.029329	0.011352	0.631683	3449300.000000
2020-02-10	0.010031	0.008978	0.023417	0.008637	3.237091	3848100.000000
2020-02-07	-0.006984	0.009254	0.014946	0.002700	-2.269867	2584200.000000
2020-02-06	0.002985	0.016340	0.022235	0.011279	0.967163	3422000.000000
2020-02-05	-0.002431	0.031356	0.031356	-0.001986	-0.789551	3868000.000000
2020-02-04	0.014175	0.024869	0.035797	0.018780	4.539856	4158200.000000
2020-02-03	0.027157	0.022426	0.043850	0.021239	8.467743	4240100.000000
2020-01-31	-0.026259	0.009132	0.013254	-0.017850	-8.408539	5586800.000000
2020-01-30	0.012924	0.009078	0.027109	0.005947	4.085815	3512100.000000
2020-01-29	0.000156	0.021891	0.026447	0.002181	0.049347	4389400.000000
2020-01-28	0.014251	0.013350	0.031705	0.012259	4.441193	3486200.000000
2020-01-27	-0.024408	-0.013575	-0.000239	-0.021714	-7.796722	4367500.000000
2020-01-24	-0.004031	0.018211	0.019832	0.002902	-1.292877	3634700.000000
2020-01-23	0.002066	0.015410	0.016191	0.007037	0.661316	4188300.000000
2020-01-22	0.007393	0.022759	0.028550	0.020147	2.348846	3518500.000000
2020-01-21	-0.005345	0.009340	0.019515	0.006460	-1.707428	5998600.000000
2020-01-17	0.010490	0.016829	0.025054	0.009901	3.316132	4821000.000000
2020-01-16	0.019252	0.023733	0.032858	0.015640	5.970795	3323300.000000
2020-01-15	0.011621	0.018310	0.029856	0.014558	3.562775	4664200.000000
2020-01-14	-0.014498	0.016372	0.017144	-0.003944	-4.510162	4951400.000000
2020-01-13	0.012983	0.020059	0.027809	0.018887	3.987061	3236400.000000
2020-01-10	0.006697	0.021383	0.022596	0.012074	2.042969	2948000.000000
2020-01-09	0.013110	0.023815	0.032649	0.022951	3.947662	3292600.000000
2020-01-08	0.017645	0.016532	0.037385	0.015620	5.220825	3224400.000000
2020-01-07	-0.003386	0.016323	0.021847	0.010059	-1.005310	3182000.000000
2020-01-06	0.002663	0.004237	0.017645	-0.000288	0.788422	3307200.000000
2020-01-03	-0.009756	0.001463	0.011362	-0.001413	-2.917358	2501300.000000
2020-01-02	0.016076	0.020960	0.031392	0.017698	4.730896	3272400.000000
