2022-12-30	0.000665	-0.017462	0.001330	-0.020955	0.079994	19583800.000000
2022-12-29	0.040131	0.006746	0.046791	0.001297	4.639999	22366200.000000
2022-12-28	-0.010780	-0.005390	0.010866	-0.011721	-1.259995	19612500.000000
2022-12-27	-0.009827	-0.000932	0.004744	-0.016859	-1.160004	21392300.000000
2022-12-23	0.007855	-0.009307	0.009051	-0.013490	0.919998	17796600.000000
2022-12-22	-0.022044	-0.021376	-0.009519	-0.044923	-2.639999	23618100.000000
2022-12-21	0.022803	-0.003331	0.027756	-0.012554	2.670006	20392800.000000
2022-12-20	0.022799	-0.010657	0.024895	-0.017645	2.609993	28742500.000000
2022-12-19	-0.041447	-0.021770	-0.013648	-0.042703	-4.949997	29769900.000000
2022-12-16	0.028239	0.035127	0.061644	0.022988	3.279999	67064000.000000
2022-12-15	-0.044740	-0.026811	-0.024344	-0.062341	-5.439995	34531000.000000
2022-12-14	0.011985	-0.006325	0.033208	-0.006325	1.439995	36922000.000000
2022-12-13	0.047424	0.064685	0.074885	0.034260	5.440002	44701100.000000
2022-12-12	-0.010267	-0.006212	-0.001553	-0.023814	-1.190002	24747100.000000
2022-12-09	0.004942	-0.000260	0.019162	-0.012659	0.570000	26033400.000000
2022-12-08	0.012288	0.021592	0.029931	0.005793	1.400002	30619400.000000
2022-12-07	-0.001665	-0.003155	0.015422	-0.010866	-0.190002	29461100.000000
2022-12-06	-0.067876	-0.020583	-0.015356	-0.070979	-8.309998	43689200.000000
2022-12-05	-0.008584	-0.014090	0.009555	-0.017329	-1.059998	35474900.000000
2022-12-02	0.025324	-0.021671	0.029890	-0.023497	3.049995	39950500.000000
2022-12-01	0.019814	0.009314	0.026249	0.002540	2.340004	36551400.000000
2022-11-30	0.078933	0.000457	0.079481	-0.000731	8.639999	43348600.000000
2022-11-29	0.006251	0.006987	0.019857	-0.002206	0.680000	23899200.000000
2022-11-28	-0.023607	-0.005655	0.005655	-0.027197	-2.630005	23309400.000000
2022-11-25	-0.007395	-0.008375	0.004366	-0.010870	-0.829994	12007600.000000
2022-11-23	0.007179	0.002513	0.011037	-0.006371	0.799995	21343100.000000
2022-11-22	0.014382	0.000000	0.016020	-0.014018	1.580002	29029000.000000
2022-11-21	-0.019545	-0.004730	0.002856	-0.025524	-2.190002	24351100.000000
2022-11-18	0.005384	0.021086	0.025751	-0.007447	0.600006	33357700.000000
2022-11-17	-0.015720	-0.024905	-0.007948	-0.030292	-1.780006	35093800.000000
2022-11-16	-0.032883	-0.022036	-0.008541	-0.037752	-3.849998	33287800.000000
2022-11-15	0.025039	0.016197	0.039573	0.001663	2.860001	50670500.000000
2022-11-14	0.010618	-0.017961	0.028756	-0.019642	1.200005	53395000.000000
2022-11-11	0.010280	-0.023599	0.027085	-0.027353	1.149994	59961700.000000
2022-11-10	0.102493	0.055681	0.111166	0.030945	10.400002	80671000.000000
2022-11-09	0.051830	0.054421	0.087385	0.044262	5.000000	107677300.000000
2022-11-08	-0.002585	-0.008271	0.011166	-0.019955	-0.250000	52088300.000000
2022-11-07	0.065316	0.043948	0.067078	0.025443	5.930000	81987300.000000
2022-11-04	0.021145	0.016196	0.027893	-0.009223	1.879997	55638100.000000
2022-11-03	-0.018003	-0.005081	-0.000884	-0.023525	-1.629997	60664000.000000
2022-11-02	-0.048950	-0.010399	0.000000	-0.049580	-4.659996	71821100.000000
2022-11-01	0.021898	0.012559	0.046479	0.004186	2.039993	110189600.000000
2022-10-31	-0.060887	-0.009879	0.001210	-0.066532	-6.039993	121361400.000000
2022-10-28	0.012865	0.016745	0.029712	-0.004390	1.259995	95928300.000000
2022-10-27	-0.245571	-0.245263	-0.210445	-0.257587	-31.880005	232316600.000000
2022-10-26	-0.055923	-0.042397	-0.014253	-0.065304	-7.689987	82791500.000000
2022-10-25	0.060052	0.008942	0.066528	0.006707	7.789993	38433200.000000
2022-10-24	-0.002231	-0.021229	0.026690	-0.041843	-0.289993	63563400.000000
2022-10-21	-0.011556	-0.039687	-0.010720	-0.046301	-1.520004	46348600.000000
2022-10-20	-0.012760	-0.002252	0.026571	-0.014411	-1.699997	26356300.000000
2022-10-19	0.003238	0.000678	0.031626	-0.004367	0.429993	30691000.000000
2022-10-18	-0.009251	0.022754	0.028350	-0.019696	-1.239990	25445000.000000
2022-10-17	0.057431	0.027927	0.063348	0.026980	7.279991	29612200.000000
2022-10-14	-0.027093	0.005449	0.011513	-0.028935	-3.529991	23559400.000000
2022-10-13	0.021882	-0.031137	0.028549	-0.038980	2.789993	34325700.000000
2022-10-12	-0.008091	-0.001711	0.008791	-0.017815	-1.039993	34605200.000000
2022-10-11	-0.039241	-0.016219	-0.008446	-0.050826	-5.250000	38481400.000000
2022-10-10	0.002548	0.000749	0.019933	-0.011840	0.339996	24024000.000000
2022-10-07	-0.040411	-0.016610	-0.005609	-0.047674	-5.620010	33214800.000000
2022-10-06	0.000648	-0.009066	0.017772	-0.017125	0.090012	36231100.000000
2022-10-05	-0.009267	-0.014542	-0.000499	-0.039207	-1.300003	27979300.000000
2022-10-04	0.012048	0.013563	0.027271	0.005267	1.669998	34670700.000000
2022-10-03	0.021595	0.010761	0.029039	0.003096	2.930008	27723100.000000
2022-09-30	-0.005352	-0.002639	0.033575	-0.006671	-0.730011	33166400.000000
2022-09-29	-0.036721	-0.015889	-0.012499	-0.045265	-5.199997	38985400.000000
2022-09-28	0.053646	0.001637	0.056771	-0.000967	7.210007	32658500.000000
2022-09-27	-0.014446	0.011366	0.022366	-0.016499	-1.970001	30826500.000000
2022-09-26	-0.028773	-0.002065	0.013033	-0.030055	-4.040009	30497000.000000
2022-09-23	-0.016874	-0.009803	-0.001400	-0.027517	-2.410004	31710700.000000
2022-09-22	0.004926	-0.004011	0.017309	-0.008795	0.700012	34418500.000000
2022-09-21	-0.027175	0.002054	0.024026	-0.027996	-3.970001	38338600.000000
2022-09-20	-0.013039	-0.015133	0.005540	-0.018916	-1.930008	23217400.000000
2022-09-19	0.011826	-0.007177	0.015654	-0.008134	1.730011	22169500.000000
2022-09-16	-0.021799	-0.010030	-0.006486	-0.035172	-3.260010	40122800.000000
2022-09-15	-0.012676	-0.011025	0.018023	-0.018287	-1.919998	34606300.000000
2022-09-14	-0.010840	0.001306	0.002677	-0.026644	-1.660004	43064200.000000
2022-09-13	-0.093691	-0.043916	-0.043383	-0.096413	-15.830002	44444100.000000
2022-09-12	-0.001123	-0.010405	0.013243	-0.011055	-0.189987	23220400.000000
2022-09-09	0.043749	0.007343	0.046156	0.005924	7.089996	22086800.000000
2022-09-08	0.010412	-0.010474	0.011472	-0.016522	1.669998	22530800.000000
2022-09-07	0.011669	-0.004920	0.015264	-0.010912	1.850006	16831200.000000
2022-09-06	-0.011103	-0.001372	0.008545	-0.016405	-1.780014	19339800.000000
2022-09-02	-0.030479	0.012639	0.015542	-0.037131	-5.039993	22634200.000000
2022-09-01	0.014914	0.003989	0.027190	-0.015835	2.430008	30145700.000000
2022-08-31	0.036714	0.063057	0.067956	0.031687	5.769989	40953000.000000
2022-08-30	-0.012628	0.007414	0.015644	-0.020481	-2.009995	19567900.000000
2022-08-29	-0.016133	-0.006923	0.007850	-0.017122	-2.610001	20052700.000000
2022-08-26	-0.041474	-0.001777	0.012679	-0.042126	-7.000000	24023600.000000
2022-08-25	0.033811	0.011760	0.034424	0.004655	5.520004	15550500.000000
2022-08-24	0.013345	-0.003166	0.027000	-0.008317	2.149994	20891500.000000
2022-08-23	-0.011898	-0.003496	0.012266	-0.014413	-1.940002	18111800.000000
2022-08-22	-0.029233	-0.014706	-0.014706	-0.033937	-4.910004	19499700.000000
2022-08-19	-0.038360	-0.025535	-0.013397	-0.043570	-6.699997	26240800.000000
2022-08-18	-0.001087	-0.002917	0.005204	-0.017100	-0.190002	18844500.000000
2022-08-17	-0.025742	-0.015100	-0.007411	-0.029531	-4.619995	20118100.000000
2022-08-16	-0.007850	-0.008016	0.000553	-0.021284	-1.419998	21156700.000000
2022-08-15	0.002161	-0.008532	0.005208	-0.012742	0.389999	15878700.000000
2022-08-12	0.016959	0.018705	0.022367	0.008000	3.009995	21274000.000000
2022-08-11	-0.004766	0.007682	0.026691	-0.011046	-0.849991	24079100.000000
2022-08-10	0.058209	0.044265	0.070907	0.032160	9.809998	30262100.000000
2022-08-09	-0.010103	-0.007636	-0.004229	-0.021439	-1.720001	18655100.000000
2022-08-08	0.018790	0.005326	0.062234	0.000120	3.139999	27299100.000000
2022-08-05	-0.020285	-0.020988	0.006097	-0.027965	-3.460007	25832700.000000
2022-08-04	0.010486	-0.002962	0.019846	-0.011848	1.770004	23938200.000000
2022-08-03	0.053749	0.015606	0.058368	0.008615	8.610001	31721900.000000
2022-08-02	0.001626	-0.010129	0.014444	-0.012005	0.260010	27374500.000000
2022-08-01	0.005217	-0.011628	0.038278	-0.024324	0.829987	40596700.000000
2022-07-29	-0.010080	-0.018853	-0.003609	-0.034532	-1.619995	42065400.000000
2022-07-28	-0.052247	-0.050242	-0.047588	-0.086862	-8.860001	73214300.000000
2022-07-27	0.065536	0.021615	0.073641	0.018033	10.430008	43846600.000000
2022-07-26	-0.045005	-0.004260	-0.003900	-0.052205	-7.500000	28468400.000000
2022-07-25	-0.015478	-0.001595	0.007680	-0.026348	-2.620010	26166300.000000
2022-07-22	-0.075886	-0.055140	-0.041328	-0.080581	-13.899994	42583900.000000
2022-07-21	0.000437	-0.013436	0.004151	-0.023049	0.080002	27195800.000000
2022-07-20	0.041586	0.009728	0.044487	0.005234	7.309998	24784300.000000
2022-07-19	0.051127	0.018777	0.055373	0.013634	8.550003	25933700.000000
2022-07-18	0.015361	0.012447	0.042441	0.005707	2.529999	23574300.000000
2022-07-15	0.042075	0.015754	0.043847	0.011199	6.649994	23342800.000000
2022-07-14	-0.033274	-0.013885	-0.005505	-0.037984	-5.440002	23765200.000000
2022-07-13	0.001347	-0.019048	0.010473	-0.022417	0.220001	16555100.000000
2022-07-12	0.002394	0.011788	0.018603	-0.004789	0.389999	16639700.000000
2022-07-11	-0.046816	-0.022296	-0.019838	-0.052493	-8.000000	21885600.000000
2022-07-08	-0.007608	-0.012835	0.001220	-0.023463	-1.309998	19249200.000000
2022-07-07	0.014255	-0.001885	0.017376	-0.011722	2.419998	24083400.000000
2022-07-06	0.009394	0.000059	0.020215	-0.016232	1.580002	23085900.000000
2022-07-05	0.050990	-0.011810	0.051365	-0.018809	8.160004	28618600.000000
2022-07-01	-0.007566	-0.005829	-0.003907	-0.038760	-1.220001	31423900.000000
2022-06-30	-0.016408	-0.010919	0.007869	-0.033244	-2.690002	35250600.000000
2022-06-29	0.020289	0.017986	0.035163	-0.002240	3.260010	28595200.000000
2022-06-28	-0.051980	0.002419	0.010679	-0.052392	-8.810013	27744500.000000
2022-06-27	-0.003937	0.006817	0.009344	-0.012635	-0.669998	29174600.000000
2022-06-24	0.071874	0.018772	0.072441	0.016063	11.410004	61991200.000000
2022-06-23	0.018608	0.002695	0.025024	-0.010266	2.899994	40499200.000000
2022-06-22	-0.007641	0.008469	0.023814	-0.010252	-1.199997	47267800.000000
2022-06-21	-0.040857	0.013375	0.024551	-0.047453	-6.690002	50724900.000000
2022-06-17	0.017841	0.005035	0.031267	-0.006030	2.870010	31295300.000000
2022-06-16	-0.050074	-0.033245	-0.025214	-0.057514	-8.480011	26944100.000000
2022-06-15	0.034325	0.021193	0.051487	0.001527	5.620010	30008300.000000
2022-06-14	-0.003227	0.010776	0.015159	-0.017655	-0.529999	27244300.000000
2022-06-13	-0.064419	-0.028365	-0.017030	-0.065729	-11.310013	31749300.000000
2022-06-10	-0.045815	-0.005217	-0.004891	-0.048804	-8.429993	27450800.000000
2022-06-09	-0.064280	-0.012002	0.014290	-0.065907	-12.639999	23501600.000000
2022-06-08	0.005060	-0.005009	0.032609	-0.006338	0.990005	22267200.000000
2022-06-07	0.007207	-0.011943	0.011737	-0.014208	1.399994	18828700.000000
2022-06-06	0.018188	0.016826	0.032184	-0.012475	3.470001	30574200.000000
2022-06-03	-0.040632	-0.014483	-0.011314	-0.045660	-8.080002	19447300.000000
2022-06-02	0.054177	-0.001007	0.065204	-0.004824	10.220001	31951600.000000
2022-06-01	-0.025821	0.014821	0.030417	-0.044619	-5.000000	36623500.000000
2022-05-31	-0.007636	-0.001230	0.012658	-0.015989	-1.490005	26131100.000000
2022-05-27	0.018264	-0.001409	0.019308	-0.009550	3.500000	22562700.000000
2022-05-26	0.042431	-0.005168	0.048958	-0.008541	7.800003	23056500.000000
2022-05-25	0.014067	-0.004854	0.023003	-0.010812	2.550003	28030200.000000
2022-05-24	-0.076186	-0.079906	-0.063956	-0.102533	-14.949997	50406300.000000
2022-05-23	0.013899	0.008525	0.017826	-0.011884	2.690002	25059200.000000
2022-05-20	0.011762	0.019238	0.034607	-0.017879	2.250000	31465600.000000
2022-05-19	-0.004942	-0.005410	0.015866	-0.013733	-0.950012	24446900.000000
2022-05-18	-0.051229	-0.012931	-0.007995	-0.054239	-10.379990	23960000.000000
2022-05-17	0.012897	0.010398	0.027095	-0.008398	2.580002	24872700.000000
2022-05-16	0.007149	-0.007905	0.033984	-0.013543	1.419998	27112600.000000
2022-05-13	0.038590	0.007007	0.045231	0.000209	7.379990	24549800.000000
2022-05-12	0.013246	-0.008901	0.049327	-0.020981	2.500000	38262200.000000
2022-05-11	-0.045080	-0.006678	0.015280	-0.047458	-8.909988	31153400.000000
2022-05-10	0.007339	0.016819	0.034402	-0.010295	1.439987	34452500.000000
2022-05-09	-0.037101	-0.019286	-0.005889	-0.040192	-7.559998	36303200.000000
2022-05-06	-0.021654	-0.004513	0.005281	-0.034857	-4.509995	34747200.000000
2022-05-05	-0.067723	-0.020903	-0.014503	-0.077212	-15.130005	41129200.000000
2022-05-04	0.053672	-0.006509	0.057869	-0.023912	11.380005	41375900.000000
2022-05-03	0.004263	-0.003221	0.017856	-0.014399	0.899994	41556300.000000
2022-05-02	0.053175	0.003492	0.056916	0.002594	10.660004	49915300.000000
2022-04-29	-0.025567	-0.006173	0.032810	-0.028338	-5.259995	49193400.000000
2022-04-28	0.175936	0.159874	0.191941	0.102601	30.779999	100890600.000000
2022-04-27	-0.033158	-0.036032	0.001437	-0.066040	-6.000000	71062900.000000
2022-04-26	-0.032301	-0.001925	0.001070	-0.040056	-6.040009	31747400.000000
2022-04-25	0.015643	-0.007496	0.016675	-0.013307	2.880005	29281100.000000
2022-04-22	-0.021056	0.012229	0.024725	-0.025522	-3.960007	36426800.000000
2022-04-21	-0.061621	0.005888	0.012723	-0.074044	-12.349991	49954100.000000
2022-04-20	-0.077723	-0.017026	-0.014495	-0.084626	-16.889999	43036500.000000
2022-04-19	0.031029	-0.001186	0.036343	-0.008398	6.539993	20089900.000000
2022-04-18	0.002807	-0.000856	0.015225	-0.008945	0.590012	16580800.000000
2022-04-14	-0.022373	-0.000465	0.000000	-0.023210	-4.810013	18379500.000000
2022-04-13	0.003969	-0.010834	0.011535	-0.013122	0.850006	19231800.000000
2022-04-12	-0.010718	0.017463	0.025732	-0.015384	-2.320007	20128800.000000
2022-04-11	-0.026402	-0.017586	-0.007736	-0.031979	-5.869995	20516600.000000
2022-04-08	-0.002781	-0.002557	0.009778	-0.013097	-0.619995	18375700.000000
2022-04-07	-0.001567	0.002821	0.009942	-0.021227	-0.350006	21037200.000000
2022-04-06	-0.036836	-0.021265	-0.012293	-0.044988	-8.539993	28995100.000000
2022-04-05	-0.008765	0.000812	0.012698	-0.012271	-2.050003	29727200.000000
2022-04-04	0.040205	0.005026	0.042250	0.004492	9.039993	28054800.000000
2022-04-01	0.011198	0.009849	0.022126	0.001529	2.490005	19544800.000000
2022-03-31	-0.024095	0.002633	0.002809	-0.024534	-5.490005	24192300.000000
2022-03-30	-0.008744	-0.004133	0.005612	-0.013704	-2.009995	25588000.000000
2022-03-29	0.028042	0.011092	0.032649	0.007603	6.270004	31417900.000000
2022-03-28	0.007979	0.001398	0.010008	-0.010279	1.769989	26224100.000000
2022-03-25	0.010247	0.004281	0.027007	-0.003097	2.250000	40039000.000000
2022-03-24	0.028624	0.007214	0.033777	0.006231	6.110001	31502300.000000
2022-03-23	-0.014724	-0.015324	0.000692	-0.020725	-3.189987	23717300.000000
2022-03-22	0.024398	-0.000567	0.037685	-0.006194	5.159988	31998800.000000
2022-03-21	-0.023096	-0.009192	-0.008222	-0.040926	-5.000000	30142300.000000
2022-03-18	0.041619	-0.005485	0.043110	-0.008853	8.650009	52128000.000000
2022-03-17	0.020675	-0.009478	0.021657	-0.012375	4.209991	29499700.000000
2022-03-16	0.060407	0.013904	0.060928	0.012967	11.600006	40640300.000000
2022-03-15	0.028934	0.022344	0.030274	-0.003858	5.399994	31721700.000000
2022-03-14	-0.005224	-0.003092	0.024945	-0.009541	-0.979996	31010500.000000
2022-03-11	-0.038932	-0.013165	-0.008452	-0.043748	-7.600006	34694500.000000
2022-03-10	-0.016574	-0.018438	-0.011184	-0.037431	-3.289993	24853000.000000
2022-03-09	0.043145	0.028641	0.046298	0.019076	8.210007	31894700.000000
2022-03-08	0.015042	0.002027	0.049235	-0.007254	2.819992	37508100.000000
2022-03-07	-0.062931	0.003649	0.004149	-0.063881	-12.589996	38560600.000000
2022-03-04	-0.014337	-0.002956	0.014386	-0.020594	-2.910004	32130900.000000
2022-03-03	-0.024698	0.004373	0.004661	-0.032146	-5.139999	27263500.000000
2022-03-02	0.022704	0.006339	0.027815	-0.007224	4.619995	29452100.000000
2022-03-01	-0.035729	-0.005497	0.003412	-0.041748	-7.539993	27094900.000000
2022-02-28	0.002613	-0.013303	0.012685	-0.017341	0.550003	34239800.000000
2022-02-25	0.013873	-0.012813	0.017919	-0.021291	2.879990	37627600.000000
2022-02-24	0.046107	-0.037239	0.049887	-0.041471	9.150009	49957200.000000
2022-02-23	-0.017963	0.010293	0.024050	-0.019943	-3.630005	44481400.000000
2022-02-22	-0.019790	-0.018529	0.006403	-0.029589	-4.080002	39852400.000000
2022-02-18	-0.007462	0.008088	0.014636	-0.012181	-1.550003	37128400.000000
2022-02-17	-0.040778	-0.011638	0.004433	-0.043318	-8.829987	38747500.000000
2022-02-16	-0.020181	-0.038869	-0.016018	-0.039095	-4.460007	45817500.000000
2022-02-15	0.015158	0.012724	0.015847	-0.012127	3.300003	42685500.000000
2022-02-14	-0.008426	-0.001093	0.006604	-0.021726	-1.850006	38184000.000000
2022-02-11	-0.037357	0.001710	0.010304	-0.040777	-8.520004	46156900.000000
2022-02-10	-0.016940	-0.016078	0.012931	-0.022845	-3.929993	49310400.000000
2022-02-09	0.053683	0.018258	0.059906	0.009220	11.820007	86563300.000000
2022-02-08	-0.021031	-0.018052	0.003824	-0.038949	-4.730011	94729700.000000
2022-02-07	-0.051373	0.002573	0.005104	-0.055169	-12.179993	88613800.000000
2022-02-04	-0.002818	-0.011734	0.020399	-0.032175	-0.669998	89342200.000000
2022-02-03	-0.263901	-0.242570	-0.232198	-0.270124	-85.240005	188119900.000000
2022-02-02	0.012539	0.027649	0.028213	-0.006677	4.000000	58458300.000000
2022-02-01	0.018323	0.004150	0.020430	-0.003639	5.739990	18023800.000000
2022-01-31	0.038282	-0.003414	0.040039	-0.007921	11.550018	21579500.000000
2022-01-28	0.023995	0.003326	0.024640	-0.005464	7.069977	21871600.000000
2022-01-27	0.000034	0.010590	0.024030	-0.001256	0.010010	21629900.000000
2022-01-26	-0.018391	0.022855	0.024521	-0.030984	-5.519989	28348800.000000
2022-01-25	-0.027728	-0.028376	-0.008033	-0.036053	-8.559998	25108500.000000
2022-01-24	0.018274	-0.017581	0.020978	-0.046706	5.539978	38878100.000000
2022-01-21	-0.042298	-0.005528	0.005528	-0.042709	-13.389984	28710700.000000
2022-01-20	-0.009481	0.013486	0.025752	-0.011296	-3.029999	16925000.000000
2022-01-19	0.004526	0.004495	0.028131	0.003709	1.440002	20814700.000000
2022-01-18	-0.041428	-0.025942	-0.023170	-0.042965	-13.750000	22645600.000000
2022-01-14	0.016601	-0.014365	0.019144	-0.016142	5.419983	16868500.000000
2022-01-13	-0.020344	0.005161	0.007112	-0.022505	-6.779999	14797100.000000
2022-01-12	-0.003320	0.002422	0.005981	-0.012980	-1.109985	14104900.000000
2022-01-11	0.019203	-0.003932	0.019996	-0.008504	6.299988	16226800.000000
2022-01-10	-0.011212	-0.019530	-0.010398	-0.049308	-3.720001	24942400.000000
2022-01-07	-0.002015	0.000842	0.013656	-0.010768	-0.669983	14722000.000000
2022-01-06	0.025573	-0.004165	0.046272	-0.004473	8.289978	27962800.000000
2022-01-05	-0.036728	-0.010430	-0.002288	-0.037708	-12.359985	20564500.000000
2022-01-04	-0.005937	0.004165	0.013440	-0.019702	-2.010010	15998000.000000
2022-01-03	0.006511	0.005797	0.014063	0.002497	2.190002	14537900.000000
2021-12-31	-0.023260	-0.003891	-0.002672	-0.023493	-8.009979	12870500.000000
2021-12-30	0.004141	0.003091	0.012510	0.000816	1.419983	10593300.000000
2021-12-29	-0.009474	0.001993	0.010023	-0.013229	-3.279999	10747000.000000
2021-12-28	0.000116	0.001300	0.018863	-0.002831	0.040009	16637600.000000
2021-12-27	0.032633	0.010768	0.037675	0.008263	10.940002	17795000.000000
2021-12-23	0.014495	-0.001059	0.018823	-0.006325	4.789978	13987700.000000
2021-12-22	-0.011221	-0.001197	0.000928	-0.017774	-3.750000	16764600.000000
2021-12-21	0.026886	0.002950	0.032417	-0.005224	8.750000	16116800.000000
2021-12-20	-0.024986	-0.012014	-0.011654	-0.033734	-8.339996	17901800.000000
2021-12-17	-0.003314	-0.006271	0.006599	-0.012392	-1.109985	40012600.000000
2021-12-16	-0.019786	-0.007844	0.008195	-0.023181	-6.760010	22635000.000000
2021-12-15	0.023731	-0.003745	0.025079	-0.029244	7.920013	24681300.000000
2021-12-14	-0.002242	-0.019253	0.003618	-0.020449	-0.750000	20461000.000000
2021-12-13	0.014374	0.003639	0.034390	-0.000485	4.739990	22948700.000000
2021-12-10	-0.000212	0.008308	0.015796	-0.010460	-0.070007	14528000.000000
2021-12-09	-0.002239	-0.003086	0.016850	-0.007744	-0.739990	16879200.000000
2021-12-08	0.024008	0.006784	0.030792	0.000805	7.750000	19937700.000000
2021-12-07	0.015541	0.011640	0.027275	0.009847	4.940002	18794000.000000
2021-12-06	0.035947	0.004204	0.043215	-0.001630	11.029999	21758300.000000
2021-12-03	-0.011437	0.010761	0.010825	-0.035085	-3.550018	27471000.000000
2021-12-02	-0.000676	0.002576	0.012878	-0.010947	-0.209991	24396200.000000
2021-12-01	-0.042717	0.017968	0.018616	-0.043673	-13.859985	30329600.000000
2021-11-30	-0.040144	-0.008964	-0.006567	-0.043191	-13.570007	25390000.000000
2021-11-29	0.014739	0.011317	0.022665	0.006574	4.910004	16650900.000000
2021-11-26	-0.023280	-0.015423	-0.009705	-0.026857	-7.940002	14750700.000000
2021-11-24	0.011297	-0.003706	0.013432	-0.013165	3.809998	13566200.000000
2021-11-23	-0.011026	-0.006100	0.001144	-0.022023	-3.760010	17225000.000000
2021-11-22	-0.012424	0.010860	0.024703	-0.013872	-4.289978	27116800.000000
2021-11-19	0.019516	0.010363	0.039594	0.003573	6.609985	26488500.000000
2021-11-18	-0.006104	-0.003081	0.004959	-0.016052	-2.079987	17487200.000000
2021-11-17	-0.006386	0.003732	0.012655	-0.008339	-2.190002	13602800.000000
2021-11-16	-0.013235	-0.010732	-0.002618	-0.019248	-4.600006	18181100.000000
2021-11-15	0.019566	0.010121	0.037431	0.006776	6.669983	25076600.000000
2021-11-12	0.040123	0.007445	0.043083	0.006224	13.150024	25414300.000000
2021-11-11	0.000305	0.006654	0.014711	-0.001953	0.099976	12376600.000000
2021-11-10	-0.023049	-0.008588	-0.006500	-0.029400	-7.729980	21872600.000000
2021-11-09	-0.009598	0.004075	0.007944	-0.012256	-3.250000	17556700.000000
2021-11-08	-0.007358	0.009644	0.010729	-0.008179	-2.510010	18342500.000000
2021-11-05	0.015721	0.013280	0.032574	0.011285	5.279999	26872800.000000
2021-11-04	0.012756	0.007207	0.017038	0.003106	4.230011	22495300.000000
2021-11-03	0.010790	-0.001798	0.012406	-0.014874	3.540009	20786500.000000
2021-11-02	-0.005758	0.004243	0.014577	-0.018728	-1.900024	28353000.000000
2021-11-01	0.019810	0.007634	0.030534	0.007510	6.410004	31518900.000000
2021-10-29	0.020983	0.010318	0.028651	0.008456	6.649994	37059400.000000
2021-10-28	0.015054	0.002466	0.042598	-0.013164	4.700012	50806800.000000
2021-10-27	-0.011368	-0.005130	0.010893	-0.011874	-3.589996	29971800.000000
2021-10-26	-0.039186	-0.001308	0.004624	-0.058079	-12.880005	65654000.000000
2021-10-25	0.012569	-0.013277	0.015249	-0.015064	4.080017	38409000.000000
2021-10-22	-0.050515	-0.045425	-0.035831	-0.060752	-17.270020	35224500.000000
2021-10-21	0.003228	-0.001467	0.004490	-0.008745	1.100006	16354400.000000
2021-10-20	0.002324	0.010177	0.011736	-0.001588	0.790009	13639500.000000
2021-10-19	0.013867	0.012853	0.021232	0.005785	4.649994	18786300.000000
2021-10-18	0.032578	0.012902	0.034271	0.008437	10.579987	21585000.000000
2021-10-15	-0.011475	0.000457	0.001644	-0.018324	-3.769989	21596400.000000
2021-10-14	0.012294	0.011770	0.018426	0.007888	3.989990	14302200.000000
2021-10-13	0.002378	0.009884	0.009976	-0.003428	0.770020	14761500.000000
2021-10-12	-0.005162	-0.007436	-0.003288	-0.024827	-1.680023	31658700.000000
2021-10-11	-0.013937	-0.007332	0.001242	-0.014361	-4.599976	14708200.000000
2021-10-08	0.002521	0.006956	0.012697	-0.001549	0.829987	15946100.000000
2021-10-07	-0.013248	0.010071	0.015586	-0.013967	-4.420013	28307500.000000
2021-10-06	0.002042	-0.009671	0.004265	-0.021504	0.680023	26443000.000000
2021-10-05	0.020630	0.007203	0.027435	-0.000215	6.729980	35377900.000000
2021-10-04	-0.048920	-0.021807	-0.020612	-0.059211	-16.779999	42885000.000000
2021-10-01	0.010666	0.006541	0.016589	-0.002210	3.619995	14905300.000000
2021-09-30	-0.000648	0.002474	0.009393	-0.004299	-0.219971	16547100.000000
2021-09-29	-0.003053	0.007339	0.013445	-0.005196	-1.040009	14452200.000000
2021-09-28	-0.036569	-0.015866	-0.011256	-0.041462	-12.929993	21710300.000000
2021-09-27	0.001757	-0.008925	0.006205	-0.016659	0.619995	15205800.000000
2021-09-24	0.020234	-0.007862	0.024251	-0.010377	7.000000	18801900.000000
2021-09-23	0.008013	0.006264	0.018822	-0.000612	2.750000	21806300.000000
2021-09-22	-0.039918	-0.028673	-0.021372	-0.046968	-14.270020	43692900.000000
2021-09-21	0.005004	0.007872	0.012201	-0.001434	1.779999	11751900.000000
2021-09-20	-0.024731	-0.014861	-0.010117	-0.040908	-9.019989	19822800.000000
2021-09-17	-0.022356	-0.004423	-0.004423	-0.030746	-8.339996	26299000.000000
2021-09-16	-0.002300	-0.003022	-0.000963	-0.011259	-0.860016	11934200.000000
2021-09-15	-0.006932	0.001248	0.002736	-0.023531	-2.609985	17940300.000000
2021-09-14	0.000053	0.002364	0.005524	-0.003718	0.019989	8711600.000000
2021-09-13	-0.005757	0.007896	0.008080	-0.011461	-2.179993	13026300.000000
2021-09-10	0.001825	0.008889	0.015317	0.000688	0.690002	11549600.000000
2021-09-09	0.001139	0.000185	0.005986	-0.002649	0.429993	9098900.000000
2021-09-08	-0.012062	-0.005285	-0.003428	-0.019336	-4.609985	11067200.000000
2021-09-07	0.015734	-0.001010	0.017807	-0.008266	5.919983	10793800.000000
2021-09-03	0.002611	-0.001412	0.005010	-0.005782	0.980011	7509600.000000
2021-09-02	-0.017720	-0.001440	-0.000785	-0.020913	-6.769989	14832900.000000
2021-09-01	0.007038	0.000554	0.013048	-0.001502	2.669983	11567200.000000
2021-08-31	-0.003363	-0.001865	0.005517	-0.004886	-1.279999	12345400.000000
2021-08-30	0.021550	-0.000188	0.023777	-0.005662	8.029999	13547300.000000
2021-08-27	0.022641	0.001976	0.025687	-0.000823	8.250000	11219100.000000
2021-08-26	-0.010885	-0.000027	0.002850	-0.011564	-4.010010	7888700.000000
2021-08-25	0.007879	0.000246	0.014637	-0.000301	2.880005	9684500.000000
2021-08-24	0.005945	0.000853	0.012687	-0.004156	2.160004	9235100.000000
2021-08-23	0.011075	0.000195	0.017586	-0.000751	3.980011	10942000.000000
2021-08-20	0.011968	-0.001464	0.013714	-0.005097	4.250000	8697700.000000
2021-08-19	-0.000928	-0.011535	0.005964	-0.012519	-0.330017	12004500.000000
2021-08-18	-0.008369	-0.006138	0.003934	-0.009206	-3.000000	10042400.000000
2021-08-17	-0.022125	-0.009766	-0.005156	-0.031345	-8.109985	12328700.000000
2021-08-16	0.009307	-0.001817	0.010381	-0.015970	3.380005	11222100.000000
2021-08-13	0.001461	0.000882	0.005543	-0.003226	0.529999	7195700.000000
2021-08-12	0.007473	-0.004195	0.008445	-0.007918	2.690002	7170700.000000
2021-08-11	-0.003240	0.002686	0.003406	-0.009193	-1.170013	8400300.000000
2021-08-10	-0.001327	0.000608	0.006886	-0.007107	-0.479980	7469900.000000
2021-08-09	-0.005227	0.000688	0.006245	-0.007593	-1.900024	7798900.000000
2021-08-06	0.001488	-0.004325	0.006006	-0.004325	0.540009	8925000.000000
2021-08-05	0.011284	0.002006	0.013875	-0.005628	4.049988	10247200.000000
2021-08-04	0.021865	0.003360	0.026307	0.000769	7.680023	14180600.000000
2021-08-03	-0.002017	0.002216	0.005171	-0.012076	-0.710022	12406100.000000
2021-08-02	-0.012209	0.005052	0.008701	-0.015605	-4.349976	13180400.000000
2021-07-30	-0.005637	-0.012056	0.006726	-0.015015	-2.020020	15976200.000000
2021-07-29	-0.040077	-0.032898	-0.020789	-0.044310	-14.959991	33413200.000000
2021-07-28	0.014872	0.018352	0.026481	-0.002393	5.470001	29676900.000000
2021-07-27	-0.012485	-0.001477	0.001853	-0.021237	-4.649994	15705400.000000
2021-07-26	0.007220	-0.000568	0.012575	-0.004246	2.669983	14925200.000000
2021-07-23	0.052963	0.027677	0.068738	0.017085	18.600006	33694300.000000
2021-07-22	0.014326	0.001300	0.015337	-0.002946	4.959991	12385400.000000
2021-07-21	0.013376	-0.000468	0.014225	-0.001200	4.570007	9279700.000000
2021-07-20	0.013978	0.005490	0.019291	-0.007271	4.709991	11024300.000000
2021-07-19	-0.012340	-0.010523	-0.004016	-0.019404	-4.209991	14372300.000000
2021-07-16	-0.009580	0.001306	0.004442	-0.012541	-3.299988	11026100.000000
2021-07-15	-0.009119	0.004603	0.004603	-0.021316	-3.170013	14781600.000000
2021-07-14	-0.012667	0.007015	0.008833	-0.015223	-4.459991	13894200.000000
2021-07-13	-0.003030	-0.004700	0.015092	-0.012346	-1.070007	11456000.000000
2021-07-12	0.007819	0.002312	0.010758	-0.002226	2.739990	10018600.000000
2021-07-09	0.013800	-0.000955	0.014639	-0.001099	4.770020	13018700.000000
2021-07-08	-0.013809	-0.013581	-0.006163	-0.022625	-4.839996	14406500.000000
2021-07-07	-0.006491	0.007030	0.010516	-0.007880	-2.290009	14218900.000000
2021-07-06	-0.005413	0.005075	0.011531	-0.015563	-1.920013	13488500.000000
2021-07-02	0.000875	0.002003	0.005785	-0.004995	0.309998	11521300.000000
2021-07-01	0.019211	-0.002560	0.020017	-0.003480	6.680023	17137000.000000
2021-06-30	-0.011879	0.000796	0.002927	-0.013413	-4.180023	15107500.000000
2021-06-29	-0.010544	0.001771	0.003093	-0.018530	-3.750000	21417300.000000
2021-06-28	0.041802	0.003193	0.049126	0.001172	14.270020	29156100.000000
2021-06-25	-0.005274	-0.001719	0.002739	-0.010199	-1.809998	14594400.000000
2021-06-24	0.007604	0.003699	0.012655	0.003523	2.589996	12329100.000000
2021-06-23	0.004601	0.000944	0.012949	-0.002448	1.559998	14817800.000000
2021-06-22	0.020283	0.001204	0.022962	0.000933	6.739990	15345300.000000
2021-06-21	0.007978	0.004338	0.009889	-0.006097	2.630005	11337500.000000
2021-06-18	-0.020356	-0.005884	-0.001070	-0.022317	-6.850006	23039500.000000
2021-06-17	0.016401	-0.001782	0.020841	-0.002809	5.430023	17794100.000000
2021-06-16	-0.016837	-0.000148	0.002376	-0.023846	-5.670013	17232200.000000
2021-06-15	-0.000059	0.000653	0.009354	-0.005167	-0.019989	15795200.000000
2021-06-14	0.016633	0.001932	0.016784	-0.004377	5.509979	12250800.000000
2021-06-11	-0.003609	0.000361	0.001113	-0.010618	-1.199982	13587900.000000
2021-06-10	0.006692	0.001635	0.011173	-0.005148	2.209991	13240200.000000
2021-06-09	-0.010279	0.006174	0.009350	-0.011029	-3.429993	13727900.000000
2021-06-08	-0.008616	0.000357	0.005110	-0.012894	-2.899994	14580500.000000
2021-06-07	0.018859	-0.002634	0.022219	-0.004299	6.229980	20136700.000000
2021-06-04	0.013219	-0.000429	0.019691	-0.002638	4.309998	13289400.000000
2021-06-03	-0.009449	-0.010238	-0.005377	-0.017226	-3.109985	12610800.000000
2021-06-02	0.000061	0.003798	0.008325	-0.006107	0.019989	11654300.000000
2021-06-01	0.001217	0.004320	0.008183	-0.006358	0.399994	11765900.000000
2021-05-28	-0.012081	-0.005259	0.000361	-0.013283	-4.019989	12037400.000000
2021-05-27	0.015534	0.001038	0.018678	-0.002747	5.089996	20477700.000000
2021-05-26	-0.000397	0.001708	0.006223	-0.006010	-0.130005	9686900.000000
2021-05-25	0.009734	0.007547	0.014016	0.000524	3.160004	16437000.000000
2021-05-24	0.026563	0.006261	0.030737	0.005692	8.399994	16445400.000000
2021-05-21	-0.007470	0.002134	0.004143	-0.008788	-2.379974	13600900.000000
2021-05-20	0.016008	-0.000032	0.018049	-0.001371	5.019989	17320200.000000
2021-05-19	0.011711	-0.018615	0.015163	-0.020616	3.630005	19106200.000000
2021-05-18	-0.017435	0.000412	0.003297	-0.017910	-5.500000	14522400.000000
2021-05-17	-0.001519	-0.007565	-0.000823	-0.013800	-0.480011	15401300.000000
2021-05-14	0.034987	0.014021	0.037968	0.012514	10.679993	19245700.000000
2021-05-13	0.008957	0.011667	0.020856	0.000727	2.710022	18079200.000000
2021-05-12	-0.012984	-0.017617	-0.005122	-0.027208	-3.980011	24645500.000000
2021-05-11	0.001830	-0.017061	0.002843	-0.020525	0.559998	18920100.000000
2021-05-10	-0.041087	-0.014824	-0.014103	-0.044660	-13.109985	24239200.000000
2021-05-07	-0.002937	0.007375	0.009124	-0.003968	-0.940002	15916700.000000
2021-05-06	0.015872	-0.001587	0.016570	-0.005555	5.000000	19012200.000000
2021-05-05	-0.010491	-0.000534	0.008481	-0.012156	-3.339996	15577600.000000
2021-05-04	-0.013082	-0.007936	-0.001209	-0.029326	-4.220001	24032600.000000
2021-05-03	-0.007690	0.003353	0.010674	-0.009967	-2.500000	18719500.000000
2021-04-30	-0.013444	-0.010227	0.000941	-0.015204	-4.430023	26332400.000000
2021-04-29	0.072973	0.074959	0.080462	0.047248	22.410004	56526800.000000
2021-04-28	0.011628	0.012485	0.024212	0.005929	3.529999	33907200.000000
2021-04-27	0.001749	0.004092	0.007590	-0.006369	0.529999	15309300.000000
2021-04-26	0.006343	0.007339	0.015508	0.001428	1.910004	16172600.000000
2021-04-23	0.015547	0.007554	0.020471	0.002125	4.610016	17536800.000000
2021-04-22	-0.016420	-0.000464	0.004810	-0.018012	-4.950012	16375400.000000
2021-04-21	-0.003899	-0.002313	-0.002214	-0.017380	-1.179993	14863500.000000
2021-04-20	0.001357	-0.000827	0.009463	-0.016642	0.410004	16796400.000000
2021-04-19	-0.012868	-0.003821	0.004964	-0.018355	-3.940002	14553500.000000
2021-04-16	-0.005328	0.001137	0.003671	-0.010428	-1.640015	13059200.000000
2021-04-15	0.016511	0.011624	0.024173	0.004227	5.000000	14558300.000000
2021-04-14	-0.022404	-0.007942	-0.005585	-0.025213	-6.940002	17421400.000000
2021-04-13	-0.005714	0.002151	0.009276	-0.007126	-1.779999	14036900.000000
2021-04-12	-0.002944	-0.004513	-0.000992	-0.014498	-0.919983	10881900.000000
2021-04-09	-0.001789	-0.005175	0.005495	-0.008594	-0.559998	15988600.000000
2021-04-08	-0.000224	0.005621	0.008911	-0.009710	-0.070007	20894100.000000
2021-04-07	0.022301	0.000261	0.026089	-0.002482	6.829987	22855200.000000
2021-04-06	-0.008579	-0.000227	0.007899	-0.011848	-2.649994	17335200.000000
2021-04-05	0.034320	0.007467	0.040548	0.006764	10.250000	28237000.000000
2021-04-01	0.014022	0.013140	0.026721	0.007028	4.130005	17616000.000000
2021-03-31	0.022674	0.006910	0.029514	0.002118	6.529999	19498200.000000
2021-03-30	-0.009697	-0.003404	0.005674	-0.014167	-2.820007	17474500.000000
2021-03-29	0.027560	0.009717	0.035899	0.005936	7.800018	21718800.000000
2021-03-26	0.015355	-0.001579	0.020664	-0.003480	4.279999	17629200.000000
2021-03-25	-0.012051	-0.004111	0.020982	-0.015560	-3.400024	24505600.000000
2021-03-24	-0.029212	0.001273	0.003750	-0.032584	-8.489990	18675000.000000
2021-03-23	-0.009913	-0.001329	0.015194	-0.012707	-2.910004	23000900.000000
2021-03-22	0.011823	0.001172	0.033091	-0.011582	3.430023	28273100.000000
2021-03-19	0.041239	0.009332	0.050894	0.009260	11.489990	38930500.000000
2021-03-18	-0.018978	-0.014577	0.004155	-0.020175	-5.390015	18728300.000000
2021-03-17	0.016936	-0.012783	0.024885	-0.013857	4.730011	21315000.000000
2021-03-16	0.020201	0.008511	0.030648	0.003836	5.529999	22437700.000000
2021-03-15	0.019933	0.002534	0.028167	0.000373	5.350006	16844800.000000
2021-03-12	-0.020009	-0.017307	-0.015116	-0.036001	-5.480011	20600200.000000
2021-03-11	0.033900	0.012118	0.049075	0.011023	8.980011	21834000.000000
2021-03-10	-0.003161	0.010913	0.012155	-0.010800	-0.839996	14210300.000000
2021-03-09	0.040852	0.022992	0.051780	0.017626	10.429993	22039700.000000
2021-03-08	-0.033941	0.004805	0.004919	-0.034925	-8.970001	18391800.000000
2021-03-05	0.025772	0.011761	0.030314	-0.007879	6.639984	26820100.000000
2021-03-04	0.008731	0.004150	0.043381	-0.007478	2.230011	31626500.000000
2021-03-03	-0.013861	0.004981	0.007683	-0.015058	-3.589996	15513500.000000
2021-03-02	-0.022309	0.003284	0.006795	-0.023631	-5.910004	15191700.000000
2021-03-01	0.028298	0.012421	0.035052	0.001087	7.290009	22157300.000000
2021-02-26	0.011504	0.006989	0.042640	0.006989	2.929993	26619500.000000
2021-02-25	-0.036397	-0.007605	0.009950	-0.038856	-9.619995	19053100.000000
2021-02-24	-0.005830	-0.013278	0.001956	-0.028097	-1.549988	15736100.000000
2021-02-23	0.021242	-0.003188	0.027388	-0.020628	5.529999	21924600.000000
2021-02-22	-0.004703	-0.013802	0.005773	-0.015408	-1.230011	17434900.000000
2021-02-19	-0.029066	0.001745	0.003267	-0.034300	-7.830017	25622600.000000
2021-02-18	-0.015279	-0.014621	-0.005922	-0.027562	-4.179993	15249100.000000
2021-02-17	-0.001460	-0.009965	0.000000	-0.016024	-0.399994	12763200.000000
2021-02-16	0.012828	0.001109	0.022551	-0.001664	3.470001	15417200.000000
2021-02-12	0.000407	0.000481	0.002922	-0.007582	0.109985	9097600.000000
2021-02-11	-0.005444	0.000074	0.006290	-0.012432	-1.479980	12828600.000000
2021-02-10	0.008981	0.011134	0.016144	-0.006421	2.419983	14687200.000000
2021-02-09	0.010766	-0.000525	0.025546	-0.003113	2.870026	14613400.000000
2021-02-08	-0.005670	0.002424	0.006565	-0.011563	-1.520020	13755200.000000
2021-02-05	0.006042	0.001163	0.010057	-0.003077	1.610016	12454400.000000
2021-02-04	-0.000600	0.001350	0.005663	-0.009938	-0.160004	16060000.000000
2021-02-03	-0.001610	-0.005466	0.007938	-0.012131	-0.429993	14223400.000000
2021-02-02	0.019350	0.007595	0.026106	0.004809	5.069977	17320800.000000
2021-02-01	0.014245	0.004607	0.022607	-0.013239	3.680023	22914300.000000
2021-01-29	-0.025170	0.001132	0.005887	-0.038302	-6.670013	30389500.000000
2021-01-28	-0.026237	0.018520	0.053833	-0.027339	-7.140015	37758800.000000
2021-01-27	-0.035136	0.001702	0.004964	-0.049388	-9.909973	35346200.000000
2021-01-26	0.014532	0.000468	0.026546	-0.000719	4.039978	19373600.000000
2021-01-25	0.012787	0.013261	0.020401	-0.010892	3.510010	19087000.000000
2021-01-22	0.005974	-0.003152	0.020523	-0.003188	1.630005	21954000.000000
2021-01-21	0.020151	0.006655	0.022880	0.000037	5.389984	20838700.000000
2021-01-20	0.024435	0.029988	0.035312	0.009575	6.380005	25199900.000000
2021-01-19	0.038749	0.022040	0.043125	0.005411	9.740005	28028500.000000
2021-01-15	0.023286	0.009200	0.033464	0.006188	5.720001	24942900.000000
2021-01-14	-0.023844	0.006994	0.013472	-0.027937	-6.000000	29739400.000000
2021-01-13	0.002190	0.001832	0.011390	-0.007527	0.550003	19528900.000000
2021-01-12	-0.022387	-0.000818	0.011213	-0.025463	-5.750000	26383500.000000
2021-01-11	-0.040102	-0.026498	-0.015323	-0.043615	-10.730011	30412300.000000
2021-01-08	-0.004354	-0.001600	0.000782	-0.020689	-1.169983	18528300.000000
2021-01-07	0.020622	0.009836	0.031522	0.005583	5.429993	15789800.000000
2021-01-06	-0.028269	-0.033103	-0.011883	-0.040447	-7.660004	24354100.000000
2021-01-05	0.007548	-0.002417	0.012865	-0.002714	2.029999	9871600.000000
2021-01-04	-0.015449	0.005931	0.006736	-0.029140	-4.220001	15106100.000000
2020-12-31	0.004745	0.000478	0.019200	-0.007577	1.290009	12900400.000000
2020-12-30	-0.017740	0.004227	0.004697	-0.018318	-4.910004	11803800.000000
2020-12-29	-0.000794	-0.000180	0.012672	-0.002599	-0.220001	16383000.000000
2020-12-28	0.035901	0.005011	0.037023	-0.006507	9.600006	23299700.000000
2020-12-24	-0.002648	0.002872	0.008541	-0.007124	-0.709991	6702000.000000
2020-12-23	0.003819	-0.000749	0.019020	-0.003220	1.019989	14329000.000000
2020-12-22	-0.020895	-0.004729	-0.004729	-0.029913	-5.700012	17312900.000000
2020-12-21	-0.013061	-0.012373	-0.006259	-0.031150	-3.609985	16553700.000000
2020-12-18	0.006995	0.004700	0.012824	-0.012168	1.919983	26693200.000000
2020-12-17	-0.004317	0.005079	0.017303	-0.007473	-1.190002	16377800.000000
2020-12-16	0.000436	-0.002867	0.008383	-0.011032	0.120026	15885000.000000
2020-12-15	0.004960	0.002334	0.006893	-0.024509	1.359985	23979500.000000
2020-12-14	0.002340	-0.000658	0.013416	-0.007275	0.640015	16376900.000000
2020-12-11	-0.012883	-0.009346	-0.002309	-0.024791	-3.570007	14391400.000000
2020-12-10	-0.002879	-0.008564	0.002914	-0.021805	-0.800018	20065100.000000
2020-12-09	-0.019337	0.000917	0.014926	-0.041108	-5.479980	25189700.000000
2020-12-08	-0.007634	0.001506	0.002976	-0.014112	-2.179993	10747700.000000
2020-12-07	0.021022	-0.001823	0.031426	-0.005363	5.879974	13007700.000000
2020-12-04	-0.007628	-0.005499	0.005712	-0.009047	-2.149994	10880300.000000
2020-12-03	-0.019720	-0.004417	-0.003026	-0.022433	-5.669983	12921700.000000
2020-12-02	0.003385	-0.004153	0.018252	-0.019962	0.970001	17361600.000000
2020-12-01	0.034589	0.007907	0.044517	0.007185	9.579987	20738900.000000
2020-11-30	-0.003024	-0.006407	-0.000396	-0.024477	-0.839996	16693300.000000
2020-11-27	0.008055	0.006532	0.012845	-0.002794	2.220001	7808400.000000
2020-11-25	-0.004803	0.004406	0.011772	-0.015420	-1.330017	12467000.000000
2020-11-24	0.031628	0.000224	0.034981	-0.002086	8.490021	16930400.000000
2020-11-23	-0.004709	0.004412	0.004635	-0.019169	-1.270020	20990800.000000
2020-11-20	-0.011871	-0.001392	0.000220	-0.012933	-3.239990	18114700.000000
2020-11-19	0.003567	-0.003493	0.005515	-0.010222	0.970001	12963700.000000
2020-11-18	-0.011018	-0.001745	0.008691	-0.011491	-3.029999	12152900.000000
2020-11-17	-0.014196	-0.004588	-0.004588	-0.020325	-3.959991	15040300.000000
2020-11-16	0.007258	-0.006861	0.008882	-0.008377	2.009979	12970400.000000
2020-11-13	0.006798	0.009597	0.009743	-0.007198	1.870026	10391200.000000
2020-11-12	-0.005064	0.002532	0.011827	-0.007415	-1.400024	12899500.000000
2020-11-11	0.014866	0.003818	0.021914	0.000184	4.050018	14957000.000000
2020-11-10	-0.022743	-0.020339	-0.017111	-0.052983	-6.339996	29067700.000000
2020-11-09	-0.049896	-0.012065	-0.002829	-0.050714	-14.640015	25117700.000000
2020-11-06	-0.004310	-0.002477	-0.000271	-0.022465	-1.269989	13891000.000000
2020-11-05	0.025402	0.015728	0.034797	0.005463	7.299988	23823600.000000
2020-11-04	0.083227	0.059178	0.089107	0.050207	22.080017	35364400.000000
2020-11-03	0.015075	0.006887	0.033249	-0.001836	3.940002	17961900.000000
2020-11-02	-0.006651	0.005663	0.027973	-0.021930	-1.750000	27165700.000000
2020-10-30	-0.063099	-0.022540	-0.014706	-0.077378	-17.720001	47247800.000000
2020-10-29	0.049165	0.033175	0.059514	0.022827	13.159973	32368100.000000
2020-10-28	-0.055138	-0.015885	-0.015885	-0.056585	-15.619995	23121800.000000
2020-10-27	0.022302	0.005954	0.026704	-0.002887	6.180023	16287200.000000
2020-10-26	-0.026967	-0.005724	0.001545	-0.036975	-7.680023	21322900.000000
2020-10-23	0.023983	0.002445	0.025600	-0.004674	6.670013	17535200.000000
2020-10-22	-0.002189	0.004090	0.013346	-0.013239	-0.610016	16720000.000000
2020-10-21	0.041748	0.044850	0.057894	0.032927	11.170013	28998600.000000
2020-10-20	0.023565	0.006350	0.031752	0.005662	6.160004	18763200.000000
2020-10-19	-0.017035	-0.001504	0.009852	-0.022750	-4.529999	13587000.000000
2020-10-16	-0.002962	0.002475	0.017434	-0.005324	-0.790009	16622700.000000
2020-10-15	-0.018762	-0.015525	-0.010227	-0.029983	-5.100006	15416100.000000
2020-10-14	-0.015644	0.005360	0.009452	-0.016803	-4.320007	15577800.000000
2020-10-13	0.001414	0.006636	0.012149	-0.008558	0.390015	18063300.000000
2020-10-12	0.042730	0.021743	0.059482	0.012932	11.299988	31019300.000000
2020-10-09	0.002616	0.002881	0.003753	-0.006028	0.690002	14107800.000000
2020-10-08	0.021850	0.006315	0.025182	0.003990	5.640015	16312800.000000
2020-10-07	-0.002088	0.002126	0.005876	-0.014846	-0.540009	23133400.000000
2020-10-06	-0.022634	-0.010844	0.003930	-0.024221	-5.989990	18696900.000000
2020-10-05	0.018120	0.008694	0.018966	0.003462	4.709991	12822300.000000
2020-10-02	-0.025091	-0.020328	-0.005551	-0.027941	-6.690002	16367600.000000
2020-10-01	0.018060	0.013173	0.024551	0.011073	4.730011	20009800.000000
2020-09-30	0.000420	0.000726	0.016387	-0.006456	0.109985	20142500.000000
2020-09-29	0.019352	0.003855	0.025348	0.000311	4.970001	20200200.000000
2020-09-28	0.007849	0.017973	0.018758	0.000000	2.000000	18826300.000000
2020-09-25	0.021200	-0.000521	0.024927	-0.011702	5.290009	18351300.000000
2020-09-24	0.002048	-0.010120	0.012931	-0.013654	0.509995	20006800.000000
2020-09-23	-0.022493	0.002002	0.012718	-0.025908	-5.729996	19641300.000000
2020-09-22	0.026597	0.020794	0.028894	0.000282	6.600006	30293100.000000
2020-09-21	-0.017344	-0.019760	-0.010217	-0.033263	-4.380005	24709400.000000
2020-09-18	-0.008987	0.014049	0.017189	-0.018719	-2.290009	28130800.000000
2020-09-17	-0.033015	-0.019885	-0.007665	-0.050584	-8.699982	31281400.000000
2020-09-16	-0.032670	-0.018831	0.000073	-0.039021	-8.900024	29183400.000000
2020-09-15	0.023558	0.016983	0.031448	0.011835	6.270020	18478500.000000
2020-09-14	-0.001725	0.016279	0.037621	-0.003413	-0.459991	24093800.000000
2020-09-11	-0.005521	0.007348	0.012309	-0.020329	-1.480011	18913900.000000
2020-09-10	-0.020568	0.006540	0.019874	-0.024441	-5.630005	24814700.000000
2020-09-09	0.009441	0.017001	0.026995	0.000701	2.559998	22918800.000000
2020-09-08	-0.040922	-0.040498	-0.012132	-0.047077	-11.570007	24864000.000000
2020-09-04	-0.028820	-0.013293	-0.007282	-0.068631	-8.389984	30333700.000000
2020-09-03	-0.037620	-0.021521	-0.016198	-0.062380	-11.380005	32294100.000000
2020-09-02	0.023897	0.011644	0.027620	-0.008090	7.059998	24341400.000000
2020-09-01	0.007640	0.005150	0.028274	-0.001671	2.239990	17295900.000000
2020-08-31	-0.001566	0.000988	0.010965	-0.007185	-0.459991	17345100.000000
2020-08-28	0.001501	0.006071	0.013676	-0.007639	0.440002	17157400.000000
2020-08-27	-0.035175	-0.012339	-0.008818	-0.039123	-10.690002	30301300.000000
2020-08-26	0.082223	0.011324	0.084930	0.011324	23.089996	69015200.000000
2020-08-25	0.034747	0.003758	0.043111	-0.004164	9.429993	42127200.000000
2020-08-24	0.016404	0.015205	0.038351	0.006591	4.380005	23685600.000000
2020-08-21	-0.007435	-0.001190	0.005502	-0.009628	-2.000000	15538600.000000
2020-08-20	0.024449	-0.004151	0.026810	-0.004303	6.420013	20299700.000000
2020-08-19	0.000953	-0.003621	0.021232	-0.003774	0.250000	23291500.000000
2020-08-18	0.004518	-0.000804	0.015278	-0.007275	1.179993	18690400.000000
2020-08-17	-0.000306	0.004823	0.010948	-0.007043	-0.079987	13351100.000000
2020-08-14	-0.000230	0.003865	0.005166	-0.010027	-0.059998	14792700.000000
2020-08-13	0.005425	0.006387	0.020278	-0.001231	1.409973	17374000.000000
2020-08-12	0.014680	0.011088	0.030336	0.007730	3.760010	21415700.000000
2020-08-11	-0.026122	-0.010684	0.011103	-0.029924	-6.869995	28238300.000000
2020-08-10	-0.020265	-0.001490	0.020191	-0.032596	-5.440002	30248800.000000
2020-08-07	0.011912	-0.004524	0.051304	-0.006974	3.160004	72766400.000000
2020-08-06	0.064868	-0.000321	0.070167	-0.001806	16.160004	45241600.000000
2020-08-05	-0.002842	0.001441	0.009767	-0.008246	-0.710007	13050100.000000
2020-08-04	-0.008454	-0.001588	0.003334	-0.017979	-2.130005	17183500.000000
2020-08-03	-0.006741	-0.004021	0.006820	-0.013167	-1.709991	23124900.000000
2020-07-31	0.081748	0.090917	0.091045	0.061834	19.169998	53005100.000000
2020-07-30	0.005187	-0.013160	0.006858	-0.018389	1.210007	20615300.000000
2020-07-29	0.013775	0.004432	0.015557	0.000826	3.169998	13588300.000000
2020-07-28	-0.014475	0.004839	0.006253	-0.015717	-3.380005	14170100.000000
2020-07-27	0.012093	0.003251	0.018378	0.000520	2.789993	13163100.000000
2020-07-24	-0.008126	-0.010361	0.003826	-0.024506	-1.889999	18325800.000000
2020-07-23	-0.030308	-0.001001	0.010631	-0.033852	-7.269989	21771800.000000
2020-07-22	-0.007777	-0.006163	0.000620	-0.015016	-1.880005	15427900.000000
2020-07-21	-0.014954	0.003260	0.006071	-0.021759	-3.669998	19364200.000000
2020-07-20	0.014007	-0.008139	0.016610	-0.026402	3.389999	20872200.000000
2020-07-17	0.004566	0.000291	0.013406	-0.012742	1.100006	18152400.000000
2020-07-16	0.002705	-0.009489	0.006159	-0.016439	0.649994	18880700.000000
2020-07-15	0.002294	0.007592	0.021232	-0.007008	0.550003	19133600.000000
2020-07-14	0.003054	-0.009372	0.005565	-0.029163	0.729996	23378100.000000
2020-07-13	-0.024768	0.007916	0.020729	-0.027135	-6.070007	24674900.000000
2020-07-10	0.002331	-0.003313	0.004049	-0.021186	0.570007	22982700.000000
2020-07-09	0.003777	0.005830	0.012111	-0.017818	0.919998	22174900.000000
2020-07-08	0.011293	-0.011417	0.025450	-0.017728	2.720001	29791300.000000
2020-07-07	0.002414	-0.003621	0.030673	-0.006076	0.580002	27887800.000000
2020-07-06	0.029389	0.001457	0.029903	-0.004927	6.860001	26206200.000000
2020-07-02	-0.017386	0.006104	0.010314	-0.020796	-4.130005	30633600.000000
2020-07-01	0.046153	0.006298	0.052539	0.002158	10.479996	43399700.000000
2020-06-30	0.029143	-0.000227	0.031091	-0.009835	6.430008	33927100.000000
2020-06-29	0.021103	-0.029295	0.021612	-0.041512	4.559998	58514300.000000
2020-06-26	-0.083164	-0.012899	-0.010989	-0.086049	-19.599991	76343900.000000
2020-06-25	0.007093	0.002564	0.014016	-0.005470	1.659988	18704300.000000
2020-06-24	-0.033933	-0.004293	0.004046	-0.039465	-8.220001	20834900.000000
2020-06-23	0.012624	0.008611	0.024956	0.002675	3.020004	24017900.000000
2020-06-22	0.001801	-0.000963	0.007999	-0.007873	0.430008	18917800.000000
2020-06-19	0.012079	0.007841	0.020726	-0.001653	2.849991	30081300.000000
2020-06-18	0.001741	-0.002293	0.002590	-0.014351	0.410004	15782500.000000
2020-06-17	-0.000509	-0.002758	0.008233	-0.016635	-0.119995	19578100.000000
2020-06-16	0.013548	0.019957	0.025634	0.002151	3.149994	15236700.000000
2020-06-15	0.017149	-0.015268	0.022705	-0.016537	3.919998	15340300.000000
2020-06-12	0.018491	0.024373	0.032215	0.000312	4.150009	22091400.000000
2020-06-11	-0.051958	-0.028682	-0.016221	-0.055675	-12.300003	26708200.000000
2020-06-10	-0.008128	0.009595	0.010642	-0.014204	-1.940002	20720700.000000
2020-06-09	0.031417	0.000519	0.036171	-0.004278	7.270004	27462900.000000
2020-06-08	0.002730	-0.007540	0.003380	-0.014560	0.629990	15466500.000000
2020-06-05	0.019798	0.001856	0.022361	-0.004331	4.480011	16750400.000000
2020-06-04	-0.016814	-0.002607	0.006387	-0.024114	-3.870010	17041500.000000
2020-06-03	-0.011000	-0.002621	-0.000301	-0.018004	-2.559998	15380300.000000
2020-06-02	0.003493	-0.004183	0.004700	-0.023069	0.809998	20919000.000000
2020-06-01	0.030299	-0.002221	0.032654	-0.007064	6.820007	18223800.000000
2020-05-29	-0.001641	-0.001153	0.009004	-0.011443	-0.370010	23241500.000000
2020-05-28	-0.016060	-0.021122	0.010867	-0.022432	-3.679993	29377200.000000
2020-05-27	-0.013178	-0.013480	-0.007063	-0.047674	-3.059998	34697600.000000
2020-05-26	-0.011536	0.020689	0.025499	-0.013793	-2.710007	33178300.000000
2020-05-22	0.015212	0.000519	0.019880	-0.011452	3.520004	33925600.000000
2020-05-21	0.006175	0.020655	0.031439	0.005349	1.419998	47782600.000000
2020-05-20	0.060356	0.030524	0.066673	0.029094	13.089996	50162900.000000
2020-05-19	0.017309	0.000375	0.034242	-0.001689	3.690002	31843200.000000
2020-05-18	0.010954	0.006022	0.017830	0.000285	2.309998	20151900.000000
2020-05-15	0.019680	-0.007446	0.021904	-0.013007	4.070007	19383200.000000
2020-05-14	0.008337	-0.012384	0.008922	-0.021502	1.709991	17178900.000000
2020-05-13	-0.023798	-0.003189	0.003237	-0.038030	-5.000000	20684600.000000
2020-05-12	-0.014448	0.000516	0.009851	-0.014917	-3.079987	14704600.000000
2020-05-11	0.003909	-0.006875	0.012479	-0.009324	0.829987	12911900.000000
2020-05-08	0.005160	0.004639	0.009230	-0.001941	1.090012	12506000.000000
2020-05-07	0.013383	0.012904	0.015014	0.002734	2.789993	15152000.000000
2020-05-06	0.006761	0.005071	0.021877	-0.001980	1.399994	21857000.000000
2020-05-05	0.008818	0.008575	0.024944	0.006041	1.810013	21071200.000000
2020-05-04	0.014782	-0.010234	0.017996	-0.017353	2.989990	19250700.000000
2020-05-01	-0.011919	-0.015192	0.012554	-0.027649	-2.440002	30415600.000000
2020-04-30	0.054174	0.065554	0.079819	0.038004	10.520004	46230100.000000
2020-04-29	0.061670	0.043847	0.076540	0.038762	11.279999	45954500.000000
2020-04-28	-0.024480	0.006187	0.009067	-0.026347	-4.589996	21731000.000000
2020-04-27	-0.013521	0.013627	0.019361	-0.013995	-2.570007	29197800.000000
2020-04-24	0.026684	-0.010263	0.028520	-0.023227	4.940002	28792000.000000
2020-04-23	0.015635	0.009875	0.026169	0.004773	2.850006	21426600.000000
2020-04-22	0.067213	0.044789	0.081850	0.042974	11.479996	33242000.000000
2020-04-21	-0.041741	-0.016775	-0.016046	-0.055543	-7.440002	24850500.000000
2020-04-20	-0.005579	-0.010210	0.007030	-0.013780	-1.000000	16110700.000000
2020-04-17	0.016965	0.016738	0.022865	0.002326	2.990005	20974800.000000
2020-04-16	-0.004068	0.005538	0.006103	-0.025202	-0.720001	23593200.000000
2020-04-15	-0.006735	-0.016726	0.000112	-0.030027	-1.199997	17423000.000000
2020-04-14	0.019338	0.023972	0.036844	0.010470	3.380005	21011800.000000
2020-04-13	-0.002283	-0.008676	-0.001085	-0.032764	-0.400009	19355400.000000
2020-04-09	0.005222	0.009295	0.016066	-0.015550	0.910004	23534300.000000
2020-04-08	0.032281	0.014334	0.036546	-0.006456	5.449997	21664200.000000
2020-04-07	0.019813	0.037692	0.047357	0.002779	3.279999	31411900.000000
2020-04-06	0.073745	0.038721	0.077961	0.028084	11.370010	28453600.000000
2020-04-03	-0.025349	-0.006574	-0.001770	-0.046526	-4.010010	25983300.000000
2020-04-02	-0.008835	-0.003133	0.010965	-0.023058	-1.410004	20886300.000000
2020-04-01	-0.043165	-0.031055	-0.015887	-0.052518	-7.199997	19507600.000000
2020-03-31	0.005122	-0.002832	0.030009	-0.010545	0.850006	23676300.000000
2020-03-30	0.058422	0.015243	0.063525	0.008100	9.160004	22515200.000000
2020-03-27	-0.040100	-0.031468	-0.019897	-0.052590	-6.550003	24879900.000000
2020-03-26	0.045644	0.013059	0.049869	0.005185	7.129990	26556800.000000
2020-03-25	-0.029631	-0.012797	0.012486	-0.049199	-4.769989	35184300.000000
2020-03-24	0.086968	0.048008	0.089196	0.030182	12.879990	30440400.000000
2020-03-23	-0.010886	-0.000467	0.017231	-0.049957	-1.629990	29830800.000000
2020-03-20	-0.022203	0.018873	0.040097	-0.033501	-3.400009	32568400.000000
2020-03-19	0.041984	-0.002314	0.088255	-0.014698	6.169998	39862300.000000
2020-03-18	-0.016464	-0.064717	-0.008299	-0.082452	-2.459991	37553100.000000
2020-03-17	0.023355	0.032395	0.054311	-0.041162	3.410004	34255600.000000
2020-03-16	-0.142530	-0.105473	-0.065480	-0.159619	-24.270004	39120400.000000
2020-03-13	0.102350	0.058652	0.105652	0.020263	15.809998	35028600.000000
2020-03-12	-0.092634	-0.062853	-0.021382	-0.093398	-15.770004	43266300.000000
2020-03-11	-0.044615	-0.023458	-0.012964	-0.059094	-7.949997	20373900.000000
2020-03-10	0.051268	0.030501	0.051858	0.000000	8.690002	24517800.000000
2020-03-09	-0.064001	-0.063449	-0.033630	-0.087802	-11.589996	29949000.000000
2020-03-06	-0.022034	-0.036939	-0.007507	-0.048118	-4.080002	24559600.000000
2020-03-05	-0.034366	-0.025970	-0.014445	-0.041041	-6.589996	19333400.000000
2020-03-04	0.031578	0.017645	0.031954	0.002690	5.869995	23062500.000000
2020-03-03	-0.053706	-0.001120	0.004073	-0.063480	-10.550003	27984100.000000
2020-03-02	0.020627	0.008105	0.021302	-0.018808	3.970001	24949000.000000
2020-02-28	0.014335	-0.037154	0.015758	-0.041792	2.720001	32568900.000000
2020-02-27	-0.037779	-0.027282	-0.006694	-0.039047	-7.449997	21682600.000000
2020-02-26	0.002185	0.002134	0.022564	-0.006505	0.429993	16524500.000000
2020-02-25	-0.019679	0.007623	0.013850	-0.023764	-3.949997	21433500.000000
2020-02-24	-0.045009	-0.039871	-0.031069	-0.057141	-9.459991	23080100.000000
2020-02-21	-0.020505	-0.005126	-0.001584	-0.026797	-4.400009	14092300.000000
2020-02-20	-0.013380	-0.004460	0.005885	-0.020875	-2.910004	13109200.000000
2020-02-19	-0.001423	0.000872	0.002388	-0.007759	-0.309998	12135100.000000
2020-02-18	0.016902	-0.002941	0.017742	-0.003642	3.620010	15609200.000000
2020-02-14	0.004879	0.004035	0.008398	-0.002299	1.039993	10741700.000000
2020-02-13	0.011292	-0.005883	0.016939	-0.007497	2.380005	15396600.000000
2020-02-12	0.017231	0.003185	0.019451	0.001014	3.569992	13813700.000000
2020-02-11	-0.027551	-0.013470	-0.010326	-0.030743	-5.869995	25030800.000000
2020-02-10	0.003438	-0.003815	0.006923	-0.007865	0.729996	11856400.000000
2020-02-07	0.007019	-0.002609	0.009343	-0.004363	1.479996	12242500.000000
2020-02-06	0.003522	0.001713	0.005140	-0.003665	0.740005	10567500.000000
2020-02-05	0.001334	0.012772	0.013821	-0.005338	0.279999	12538200.000000
2020-02-04	0.027621	0.011901	0.031392	0.004946	5.639999	19628900.000000
2020-02-03	0.011292	0.007578	0.015997	0.002922	2.279999	15495600.000000
2020-01-31	-0.036367	-0.005250	-0.004009	-0.040424	-7.619995	31359900.000000
2020-01-30	-0.061372	-0.074811	-0.052860	-0.082785	-13.699997	48775500.000000
2020-01-29	0.024978	0.016759	0.029432	0.003030	5.440002	33181300.000000
2020-01-28	0.013590	0.005911	0.018011	-0.006283	2.919998	13413800.000000
2020-01-27	-0.014086	-0.022208	-0.008626	-0.024961	-3.070007	13810700.000000
2020-01-24	-0.008282	0.004732	0.009192	-0.016609	-1.819992	11905800.000000
2020-01-23	-0.007049	-0.002575	0.000768	-0.009263	-1.560013	11195000.000000
2020-01-22	-0.000542	0.003929	0.005916	-0.000723	-0.119995	12212800.000000
2020-01-21	-0.003151	0.000090	0.001035	-0.013595	-0.699997	14275800.000000
2020-01-17	0.001668	0.001172	0.002345	-0.005591	0.369995	15905900.000000
2020-01-16	0.002804	0.006421	0.006692	-0.003437	0.620010	10015300.000000
2020-01-15	0.009541	0.007076	0.011960	0.004930	2.089996	10036500.000000
2020-01-14	-0.012843	-0.001352	0.002118	-0.014781	-2.850006	13288900.000000
2020-01-13	0.017656	0.007062	0.017931	0.005274	3.850006	14463400.000000
2020-01-10	-0.001099	0.004123	0.007238	-0.004031	-0.240005	12119400.000000
2020-01-09	0.014311	0.010780	0.014683	0.004925	3.080002	12642800.000000
2020-01-08	0.010138	-0.000282	0.014925	-0.002112	2.160004	13475000.000000
2020-01-07	0.002164	0.001035	0.009313	-0.003998	0.459991	14912400.000000
2020-01-06	0.018834	-0.009441	0.019696	-0.010303	3.930008	17058900.000000
2020-01-03	-0.005291	-0.012251	0.002955	-0.013490	-1.110001	11188400.000000
2020-01-02	0.022071	0.007308	0.022119	0.004970	4.529999	12077100.000000
