2022-12-30	-0.004937	-0.009142	-0.001863	-0.015589	-1.187012	21938500.000000
2022-12-29	0.027630	0.007292	0.034093	0.007292	6.463806	19770700.000000
2022-12-28	-0.010255	0.002208	0.014181	-0.009299	-2.423950	17457100.000000
2022-12-27	-0.007414	0.002379	0.003345	-0.009673	-1.765564	16688600.000000
2022-12-23	0.002267	-0.006250	0.005367	-0.015383	0.538651	21207000.000000
2022-12-22	-0.025529	-0.010497	-0.007503	-0.040806	-6.224396	28651700.000000
2022-12-21	0.010877	0.002049	0.018342	-0.004502	2.623413	23690600.000000
2022-12-20	0.005615	-0.001873	0.012761	-0.005959	1.346634	25150800.000000
2022-12-19	-0.017328	0.003201	0.004635	-0.021996	-4.229416	29696400.000000
2022-12-16	-0.017349	0.000653	0.005846	-0.019638	-4.309204	86102000.000000
2022-12-15	-0.031918	-0.011136	-0.009266	-0.036002	-8.189499	35560400.000000
2022-12-14	0.001168	0.003324	0.024629	-0.007680	0.299255	35410900.000000
2022-12-13	0.017465	0.038951	0.047804	0.004728	4.399002	42196900.000000
2022-12-12	0.028889	0.010797	0.031589	0.009653	7.072281	30665100.000000
2022-12-09	-0.008003	-0.008436	0.006192	-0.010624	-1.975052	20609700.000000
2022-12-08	0.012399	0.004433	0.020432	-0.002869	3.022430	22611800.000000
2022-12-07	-0.003060	0.001319	0.006758	-0.009397	-0.748123	20481500.000000
2022-12-06	-0.020304	0.004989	0.009156	-0.023219	-5.067322	22463700.000000
2022-12-05	-0.018900	-0.009328	-0.002213	-0.024856	-4.807953	23435300.000000
2022-12-02	0.001296	-0.016664	0.007897	-0.017176	0.329178	21528500.000000
2022-12-01	-0.001764	-0.002485	0.006355	-0.014077	-0.448883	26041500.000000
2022-11-30	0.061624	0.003506	0.065075	0.000544	14.772995	47594200.000000
2022-11-29	-0.005915	0.001012	0.006776	-0.012216	-1.426422	17956300.000000
2022-11-28	-0.023152	-0.003207	-0.000898	-0.024594	-5.715683	24778200.000000
2022-11-25	-0.000364	0.001411	0.007040	-0.000937	-0.089783	9200800.000000
2022-11-23	0.010407	0.002832	0.015802	-0.000605	2.543640	19508500.000000
2022-11-22	0.012311	0.008883	0.016007	-0.003045	2.972549	19665700.000000
2022-11-21	0.003441	0.003377	0.016843	0.002380	0.827927	26394700.000000
2022-11-18	-0.001903	0.010096	0.011050	-0.008488	-0.458847	27613500.000000
2022-11-17	-0.000207	-0.013877	0.008808	-0.014499	-0.049881	23123500.000000
2022-11-16	0.001824	0.008737	0.012933	-0.001110	0.438904	24093300.000000
2022-11-15	0.001739	0.022436	0.028013	-0.000996	0.417770	31390100.000000
2022-11-14	-0.022500	-0.015500	-0.007689	-0.026810	-5.530533	31123300.000000
2022-11-11	0.016997	0.005371	0.026059	0.000986	4.108109	34620200.000000
2022-11-10	0.082268	0.054228	0.089604	0.052303	18.372086	46268000.000000
2022-11-09	-0.019050	-0.001259	0.004276	-0.014612	-4.336884	27852900.000000
2022-11-08	0.004388	0.008992	0.022007	-0.003626	0.994690	28192500.000000
2022-11-07	0.029270	0.008055	0.037208	0.004830	6.445648	33498000.000000
2022-11-04	0.033326	0.020815	0.039772	0.001482	7.102142	36789100.000000
2022-11-03	-0.026579	0.005284	0.006746	-0.022624	-5.818985	36633900.000000
2022-11-02	-0.035368	0.011014	0.019121	-0.030491	-8.027206	38407000.000000
2022-11-01	-0.017059	0.016027	0.020964	-0.015458	-3.939011	30592300.000000
2022-10-31	-0.015856	-0.003663	0.001281	-0.014788	-3.720169	28357300.000000
2022-10-28	0.040221	0.003069	0.049001	0.002226	9.071655	40647700.000000
2022-10-27	-0.019756	0.004113	0.015630	-0.018747	-4.545792	40424600.000000
2022-10-26	-0.077156	-0.072839	-0.044243	-0.077291	-19.237457	82543200.000000
2022-10-25	0.013792	0.005371	0.020740	-0.000444	3.391922	34775500.000000
2022-10-24	0.021188	0.012139	0.029080	0.001925	5.102798	24911200.000000
2022-10-21	0.025281	-0.000673	0.034492	-0.001694	5.938370	26299700.000000
2022-10-20	-0.001396	0.002312	0.025863	-0.001515	-0.328262	21811000.000000
2022-10-19	-0.008470	-0.000824	0.010009	-0.012416	-2.009293	19985700.000000
2022-10-18	0.004084	0.029497	0.032417	-0.003812	0.964859	26329600.000000
2022-10-17	0.039246	0.037263	0.051075	0.034272	8.922440	28142300.000000
2022-10-14	-0.024249	0.010909	0.018206	-0.019992	-5.649887	30198600.000000
2022-10-13	0.037608	-0.020944	0.051422	-0.024151	8.444992	42551800.000000
2022-10-12	0.001508	0.005285	0.016257	-0.001137	0.338181	21903900.000000
2022-10-11	-0.016750	-0.001818	0.004497	-0.017211	-3.819626	30474000.000000
2022-10-10	-0.021303	0.000223	0.006703	-0.026902	-4.963547	29743600.000000
2022-10-07	-0.050853	-0.018664	-0.016953	-0.050153	-12.483459	37769600.000000
2022-10-06	-0.009671	0.000206	0.009929	-0.007257	-2.397217	20239900.000000
2022-10-05	0.001286	-0.006344	0.012197	-0.013979	0.318283	20347100.000000
2022-10-04	0.033812	0.023495	0.045503	0.023036	8.096848	34888400.000000
2022-10-03	0.033663	0.016165	0.042927	0.012927	7.798447	28880400.000000
2022-09-30	-0.019368	0.008674	0.018198	-0.014861	-4.575607	35694800.000000
2022-09-29	-0.014809	-0.003761	0.000659	-0.022444	-3.551102	27484200.000000
2022-09-28	0.019712	0.007031	0.030505	-0.001814	4.635300	29029700.000000
2022-09-27	-0.004380	0.016042	0.023747	-0.007160	-1.034470	27018700.000000
2022-09-26	-0.001975	0.001654	0.020246	0.001020	-0.467499	27694200.000000
2022-09-23	-0.012698	-0.000678	0.005956	-0.018783	-3.043777	34176000.000000
2022-09-22	0.008495	0.000786	0.025988	-0.000476	2.019226	31061200.000000
2022-09-21	-0.014436	0.012877	0.026933	-0.009390	-3.481445	28625600.000000
2022-09-20	-0.008466	-0.004743	0.001177	-0.014734	-2.059036	26660300.000000
2022-09-19	-0.000899	-0.003995	0.006973	-0.010649	-0.218826	26826900.000000
2022-09-16	-0.002608	0.000741	0.005002	-0.008272	-0.636612	39791800.000000
2022-09-15	-0.027119	-0.004436	0.002061	-0.027355	-6.803726	31530900.000000
2022-09-14	0.000913	0.011474	0.014267	-0.003168	0.228775	23913000.000000
2022-09-13	-0.054978	-0.024116	-0.018234	-0.051450	-14.582291	33353300.000000
2022-09-12	0.008281	0.010348	0.016696	0.007991	2.178406	18747700.000000
2022-09-09	0.022977	0.013030	0.031424	0.012213	5.908539	22084700.000000
2022-09-08	0.001666	0.003071	0.014445	-0.007524	0.427704	20319900.000000
2022-09-07	0.019112	0.011086	0.027481	0.005211	4.814331	24126700.000000
2022-09-06	-0.010974	0.005880	0.012279	-0.010846	-2.795105	21328200.000000
2022-09-02	-0.016667	0.010349	0.022085	-0.017564	-4.316986	22855400.000000
2022-09-01	-0.004092	-0.004667	0.003100	-0.017970	-1.064331	23263400.000000
2022-08-31	-0.005704	0.014582	0.021157	-0.000940	-1.492065	24791800.000000
2022-08-30	-0.008521	0.010788	0.012228	-0.011992	-2.248016	22767100.000000
2022-08-29	-0.010668	-0.003070	0.002742	-0.010570	-2.844818	20338500.000000
2022-08-26	-0.038587	0.006159	0.010702	-0.033859	-10.702972	27549300.000000
2022-08-25	0.011095	0.010944	0.017104	0.000700	3.043793	16583400.000000
2022-08-24	-0.002351	0.001584	0.008203	0.000493	-0.646545	18137000.000000
2022-08-23	-0.004717	0.000588	0.009348	-0.003176	-1.303070	17527400.000000
2022-08-22	-0.029355	-0.008969	-0.007634	-0.026044	-8.355438	25061100.000000
2022-08-19	-0.013854	0.000930	0.002142	-0.010642	-3.998718	20570000.000000
2022-08-18	-0.003948	0.001430	0.007366	-0.002400	-1.143921	17186200.000000
2022-08-17	-0.002636	-0.002758	0.009667	-0.003688	-0.765900	18253400.000000
2022-08-16	-0.002590	0.002383	0.009421	-0.003007	-0.754364	18102900.000000
2022-08-15	0.005344	0.004323	0.015298	0.001251	1.548431	18085700.000000
2022-08-12	0.017037	0.012589	0.024628	0.007183	4.853760	22619700.000000
2022-08-11	-0.007401	0.013352	0.014606	-0.001769	-2.124146	20065900.000000
2022-08-10	0.024301	0.028413	0.034265	0.024023	6.809235	24687800.000000
2022-08-09	0.007063	0.005020	0.017383	-0.002276	1.965302	23405200.000000
2022-08-08	-0.009155	0.011524	0.018183	-0.005320	-2.570801	18739200.000000
2022-08-05	-0.002609	-0.008519	0.007464	-0.010189	-0.734528	16774600.000000
2022-08-04	0.004177	0.005074	0.012207	-0.000739	1.171265	18098700.000000
2022-08-03	0.027836	0.014576	0.039284	0.014026	7.593292	23518900.000000
2022-08-02	-0.011474	0.000180	0.007029	-0.012938	-3.166382	22754200.000000
2022-08-01	-0.009724	-0.003015	0.009402	-0.010120	-2.709717	21539600.000000
2022-07-29	0.015665	0.012166	0.027838	0.008266	4.297882	32152800.000000
2022-07-28	0.028541	0.011250	0.041578	0.004202	7.613190	33459300.000000
2022-07-27	0.066852	0.044499	0.080054	0.035260	16.715240	45994000.000000
2022-07-26	-0.026774	0.011473	0.011551	-0.028580	-6.878662	39348000.000000
2022-07-25	-0.005876	0.009940	0.011875	-0.006273	-1.518646	21056000.000000
2022-07-22	-0.016916	0.008985	0.009328	-0.014486	-4.446838	21881300.000000
2022-07-21	0.009799	-0.002063	0.017528	-0.012665	2.550995	22404700.000000
2022-07-20	0.010557	0.008900	0.028193	0.005057	2.719666	22788300.000000
2022-07-19	0.020767	0.020659	0.029139	0.005205	5.240891	25012600.000000
2022-07-18	-0.009621	0.019355	0.023632	-0.005958	-2.451721	20975000.000000
2022-07-15	0.010390	0.013967	0.032405	0.010200	2.620453	29774100.000000
2022-07-14	0.005382	-0.001107	0.017111	-0.019564	1.349945	25102800.000000
2022-07-13	-0.003745	-0.006357	0.006987	-0.014618	-0.942978	29497400.000000
2022-07-12	-0.040981	0.012682	0.012910	-0.040032	-10.759705	35868500.000000
2022-07-11	-0.011769	-0.000102	0.003211	-0.013163	-3.126648	19455200.000000
2022-07-08	-0.002757	-0.006087	0.006338	-0.011717	-0.734497	19658800.000000
2022-07-07	0.008227	0.003339	0.018250	0.002960	2.173767	20859900.000000
2022-07-06	0.012783	0.010913	0.027165	0.005739	3.335083	23824400.000000
2022-07-05	0.012597	-0.005809	0.020660	-0.011321	3.245819	22941000.000000
2022-07-01	0.010707	0.005738	0.018997	-0.001245	2.729599	22837700.000000
2022-06-30	-0.013179	-0.012334	-0.002805	-0.028279	-3.430023	31730900.000000
2022-06-29	0.014738	0.004328	0.021405	-0.002807	3.779999	20069800.000000
2022-06-28	-0.031749	-0.003435	0.007626	-0.032353	-8.410004	27295500.000000
2022-06-27	-0.010497	0.001905	0.002241	-0.016511	-2.809998	24615100.000000
2022-06-24	0.034150	0.011396	0.035232	0.011049	8.840027	33923200.000000
2022-06-23	0.022637	0.009639	0.024651	0.001975	5.729980	25861400.000000
2022-06-22	-0.002404	-0.007291	0.013518	-0.013281	-0.610001	25939900.000000
2022-06-21	0.024591	0.010539	0.028670	0.007511	6.090012	29928300.000000
2022-06-17	0.010940	-0.001102	0.022574	-0.003837	2.679993	43084800.000000
2022-06-16	-0.026970	-0.022958	-0.017239	-0.034716	-6.789993	33169200.000000
2022-06-15	0.029735	0.015624	0.044214	0.007894	7.269989	33111700.000000
2022-06-14	0.009205	0.006604	0.014365	-0.003096	2.230011	28651500.000000
2022-06-13	-0.042413	-0.031147	-0.015692	-0.045298	-10.730011	46135800.000000
2022-06-10	-0.044564	-0.015899	-0.015899	-0.046301	-11.800003	31422800.000000
2022-06-09	-0.020783	-0.009726	0.008506	-0.021375	-5.619995	26439700.000000
2022-06-08	-0.007670	-0.002899	0.001835	-0.010606	-2.089996	17372300.000000
2022-06-07	0.013953	-0.007851	0.016298	-0.010456	3.750000	22860700.000000
2022-06-06	-0.004703	0.007555	0.015406	-0.010370	-1.269989	22400300.000000
2022-06-03	-0.016607	-0.015551	-0.004115	-0.022471	-4.559998	28059000.000000
2022-06-02	0.007929	-0.029256	0.008186	-0.039718	2.159973	44008200.000000
2022-06-01	0.002023	0.012249	0.021407	-0.006731	0.550018	25292200.000000
2022-05-31	-0.005014	-0.002598	0.005599	-0.015774	-1.369995	37827700.000000
2022-05-27	0.027604	0.009703	0.027980	0.006243	7.339996	26910800.000000
2022-05-26	0.012875	-0.000952	0.017484	-0.004152	3.380005	25002100.000000
2022-05-25	0.011170	-0.005701	0.019105	-0.009591	2.899994	28547900.000000
2022-05-24	-0.003952	-0.010589	0.002609	-0.027431	-1.029999	29043900.000000
2022-05-23	0.032032	0.011601	0.035398	0.003445	8.089996	33175400.000000
2022-05-20	-0.002291	0.016197	0.021332	-0.026468	-0.580002	39199300.000000
2022-05-19	-0.003700	-0.000708	0.014129	-0.008659	-0.940002	32692300.000000
2022-05-18	-0.047748	-0.014317	-0.012068	-0.052657	-12.740005	31356000.000000
2022-05-17	0.020344	0.017629	0.026118	0.003671	5.320007	28828800.000000
2022-05-16	0.001455	-0.004442	0.017999	-0.020450	0.380005	32550900.000000
2022-05-13	0.022596	0.007832	0.030116	0.000000	5.769989	34925100.000000
2022-05-12	-0.019958	-0.010977	-0.002571	-0.040414	-5.199982	51033800.000000
2022-05-11	-0.033210	-0.014174	0.006902	-0.037848	-8.950012	48975900.000000
2022-05-10	0.018596	0.026873	0.034659	0.001852	4.920013	39336400.000000
2022-05-09	-0.036945	-0.016999	-0.008627	-0.041532	-10.150024	47726000.000000
2022-05-06	-0.009447	-0.009158	0.006851	-0.021922	-2.619995	37780300.000000
2022-05-05	-0.043555	-0.015311	-0.012518	-0.053935	-12.630005	43260400.000000
2022-05-04	0.029101	0.002875	0.032295	-0.017922	8.200012	33599300.000000
2022-05-03	-0.009456	-0.001793	-0.001195	-0.015186	-2.690002	25978600.000000
2022-05-02	0.025043	0.000685	0.026737	-0.004684	6.950012	35151100.000000
2022-04-29	-0.041812	-0.003522	0.000863	-0.045334	-12.110016	37073900.000000
2022-04-28	0.022633	0.006956	0.027399	-0.006214	6.410004	33646600.000000
2022-04-27	0.048109	0.043964	0.076789	0.033084	13.000000	63477700.000000
2022-04-26	-0.037404	-0.011471	-0.008407	-0.038188	-10.500000	46518400.000000
2022-04-25	0.024413	-0.002700	0.025837	-0.011897	6.690002	35678900.000000
2022-04-22	-0.024144	0.003098	0.008511	-0.026459	-6.779999	29405800.000000
2022-04-21	-0.019381	0.007752	0.024235	-0.022000	-5.549988	29454600.000000
2022-04-20	0.003715	0.014371	0.015422	0.000245	1.059998	22906700.000000
2022-04-19	0.017040	-0.004064	0.020141	-0.007522	4.779999	22297700.000000
2022-04-18	0.002466	-0.003288	0.009399	-0.005325	0.690002	20778000.000000
2022-04-14	-0.027084	0.001634	0.002399	-0.028857	-7.790009	28221600.000000
2022-04-13	0.019712	0.002375	0.023116	-0.002694	5.559998	21907200.000000
2022-04-12	-0.011218	0.013952	0.019210	-0.016722	-3.200012	30966700.000000
2022-04-11	-0.039432	-0.017443	-0.014682	-0.040307	-11.709991	34569300.000000
2022-04-08	-0.014600	-0.003086	-0.000830	-0.016890	-4.399994	24361900.000000
2022-04-07	0.006244	-0.009482	0.013856	-0.010518	1.869995	31411200.000000
2022-04-06	-0.036606	-0.018303	-0.012481	-0.045580	-11.380005	40110400.000000
2022-04-05	-0.012985	-0.005397	-0.000318	-0.016192	-4.089996	23156700.000000
2022-04-04	0.017937	0.002165	0.018389	0.000937	5.549988	24289600.000000
2022-04-01	0.003600	0.003438	0.005903	-0.008984	1.110016	27110500.000000
2022-03-31	-0.017683	0.000127	0.004078	-0.019021	-5.549988	33422100.000000
2022-03-30	-0.004914	-0.005231	0.001712	-0.012143	-1.550018	28163600.000000
2022-03-29	0.015159	0.010331	0.016479	-0.005311	4.709991	30393400.000000
2022-03-28	0.023117	0.002140	0.023446	0.002140	7.020020	29578200.000000
2022-03-25	-0.001381	0.003716	0.004604	-0.015817	-0.420013	22566500.000000
2022-03-24	0.015393	-0.001169	0.015727	-0.003907	4.610016	24484500.000000
2022-03-23	-0.015030	-0.011675	-0.002730	-0.020851	-4.570007	25715400.000000
2022-03-22	0.016379	0.002139	0.019521	-0.001304	4.899994	27599700.000000
2022-03-21	-0.004227	-0.005126	-0.000965	-0.018407	-1.269989	28351200.000000
2022-03-18	0.017648	0.000508	0.019579	-0.008434	5.209991	43390600.000000
2022-03-17	0.002819	-0.003737	0.004144	-0.017052	0.829987	30816600.000000
2022-03-16	0.025213	0.006826	0.025840	-0.013756	7.240021	37826300.000000
2022-03-15	0.038743	0.014144	0.041166	0.008284	10.709991	34245100.000000
2022-03-14	-0.012961	0.000964	0.019031	-0.015175	-3.630005	30660700.000000
2022-03-11	-0.019328	0.008299	0.013726	-0.021569	-5.519989	27209300.000000
2022-03-10	-0.010087	-0.018995	-0.006586	-0.027452	-2.910004	30628000.000000
2022-03-09	0.045858	0.027515	0.049846	0.017872	12.649994	35204500.000000
2022-03-08	-0.010971	-0.003980	0.018106	-0.031946	-3.059998	48159500.000000
2022-03-07	-0.037777	-0.004588	-0.000586	-0.039088	-10.949982	43157200.000000
2022-03-04	-0.020479	-0.005508	-0.000879	-0.029569	-6.060028	32356500.000000
2022-03-03	-0.014224	0.008994	0.009794	-0.020454	-4.269989	27314500.000000
2022-03-02	0.017766	0.001390	0.022105	-0.004238	5.239990	31873000.000000
2022-03-01	-0.012852	-0.007999	0.003949	-0.022223	-3.839996	31217800.000000
2022-02-28	0.004978	-0.010090	0.006155	-0.014497	1.480011	34627500.000000
2022-02-25	0.009233	0.001867	0.010319	-0.009980	2.720001	32546700.000000
2022-02-24	0.051094	-0.027688	0.053127	-0.031220	14.320007	56989700.000000
2022-02-23	-0.025893	0.008550	0.013833	-0.026484	-7.450012	37811200.000000
2022-02-22	-0.000729	-0.010176	0.012538	-0.011913	-0.209991	41736100.000000
2022-02-18	-0.009631	0.007980	0.010766	-0.015203	-2.800018	34264000.000000
2022-02-17	-0.029282	-0.010484	-0.009015	-0.031720	-8.769989	32461600.000000
2022-02-16	-0.003228	-0.006989	0.001331	-0.022598	-0.970001	29982100.000000
2022-02-15	0.018542	0.016983	0.019661	0.006847	5.470001	27058300.000000
2022-02-14	-0.000136	-0.004305	0.005830	-0.012507	-0.040009	36359500.000000
2022-02-11	-0.024274	0.002679	0.006317	-0.026986	-7.339996	39175600.000000
2022-02-10	-0.028373	-0.023039	-0.006716	-0.033771	-8.829987	45386200.000000
2022-02-09	0.021835	0.017435	0.024199	0.009292	6.649994	31284700.000000
2022-02-08	0.011995	0.000997	0.015318	-0.003323	3.609985	32421200.000000
2022-02-07	-0.016310	0.000752	0.006210	-0.019742	-4.989990	28533300.000000
2022-02-04	0.015568	-0.003452	0.025062	-0.004249	4.690002	35096500.000000
2022-02-03	-0.038952	-0.012665	-0.007114	-0.043068	-12.209991	43730000.000000
2022-02-02	0.015222	0.002818	0.020598	0.000389	4.699982	36636000.000000
2022-02-01	-0.007139	-0.001833	-0.001125	-0.018812	-2.220001	40950400.000000
2022-01-31	0.008824	0.002238	0.013365	-0.006131	2.720001	46444500.000000
2022-01-28	0.028082	0.001301	0.028815	-0.017976	8.420013	49743700.000000
2022-01-27	0.010549	0.020053	0.035691	0.004112	3.130005	53481300.000000
2022-01-26	0.028493	0.067593	0.069361	0.015737	8.220001	90428900.000000
2022-01-25	-0.026588	-0.016365	-0.004656	-0.037791	-7.880005	72848600.000000
2022-01-24	0.001149	-0.012938	0.003648	-0.067493	0.339996	85731500.000000
2022-01-21	-0.018468	0.003614	0.008322	-0.019861	-5.570007	57984400.000000
2022-01-20	-0.005703	0.018923	0.027429	-0.007220	-1.729980	35380700.000000
2022-01-19	0.002247	0.012027	0.037205	0.000165	0.679993	45933900.000000
2022-01-18	-0.024339	-0.019761	-0.001290	-0.027273	-7.550018	42333200.000000
2022-01-14	0.017717	-0.001804	0.019751	-0.003445	5.400024	39846400.000000
2022-01-13	-0.042323	0.006912	0.008201	-0.044836	-13.470001	45366000.000000
2022-01-12	0.010445	0.014890	0.026764	0.006667	3.289978	34372200.000000
2022-01-11	0.002259	-0.002832	0.007446	-0.013937	0.710022	29386800.000000
2022-01-10	0.000732	-0.014489	0.002165	-0.029773	0.229980	44289500.000000
2022-01-07	0.000510	0.000860	0.008347	-0.012075	0.160004	32720000.000000
2022-01-06	-0.007902	-0.010209	0.007333	-0.015456	-2.500000	39646100.000000
2022-01-05	-0.038388	-0.009574	-0.008936	-0.039604	-12.630005	40054300.000000
2022-01-04	-0.017147	0.000239	0.001344	-0.025780	-5.739990	32674300.000000
2022-01-03	-0.004668	-0.002884	0.004995	-0.019446	-1.570007	28865100.000000
2021-12-31	-0.008841	-0.002387	0.000118	-0.010226	-3.000000	18000800.000000
2021-12-30	-0.007691	-0.000117	0.003451	-0.009153	-2.630005	15994500.000000
2021-12-29	0.002051	0.000146	0.008938	-0.004601	0.700012	15042000.000000
2021-12-28	-0.003504	0.002044	0.003971	-0.006220	-1.200012	15661500.000000
2021-12-27	0.023186	0.002301	0.023275	0.002211	7.760010	19947000.000000
2021-12-23	0.004472	-0.001351	0.009574	-0.001411	1.489990	19617800.000000
2021-12-22	0.018057	0.003086	0.019310	-0.004705	5.910004	24831500.000000
2021-12-21	0.023069	0.010565	0.024444	-0.000344	7.380005	24740600.000000
2021-12-20	-0.012014	-0.011581	-0.003088	-0.019240	-3.889984	28326500.000000
2021-12-17	-0.003386	-0.012373	0.000062	-0.023546	-1.100006	47750300.000000
2021-12-16	-0.029135	0.003167	0.006305	-0.034753	-9.750000	35034800.000000
2021-12-15	0.019218	0.000822	0.020863	-0.011695	6.309998	35381100.000000
2021-12-14	-0.032587	-0.018209	-0.014025	-0.045050	-11.059998	44438700.000000
2021-12-13	-0.009167	-0.005430	0.003649	-0.010101	-3.140015	28899400.000000
2021-12-10	0.028340	0.005644	0.029721	0.005074	9.440002	38095700.000000
2021-12-09	-0.005583	-0.001672	0.004538	-0.008508	-1.869995	22214200.000000
2021-12-08	0.000149	0.001164	0.001732	-0.012302	0.049988	24761000.000000
2021-12-07	0.026764	0.016708	0.029461	0.011987	8.730011	31021900.000000
2021-12-06	0.009845	0.002910	0.013746	-0.011702	3.179993	30032600.000000
2021-12-03	-0.019667	0.007587	0.009742	-0.034781	-6.479980	41779300.000000
2021-12-02	-0.001787	0.000667	0.010331	-0.006907	-0.589996	30766000.000000
2021-12-01	-0.001543	0.013733	0.026286	-0.003630	-0.510010	33337600.000000
2021-11-30	-0.017943	-0.003892	0.003416	-0.022696	-6.040009	42885600.000000
2021-11-29	0.021081	0.015955	0.028361	0.015348	6.950012	28563500.000000
2021-11-26	-0.024356	-0.010535	0.000059	-0.028972	-8.230011	24217200.000000
2021-11-24	0.000681	-0.004146	0.001421	-0.011164	0.230011	21661300.000000
2021-11-23	-0.006327	-0.008181	-0.001118	-0.018450	-2.149994	30427600.000000
2021-11-22	-0.009560	0.004401	0.019119	-0.010376	-3.279999	31031100.000000
2021-11-19	0.005392	0.004014	0.011223	0.002725	1.839996	21963400.000000
2021-11-18	0.006340	-0.002772	0.009820	-0.005898	2.149994	22463500.000000
2021-11-17	-0.001149	-0.001679	0.007894	-0.004448	-0.390015	19053400.000000
2021-11-16	0.010236	-0.001161	0.013688	-0.001666	3.440002	20886800.000000
2021-11-15	-0.001930	0.002435	0.003445	-0.007989	-0.649994	16723000.000000
2021-11-12	0.012905	0.004482	0.014439	0.004091	4.290009	23831000.000000
2021-11-11	0.004927	0.001360	0.008978	-0.000877	1.630005	16849800.000000
2021-11-10	-0.015330	-0.004108	-0.003929	-0.017949	-5.150024	25500900.000000
2021-11-09	-0.003086	0.000356	0.005134	-0.007300	-1.039978	21307400.000000
2021-11-08	0.002767	0.003690	0.004731	-0.004821	0.929993	20897000.000000
2021-11-05	-0.001129	0.006153	0.006985	-0.006004	-0.380005	22570100.000000
2021-11-04	0.007305	-0.003323	0.007605	-0.013443	2.440002	23992200.000000
2021-11-03	0.002612	0.002311	0.005313	-0.007445	0.869995	21500100.000000
2021-11-02	0.011416	0.002854	0.012387	0.001913	3.760010	26487100.000000
2021-11-01	-0.006785	-0.000784	-0.000392	-0.015831	-2.250000	27073200.000000
2021-10-29	0.022414	-0.000678	0.023586	-0.001387	7.269989	34766000.000000
2021-10-28	0.003651	0.003589	0.005260	-0.005601	1.179993	26297900.000000
2021-10-27	0.042114	0.018993	0.051562	0.018993	13.060028	52588700.000000
2021-10-26	0.006426	0.009314	0.013858	0.001525	1.979980	28107300.000000
2021-10-25	-0.003332	0.000647	0.000776	-0.008733	-1.029999	17554500.000000
2021-10-22	-0.005149	-0.001159	0.001062	-0.009525	-1.600006	17449300.000000
2021-10-21	0.010898	-0.000781	0.011743	-0.003416	3.350006	16918100.000000
2021-10-20	-0.002660	0.003179	0.004769	-0.006878	-0.820007	16537100.000000
2021-10-19	0.003059	0.003450	0.006541	-0.000228	0.940002	17682100.000000
2021-10-18	0.010125	-0.002104	0.013149	-0.004997	3.080017	22729300.000000
2021-10-15	0.004822	-0.001354	0.005615	-0.007366	1.459991	25384800.000000
2021-10-14	0.021734	0.009787	0.023489	0.005130	6.440002	27262900.000000
2021-10-13	0.011711	0.006931	0.015023	0.002083	3.429993	23416300.000000
2021-10-12	-0.004588	0.003773	0.004112	-0.006390	-1.350006	17974100.000000
2021-10-11	-0.002103	-0.006546	0.010582	-0.007122	-0.619995	19298600.000000
2021-10-08	0.000000	0.004646	0.006071	-0.003697	0.000000	17685700.000000
2021-10-07	0.005936	0.007062	0.012043	0.002764	1.740021	20430500.000000
2021-10-06	0.015064	-0.010320	0.016865	-0.011255	4.349976	28002600.000000
2021-10-05	0.019957	0.003320	0.025750	0.003320	5.650024	24993000.000000
2021-10-04	-0.020720	-0.005880	-0.004670	-0.030612	-5.990021	31350700.000000
2021-10-01	0.025468	0.000709	0.028590	-0.002235	7.179993	30086300.000000
2021-09-30	-0.007324	0.006021	0.013486	-0.008380	-2.079987	32343600.000000
2021-09-29	0.001693	0.005573	0.011463	-0.001799	0.480011	26353700.000000
2021-09-28	-0.036204	-0.014855	-0.011524	-0.038821	-10.650024	43186200.000000
2021-09-27	-0.017304	-0.010723	-0.009621	-0.021413	-5.179993	23571700.000000
2021-09-24	-0.000701	-0.004440	0.000801	-0.008780	-0.209991	14999000.000000
2021-09-23	0.003282	0.000904	0.007770	-0.003517	0.980011	18604600.000000
2021-09-22	0.012822	0.006547	0.018385	-0.000984	3.779999	26626300.000000
2021-09-21	0.001699	0.004723	0.011009	-0.000781	0.500000	22364100.000000
2021-09-20	-0.018575	-0.011805	-0.003835	-0.034515	-5.570007	38278700.000000
2021-09-17	-0.017528	-0.003440	-0.002359	-0.018642	-5.350006	41372500.000000
2021-09-16	0.001312	-0.003477	0.001607	-0.013319	0.399994	19550800.000000
2021-09-15	0.016778	0.011575	0.018446	0.006771	5.029999	28356300.000000
2021-09-14	0.009428	0.008654	0.014815	0.003738	2.800018	21853400.000000
2021-09-13	0.004329	0.006222	0.009570	-0.005512	1.279999	23652900.000000
2021-09-10	-0.005181	0.003936	0.008982	-0.006291	-1.540009	19633400.000000
2021-09-09	-0.009860	0.002032	0.006429	-0.010692	-2.959991	19927000.000000
2021-09-08	0.000100	-0.001333	0.001432	-0.009028	0.029999	15046800.000000
2021-09-07	-0.003188	-0.000432	-0.000166	-0.009763	-0.960022	17180400.000000
2021-09-03	-0.000033	-0.000531	0.004815	-0.002955	-0.009979	14747900.000000
2021-09-02	-0.002253	0.001226	0.005069	-0.005467	-0.679993	16285600.000000
2021-09-01	-0.000166	0.003279	0.010965	-0.001292	-0.050018	18983800.000000
2021-08-31	-0.005633	0.002734	0.002997	-0.006884	-1.709991	26285300.000000
2021-08-30	0.012912	0.004671	0.015014	0.004471	3.869995	16348100.000000
2021-08-27	0.002106	-0.000334	0.005951	-0.007556	0.630005	22605700.000000
2021-08-26	-0.009669	-0.003377	0.001391	-0.010132	-2.920013	17666100.000000
2021-08-25	-0.002016	0.005551	0.006510	-0.007270	-0.609985	20006100.000000
2021-08-24	-0.006663	0.001214	0.003282	-0.008698	-2.029999	18175800.000000
2021-08-23	0.000953	-0.003647	0.003417	-0.008247	0.290009	22830200.000000
2021-08-20	0.025575	0.009940	0.030562	0.004347	7.589996	40817600.000000
2021-08-19	0.020775	-0.007017	0.023183	-0.007189	6.039978	29850500.000000
2021-08-18	-0.008018	-0.003548	0.005937	-0.009588	-2.349976	21813000.000000
2021-08-17	-0.005160	-0.007502	-0.003972	-0.011948	-1.520020	20075300.000000
2021-08-16	0.005976	0.001161	0.006727	-0.009664	1.750000	22507600.000000
2021-08-13	0.010490	-0.001139	0.010662	-0.001760	3.040009	18249000.000000
2021-08-12	0.009967	-0.001115	0.010524	-0.002126	2.859985	14561300.000000
2021-08-11	0.001781	0.002688	0.007750	-0.002025	0.510010	13955900.000000
2021-08-10	-0.006555	0.001630	0.003191	-0.010856	-1.889984	18616600.000000
2021-08-09	-0.003904	0.001002	0.007220	-0.005700	-1.130005	16117600.000000
2021-08-06	-0.000207	-0.003488	-0.000069	-0.006563	-0.059998	16589300.000000
2021-08-05	0.010506	0.001291	0.010890	-0.001431	3.009979	13900200.000000
2021-08-04	-0.002124	-0.003135	0.001637	-0.008603	-0.609985	16191300.000000
2021-08-03	0.008075	0.002107	0.008461	-0.002879	2.299988	17879000.000000
2021-08-02	-0.000316	0.005089	0.006528	-0.004107	-0.089996	16267400.000000
2021-07-30	-0.005550	-0.004642	0.000558	-0.009040	-1.589996	20944800.000000
2021-07-29	0.000978	0.000070	0.008385	-0.000489	0.279999	18168300.000000
2021-07-28	-0.001117	0.008550	0.012599	-0.009458	-0.320007	33566900.000000
2021-07-27	-0.008684	0.001315	0.001834	-0.021104	-2.509979	33604100.000000
2021-07-26	-0.002140	-0.002313	0.000069	-0.010460	-0.620026	23176100.000000
2021-07-23	0.012337	0.004299	0.013455	0.001258	3.529999	22768100.000000
2021-07-22	0.016844	0.008671	0.017839	0.007178	4.740021	23384100.000000
2021-07-21	0.007447	-0.001504	0.007876	-0.007268	2.079987	24364300.000000
2021-07-20	0.008339	0.003682	0.014295	-0.002707	2.309998	26259700.000000
2021-07-19	-0.013321	-0.006483	-0.001354	-0.022440	-3.739990	32935600.000000
2021-07-16	-0.000996	0.003701	0.010924	-0.005587	-0.279999	26186800.000000
2021-07-15	-0.005239	-0.001805	0.000000	-0.009486	-1.480011	22604200.000000
2021-07-14	0.005445	0.004876	0.009538	-0.001530	1.529999	23113700.000000
2021-07-13	0.013198	0.000721	0.019941	0.000252	3.660004	26120100.000000
2021-07-12	-0.002231	0.004389	0.006584	-0.004893	-0.619995	18931700.000000
2021-07-09	0.001874	-0.006128	0.002271	-0.007570	0.519989	23916700.000000
2021-07-08	-0.008966	-0.010824	-0.004287	-0.018076	-2.509979	24618600.000000
2021-07-07	0.008175	0.006267	0.010913	-0.001837	2.269989	23260000.000000
2021-07-06	0.000036	0.001369	0.006195	-0.012066	0.010010	31565600.000000
2021-07-02	0.022275	0.004492	0.023564	0.003314	6.049988	26458000.000000
2021-07-01	0.002584	-0.004762	0.003470	-0.004799	0.700012	16725300.000000
2021-06-30	-0.001842	-0.002616	-0.000147	-0.006632	-0.500000	21656500.000000
2021-06-29	0.009973	0.000558	0.010904	-0.002754	2.679993	19937800.000000
2021-06-28	0.013961	0.004415	0.014640	0.003358	3.700012	19590000.000000
2021-06-25	-0.006262	-0.001725	0.002100	-0.007237	-1.670013	25611100.000000
2021-06-24	0.005353	0.003355	0.009726	0.000754	1.420013	21446900.000000
2021-06-23	-0.000904	0.001808	0.004971	-0.004068	-0.240021	19518700.000000
2021-06-22	0.010966	0.000343	0.012032	-0.000876	2.880005	24694100.000000
2021-06-21	0.012335	0.001503	0.015765	-0.005820	3.200012	26696100.000000
2021-06-18	-0.005634	-0.004868	0.005366	-0.008241	-1.470001	37202200.000000
2021-06-17	0.013676	-0.005090	0.016979	-0.005323	3.519989	27565500.000000
2021-06-16	-0.003793	0.004025	0.008593	-0.015250	-0.979980	27220000.000000
2021-06-15	-0.005887	-0.000462	0.000385	-0.008504	-1.530029	18038900.000000
2021-06-14	0.007755	0.000039	0.007988	-0.004227	2.000000	19150500.000000
2021-06-11	0.002527	0.002916	0.004859	-0.002449	0.650024	18999700.000000
2021-06-10	0.014393	0.002760	0.015261	0.000315	3.649994	24563600.000000
2021-06-09	0.004038	0.004909	0.011719	0.002534	1.019989	17937600.000000
2021-06-08	-0.004886	0.005319	0.008668	-0.005122	-1.239990	22455000.000000
2021-06-07	0.012042	-0.003230	0.013158	-0.003908	3.020004	23079200.000000
2021-06-04	0.020675	0.008343	0.024175	0.007326	5.079987	25281100.000000
2021-06-03	-0.006429	-0.008411	-0.003882	-0.017388	-1.589996	25307700.000000
2021-06-02	-0.000404	0.002951	0.007559	-0.006306	-0.099991	19406700.000000
2021-06-01	-0.009132	0.006208	0.006448	-0.010894	-2.279999	23213300.000000
2021-05-28	0.001484	0.006779	0.011111	0.001003	0.369995	18270200.000000
2021-05-27	-0.008668	-0.001272	-0.000040	-0.008907	-2.180008	24426200.000000
2021-05-26	-0.000914	-0.001152	0.004847	-0.003853	-0.229996	17771600.000000
2021-05-25	0.003748	0.003948	0.007855	0.000160	0.940002	17704300.000000
2021-05-24	0.022882	0.010686	0.024432	0.009544	5.610001	21411500.000000
2021-05-21	-0.005315	0.004422	0.007506	-0.007059	-1.309998	21863100.000000
2021-05-20	0.013820	0.003455	0.019867	0.003044	3.360001	21800700.000000
2021-05-19	0.002474	-0.013236	0.002928	-0.016164	0.599991	25739800.000000
2021-05-18	-0.008565	0.006765	0.007337	-0.007012	-2.095154	20168000.000000
2021-05-17	-0.011969	-0.004153	-0.003992	-0.016392	-2.963150	24970200.000000
2021-05-14	0.021067	0.012826	0.027673	0.012455	5.108200	23901100.000000
2021-05-13	0.016862	0.014052	0.029988	0.012458	4.020706	29624300.000000
2021-05-12	-0.029363	-0.014218	-0.005222	-0.030907	-7.213333	36684400.000000
2021-05-11	-0.003843	-0.008355	-0.000043	-0.016384	-0.947815	33641600.000000
2021-05-10	-0.020914	-0.004003	-0.000589	-0.018892	-5.267838	29299900.000000
2021-05-07	0.010932	0.012022	0.020651	0.008089	2.723709	27032900.000000
2021-05-06	0.013227	0.002228	0.016095	-0.004930	3.252487	26491100.000000
2021-05-05	-0.005327	0.007446	0.009226	-0.005660	-1.316956	21901300.000000
2021-05-04	-0.016160	-0.001233	-0.000278	-0.021967	-4.060623	32756100.000000
2021-05-03	-0.001269	0.007158	0.010934	-0.001904	-0.319260	19626600.000000
2021-04-30	-0.001307	-0.008686	0.004572	-0.009242	-0.329239	30945100.000000
2021-04-29	-0.008053	0.005853	0.008373	-0.019583	-2.045273	40589000.000000
2021-04-28	-0.028286	-0.020226	-0.018466	-0.032202	-7.392944	46903100.000000
2021-04-27	0.001606	0.002424	0.008594	-0.003171	0.419037	31014200.000000
2021-04-26	0.001532	0.004267	0.007260	-0.001452	0.399078	19763300.000000
2021-04-23	0.015476	0.005076	0.019224	0.002699	3.970825	21462600.000000
2021-04-22	-0.013086	0.000886	0.006925	-0.016692	-3.402130	25606200.000000
2021-04-21	0.008983	0.004948	0.011701	-0.001611	2.314636	24030400.000000
2021-04-20	-0.001855	-0.001255	0.007965	-0.005051	-0.478882	19722900.000000
2021-04-19	-0.007670	0.000195	0.005154	-0.008916	-1.995392	23209300.000000
2021-04-16	0.004778	0.002193	0.008103	-0.005030	1.237152	24878600.000000
2021-04-15	0.015298	0.011486	0.019329	0.010701	3.900986	25627500.000000
2021-04-14	-0.011219	-0.001607	0.003627	-0.010603	-2.893326	23070900.000000
2021-04-13	0.010082	0.007597	0.015156	0.005912	2.574051	23837500.000000
2021-04-12	0.000235	-0.002157	0.009439	-0.002510	0.059860	27148700.000000
2021-04-09	0.010267	0.000805	0.013153	-0.000897	2.594025	24326800.000000
2021-04-08	0.013405	0.013820	0.019315	0.010732	3.342285	23625200.000000
2021-04-07	0.008230	0.002107	0.014724	-0.000400	2.035294	22719800.000000
2021-04-06	-0.004858	-0.003566	0.003637	-0.006504	-1.207214	22931900.000000
2021-04-05	0.027728	0.004005	0.033782	0.003757	6.704514	36910600.000000
2021-04-01	0.027909	0.013787	0.032365	0.012002	6.564850	30338000.000000
2021-03-31	0.016907	0.006892	0.033652	0.004644	3.910965	43623500.000000
2021-03-30	-0.014411	-0.004977	-0.003613	-0.015331	-3.382187	24792000.000000
2021-03-29	-0.005244	0.002775	0.003665	-0.017188	-1.237137	25227500.000000
2021-03-26	0.017819	-0.001099	0.021161	-0.001099	4.130463	25479900.000000
2021-03-25	-0.013251	0.001628	0.008609	-0.014250	-3.112823	34061900.000000
2021-03-24	-0.008923	0.003448	0.004081	-0.007225	-2.115112	25620100.000000
2021-03-23	0.006738	0.008680	0.023800	0.006896	1.586334	31638400.000000
2021-03-22	0.024484	0.001961	0.030810	0.001395	5.626999	30127000.000000
2021-03-19	-0.001604	0.003612	0.009912	-0.003643	-0.369141	46430700.000000
2021-03-18	-0.026662	-0.016634	-0.009742	-0.026064	-6.305435	34833000.000000
2021-03-17	-0.002819	-0.004269	0.005851	-0.016581	-0.668457	29562100.000000
2021-03-16	0.012350	0.008584	0.024719	0.007133	2.893326	28092200.000000
2021-03-15	-0.003987	-0.001050	-0.000072	-0.014442	-0.937836	26034900.000000
2021-03-12	-0.005820	-0.010879	-0.003228	-0.014176	-1.376831	22653700.000000
2021-03-11	0.020265	0.013263	0.031418	0.010460	4.699158	29907600.000000
2021-03-10	-0.005817	0.016115	0.016115	-0.005151	-1.356873	29746800.000000
2021-03-09	0.028101	0.026508	0.037528	0.021175	6.375275	33080500.000000
2021-03-08	-0.018178	0.001314	0.009969	-0.017036	-4.200302	35267400.000000
2021-03-05	0.021479	0.014643	0.031221	0.001116	4.858795	41872800.000000
2021-03-04	-0.003647	-0.001303	0.024024	-0.012226	-0.828094	44727800.000000
2021-03-03	-0.026981	-0.005019	0.001066	-0.026020	-6.295456	34029500.000000
2021-03-02	-0.012957	0.002605	0.003832	-0.012454	-3.062943	22812500.000000
2021-03-01	0.019623	0.017492	0.024263	0.005630	4.549500	25324000.000000
2021-02-26	0.014804	0.013427	0.030235	0.004716	3.382187	37819200.000000
2021-02-25	-0.023705	-0.008246	0.002480	-0.026194	-5.547195	39542200.000000
2021-02-24	0.005487	-0.011698	0.010602	-0.016038	1.277054	26339700.000000
2021-02-23	-0.005288	-0.015556	0.003677	-0.022395	-1.237137	30228700.000000
2021-02-22	-0.026808	-0.012457	-0.010336	-0.033338	-6.445114	36446900.000000
2021-02-19	-0.011567	0.002145	0.002597	-0.012533	-2.813492	25262600.000000
2021-02-18	-0.001679	-0.007542	0.001201	-0.011400	-0.409073	16925600.000000
2021-02-17	0.004360	-0.005194	0.007132	-0.006760	1.057556	21653500.000000
2021-02-16	-0.005266	0.004782	0.009292	-0.003871	-1.284073	26728500.000000
2021-02-12	0.002045	0.002316	0.007946	-0.002614	0.497696	16561100.000000
2021-02-11	0.006878	0.012727	0.014257	0.001846	1.662323	15751100.000000
2021-02-10	-0.003897	0.009687	0.013478	-0.007251	-0.945618	22186700.000000
2021-02-09	0.005361	0.002132	0.014106	0.000101	1.294006	23565000.000000
2021-02-08	0.001115	0.008558	0.010756	-0.001148	0.268768	22211900.000000
2021-02-05	0.000785	0.005531	0.009890	-0.001983	0.189133	18054800.000000
2021-02-04	-0.004074	0.003212	0.005610	-0.006255	-0.985458	25296100.000000
2021-02-03	0.014571	0.004869	0.028023	0.003569	3.473969	27158100.000000
2021-02-02	-0.000584	0.011534	0.015768	0.000593	-0.139359	25916300.000000
2021-02-01	0.033152	0.018044	0.050266	0.006653	7.654633	33314200.000000
2021-01-29	-0.029172	-0.007744	0.000791	-0.027254	-6.937943	42503100.000000
2021-01-28	0.025891	0.016307	0.046631	0.014064	6.002274	49111200.000000
2021-01-27	0.002453	0.029135	0.039686	-0.004852	0.567383	69870600.000000
2021-01-26	0.012199	0.014816	0.024970	0.007025	2.787140	49169600.000000
2021-01-25	0.015844	0.018712	0.021646	-0.003074	3.563538	33152100.000000
2021-01-22	0.004356	0.014040	0.027392	0.008324	0.975494	30172700.000000
2021-01-21	0.002808	0.006230	0.013395	-0.003980	0.627106	30709400.000000
2021-01-20	0.036500	0.010466	0.048016	0.008563	7.863678	37777300.000000
2021-01-19	0.017823	0.009814	0.025074	0.004523	3.772598	30480900.000000
2021-01-15	-0.001737	0.006976	0.011645	-0.000051	-0.368301	31746500.000000
2021-01-14	-0.015346	0.002621	0.009819	-0.012100	-3.304749	29480800.000000
2021-01-13	0.006560	0.000364	0.013171	-0.000057	1.403534	20087100.000000
2021-01-12	-0.011771	0.000045	0.002816	-0.014644	-2.548248	23249300.000000
2021-01-11	-0.009699	-0.000643	0.001370	-0.008602	-2.120209	23031300.000000
2021-01-08	0.006093	0.006412	0.015157	-0.001181	1.323898	22956200.000000
2021-01-07	0.028457	0.013090	0.038176	0.011528	6.012238	27694500.000000
2021-01-06	-0.025929	-0.021800	-0.001883	-0.022861	-5.624023	35930700.000000
2021-01-05	0.000965	0.002633	0.008448	-0.004566	0.209015	23823000.000000
2021-01-04	-0.021266	0.005114	0.007237	-0.029755	-4.708252	37130100.000000
2020-12-31	0.003338	0.004708	0.010600	-0.004446	0.736603	20942100.000000
2020-12-30	-0.011019	0.009458	0.011251	-0.007394	-2.458649	20272300.000000
2020-12-29	-0.003601	0.010646	0.014532	-0.001545	-0.806274	17403200.000000
2020-12-28	0.009921	0.012285	0.019411	0.005835	2.199829	17933500.000000
2020-12-24	0.007827	0.006436	0.016390	0.005436	1.722061	10550600.000000
2020-12-23	-0.013039	0.000894	0.002913	-0.009469	-2.906586	18699600.000000
2020-12-22	0.006065	0.005069	0.018338	0.001278	1.343796	22612200.000000
2020-12-21	0.018299	-0.000162	0.029481	-0.001403	3.981613	37181900.000000
2020-12-18	-0.003783	0.000817	0.005854	-0.010949	-0.826187	63354900.000000
2020-12-17	0.000638	0.007321	0.011994	-0.001613	0.139359	32515800.000000
2020-12-16	0.024051	0.007526	0.032673	0.007386	5.126312	35023300.000000
2020-12-15	-0.000327	0.009167	0.010340	-0.004575	-0.069656	27000600.000000
2020-12-14	0.004408	0.003864	0.018514	0.002828	0.935684	28798400.000000
2020-12-11	0.013015	0.002375	0.017979	-0.002111	2.727386	30979400.000000
2020-12-10	-0.006043	0.004475	0.010689	-0.002213	-1.274109	26733300.000000
2020-12-09	-0.019490	0.000664	0.000990	-0.017706	-4.190643	32440600.000000
2020-12-08	0.008027	0.003117	0.017088	-0.001946	1.712097	23284100.000000
2020-12-07	-0.000327	0.004664	0.010148	-0.001803	-0.069687	24620000.000000
2020-12-04	0.000560	0.004524	0.009963	-0.000353	0.119446	24666000.000000
2020-12-03	-0.005247	0.001073	0.009329	-0.003406	-1.124786	25120900.000000
2020-12-02	-0.003885	-0.001562	0.001179	-0.011227	-0.836166	23724500.000000
2020-12-01	0.009997	0.006682	0.019870	0.001239	2.130157	30904500.000000
2020-11-30	-0.005389	-0.000657	0.002424	-0.015873	-1.154633	33064800.000000
2020-11-27	0.006359	0.009221	0.015891	0.005416	1.353729	14512200.000000
2020-11-25	0.000047	0.010490	0.011335	-0.001959	0.009964	21012900.000000
2020-11-24	0.017848	0.002131	0.024413	-0.001359	3.732758	33979700.000000
2020-11-23	-0.001331	0.007292	0.013690	-0.006031	-0.278717	25683500.000000
2020-11-20	-0.009557	0.003577	0.008732	-0.006828	-2.020676	22843100.000000
2020-11-19	0.006348	0.006045	0.013898	-0.000856	1.333847	24792700.000000
2020-11-18	-0.013184	0.003443	0.010582	-0.009332	-2.807037	28372800.000000
2020-11-17	-0.012751	0.002008	0.009334	-0.007358	-2.750061	24154100.000000
2020-11-16	0.003325	-0.000382	0.012970	-0.002010	0.714813	24953300.000000
2020-11-13	0.004967	0.011549	0.016505	0.001263	1.062302	18621100.000000
2020-11-12	-0.005126	0.010318	0.019155	-0.002474	-1.102020	21593900.000000
2020-11-11	0.026255	0.013835	0.040805	0.012928	5.500153	29440800.000000
2020-11-10	-0.033793	-0.010693	-0.001469	-0.032740	-7.326889	44045100.000000
2020-11-09	-0.023825	0.010489	0.027058	-0.019046	-5.291672	44395000.000000
2020-11-06	0.001926	0.002601	0.012074	-0.016480	0.426910	25231900.000000
2020-11-05	0.031887	0.033547	0.043229	0.029404	6.850357	36080100.000000
2020-11-04	0.048249	0.044282	0.065263	0.036475	9.888336	42311800.000000
2020-11-03	0.020264	0.015014	0.036072	0.011181	4.070496	27512000.000000
2020-11-02	-0.000692	0.016302	0.021227	-0.004443	-0.139008	30842200.000000
2020-10-30	-0.010991	0.001245	0.005132	-0.017845	-2.233795	36953700.000000
2020-10-29	0.010065	0.014156	0.030506	0.010677	2.025330	31432600.000000
2020-10-28	-0.049566	-0.019108	-0.013582	-0.045417	-10.493958	51195600.000000
2020-10-27	0.015089	0.014488	0.029255	0.008446	3.147186	36700300.000000
2020-10-26	-0.028442	-0.003839	0.007760	-0.030624	-6.105743	37111600.000000
2020-10-23	0.006236	0.007904	0.013763	-0.000861	1.330353	18879600.000000
2020-10-22	0.000419	0.003168	0.013156	-0.007289	0.089355	22351500.000000
2020-10-21	0.000699	0.000068	0.017900	0.000068	0.148926	22724900.000000
2020-10-20	0.002007	0.014677	0.022059	0.001935	0.426910	22753500.000000
2020-10-19	-0.024766	0.010733	0.019353	-0.019990	-5.400864	27625800.000000
2020-10-16	0.000000	0.009495	0.019308	0.005689	0.000000	26057900.000000
2020-10-15	-0.005433	-0.009900	0.004967	-0.014871	-1.191360	22733100.000000
2020-10-14	-0.008974	0.007881	0.013395	-0.009610	-1.985596	23421700.000000
2020-10-13	0.006594	0.013253	0.024581	0.002835	1.449493	28950800.000000
2020-10-12	0.025902	0.021156	0.044819	0.011915	5.549759	40461400.000000
2020-10-09	0.024836	0.010357	0.032503	0.010357	5.192352	26458000.000000
2020-10-08	0.003574	0.010512	0.013776	-0.000001	0.744629	19925800.000000
2020-10-07	0.019037	0.012873	0.027793	0.011210	3.891785	25681100.000000
2020-10-06	-0.021247	-0.000221	0.006290	-0.019372	-4.437851	28554300.000000
2020-10-05	0.020321	0.012279	0.027863	0.011107	4.159851	21331600.000000
2020-10-02	-0.029511	-0.013897	0.000279	-0.025559	-6.224869	33154800.000000
2020-10-01	0.010127	0.022381	0.024775	0.011989	2.114685	27158400.000000
2020-09-30	0.014812	0.009532	0.030186	0.003749	3.047913	33829100.000000
2020-09-29	-0.010409	0.006815	0.010278	-0.005401	-2.164322	24221900.000000
2020-09-28	0.007795	0.022079	0.030270	0.008411	1.608337	32004900.000000
2020-09-25	0.022787	0.009032	0.036247	0.004026	4.596695	29437300.000000
2020-09-24	0.012962	0.003532	0.032254	0.000268	2.581284	31202500.000000
2020-09-23	-0.032928	0.009579	0.010550	-0.028639	-6.780838	30803800.000000
2020-09-22	0.024094	0.019780	0.034898	0.004960	4.844879	33517100.000000
2020-09-21	0.010729	-0.008837	0.018909	-0.012908	2.134521	39839700.000000
2020-09-18	-0.012419	0.006702	0.010921	-0.025813	-2.501877	55225300.000000
2020-09-17	-0.010436	-0.017313	0.003711	-0.017755	-2.124588	34011300.000000
2020-09-16	-0.017866	0.016125	0.016269	-0.012725	-3.703171	26328100.000000
2020-09-15	0.016406	0.022008	0.028676	0.014701	3.345764	21823900.000000
2020-09-14	0.006764	0.008284	0.032771	0.007248	1.370056	30375800.000000
2020-09-11	-0.006525	0.016223	0.023237	-0.013008	-1.330338	33620100.000000
2020-09-10	-0.028018	0.017306	0.023694	-0.026980	-5.877411	35461500.000000
2020-09-09	0.042584	0.031800	0.067784	0.027327	8.567902	45679000.000000
2020-09-08	-0.054096	-0.029187	-0.012592	-0.049403	-11.506622	52924300.000000
2020-09-04	-0.014036	-0.002950	0.012161	-0.048886	-3.028061	59664100.000000
2020-09-03	-0.061947	-0.003101	-0.002927	-0.065323	-14.246719	58400300.000000
2020-09-02	0.019272	0.010350	0.032022	0.007602	4.348465	34080800.000000
2020-09-01	0.007715	0.007158	0.015823	0.002335	1.727509	25725500.000000
2020-08-31	-0.014766	-0.001157	0.006324	-0.012993	-3.355698	28774200.000000
2020-08-28	0.010283	0.014360	0.025296	0.007248	2.313232	26292900.000000
2020-08-27	0.024553	0.015173	0.052794	-0.000723	5.390930	57602200.000000
2020-08-26	0.021620	0.013809	0.033398	0.011389	4.646317	39600800.000000
2020-08-25	0.013010	0.004467	0.021011	0.004467	2.760010	23043700.000000
2020-08-24	0.003145	0.015617	0.019069	0.004458	0.665176	25460100.000000
2020-08-21	-0.007270	0.003868	0.015087	-0.000873	-1.548767	36249300.000000
2020-08-20	0.023271	0.006479	0.032705	0.003453	4.844879	26981500.000000
2020-08-19	-0.006067	0.009683	0.012595	-0.001012	-1.270798	27627600.000000
2020-08-18	0.005754	0.010883	0.019670	0.004545	1.198395	21336200.000000
2020-08-17	0.006606	0.013066	0.020751	0.009779	1.366791	20184800.000000
2020-08-14	0.000958	0.009973	0.013988	0.003925	0.198074	17958900.000000
2020-08-13	-0.002342	0.010889	0.020108	0.004663	-0.485321	22588900.000000
2020-08-12	0.028567	0.019165	0.043938	0.016484	5.754288	28013100.000000
2020-08-11	-0.023385	0.004398	0.006774	-0.015093	-4.823273	36446500.000000
2020-08-10	-0.019908	0.005834	0.006832	-0.019446	-4.189438	36716500.000000
2020-08-07	-0.017888	0.002682	0.006649	-0.015612	-3.832901	27820400.000000
2020-08-06	0.016014	0.006838	0.025946	0.003092	3.377304	32656800.000000
2020-08-05	-0.001641	0.017304	0.017778	0.001540	-0.346634	28806400.000000
2020-08-04	-0.015009	-0.001368	0.001429	-0.019367	-3.218842	49280100.000000
2020-08-03	0.056241	0.041745	0.071886	0.036426	11.419434	78983000.000000
2020-07-31	0.005444	0.012158	0.015625	-0.014532	1.099350	51044000.000000
2020-07-30	-0.000784	-0.005458	0.011662	-0.012534	-0.158463	25079600.000000
2020-07-29	0.010098	0.012081	0.022827	0.009632	2.020416	19632600.000000
2020-07-28	-0.008977	0.008494	0.013893	-0.000768	-1.812439	23251400.000000
2020-07-27	0.012668	0.010535	0.023075	0.007476	2.525543	30160900.000000
2020-07-24	-0.006122	-0.000886	0.011278	-0.015392	-1.228088	39827000.000000
2020-07-23	-0.043495	-0.012061	0.005725	-0.036093	-9.121674	67457000.000000
2020-07-22	0.014371	0.011859	0.026853	0.007941	2.971207	49605700.000000
2020-07-21	-0.013469	0.019512	0.020848	-0.007352	-2.822678	37990400.000000
2020-07-20	0.042981	0.020233	0.056563	0.010329	8.636383	36884800.000000
2020-07-17	-0.005100	0.012406	0.015228	-0.002844	-1.030014	31635300.000000
2020-07-16	-0.019804	-0.003130	-0.001674	-0.018127	-4.080475	29940700.000000
2020-07-15	-0.001488	0.015546	0.024124	-0.006406	-0.307037	32179400.000000
2020-07-14	0.006181	0.005099	0.018362	-0.014893	1.267715	37591800.000000
2020-07-13	-0.030889	0.013510	0.019748	-0.024199	-6.536713	38135600.000000
2020-07-10	-0.003033	0.006385	0.008552	-0.005581	-0.643768	26177600.000000
2020-07-09	0.007001	0.026287	0.026524	0.003231	1.475708	33121700.000000
2020-07-08	0.021993	0.018507	0.033973	0.011816	4.536102	33600000.000000
2020-07-07	-0.011628	0.008485	0.028707	-0.003304	-2.426514	33600700.000000
2020-07-06	0.021526	0.022263	0.033522	0.018641	4.397430	31897600.000000
2020-07-02	0.007621	0.014516	0.026058	0.011162	1.545029	29315800.000000
2020-07-01	0.005847	0.007847	0.023773	0.001050	1.178589	32061200.000000
2020-06-30	0.025549	0.006833	0.040008	0.006121	5.021378	34310300.000000
2020-06-29	0.010747	0.006854	0.020997	-0.004614	2.089783	26701600.000000
2020-06-26	-0.020016	0.006608	0.007415	-0.017835	-3.971558	54675800.000000
2020-06-25	0.012636	0.009478	0.023819	-0.002413	2.476013	27803900.000000
2020-06-24	-0.020157	0.008132	0.016383	-0.017071	-4.030960	36740600.000000
2020-06-23	0.006681	0.017334	0.026698	0.014012	1.327133	30917400.000000
2020-06-22	0.027774	0.012994	0.038708	0.010096	5.368042	32818900.000000
2020-06-19	-0.005960	0.021357	0.024957	-0.000346	-1.158798	44441100.000000
2020-06-18	0.010709	0.008435	0.021378	0.008435	2.060074	23061600.000000
2020-06-17	0.003461	0.017298	0.024027	0.010308	0.663544	25687800.000000
2020-06-16	0.024505	0.030791	0.045166	0.023149	4.585632	42556700.000000
2020-06-15	0.006392	-0.007312	0.026247	-0.010378	1.188492	32770200.000000
2020-06-12	0.007892	0.032828	0.039224	0.003774	1.455887	43373600.000000
2020-06-11	-0.053698	-0.009348	0.004143	-0.045562	-10.468628	52854700.000000
2020-06-10	0.037092	0.016758	0.056070	0.016119	6.972473	43872300.000000
2020-06-09	0.007645	0.007753	0.022226	0.003786	1.426208	29783900.000000
2020-06-08	0.006197	0.002887	0.016964	-0.005204	1.148880	33211600.000000
2020-06-05	0.023398	0.008027	0.036233	0.004659	4.238937	39893600.000000
2020-06-04	-0.013164	0.003909	0.012297	-0.006986	-2.416595	28761800.000000
2020-06-03	0.002434	0.009191	0.015307	0.002420	0.445694	27311000.000000
2020-06-02	0.011377	0.017524	0.021666	0.001509	2.060043	30794600.000000
2020-06-01	-0.002292	0.005770	0.008305	-0.000180	-0.415970	22622400.000000
2020-05-29	0.010199	0.017085	0.025657	0.004172	1.832275	42130400.000000
2020-05-28	-0.002255	0.003740	0.022678	0.001741	-0.406082	33810200.000000
2020-05-27	0.001322	0.002064	0.012018	-0.017955	0.237701	39517100.000000
2020-05-26	-0.010572	0.025253	0.026134	-0.003577	-1.921387	36073600.000000
2020-05-22	0.000436	0.008362	0.015352	0.004784	0.079239	20826900.000000
2020-05-21	-0.012011	0.008269	0.015175	-0.003206	-2.208633	29119500.000000
2020-05-20	0.013871	0.019001	0.024735	0.014204	2.515640	31261300.000000
2020-05-19	-0.006922	0.013152	0.021748	0.004719	-1.264206	26799100.000000
2020-05-18	0.009554	0.026812	0.029299	0.016917	1.728394	35264500.000000
2020-05-15	0.014568	0.004250	0.049118	-0.007303	2.597565	46610400.000000
2020-05-14	0.004339	0.000046	0.017789	-0.010431	0.770370	41873900.000000
2020-05-13	-0.015122	0.012717	0.021038	-0.020625	-2.725922	44711500.000000
2020-05-12	-0.022652	0.012820	0.014121	-0.011579	-4.177826	32038200.000000
2020-05-11	0.011155	0.004106	0.028010	0.002462	2.034592	30892700.000000
2020-05-08	0.005882	0.020105	0.020215	0.011171	1.066666	30877800.000000
2020-05-07	0.005807	0.021536	0.023643	0.012716	1.046921	28316000.000000
2020-05-06	0.009847	0.019888	0.031763	0.017368	1.758041	32139300.000000
2020-05-05	0.010736	0.022572	0.039726	0.018496	1.896301	36839200.000000
2020-05-04	0.024460	0.012031	0.038188	0.008029	4.217300	30372900.000000
2020-05-01	-0.025891	-0.006771	0.009274	-0.016884	-4.582748	39370500.000000
2020-04-30	0.010032	0.027160	0.029443	0.005647	1.758072	53875900.000000
2020-04-29	0.044874	0.032827	0.059420	0.024837	7.525955	51286600.000000
2020-04-28	-0.024361	0.021453	0.021919	-0.014614	-4.187683	34392700.000000
2020-04-27	-0.002865	0.024328	0.026126	0.005244	-0.493835	33194400.000000
2020-04-24	0.018259	0.016275	0.031041	0.008301	3.091370	34277600.000000
2020-04-23	-0.012102	0.015937	0.021481	-0.002735	-2.074081	32790800.000000
2020-04-22	0.033965	0.034033	0.049780	0.030594	5.629654	34620200.000000
2020-04-21	-0.041357	0.003472	0.004455	-0.039269	-7.150635	56203700.000000
2020-04-20	-0.019821	0.001327	0.013345	-0.007971	-3.496323	36669600.000000
2020-04-17	0.008812	0.026563	0.029423	0.005803	1.540756	52765600.000000
2020-04-16	0.030021	0.026750	0.044304	0.018503	5.096313	50479600.000000
2020-04-15	-0.010478	-0.002078	0.011737	-0.013503	-1.797531	40940800.000000
2020-04-14	0.049483	0.033845	0.062902	0.027727	8.088943	52874300.000000
2020-04-13	0.002240	0.007651	0.015131	-0.004918	0.365417	41905300.000000
2020-04-09	0.000060	0.020036	0.026229	0.001458	0.009857	51385100.000000
2020-04-08	0.010031	0.025995	0.032188	0.012557	1.619781	48318200.000000
2020-04-07	-0.010770	0.038960	0.041472	0.000181	-1.758072	62769000.000000
2020-04-06	0.074368	0.055211	0.095887	0.037177	11.298859	67111700.000000
2020-04-03	-0.009210	0.011451	0.026320	-0.007526	-1.412369	41243300.000000
2020-04-02	0.020709	0.010830	0.034926	0.000846	3.111130	49630700.000000
2020-04-01	-0.035508	-0.017743	0.012751	-0.031739	-5.530884	57969900.000000
2020-03-31	-0.015727	0.007250	0.041246	-0.010696	-2.488892	77927200.000000
2020-03-30	0.070341	0.031027	0.086217	0.014591	10.400055	63420300.000000
2020-03-27	-0.041061	-0.015783	0.004582	-0.032322	-6.330902	57042300.000000
2020-03-26	0.062551	0.022694	0.079618	0.022487	9.076584	64568100.000000
2020-03-25	-0.009573	0.016385	0.053379	-0.014125	-1.402481	75638200.000000
2020-03-24	0.090896	0.070349	0.113908	0.051883	12.207474	82516700.000000
2020-03-23	-0.009974	0.009988	0.036231	-0.023110	-1.353073	78975200.000000
2020-03-20	-0.037559	0.035836	0.043641	-0.036105	-5.293869	84866200.000000
2020-03-19	0.016453	0.029586	0.082807	0.002399	2.281494	85922700.000000
2020-03-18	-0.042096	-0.046706	0.008557	-0.067292	-6.093887	81593200.000000
2020-03-17	0.082337	0.046738	0.102813	0.009354	11.012421	81059800.000000
2020-03-16	-0.147390	-0.107541	-0.047938	-0.139415	-23.121094	87905900.000000
2020-03-13	0.142169	0.073946	0.178865	0.024654	19.526031	92727400.000000
2020-03-12	-0.094838	-0.042404	0.011440	-0.086692	-14.390198	93226400.000000
2020-03-11	-0.045302	-0.011352	-0.007765	-0.048977	-7.200043	56371600.000000
2020-03-10	0.068384	0.063180	0.082472	0.025670	10.172882	65354400.000000
2020-03-09	-0.067773	-0.053743	-0.011444	-0.060010	-10.814880	70419300.000000
2020-03-06	-0.028267	-0.009793	-0.006748	-0.050044	-4.641983	72821100.000000
2020-03-05	-0.025095	-0.014220	0.014394	-0.016358	-4.227203	47817300.000000
2020-03-04	0.036715	0.036990	0.050592	0.019326	5.965485	49814400.000000
2020-03-03	-0.047919	0.018413	0.025445	-0.049208	-8.177826	71677000.000000
2020-03-02	0.066539	0.033118	0.080678	0.014369	10.646973	71030800.000000
2020-02-28	0.024213	-0.024439	0.047892	-0.027063	3.782745	97012700.000000
2020-02-27	-0.070459	-0.028262	-0.006188	-0.060035	-11.842041	93174900.000000
2020-02-26	0.012495	0.022374	0.043760	0.013338	2.074066	56206100.000000
2020-02-25	-0.016502	0.032106	0.035898	-0.006702	-2.785187	68073300.000000
2020-02-24	-0.043116	-0.048848	-0.010410	-0.074587	-7.604980	68311100.000000
2020-02-21	-0.031613	0.005632	0.007444	-0.026870	-5.758057	48572600.000000
2020-02-20	-0.015271	0.010711	0.012332	-0.020916	-2.824692	36862400.000000
2020-02-19	0.002999	0.019761	0.020411	0.011139	0.553055	29997500.000000
2020-02-18	0.010143	0.016684	0.028132	0.016082	1.851761	27792200.000000
2020-02-14	0.008927	0.012718	0.024655	0.009402	1.615341	23149500.000000
2020-02-13	-0.005414	0.006301	0.023615	0.005146	-0.984970	35295800.000000
2020-02-12	0.001464	0.021535	0.023022	0.001003	0.265945	47062900.000000
2020-02-11	-0.022575	0.025752	0.026021	-0.012717	-4.195953	53159900.000000
2020-02-10	0.026157	0.013549	0.042589	0.011727	4.737686	35844300.000000
2020-02-07	0.001416	0.010948	0.026318	0.008902	0.256119	33529100.000000
2020-02-06	0.020734	0.021299	0.037383	0.016163	3.673920	27751400.000000
2020-02-05	-0.001221	0.037299	0.038257	0.005622	-0.216690	39186300.000000
2020-02-04	0.032917	0.031329	0.051707	0.026497	5.653717	36433300.000000
2020-02-03	0.024379	0.016453	0.040727	0.016274	4.087631	30107000.000000
2020-01-31	-0.014759	0.011911	0.013027	-0.003543	-2.511688	36142700.000000
2020-01-30	0.028208	0.051571	0.051571	0.031875	4.668777	51597500.000000
2020-01-29	0.015593	0.029864	0.035447	0.016671	2.541183	34754500.000000
2020-01-28	0.019596	0.024644	0.037032	0.020203	3.132233	24899900.000000
2020-01-27	-0.016723	-0.008670	0.005048	-0.014514	-2.718521	32078100.000000
2020-01-24	-0.010077	0.020071	0.020193	0.001437	-1.654755	24918100.000000
2020-01-23	0.006156	0.018262	0.022000	0.012625	1.004669	19680800.000000
2020-01-22	-0.004805	0.020748	0.021297	0.010260	-0.787964	24138800.000000
2020-01-21	-0.003591	0.012708	0.021883	0.011189	-0.591003	29517200.000000
2020-01-17	0.005597	0.022897	0.023203	0.010739	0.916031	34371700.000000
2020-01-16	0.018323	0.022540	0.034299	0.020549	2.945084	23865400.000000
2020-01-15	0.006476	0.018329	0.026594	0.018016	1.034210	21417900.000000
2020-01-14	-0.007043	0.015944	0.017250	0.005560	-1.132721	23477400.000000
2020-01-13	0.012024	0.017903	0.027657	0.014757	1.910843	21626500.000000
2020-01-10	-0.004627	0.019833	0.022338	0.009560	-0.738708	20725900.000000
2020-01-09	0.012493	0.026358	0.028768	0.021221	1.969910	21385000.000000
2020-01-08	0.015928	0.023958	0.036006	0.017644	2.472275	27746500.000000
2020-01-07	-0.009118	0.017111	0.019346	0.004343	-1.428238	21634100.000000
2020-01-06	0.002585	0.005403	0.018332	0.001755	0.403870	20813700.000000
2020-01-03	-0.012452	0.000722	0.011025	-0.000921	-1.969940	21116200.000000
2020-01-02	0.018516	0.022213	0.034767	0.019316	2.876129	22622100.000000
