2022-12-30	-0.005709	0.004903	0.005741	-0.012693	-0.476921	4266900.000000
2022-12-29	0.011063	0.013358	0.024977	0.010453	0.914093	3378300.000000
2022-12-28	-0.010000	0.008856	0.012930	-0.005762	-0.834610	3536400.000000
2022-12-27	-0.002020	0.005622	0.007775	-0.001911	-0.168907	4726500.000000
2022-12-23	0.009959	0.002353	0.017691	0.002353	0.824677	3254700.000000
2022-12-22	-0.015476	0.005152	0.005152	-0.023146	-1.301598	4491000.000000
2022-12-21	0.013530	0.010436	0.023692	0.008026	1.122757	5356200.000000
2022-12-20	0.000000	0.005013	0.012726	-0.002819	0.000000	4811900.000000
2022-12-19	-0.007369	0.004546	0.008134	-0.007655	-0.616028	5681100.000000
2022-12-16	-0.019462	-0.007733	-0.004683	-0.023332	-1.659279	16949300.000000
2022-12-15	-0.014245	0.004725	0.006459	-0.011693	-1.232048	6469100.000000
2022-12-14	-0.001147	0.010039	0.023320	-0.002895	-0.099358	6111600.000000
2022-12-13	0.006932	0.023321	0.027624	0.000064	0.596146	7179500.000000
2022-12-12	0.024139	0.013724	0.031350	0.009913	2.026909	5348900.000000
2022-12-09	-0.014576	0.004112	0.009276	-0.009267	-1.241974	4460300.000000
2022-12-08	0.005511	0.006223	0.019558	0.001857	0.466988	4281700.000000
2022-12-07	0.001291	0.006223	0.020284	-0.000275	0.109291	5108800.000000
2022-12-06	0.000352	0.003623	0.007641	-0.010561	0.029808	5027700.000000
2022-12-05	-0.000587	0.004097	0.016264	0.001380	-0.049675	5511700.000000
2022-12-02	0.004362	-0.006591	0.010968	-0.010507	0.367622	6316900.000000
2022-12-01	0.001535	0.014777	0.021550	-0.001977	0.129166	5830700.000000
2022-11-30	0.026791	0.001579	0.035864	0.001213	2.195816	9739200.000000
2022-11-29	-0.014810	-0.003397	-0.000753	-0.014576	-1.232048	5398200.000000
2022-11-28	-0.018866	-0.005334	0.002568	-0.017128	-1.599655	6464200.000000
2022-11-25	0.004946	0.010608	0.016889	0.008948	0.417297	3622200.000000
2022-11-23	0.014758	0.004716	0.022275	0.003513	1.227074	4259700.000000
2022-11-22	0.006101	0.017137	0.027422	0.013023	0.504173	4105500.000000
2022-11-21	0.004808	0.004519	0.018258	0.004519	0.395424	6593800.000000
2022-11-18	0.010322	0.022749	0.029259	0.014273	0.840271	6664400.000000
2022-11-17	-0.023363	-0.001146	-0.000066	-0.017821	-1.947464	8333900.000000
2022-11-16	0.017006	0.013401	0.034020	0.013401	1.393867	8444900.000000
2022-11-15	0.015307	0.022224	0.038328	0.016278	1.235703	5594900.000000
2022-11-14	-0.019805	0.008900	0.017278	-0.009071	-1.631119	7904000.000000
2022-11-11	0.001322	0.012422	0.019474	-0.003262	0.108742	5730900.000000
2022-11-10	0.063939	0.051801	0.083623	0.034208	4.942810	9315900.000000
2022-11-09	-0.000894	0.015836	0.022427	0.008081	-0.069206	4940000.000000
2022-11-08	0.012679	0.016544	0.035784	0.009869	0.968788	5518400.000000
2022-11-07	-0.019162	0.010672	0.015679	-0.020651	-1.492729	7008500.000000
2022-11-04	0.007930	0.017005	0.024510	0.001737	0.612907	7758900.000000
2022-11-03	0.011646	0.004502	0.036441	-0.000472	0.889709	6920300.000000
2022-11-02	-0.005533	0.011441	0.039167	0.002589	-0.425079	7119000.000000
2022-11-01	0.002710	0.020577	0.020577	0.007263	0.207596	5410300.000000
2022-10-31	-0.019360	0.004147	0.014643	-0.017485	-1.512497	8273700.000000
2022-10-28	0.047171	0.028727	0.062907	0.027387	3.519279	9123300.000000
2022-10-27	-0.001720	0.017592	0.029367	0.009698	-0.128510	7163300.000000
2022-10-26	-0.003427	0.011571	0.020505	0.004103	-0.257034	6247100.000000
2022-10-25	0.035207	0.018059	0.050361	0.015988	2.550491	9216900.000000
2022-10-24	0.022750	0.023430	0.040372	0.015948	1.611359	9989600.000000
2022-10-21	0.014298	0.017872	0.045366	0.006702	0.998444	11161300.000000
2022-10-20	-0.040739	0.007725	0.009373	-0.041041	-2.965683	13023800.000000
2022-10-19	-0.018918	0.000520	0.003620	-0.022660	-1.403755	8579600.000000
2022-10-18	0.019145	0.037667	0.043024	0.017889	1.393867	6998500.000000
2022-10-17	0.026195	0.026088	0.048922	0.025384	1.858498	7563500.000000
2022-10-14	-0.018060	0.021259	0.035791	-0.011265	-1.304901	8735000.000000
2022-10-13	0.004673	-0.004559	0.022973	-0.021244	0.336105	13643700.000000
2022-10-12	-0.043141	0.008644	0.015961	-0.033799	-3.242477	9715100.000000
2022-10-11	-0.009252	0.005112	0.014075	-0.008465	-0.701874	9143100.000000
2022-10-10	0.000130	0.015526	0.024095	0.007220	0.009880	6118000.000000
2022-10-07	-0.027626	0.007084	0.008238	-0.023298	-2.155067	7697400.000000
2022-10-06	-0.034976	0.009839	0.011076	-0.024552	-2.827278	8374600.000000
2022-10-05	-0.012678	-0.001498	0.007418	-0.016522	-1.037994	5468700.000000
2022-10-04	0.020076	0.021414	0.032752	0.016181	1.611351	8193700.000000
2022-10-03	0.035455	0.029890	0.053112	0.022021	2.748207	8115200.000000
2022-09-30	-0.019507	0.015745	0.019540	-0.009680	-1.542160	12854300.000000
2022-09-29	-0.029137	0.009115	0.011325	-0.024166	-2.372551	8291300.000000
2022-09-28	0.015910	0.026667	0.035899	0.013692	1.275246	8713400.000000
2022-09-27	-0.000863	0.022416	0.029895	-0.001393	-0.069199	9247000.000000
2022-09-26	-0.016602	0.010958	0.014758	-0.015398	-1.354317	7702900.000000
2022-09-23	-0.012210	-0.001022	0.001036	-0.015069	-1.008347	6719700.000000
2022-09-22	-0.005121	0.009523	0.014221	0.000247	-0.425079	6748700.000000
2022-09-21	-0.020072	0.015230	0.020425	-0.008970	-1.700325	6706300.000000
2022-09-20	-0.013243	0.001669	0.007028	-0.010678	-1.136841	6242000.000000
2022-09-19	0.024177	0.010736	0.036744	0.008588	2.026550	8821000.000000
2022-09-16	-0.014184	0.004514	0.011336	-0.006188	-1.206047	19190700.000000
2022-09-15	-0.032291	-0.027581	-0.012102	-0.034523	-2.837166	18681000.000000
2022-09-14	0.000225	0.005879	0.017377	0.002464	0.019768	7281500.000000
2022-09-13	-0.021473	0.003105	0.007783	-0.014718	-1.927696	5624800.000000
2022-09-12	0.010122	0.014721	0.022260	0.010220	0.899582	5573800.000000
2022-09-09	-0.004099	0.017622	0.019527	0.006640	-0.365753	5700400.000000
2022-09-08	0.000332	0.005854	0.020763	0.004733	0.029655	8852500.000000
2022-09-07	0.032849	0.015507	0.046884	0.014350	2.837166	11366600.000000
2022-09-06	0.026554	0.036887	0.049129	0.034272	2.234146	11077100.000000
2022-09-02	-0.013332	0.013799	0.022946	-0.005902	-1.136841	5785700.000000
2022-09-01	0.014108	0.014782	0.028220	0.007409	1.186279	5896300.000000
2022-08-31	-0.007468	0.011571	0.018299	0.000948	-0.632683	6830900.000000
2022-08-30	-0.015169	0.013663	0.015175	-0.009470	-1.304901	7394200.000000
2022-08-29	-0.007018	0.004010	0.014053	-0.002569	-0.607964	5827800.000000
2022-08-26	-0.014879	0.023299	0.029781	-0.002286	-1.308449	7990000.000000
2022-08-25	0.007665	0.019914	0.025070	0.009029	0.668983	5595200.000000
2022-08-24	0.008297	0.018441	0.025719	0.016246	0.718163	5669200.000000
2022-08-23	-0.006325	0.017280	0.017740	0.006029	-0.550919	3473600.000000
2022-08-22	-0.013042	0.007639	0.014437	-0.000293	-1.151039	5783400.000000
2022-08-19	-0.005873	0.015012	0.020419	0.006677	-0.521408	5542800.000000
2022-08-18	0.000443	0.016477	0.021322	0.012758	0.039352	5090700.000000
2022-08-17	-0.003645	0.010189	0.018048	0.007606	-0.324654	4178000.000000
2022-08-16	-0.005165	0.011338	0.020386	0.008993	-0.462379	5250600.000000
2022-08-15	0.005858	0.016589	0.024678	0.012769	0.521408	5032700.000000
2022-08-12	0.011629	0.025001	0.030343	0.015340	1.023140	5262500.000000
2022-08-11	-0.003898	0.022477	0.030629	0.010929	-0.344322	7525800.000000
2022-08-10	0.009672	0.024936	0.029737	0.015562	0.846062	5693300.000000
2022-08-09	0.015996	0.024607	0.034943	0.019496	1.377304	5154000.000000
2022-08-08	-0.005228	0.022022	0.027799	0.002612	-0.452545	7243200.000000
2022-08-05	0.000000	0.015321	0.022369	0.004461	0.000000	8643200.000000
2022-08-04	0.017580	0.022355	0.042341	0.016359	1.495361	8679200.000000
2022-08-03	0.009221	0.017663	0.030121	0.000933	0.777199	7640400.000000
2022-08-02	0.004220	0.018026	0.033873	0.015166	0.354164	7664200.000000
2022-08-01	0.009705	0.015995	0.027665	0.005288	0.806702	7004500.000000
2022-07-29	-0.000591	0.015996	0.026937	0.013711	-0.049187	11474800.000000
2022-07-28	0.051754	0.072498	0.090961	0.065922	4.092567	13561500.000000
2022-07-27	0.005882	0.018003	0.027543	0.011897	0.462379	6056200.000000
2022-07-26	-0.013213	0.010954	0.011958	-0.006117	-1.052650	6740900.000000
2022-07-25	0.009097	0.013310	0.026483	0.006724	0.718170	5035600.000000
2022-07-22	0.017497	0.032715	0.054238	0.021503	1.357620	11517100.000000
2022-07-21	0.007023	0.021668	0.024783	0.014011	0.541092	7847600.000000
2022-07-20	-0.007728	0.019439	0.022529	0.002697	-0.600113	6323700.000000
2022-07-19	0.018320	0.024607	0.040344	0.021853	1.396980	6403800.000000
2022-07-18	-0.015246	0.011569	0.015831	0.000850	-1.180542	6610800.000000
2022-07-15	-0.017721	-0.007372	0.000239	-0.031728	-1.396980	8780600.000000
2022-07-14	-0.001620	-0.003154	0.017616	-0.005560	-0.127907	6124400.000000
2022-07-13	0.003878	0.009230	0.033640	0.005288	0.304985	7552400.000000
2022-07-12	-0.009048	0.014839	0.019248	0.001862	-0.718170	7553900.000000
2022-07-11	0.005358	0.013310	0.025723	0.009764	0.423035	6100400.000000
2022-07-08	-0.001617	0.007877	0.017109	0.004210	-0.127899	5708300.000000
2022-07-07	0.010180	0.019798	0.029379	0.019543	0.796875	5498000.000000
2022-07-06	0.005815	0.024057	0.030482	0.009924	0.452538	7918400.000000
2022-07-05	-0.017999	0.015720	0.018495	-0.021376	-1.426491	11278600.000000
2022-07-01	0.040021	0.027893	0.058207	0.024744	3.049751	7718400.000000
2022-06-30	0.019211	-0.007105	0.029474	-0.008947	1.459999	8872900.000000
2022-06-29	-0.005756	-0.004448	0.001308	-0.015437	-0.440002	7082200.000000
2022-06-28	-0.018616	0.000257	0.005649	-0.021312	-1.449997	6140200.000000
2022-06-27	-0.001666	-0.003717	0.002051	-0.008459	-0.129997	6557200.000000
2022-06-24	0.010622	0.001684	0.012047	-0.007383	0.820000	9320500.000000
2022-06-23	0.033605	0.011380	0.036417	0.008435	2.509995	12502500.000000
2022-06-22	0.026949	-0.007287	0.038774	-0.012100	1.959999	12686500.000000
2022-06-21	0.027115	-0.000141	0.036577	-0.000141	1.920006	8466900.000000
2022-06-17	-0.000847	-0.003245	0.026527	-0.003245	-0.060005	15919000.000000
2022-06-16	-0.044750	-0.019949	-0.014962	-0.054859	-3.320000	12729200.000000
2022-06-15	0.037913	0.013710	0.056939	0.010213	2.709999	12085300.000000
2022-06-14	-0.012844	-0.001381	0.009805	-0.029554	-0.930000	11412500.000000
2022-06-13	-0.046107	-0.017521	-0.015150	-0.052035	-3.500000	11882300.000000
2022-06-10	-0.018490	-0.010215	-0.005689	-0.020300	-1.429993	8598500.000000
2022-06-09	-0.014652	-0.003185	0.004714	-0.015161	-1.150002	8354800.000000
2022-06-08	-0.016169	-0.010028	-0.002507	-0.019303	-1.290001	5198000.000000
2022-06-07	-0.005113	-0.005362	-0.000125	-0.023818	-0.410004	7405600.000000
2022-06-06	0.019062	0.031770	0.035583	0.017537	1.500000	12716900.000000
2022-06-03	0.002165	-0.005476	0.005349	-0.009170	0.170006	9293500.000000
2022-06-02	0.030852	0.003676	0.032559	-0.002232	2.349998	9640600.000000
2022-06-01	0.006342	0.000925	0.012419	-0.004756	0.479996	7994100.000000
2022-05-31	-0.022472	-0.008395	-0.006328	-0.029188	-1.739998	29712000.000000
2022-05-27	0.031850	-0.007329	0.032116	-0.011594	2.389999	9435300.000000
2022-05-26	0.003343	0.003476	0.012836	-0.000267	0.250000	9431300.000000
2022-05-25	0.001607	0.006027	0.006428	-0.014464	0.120003	11192100.000000
2022-05-24	0.029221	0.000827	0.032667	-0.005238	2.119995	11133500.000000
2022-05-23	0.018675	0.008284	0.019236	0.003370	1.330002	10378700.000000
2022-05-20	0.010786	0.006245	0.015612	-0.006812	0.760002	9747800.000000
2022-05-19	-0.007606	0.001268	0.001268	-0.020704	-0.540001	9593500.000000
2022-05-18	-0.014163	-0.003193	0.003194	-0.018189	-1.019997	10316800.000000
2022-05-17	0.027096	0.011124	0.027239	0.000143	1.899994	8889300.000000
2022-05-16	0.004585	-0.002292	0.013180	-0.005731	0.320000	7339500.000000
2022-05-13	0.018829	0.013429	0.024522	0.000292	1.290001	8010600.000000
2022-05-12	-0.024074	-0.008689	0.004131	-0.042450	-1.689995	15364900.000000
2022-05-11	0.003000	-0.004858	0.019431	-0.006429	0.209999	11129000.000000
2022-05-10	-0.010182	0.004101	0.014567	-0.028143	-0.720001	14731900.000000
2022-05-09	-0.024286	-0.009245	-0.005382	-0.030495	-1.760002	10442700.000000
2022-05-06	0.008770	-0.008073	0.014198	-0.010440	0.630005	9364900.000000
2022-05-05	-0.016699	-0.004927	-0.001232	-0.025459	-1.220001	10382300.000000
2022-05-04	0.032504	0.017524	0.036320	-0.000424	2.299995	10859600.000000
2022-05-03	0.012738	0.001861	0.023758	-0.004294	0.889999	10419900.000000
2022-05-02	-0.016193	0.001126	0.006900	-0.035201	-1.149994	14338100.000000
2022-04-29	-0.033610	-0.008300	-0.000544	-0.035515	-2.470001	14912900.000000
2022-04-28	0.003003	0.003139	0.008735	-0.006824	0.220001	11325600.000000
2022-04-27	-0.004078	0.003534	0.021340	-0.005165	-0.300003	10989600.000000
2022-04-26	-0.006348	0.000135	0.012561	-0.007428	-0.470001	10971600.000000
2022-04-25	0.001217	0.000676	0.007573	-0.031913	0.090004	15697900.000000
2022-04-22	-0.029273	-0.000131	0.002494	-0.030192	-2.230003	15284800.000000
2022-04-21	-0.065391	-0.014599	-0.006257	-0.067844	-5.330002	17712800.000000
2022-04-20	-0.003911	0.014665	0.014665	-0.006232	-0.320000	8457000.000000
2022-04-19	0.001469	0.000612	0.004773	-0.007343	0.120003	8104800.000000
2022-04-18	-0.013283	0.002294	0.009661	-0.021133	-1.099998	6279100.000000
2022-04-14	-0.008857	0.000000	0.004069	-0.009216	-0.740005	7164100.000000
2022-04-13	-0.004053	0.005722	0.007033	-0.009655	-0.339996	7858500.000000
2022-04-12	-0.008158	-0.001537	0.003074	-0.014188	-0.690002	8714800.000000
2022-04-11	-0.017540	0.000697	0.001510	-0.020211	-1.509995	6745200.000000
2022-04-08	-0.011369	0.000919	0.005053	-0.012862	-0.990005	5731600.000000
2022-04-07	0.006822	-0.002197	0.009250	-0.009134	0.590004	7817400.000000
2022-04-06	0.001853	-0.001853	0.002201	-0.010425	0.159996	7621900.000000
2022-04-05	0.008292	0.002803	0.021373	0.001168	0.709999	7203200.000000
2022-04-04	-0.001050	-0.000817	0.002334	-0.012484	-0.089996	6465700.000000
2022-04-01	0.011805	-0.002597	0.012867	-0.006847	1.000000	6453800.000000
2022-03-31	-0.009240	-0.005146	0.009123	-0.009240	-0.790001	10082800.000000
2022-03-30	0.010399	0.006027	0.013708	0.000118	0.879997	6829300.000000
2022-03-29	0.002250	0.006751	0.007225	-0.009238	0.190002	8954300.000000
2022-03-28	0.005837	0.001310	0.009292	-0.003097	0.489998	6177700.000000
2022-03-25	0.002867	0.004659	0.006452	-0.005854	0.240005	5481000.000000
2022-03-24	0.013685	0.004118	0.014775	0.002301	1.129997	5498000.000000
2022-03-23	-0.003380	-0.004466	0.003018	-0.010139	-0.279999	6125800.000000
2022-03-22	0.012836	0.000856	0.014181	-0.004646	1.049995	8516800.000000
2022-03-21	-0.006920	-0.004492	0.004735	-0.010684	-0.570000	7181700.000000
2022-03-18	-0.003870	0.002781	0.009675	-0.005442	-0.320000	13470800.000000
2022-03-17	0.002182	0.000606	0.008847	-0.001091	0.180000	6341900.000000
2022-03-16	0.006465	-0.001586	0.009270	-0.013906	0.529999	8261200.000000
2022-03-15	0.034057	0.011604	0.037588	0.010343	2.700005	9567000.000000
2022-03-14	-0.000252	0.004792	0.016898	-0.007566	-0.020004	7133800.000000
2022-03-11	-0.010729	0.001746	0.011602	-0.011477	-0.860001	7230600.000000
2022-03-10	-0.001992	-0.009462	0.001743	-0.023406	-0.159996	9554300.000000
2022-03-09	-0.019890	0.005247	0.006467	-0.022453	-1.629997	12710000.000000
2022-03-08	-0.026491	0.001544	0.014493	-0.028986	-2.230003	14717600.000000
2022-03-07	0.049495	0.009350	0.052113	0.006358	3.970001	19948900.000000
2022-03-04	0.018023	0.001777	0.021069	-0.003934	1.419998	8996400.000000
2022-03-03	0.015990	0.003868	0.023340	0.001418	1.239998	10075500.000000
2022-03-02	0.001420	-0.001937	0.004778	-0.012268	0.110001	6988700.000000
2022-03-01	-0.010604	-0.002555	0.007155	-0.022103	-0.829994	13930300.000000
2022-02-28	0.020004	0.004626	0.027823	0.000847	1.534988	16345600.000000
2022-02-25	0.022800	0.014602	0.029531	0.002606	1.710533	12609500.000000
2022-02-24	0.043142	-0.012815	0.053646	-0.016430	3.102814	15750400.000000
2022-02-23	-0.019789	0.011535	0.014261	-0.015723	-1.451958	7837100.000000
2022-02-22	-0.004990	0.002555	0.009742	-0.006395	-0.367966	8233400.000000
2022-02-18	-0.016317	-0.000064	0.011275	-0.015271	-1.223221	9558600.000000
2022-02-17	0.001994	-0.001278	0.013692	-0.004353	0.149170	10093100.000000
2022-02-16	0.001865	0.006074	0.012904	-0.002630	0.139236	7505100.000000
2022-02-15	0.002269	0.016410	0.026342	0.003123	0.169060	9102000.000000
2022-02-14	-0.000534	0.005404	0.010234	-0.008949	-0.039780	8329200.000000
2022-02-11	-0.006494	0.011536	0.022198	-0.004857	-0.487297	8999100.000000
2022-02-10	-0.015784	-0.017416	0.008031	-0.020171	-1.203346	9673300.000000
2022-02-09	0.015903	0.020863	0.029658	0.016998	1.193398	7390900.000000
2022-02-08	-0.002907	0.006469	0.019755	-0.000573	-0.218788	6758500.000000
2022-02-07	-0.004342	0.005406	0.006994	-0.003854	-0.328186	8184500.000000
2022-02-04	0.003168	-0.003353	0.019738	-0.010785	0.238686	12132000.000000
2022-02-03	-0.025216	-0.009597	-0.000153	-0.024215	-1.949211	7960700.000000
2022-02-02	0.006474	0.008012	0.015694	0.000330	0.497246	8397700.000000
2022-02-01	-0.011393	0.004509	0.022915	-0.021363	-0.885101	12082900.000000
2022-01-31	0.077517	0.011225	0.085982	0.009006	5.589050	21787800.000000
2022-01-28	-0.000138	0.002904	0.011640	-0.032181	-0.009949	25537100.000000
2022-01-27	-0.001790	0.014675	0.029763	0.002355	-0.129280	21250600.000000
2022-01-26	-0.032756	0.024284	0.024685	-0.031148	-2.446449	24721700.000000
2022-01-25	-0.083252	-0.040123	-0.015697	-0.081980	-6.782433	22925000.000000
2022-01-24	-0.008232	-0.006026	-0.001157	-0.035365	-0.676254	14689800.000000
2022-01-21	-0.010897	0.007826	0.010596	-0.014690	-0.904991	12809100.000000
2022-01-20	0.011139	0.014426	0.038289	0.012357	0.914932	12028900.000000
2022-01-19	0.016492	0.002940	0.031528	0.002445	1.332619	9673900.000000
2022-01-18	-0.023437	-0.008964	-0.006910	-0.024676	-1.939255	10848100.000000
2022-01-14	-0.020024	0.005302	0.008499	-0.020873	-1.690643	11084300.000000
2022-01-13	-0.002233	0.011329	0.014047	0.001166	-0.188950	7203100.000000
2022-01-12	0.003538	-0.000510	0.017635	-0.002644	0.298347	6484000.000000
2022-01-11	0.005932	0.000051	0.014128	-0.001738	0.497246	8395900.000000
2022-01-10	-0.024534	-0.001560	0.004957	-0.025532	-2.108330	11378700.000000
2022-01-07	0.007462	0.005538	0.018435	-0.009233	0.636482	13359300.000000
2022-01-06	-0.044132	-0.001634	0.001392	-0.040183	-3.938194	12658600.000000
2022-01-05	-0.010476	0.001103	0.014631	-0.005550	-0.944763	6722300.000000
2022-01-04	-0.010692	0.005429	0.008500	-0.005871	-0.974602	8379100.000000
2022-01-03	-0.018209	0.006185	0.008662	-0.024834	-1.690636	7864400.000000
2021-12-31	0.006360	0.003479	0.015944	0.002612	0.586754	4811800.000000
2021-12-30	0.008479	0.008162	0.015595	0.003571	0.775703	3716300.000000
2021-12-29	0.001197	0.006305	0.009697	0.002365	0.109390	2945400.000000
2021-12-28	0.006132	0.009282	0.015118	0.007631	0.556915	3096400.000000
2021-12-27	0.006836	0.007201	0.012745	0.004762	0.616585	5410300.000000
2021-12-23	-0.001101	0.004210	0.011186	0.001109	-0.099449	5845600.000000
2021-12-22	0.003870	0.003204	0.010319	-0.000687	0.348076	4142900.000000
2021-12-21	0.005670	0.013476	0.021191	-0.000946	0.507187	6287900.000000
2021-12-20	-0.010996	-0.007067	-0.003971	-0.021330	-0.994492	10167700.000000
2021-12-17	-0.013987	0.003031	0.006956	-0.010706	-1.282898	15335400.000000
2021-12-16	0.002500	0.001385	0.013189	0.000292	0.228737	7623300.000000
2021-12-15	0.021882	0.008442	0.028211	0.000513	1.959152	9590000.000000
2021-12-14	-0.018640	-0.000051	0.004552	-0.019562	-1.700584	11022600.000000
2021-12-13	0.016172	0.005316	0.026032	0.003979	1.451958	6446500.000000
2021-12-10	0.004115	0.006657	0.016610	0.004308	0.367958	4996700.000000
2021-12-09	-0.004539	0.007542	0.007542	-0.003479	-0.407738	5731200.000000
2021-12-08	-0.000996	0.008764	0.011211	-0.003582	-0.089508	5356500.000000
2021-12-07	0.014133	0.009825	0.021329	0.003170	1.253059	7909700.000000
2021-12-06	0.012723	0.005995	0.025186	0.003825	1.113838	8946400.000000
2021-12-03	-0.006658	0.011552	0.011552	-0.023963	-0.586754	11191000.000000
2021-12-02	0.008880	0.006798	0.024770	0.002906	0.775711	8303500.000000
2021-12-01	0.012215	0.008088	0.039141	0.008088	1.054153	10062800.000000
2021-11-30	-0.021205	-0.001380	0.008828	-0.019867	-1.869644	16328300.000000
2021-11-29	0.029853	0.018737	0.038593	0.010911	2.555847	8712500.000000
2021-11-26	-0.012843	0.002195	0.008306	-0.010027	-1.113831	4340700.000000
2021-11-24	0.003279	0.001895	0.009877	-0.002964	0.283432	4553900.000000
2021-11-23	-0.000572	0.006986	0.016235	0.000396	-0.049515	7408000.000000
2021-11-22	-0.010758	0.008162	0.011250	-0.001216	-0.940598	5214500.000000
2021-11-19	0.008105	0.014604	0.024174	0.003074	0.702972	6765100.000000
2021-11-18	-0.002051	0.009302	0.011143	-0.001054	-0.178215	5537400.000000
2021-11-17	0.009197	0.008250	0.020443	0.003373	0.792084	6203100.000000
2021-11-16	-0.004122	0.006870	0.010917	0.002244	-0.356430	5497200.000000
2021-11-15	0.011934	0.017013	0.022162	0.011864	1.019806	5543000.000000
2021-11-12	0.011011	0.009992	0.025372	0.005970	0.930687	6467100.000000
2021-11-11	0.001996	0.013193	0.013549	0.002524	0.168335	5370200.000000
2021-11-10	0.003061	0.009992	0.015105	0.004879	0.257416	5192700.000000
2021-11-09	0.004138	0.011186	0.016917	0.007246	0.346542	3917600.000000
2021-11-08	-0.010990	0.009992	0.010819	-0.007603	-0.930702	5391000.000000
2021-11-05	0.009084	0.009873	0.021312	0.004749	0.762383	4885400.000000
2021-11-04	-0.005631	0.009044	0.011770	-0.014535	-0.475243	6594000.000000
2021-11-03	-0.002107	0.012948	0.014485	-0.003960	-0.178223	5723200.000000
2021-11-02	-0.001986	0.013060	0.017662	-0.004168	-0.168320	7266400.000000
2021-11-01	0.003047	0.011294	0.015792	0.005258	0.257423	5135200.000000
2021-10-29	-0.012613	0.007070	0.010460	-0.007305	-1.079208	7792600.000000
2021-10-28	0.016586	0.008923	0.027576	0.006665	1.396042	6568400.000000
2021-10-27	-0.005382	0.016373	0.020391	0.001602	-0.455444	4356900.000000
2021-10-26	0.013999	0.011430	0.033837	0.010951	1.168327	6969100.000000
2021-10-25	-0.001540	0.009753	0.014658	0.004130	-0.128716	3987300.000000
2021-10-22	0.007278	0.011920	0.019392	0.009149	0.603966	4732400.000000
2021-10-21	-0.001311	0.013482	0.019380	0.007585	-0.108910	4945000.000000
2021-10-20	0.023040	0.018857	0.042374	0.014301	1.871300	6942600.000000
2021-10-19	0.012841	0.019096	0.024458	0.012860	1.029709	5717500.000000
2021-10-18	-0.008326	0.005911	0.009869	-0.001262	-0.673271	4942100.000000
2021-10-15	0.002578	0.015944	0.022267	0.006768	0.207924	14634200.000000
2021-10-14	0.015837	0.012133	0.030900	0.010244	1.257431	6486000.000000
2021-10-13	0.016736	0.012169	0.029073	0.006406	1.306938	6260100.000000
2021-10-12	0.013363	0.013496	0.027511	0.006618	1.029716	7791200.000000
2021-10-11	-0.029672	-0.002726	-0.000711	-0.021110	-2.356453	8798700.000000
2021-10-08	-0.008774	0.011116	0.011365	0.000382	-0.702972	3592900.000000
2021-10-07	-0.003203	0.013725	0.027783	0.005140	-0.257431	5753200.000000
2021-10-06	0.021389	0.007196	0.032993	-0.000555	1.683174	6876200.000000
2021-10-05	0.001512	0.010883	0.016865	0.006556	0.118820	5434600.000000
2021-10-04	0.001894	0.007952	0.019045	0.001067	0.148514	6027800.000000
2021-10-01	0.008788	0.016424	0.023755	0.003561	0.683174	7961100.000000
2021-09-30	0.002170	0.016308	0.023656	0.004191	0.168312	10186800.000000
2021-09-29	0.013977	0.014567	0.032997	0.012345	1.069328	7496100.000000
2021-09-28	-0.018918	0.006401	0.007812	-0.012449	-1.475273	9257400.000000
2021-09-27	-0.024040	0.001357	0.011119	-0.016916	-1.920799	8600900.000000
2021-09-24	-0.007014	0.009619	0.015709	0.000299	-0.564362	6113800.000000
2021-09-23	-0.007692	0.013445	0.015911	0.000620	-0.623772	6414300.000000
2021-09-22	-0.000244	0.012088	0.022198	0.005677	-0.019798	5662200.000000
2021-09-21	0.002815	0.012959	0.024458	0.010487	0.227722	6450700.000000
2021-09-20	0.000612	0.008755	0.021126	-0.002132	0.049507	8994100.000000
2021-09-17	-0.028095	0.002778	0.009150	-0.019466	-2.336655	15390400.000000
2021-09-16	-0.007209	0.008440	0.014290	-0.001348	-0.603958	5380600.000000
2021-09-15	-0.000355	0.006293	0.015958	0.003071	-0.029709	5707000.000000
2021-09-14	0.000709	0.012500	0.017276	0.008440	0.059402	4658200.000000
2021-09-13	-0.004121	0.021409	0.022003	0.003570	-0.346527	6498800.000000
2021-09-10	-0.010601	0.011522	0.011522	-0.004598	-0.900993	5508000.000000
2021-09-09	-0.006941	0.008239	0.012679	0.001930	-0.594078	4108300.000000
2021-09-08	0.016582	0.011061	0.033036	0.007141	1.396057	6230100.000000
2021-09-07	-0.007702	0.007045	0.007635	-0.004388	-0.653481	6791300.000000
2021-09-03	-0.009135	0.001583	0.008007	-0.002855	-0.782181	4621100.000000
2021-09-02	0.013358	0.010939	0.023839	0.010939	1.128731	5214000.000000
2021-09-01	0.016073	0.011916	0.031277	0.010834	1.336639	5862300.000000
2021-08-31	0.000476	0.008428	0.015887	0.004699	0.039604	6844000.000000
2021-08-30	0.006474	0.008176	0.020163	0.005149	0.534653	6001700.000000
2021-08-27	-0.004773	0.011559	0.014572	0.004328	-0.396034	5974200.000000
2021-08-26	-0.003981	0.009572	0.010532	0.004291	-0.331696	5294000.000000
2021-08-25	0.004635	0.014613	0.023295	0.007860	0.384384	5930000.000000
2021-08-24	-0.003081	0.012570	0.015575	0.002712	-0.256256	5786100.000000
2021-08-23	-0.021789	0.009086	0.012261	-0.012081	-1.852921	8837100.000000
2021-08-20	0.020461	0.014493	0.037173	0.008253	1.705078	7589700.000000
2021-08-19	0.001540	0.009205	0.022786	0.008604	0.128136	6968000.000000
2021-08-18	0.005479	0.017876	0.026698	0.013767	0.453377	9511700.000000
2021-08-17	0.000119	0.010383	0.015217	0.004582	0.009850	5257000.000000
2021-08-16	0.005992	0.014613	0.026528	0.010966	0.492798	8579700.000000
2021-08-13	0.005422	0.017669	0.021337	0.012535	0.443520	3999500.000000
2021-08-12	0.007648	0.010302	0.023975	0.007962	0.620926	6762800.000000
2021-08-11	0.022849	0.022299	0.050899	0.020157	1.813507	9419300.000000
2021-08-10	-0.000372	0.016125	0.017762	0.010079	-0.029564	4506800.000000
2021-08-09	-0.000620	0.019019	0.021284	0.008446	-0.049294	5621600.000000
2021-08-06	0.001491	0.014613	0.021042	0.009193	0.118279	4634300.000000
2021-08-05	0.007763	0.013597	0.024141	0.010294	0.611069	6283700.000000
2021-08-04	0.005666	0.013847	0.022023	0.006309	0.443527	8050200.000000
2021-08-03	0.007740	0.013841	0.028003	0.008949	0.601219	6249400.000000
2021-08-02	0.011681	0.022037	0.027768	0.017609	0.896881	7520700.000000
2021-07-30	-0.003327	0.012277	0.023570	0.009161	-0.256256	5488900.000000
2021-07-29	0.003982	0.016568	0.021781	0.011616	0.305534	4141900.000000
2021-07-28	-0.000128	0.015004	0.020738	0.006273	-0.009850	5177500.000000
2021-07-27	0.012352	0.014217	0.028729	0.004059	0.936310	7592100.000000
2021-07-26	-0.003756	0.009225	0.013825	0.004625	-0.285820	6014000.000000
2021-07-23	0.014188	0.020078	0.031808	0.011947	1.064438	4953500.000000
2021-07-22	0.003163	0.016084	0.024909	0.014747	0.236549	5534800.000000
2021-07-21	-0.016716	0.014613	0.016060	-0.003268	-1.271416	8931900.000000
2021-07-20	0.002338	0.015009	0.023970	0.012900	0.177406	6562000.000000
2021-07-19	-0.011935	0.008233	0.020603	-0.010127	-0.916611	9891800.000000
2021-07-16	0.014319	0.015274	0.034821	0.015274	1.084160	9088000.000000
2021-07-15	0.014795	0.014077	0.030429	0.007778	1.103867	7638200.000000
2021-07-14	0.011221	0.016511	0.032368	0.011631	0.827904	6956100.000000
2021-07-13	-0.003063	0.014748	0.023666	0.008398	-0.226685	5165500.000000
2021-07-12	0.001334	0.017455	0.021378	0.006360	0.098564	5743500.000000
2021-07-09	-0.001863	0.012858	0.018530	0.003134	-0.137985	5592800.000000
2021-07-08	-0.002655	0.005050	0.023907	0.002356	-0.197128	5881400.000000
2021-07-07	0.002662	0.016369	0.021096	0.010832	0.197128	5661800.000000
2021-07-06	0.011443	0.017755	0.026770	0.011335	0.837753	6957200.000000
2021-07-02	0.001213	0.016528	0.018032	0.008186	0.088699	4282300.000000
2021-07-01	0.012418	0.014890	0.031228	0.011844	0.896889	6423000.000000
2021-06-30	-0.010799	0.017215	0.020229	0.000780	-0.788475	8672600.000000
2021-06-29	-0.014238	0.009213	0.021364	-0.000508	-1.054588	6477400.000000
2021-06-28	0.017466	0.027114	0.041950	0.025191	1.271423	8444300.000000
2021-06-25	0.013447	0.019347	0.029649	0.019207	0.965889	6676800.000000
2021-06-24	-0.006408	0.016412	0.017933	0.004101	-0.463234	7925200.000000
2021-06-23	-0.010255	0.014750	0.017351	-0.000447	-0.749062	6079700.000000
2021-06-22	-0.002960	0.012566	0.020210	0.011201	-0.216827	5513100.000000
2021-06-21	0.014329	0.020290	0.031920	0.005475	1.034874	6499700.000000
2021-06-18	-0.017431	0.012709	0.019239	-0.006474	-1.281273	17539000.000000
2021-06-17	0.017463	0.015167	0.037729	0.010737	1.261566	10553800.000000
2021-06-16	-0.001770	0.022489	0.030641	0.010192	-0.128128	9646200.000000
2021-06-15	0.001637	0.016136	0.025132	0.011292	0.118279	7770300.000000
2021-06-14	-0.002449	0.016270	0.020826	0.008262	-0.177406	4991900.000000
2021-06-11	-0.000272	0.015855	0.015855	0.006470	-0.019722	4548400.000000
2021-06-10	0.014631	0.013073	0.030018	0.010692	1.044746	8203300.000000
2021-06-09	0.004297	0.017848	0.025302	0.013629	0.305527	6660400.000000
2021-06-08	-0.004554	0.020913	0.023574	0.003973	-0.325249	5803000.000000
2021-06-07	0.001797	0.017839	0.023169	0.011387	0.128136	5988500.000000
2021-06-04	-0.000415	0.018959	0.021903	0.013071	-0.029579	6586300.000000
2021-06-03	-0.004676	0.004985	0.018381	0.004985	-0.335098	8871500.000000
2021-06-02	0.008181	0.014051	0.029385	0.010393	0.581505	6421000.000000
2021-06-01	-0.009817	0.022484	0.022484	0.003539	-0.704704	9056100.000000
2021-05-28	0.003014	0.028360	0.037162	0.022631	0.215691	9177500.000000
2021-05-27	-0.006397	0.022059	0.024696	0.010675	-0.460800	10956100.000000
2021-05-26	0.001363	0.020393	0.026093	0.015528	0.098045	7408800.000000
2021-05-25	-0.008915	0.019839	0.019839	0.007852	-0.647064	7440600.000000
2021-05-24	-0.005508	0.024498	0.026005	0.012851	-0.401978	6746900.000000
2021-05-21	0.002019	0.023958	0.033157	0.015857	0.147057	8689300.000000
2021-05-20	0.022433	0.026574	0.049596	0.024609	1.598083	10798500.000000
2021-05-19	0.005118	0.010382	0.026043	0.004597	0.362747	8486600.000000
2021-05-18	0.005424	0.017849	0.030900	0.011181	0.382370	8195100.000000
2021-05-17	-0.016685	0.018302	0.020534	0.000308	-1.196114	10369300.000000
2021-05-14	0.006747	0.025173	0.034301	0.022223	0.480408	5446200.000000
2021-05-13	0.015236	0.028673	0.042788	0.021972	1.068649	5469300.000000
2021-05-12	-0.034157	0.012127	0.014331	-0.015414	-2.480446	9093200.000000
2021-05-11	-0.009759	0.003886	0.011113	-0.008796	-0.715706	10515100.000000
2021-05-10	0.003623	0.017376	0.036262	0.016281	0.264717	6210400.000000
2021-05-07	0.007026	0.026729	0.042302	0.026729	0.509804	5677400.000000
2021-05-06	0.003118	0.023018	0.025645	0.013479	0.225510	7069200.000000
2021-05-05	-0.025235	0.020920	0.022806	-0.010883	-1.872597	10643200.000000
2021-05-04	-0.013168	0.013327	0.016120	-0.005822	-0.990227	9178300.000000
2021-05-03	-0.010450	0.024188	0.026293	0.006949	-0.794121	6076000.000000
2021-04-30	0.003755	0.020241	0.025524	0.012976	0.284309	8024600.000000
2021-04-29	0.001686	0.020109	0.028973	0.014287	0.127457	5558700.000000
2021-04-28	-0.002458	0.019581	0.022220	0.011398	-0.186272	5522200.000000
2021-04-27	-0.008341	0.019976	0.022856	0.008851	-0.637276	5871900.000000
2021-04-26	-0.003962	0.021932	0.024800	0.010851	-0.303925	7425100.000000
2021-04-23	-0.001022	0.018283	0.024014	0.013595	-0.078438	6034900.000000
2021-04-22	0.004489	0.022985	0.037375	0.020630	0.343140	8261700.000000
2021-04-21	-0.031789	0.024409	0.028209	-0.015994	-2.509857	8565100.000000
2021-04-20	0.009274	0.018315	0.034933	0.017931	0.725502	7192100.000000
2021-04-19	-0.014208	0.020732	0.025395	0.003342	-1.127480	7658200.000000
2021-04-16	0.009479	0.026973	0.035623	0.020867	0.745125	15124100.000000
2021-04-15	0.013269	0.021008	0.034671	0.018559	1.029442	5012400.000000
2021-04-14	0.001139	0.013524	0.022428	0.011459	0.088226	4478200.000000
2021-04-13	0.018032	0.015247	0.040470	0.014853	1.372581	6319000.000000
2021-04-12	-0.003849	0.017883	0.024557	0.010423	-0.294121	6052900.000000
2021-04-09	0.002315	0.021813	0.025486	0.018140	0.176468	4969600.000000
2021-04-08	0.004522	0.023798	0.033153	0.020372	0.343155	7454600.000000
2021-04-07	-0.001934	0.020634	0.026552	0.009719	-0.147064	6761600.000000
2021-04-06	0.010159	0.017187	0.032862	0.008950	0.764717	6570500.000000
2021-04-05	0.013330	0.030342	0.043130	0.030342	0.990219	7328400.000000
2021-04-01	0.002116	0.018493	0.030364	0.016874	0.156868	6548900.000000
2021-03-31	0.018728	0.024374	0.043614	0.022862	1.362778	9430500.000000
2021-03-30	-0.007754	0.010568	0.016704	0.005522	-0.568642	5964600.000000
2021-03-29	0.009992	0.020665	0.035677	0.014881	0.725510	8644500.000000
2021-03-26	0.008305	0.015116	0.029419	0.008728	0.598053	10106000.000000
2021-03-25	0.008513	0.023898	0.032581	0.014935	0.607857	6823600.000000
2021-03-24	-0.016077	0.011846	0.015016	-0.002209	-1.166695	14537400.000000
2021-03-23	0.032501	0.018411	0.056968	0.018269	2.284363	10723800.000000
2021-03-22	0.011999	0.018825	0.042870	0.018825	0.833366	10057700.000000
2021-03-19	-0.004077	0.020693	0.041486	0.004633	-0.284332	22806700.000000
2021-03-18	-0.025082	0.020536	0.020676	-0.017630	-1.794151	14198800.000000
2021-03-17	-0.032104	0.014835	0.017406	-0.014799	-2.372604	10343300.000000
2021-03-16	-0.001854	0.015249	0.031051	0.014709	-0.137253	6512700.000000
2021-03-15	-0.001983	0.017550	0.027255	0.011484	-0.147079	7129200.000000
2021-03-12	0.010820	0.024336	0.035645	0.008804	0.794144	6113100.000000
2021-03-11	0.005372	0.026826	0.034908	0.019976	0.392166	6602500.000000
2021-03-10	0.005944	0.017083	0.029898	0.001649	0.431381	8247200.000000
2021-03-09	0.044595	0.042288	0.075394	0.040992	3.098114	9363700.000000
2021-03-08	0.002263	0.024305	0.045079	0.017813	0.156868	12479400.000000
2021-03-05	-0.008276	0.024555	0.030135	-0.022374	-0.578453	15509900.000000
2021-03-04	-0.016961	0.016741	0.027571	-0.008575	-1.205910	11998700.000000
2021-03-03	-0.039979	0.023217	0.025242	-0.026607	-2.960854	11748900.000000
2021-03-02	-0.004874	0.029651	0.032607	0.013796	-0.362747	8738500.000000
2021-03-01	0.033070	0.036078	0.067588	0.032331	2.382408	12272600.000000
2021-02-26	-0.007832	0.020940	0.040635	0.011851	-0.568642	12583200.000000
2021-02-25	0.009336	0.019629	0.033391	0.010732	0.671585	11747100.000000
2021-02-24	-0.012716	0.026975	0.028073	0.006389	-0.926529	12302200.000000
2021-02-23	-0.005193	0.023963	0.023963	0.000890	-0.380363	12719000.000000
2021-02-22	-0.038412	0.021390	0.023228	-0.021278	-2.925903	13190300.000000
2021-02-19	-0.032578	0.021645	0.023423	-0.009980	-2.565033	9660900.000000
2021-02-18	0.000620	0.027234	0.033080	0.015924	0.048759	5378900.000000
2021-02-17	-0.006281	0.020782	0.023308	0.005501	-0.497383	8598300.000000
2021-02-16	-0.023337	0.027302	0.030755	-0.001066	-1.892075	8312600.000000
2021-02-12	-0.009768	0.026305	0.028015	0.009084	-0.799751	5787200.000000
2021-02-11	0.000477	0.026428	0.036204	0.021785	0.039009	4417200.000000
2021-02-10	0.000954	0.039027	0.039516	0.020680	0.078018	6200800.000000
2021-02-09	0.005156	0.027295	0.037254	0.020411	0.419380	5008900.000000
2021-02-08	-0.002392	0.030234	0.039187	0.019564	-0.195053	6792300.000000
2021-02-05	0.007229	0.030023	0.044476	0.025328	0.585175	5745800.000000
2021-02-04	-0.000602	0.024958	0.031501	0.019402	-0.048767	6398400.000000
2021-02-03	0.001447	0.031757	0.037074	0.025081	0.117035	5971200.000000
2021-02-02	0.015055	0.030474	0.060092	0.029721	1.199623	6645400.000000
2021-02-01	0.010263	0.043078	0.054109	0.025075	0.809494	5589500.000000
2021-01-29	-0.019282	0.017370	0.025328	-0.002524	-1.550720	13189700.000000
2021-01-28	0.028308	0.031466	0.072254	0.023538	2.213921	8541300.000000
2021-01-27	-0.059134	0.017749	0.020155	-0.042281	-4.915504	16893300.000000
2021-01-26	-0.018879	0.022732	0.029932	0.000306	-1.599480	12476900.000000
2021-01-25	0.031588	0.024233	0.067700	0.023989	2.594292	13215600.000000
2021-01-22	0.005973	0.028268	0.035617	0.023369	0.487648	6371800.000000
2021-01-21	-0.004045	0.027768	0.033867	0.020449	-0.331612	9268600.000000
2021-01-20	0.014974	0.023347	0.052816	0.020499	1.209381	8576800.000000
2021-01-19	0.009386	0.031077	0.039826	0.021829	0.750977	8142700.000000
2021-01-15	-0.005937	0.024210	0.034398	0.018122	-0.477898	10561600.000000
2021-01-14	0.008431	0.026832	0.036604	0.016684	0.672966	8899000.000000
2021-01-13	0.026207	0.036256	0.057342	0.030599	2.038353	8542600.000000
2021-01-12	0.000753	0.024814	0.036393	0.010532	0.058525	7669300.000000
2021-01-11	-0.017749	0.023433	0.023685	-0.001970	-1.404427	7064300.000000
2021-01-08	0.023206	0.032311	0.050157	0.027268	1.794548	8376200.000000
2021-01-07	0.010965	0.044546	0.054481	0.031342	0.838753	8816000.000000
2021-01-06	0.048950	0.051109	0.088409	0.036710	3.569595	12155700.000000
2021-01-05	0.007410	0.029334	0.038590	0.023118	0.536400	7339800.000000
2021-01-04	-0.037978	0.026125	0.029980	-0.022117	-2.857628	9388400.000000
2020-12-31	0.016335	0.025193	0.042617	0.021951	1.209381	4119400.000000
2020-12-30	0.007699	0.029412	0.038259	0.027778	0.565674	3804800.000000
2020-12-29	-0.002119	0.026958	0.030490	0.020167	-0.156044	3774900.000000
2020-12-28	0.006802	0.031482	0.037636	0.026149	0.497406	3753700.000000
2020-12-24	0.008745	0.026984	0.036778	0.022983	0.633942	1387500.000000
2020-12-23	-0.005086	0.031504	0.036857	0.020113	-0.370613	4626400.000000
2020-12-22	0.004166	0.025879	0.036767	0.018162	0.302330	5335300.000000
2020-12-21	-0.001476	0.017485	0.025879	0.002898	-0.107277	7251400.000000
2020-12-18	-0.007327	0.025738	0.031885	0.009892	-0.536407	13298300.000000
2020-12-17	0.008329	0.033868	0.047091	0.030838	0.604675	9384200.000000
2020-12-16	-0.006274	0.029024	0.036826	0.015610	-0.458389	7787700.000000
2020-12-15	0.018491	0.026862	0.049724	0.021704	1.326401	6859400.000000
2020-12-14	-0.003387	0.033664	0.045057	0.021160	-0.243820	5759900.000000
2020-12-11	0.007096	0.023369	0.033863	0.021550	0.507156	6022500.000000
2020-12-10	-0.005294	0.026998	0.031452	0.015864	-0.380363	6204600.000000
2020-12-09	-0.000136	0.023380	0.028390	0.008212	-0.009750	6683700.000000
2020-12-08	0.005596	0.019591	0.039602	0.009375	0.399872	8255400.000000
2020-12-07	0.010342	0.025045	0.043284	0.023632	0.731468	6752200.000000
2020-12-04	-0.011316	0.022113	0.028124	0.005618	-0.809502	7763800.000000
2020-12-03	-0.012919	0.021603	0.028640	0.007529	-0.936279	7660500.000000
2020-12-02	0.002158	0.025190	0.028232	0.008182	0.156052	5128800.000000
2020-12-01	0.007610	0.032713	0.052916	0.030344	0.546173	8099500.000000
2020-11-30	-0.020498	0.027648	0.029013	-0.000329	-1.501961	13120300.000000
2020-11-27	-0.011057	0.026408	0.027488	0.008188	-0.819260	3669300.000000
2020-11-25	0.017955	0.025878	0.044425	0.023405	1.306908	6443100.000000
2020-11-24	0.005498	0.042570	0.045195	0.029308	0.398003	6699600.000000
2020-11-23	-0.012972	0.036273	0.036545	0.010775	-0.951340	7634600.000000
2020-11-20	0.005591	0.032194	0.046591	0.031782	0.407730	5891000.000000
2020-11-19	-0.008708	0.032176	0.033263	0.016817	-0.640701	7392300.000000
2020-11-18	-0.010704	0.039684	0.040222	0.018842	-0.796013	6501900.000000
2020-11-17	-0.014662	0.030137	0.039676	0.012118	-1.106651	5866300.000000
2020-11-16	0.007255	0.043616	0.044683	0.018526	0.543617	7667600.000000
2020-11-13	0.006782	0.034571	0.044379	0.031749	0.504791	6235000.000000
2020-11-12	-0.011220	0.031067	0.034920	0.009943	-0.844551	5901900.000000
2020-11-11	0.020398	0.037186	0.062536	0.033119	1.504662	6903300.000000
2020-11-10	0.006357	0.055784	0.057694	0.027408	0.465942	8649200.000000
2020-11-09	-0.002773	0.103193	0.133803	0.025103	-0.203850	12864500.000000
2020-11-06	0.012977	0.033582	0.048190	0.021455	0.941628	6076100.000000
2020-11-05	0.019504	0.057956	0.071303	0.046575	1.388168	8644100.000000
2020-11-04	-0.035517	0.009675	0.015096	-0.010786	-2.620995	12128800.000000
2020-11-03	0.011846	0.042752	0.054818	0.033702	0.863953	6887900.000000
2020-11-02	0.026226	0.042660	0.061656	0.037313	1.863831	9233600.000000
2020-10-30	-0.010810	0.026240	0.034869	0.009119	-0.776611	8790500.000000
2020-10-29	-0.006044	0.029030	0.038023	0.009108	-0.436836	7753100.000000
2020-10-28	-0.017419	0.015999	0.033807	0.009882	-1.281372	7508900.000000
2020-10-27	0.001553	0.036638	0.040586	0.021389	0.114059	4834200.000000
2020-10-26	-0.001386	0.024053	0.029729	0.011476	-0.101929	5707600.000000
2020-10-23	0.002647	0.032966	0.041315	0.027990	0.194153	5617200.000000
2020-10-22	0.015419	0.036851	0.053081	0.035466	1.113937	8463600.000000
2020-10-21	-0.010997	0.022984	0.035237	0.011108	-0.803299	7796000.000000
2020-10-20	0.004807	0.035880	0.045784	0.029690	0.349457	6003200.000000
2020-10-19	-0.019797	0.028553	0.036980	0.004990	-1.468231	7710400.000000
2020-10-16	0.023923	0.033934	0.056852	0.031034	1.732765	7449600.000000
2020-10-15	-0.007251	0.021022	0.027567	0.013073	-0.529060	5739200.000000
2020-10-14	-0.002753	0.031948	0.036322	0.020637	-0.201431	5501200.000000
2020-10-13	-0.013740	0.021139	0.025587	0.007658	-1.019272	8596800.000000
2020-10-12	0.009112	0.030443	0.047651	0.027042	0.669815	5816400.000000
2020-10-09	0.006212	0.039308	0.039308	0.027605	0.453812	6472000.000000
2020-10-08	0.013193	0.035511	0.046987	0.029478	0.951332	5694400.000000
2020-10-07	0.023564	0.039612	0.056717	0.027369	1.659981	10130400.000000
2020-10-06	0.008232	0.032749	0.046560	0.020656	0.575180	7288400.000000
2020-10-05	0.023971	0.039919	0.058751	0.036585	1.635689	6599200.000000
2020-10-02	-0.005623	0.015601	0.046130	0.014617	-0.385880	8306000.000000
2020-10-01	0.018735	0.035778	0.054187	0.034145	1.261978	10018400.000000
2020-09-30	-0.019638	0.021659	0.030173	-0.028007	-1.349335	23238400.000000
2020-09-29	-0.003590	0.029992	0.036626	0.023104	-0.247543	7094000.000000
2020-09-28	0.008232	0.036131	0.045526	0.033134	0.563026	6918400.000000
2020-09-25	0.015421	0.022194	0.047174	0.018223	1.038712	5456800.000000
2020-09-24	0.015477	0.027875	0.054448	0.027310	1.026550	7478400.000000
2020-09-23	-0.017083	0.032360	0.032360	0.011836	-1.152756	5855200.000000
2020-09-22	0.006734	0.034836	0.044123	0.025549	0.451393	7192800.000000
2020-09-21	-0.002600	0.022994	0.029281	0.010235	-0.174736	7558800.000000
2020-09-18	-0.009302	0.028110	0.039240	0.016575	-0.630981	14386000.000000
2020-09-17	-0.002961	0.021502	0.029843	0.013455	-0.201431	9385600.000000
2020-09-16	-0.051911	-0.007940	-0.000346	-0.027588	-3.725227	19501600.000000
2020-09-15	0.048879	0.080306	0.093643	0.063863	3.344208	10827600.000000
2020-09-14	0.013554	0.035322	0.051765	0.031174	0.914932	3916400.000000
2020-09-11	0.004478	0.034824	0.038619	0.024706	0.300934	3932800.000000
2020-09-10	-0.019336	0.025358	0.028751	0.008467	-1.325066	4362800.000000
2020-09-09	0.016048	0.037884	0.063164	0.037291	1.082382	4781600.000000
2020-09-08	0.002127	0.031697	0.043175	0.022633	0.143181	7158000.000000
2020-09-04	-0.011654	0.039646	0.049999	0.001501	-0.793579	7247600.000000
2020-09-03	-0.026608	0.031173	0.040250	-0.006707	-1.861412	7855200.000000
2020-09-02	0.040162	0.031363	0.076862	0.024710	2.701096	9754400.000000
2020-09-01	-0.007307	0.029583	0.031428	0.011244	-0.495071	5729600.000000
2020-08-31	-0.001359	0.029437	0.045245	0.026931	-0.092224	6013600.000000
2020-08-28	0.002402	0.032722	0.034163	0.024079	0.162598	4618400.000000
2020-08-27	0.004611	0.031621	0.040824	0.026426	0.310638	4555600.000000
2020-08-26	-0.008211	0.030989	0.035700	0.023739	-0.557785	5238800.000000
2020-08-25	-0.004670	0.038885	0.039069	0.022548	-0.318741	4051600.000000
2020-08-24	0.000779	0.037495	0.037935	0.027450	0.053123	3548800.000000
2020-08-21	0.001063	0.037351	0.038745	0.029240	0.072441	5685600.000000
2020-08-20	-0.000815	0.029612	0.040539	0.028805	-0.055542	3631200.000000
2020-08-19	-0.002508	0.039648	0.039758	0.030833	-0.171432	5481600.000000
2020-08-18	0.000212	0.034344	0.043308	0.032442	0.014481	4764800.000000
2020-08-17	0.008877	0.041090	0.052200	0.034705	0.601265	4801200.000000
2020-08-14	-0.013713	0.033912	0.034386	0.019387	-0.941734	4912800.000000
2020-08-13	-0.000668	0.029657	0.038497	0.028202	-0.045876	3680000.000000
2020-08-12	0.024479	0.040811	0.065819	0.038724	1.641983	6124400.000000
2020-08-11	-0.020625	0.036573	0.038763	0.009051	-1.412598	6825200.000000
2020-08-10	-0.014386	0.037167	0.040153	0.017883	-0.999680	7240000.000000
2020-08-07	0.017574	0.035442	0.059494	0.034197	1.200111	4368800.000000
2020-08-06	-0.003418	0.032596	0.038944	0.025591	-0.234230	4588000.000000
2020-08-05	-0.004455	0.035950	0.038783	0.024109	-0.306648	6381600.000000
2020-08-04	0.026874	0.039509	0.063827	0.034623	1.801331	9142400.000000
2020-08-03	-0.011079	0.036955	0.039610	0.019583	-0.750969	8624400.000000
2020-07-31	-0.005809	0.030125	0.037092	0.011680	-0.396004	8030400.000000
2020-07-30	0.003198	0.030550	0.039011	0.026871	0.217331	4235200.000000
2020-07-29	0.004999	0.036072	0.053152	0.034593	0.338051	5381600.000000
2020-07-28	0.008681	0.033729	0.056439	0.031603	0.581932	6547600.000000
2020-07-27	-0.009349	0.038103	0.040356	0.020001	-0.632645	8909200.000000
2020-07-24	-0.002562	0.042370	0.052504	0.024425	-0.173851	7716000.000000
2020-07-23	0.001961	0.033781	0.049768	0.030495	0.132797	8150000.000000
2020-07-22	0.014801	0.035857	0.058075	0.028513	0.987610	6368000.000000
2020-07-21	0.007291	0.033785	0.055108	0.033181	0.482941	5958400.000000
2020-07-20	-0.003813	0.035783	0.044731	0.027324	-0.253540	6368800.000000
2020-07-17	0.026082	0.041813	0.070360	0.037454	1.690269	12461600.000000
2020-07-16	0.036216	0.038730	0.078504	0.034333	2.264973	10142000.000000
2020-07-15	-0.013521	0.043337	0.050593	0.020584	-0.857197	8444800.000000
2020-07-14	0.024625	0.035332	0.069474	0.033797	1.523659	12154400.000000
2020-07-13	-0.012943	0.032899	0.046539	0.018542	-0.811337	9600800.000000
2020-07-10	0.030200	0.036113	0.073542	0.034428	1.837578	10079200.000000
2020-07-09	-0.005054	0.026993	0.035741	0.016078	-0.309082	6818800.000000
2020-07-08	0.026548	0.035794	0.066469	0.032814	1.581612	9633600.000000
2020-07-07	-0.000972	0.024809	0.041117	0.021414	-0.057949	6017200.000000
2020-07-06	0.002273	0.042853	0.046887	0.027685	0.135227	6256800.000000
2020-07-02	0.000569	0.043320	0.049879	0.033188	0.033810	5981200.000000
2020-07-01	0.025357	0.033177	0.066931	0.027314	1.470539	6024400.000000
2020-06-30	0.008101	0.038244	0.050846	0.032116	0.466030	9532400.000000
2020-06-29	0.008551	0.040986	0.045281	0.024550	0.487770	5793200.000000
2020-06-26	-0.012293	0.032475	0.047886	0.016501	-0.709919	10107200.000000
2020-06-25	-0.010386	0.033833	0.033833	0.009199	-0.606087	7824800.000000
2020-06-24	-0.006332	0.027372	0.040738	0.015367	-0.371857	6901200.000000
2020-06-23	-0.015504	0.044259	0.048785	0.015509	-0.924828	9306000.000000
2020-06-22	0.019941	0.039564	0.060936	0.028236	1.166286	7190800.000000
2020-06-19	-0.026995	0.046021	0.046603	0.007383	-1.622662	14452800.000000
2020-06-18	-0.000281	0.032006	0.039158	0.024314	-0.016899	6386800.000000
2020-06-17	0.003345	0.042925	0.047139	0.025069	0.200420	6767600.000000
2020-06-16	-0.001609	0.055950	0.056616	0.027418	-0.096596	8056800.000000
2020-06-15	0.006723	0.026149	0.052189	0.011934	0.400841	8404400.000000
2020-06-12	-0.005718	0.049674	0.051133	0.018280	-0.342884	8356800.000000
2020-06-11	-0.032945	0.027551	0.027954	-0.008695	-2.042824	9718400.000000
2020-06-10	-0.007268	0.035892	0.044258	0.022924	-0.453960	6674400.000000
2020-06-09	-0.006949	0.029887	0.030046	0.009814	-0.437069	7990400.000000
2020-06-08	0.023980	0.029960	0.061217	0.019825	1.472965	8149200.000000
2020-06-05	0.009885	0.036524	0.062747	0.027605	0.601257	12370800.000000
2020-06-04	-0.029625	0.027674	0.039201	-0.010536	-1.856892	12012400.000000
2020-06-03	0.011613	0.041747	0.058169	0.035736	0.719574	7303200.000000
2020-06-02	0.003716	0.035008	0.054285	0.027556	0.229393	10640000.000000
2020-06-01	0.005862	0.035047	0.052319	0.023478	0.359787	6655600.000000
2020-05-29	0.016709	0.035858	0.062364	0.033332	1.008617	15309600.000000
2020-05-28	0.042425	0.055153	0.088223	0.051872	2.456688	12416000.000000
2020-05-27	0.029107	0.056319	0.071825	0.043834	1.637794	12343600.000000
2020-05-26	0.001967	0.052120	0.061290	0.040812	0.110466	7658800.000000
2020-05-22	0.021625	0.040717	0.064275	0.033076	1.188721	5990000.000000
2020-05-21	-0.016710	0.040633	0.044121	0.019927	-0.934166	8308400.000000
2020-05-20	0.009935	0.049165	0.066914	0.042390	0.549934	5847200.000000
2020-05-19	-0.021024	0.034270	0.037852	0.018972	-1.188717	6532800.000000
2020-05-18	0.033355	0.068860	0.082384	0.062235	1.825100	9123200.000000
2020-05-15	-0.018861	0.031173	0.034983	0.000645	-1.051834	20232400.000000
2020-05-14	0.009169	0.030404	0.055557	0.028232	0.506706	11595600.000000
2020-05-13	0.009608	0.036057	0.052910	0.032220	0.525917	14076800.000000
2020-05-12	0.002419	0.044789	0.050421	0.031375	0.132076	9565200.000000
2020-05-11	-0.010229	0.027712	0.034464	0.015568	-0.564339	7854400.000000
2020-05-08	0.023387	0.054530	0.069556	0.046878	1.260765	11308800.000000
2020-05-07	0.008174	0.052911	0.068761	0.041596	0.437069	8692000.000000
2020-05-06	-0.032334	0.044745	0.045831	0.007193	-1.786694	7377600.000000
2020-05-05	0.000044	0.046781	0.061214	0.037868	0.002407	8042000.000000
2020-05-04	0.013389	0.040806	0.059926	0.031361	0.730049	9077200.000000
2020-05-01	-0.017610	0.035585	0.036080	0.013469	-0.977398	9168000.000000
2020-04-30	-0.017054	0.035412	0.035589	0.013452	-0.962986	17934800.000000
2020-04-29	-0.017426	0.052738	0.054260	0.014890	-1.001404	9901600.000000
2020-04-28	-0.017652	0.052403	0.055138	0.017531	-1.032627	8464800.000000
2020-04-27	0.016270	0.051502	0.069786	0.048549	0.936565	8457600.000000
2020-04-24	-0.005972	0.043582	0.044532	0.018629	-0.345806	8029200.000000
2020-04-23	-0.024396	0.037750	0.043478	0.011384	-1.448082	9360400.000000
2020-04-22	0.049911	0.052134	0.099760	0.052134	2.821709	11759600.000000
2020-04-21	-0.009217	0.029907	0.043489	0.012338	-0.525917	10622000.000000
2020-04-20	-0.035125	0.037611	0.045432	0.002355	-2.077255	8714400.000000
2020-04-17	0.036971	0.063085	0.083338	0.046690	2.108475	10952800.000000
2020-04-16	0.001096	0.053147	0.056702	0.034277	0.062435	10331200.000000
2020-04-15	-0.021289	0.030985	0.036783	0.011614	-1.239143	9990800.000000
2020-04-14	0.026121	0.065892	0.079687	0.050555	1.481693	11673200.000000
2020-04-13	-0.036978	0.029491	0.035051	-0.005227	-2.178116	10757200.000000
2020-04-09	0.050450	0.051468	0.118477	0.049417	2.828915	19587600.000000
2020-04-08	0.021926	0.046229	0.076117	0.020760	1.203125	18290800.000000
2020-04-07	-0.025670	0.066960	0.069801	0.012846	-1.445671	10507200.000000
2020-04-06	0.058067	0.084012	0.113368	0.071002	3.090668	13267600.000000
2020-04-03	-0.021241	0.029588	0.050781	0.000074	-1.155090	8755600.000000
2020-04-02	0.037667	0.025627	0.094988	0.021524	1.973995	9234400.000000
2020-04-01	-0.093051	-0.000759	0.003698	-0.078289	-5.376862	13691200.000000
2020-03-31	-0.021910	0.024532	0.049033	0.012048	-1.294388	18899200.000000
2020-03-30	0.060616	0.065092	0.114103	0.051851	3.376438	16373600.000000
2020-03-27	0.003678	0.015719	0.082568	0.006304	0.204128	16184400.000000
2020-03-26	0.099063	0.044154	0.159363	0.042669	5.002243	14655200.000000
2020-03-25	0.018109	0.036750	0.110192	-0.016730	0.898132	17794400.000000
2020-03-24	0.136904	0.076508	0.194732	0.068714	5.972424	17900800.000000
2020-03-23	-0.052621	0.013455	0.023770	-0.050989	-2.423065	23661600.000000
2020-03-20	-0.074119	0.034249	0.055110	-0.060706	-3.686237	22482400.000000
2020-03-19	-0.016806	0.037921	0.095350	-0.008882	-0.850113	17441200.000000
2020-03-18	-0.050144	-0.018584	0.070281	-0.062242	-2.670422	22198000.000000
2020-03-17	0.101257	0.062180	0.175966	0.054632	4.896576	21538000.000000
2020-03-16	-0.091127	-0.069665	0.036806	-0.075586	-4.848541	20240400.000000
2020-03-13	0.060654	0.096653	0.106321	-0.021410	3.042637	31586400.000000
2020-03-12	-0.134171	-0.067401	-0.000389	-0.110896	-7.773510	31668400.000000
2020-03-11	-0.056583	0.014452	0.014534	-0.028861	-3.474907	19631200.000000
2020-03-10	-0.021242	0.058367	0.065101	-0.034548	-1.332809	23743600.000000
2020-03-09	-0.038775	-0.025451	0.019971	-0.025451	-2.531120	15564400.000000
2020-03-06	-0.015716	0.012385	0.028784	-0.013475	-1.042252	14556400.000000
2020-03-05	-0.021473	0.021964	0.032330	0.004959	-1.455276	12412000.000000
2020-03-04	0.064379	0.056936	0.109430	0.056936	4.099285	14713200.000000
2020-03-03	-0.011925	0.043906	0.064117	0.019854	-0.768459	15636000.000000
2020-03-02	0.061679	0.044701	0.107510	0.039264	3.743870	19305600.000000
2020-02-28	-0.012078	0.009704	0.033141	-0.010925	-0.742058	27468400.000000
2020-02-27	-0.045585	0.040919	0.052142	-0.007353	-2.934574	14604000.000000
2020-02-26	-0.003181	0.041052	0.057969	0.037452	-0.205460	9551600.000000
2020-02-25	-0.013178	0.046472	0.053959	0.030657	-0.862419	10285600.000000
2020-02-24	-0.013149	0.035954	0.050317	0.032674	-0.871971	9091600.000000
2020-02-21	0.002021	0.048361	0.053007	0.042845	0.133774	11030800.000000
2020-02-20	0.008592	0.051310	0.055882	0.041290	0.563797	10731600.000000
2020-02-19	-0.026131	0.020425	0.028217	0.018681	-1.760681	21134800.000000
2020-02-18	0.012639	0.052033	0.064620	0.045908	0.840942	9789600.000000
2020-02-14	0.011072	0.047308	0.060186	0.046738	0.728622	7354800.000000
2020-02-13	0.019278	0.046472	0.068194	0.046472	1.244652	7500400.000000
2020-02-12	-0.006944	0.043703	0.046933	0.038666	-0.451500	5836400.000000
2020-02-11	0.001509	0.050400	0.055137	0.047281	0.097954	7850800.000000
2020-02-10	0.008162	0.049461	0.055285	0.045656	0.525551	7666800.000000
2020-02-07	0.004510	0.051074	0.059420	0.049826	0.289085	6410000.000000
2020-02-06	0.006074	0.046629	0.060676	0.045099	0.387024	7874400.000000
2020-02-05	0.008203	0.045483	0.058814	0.037255	0.518398	8666800.000000
2020-02-04	-0.008508	0.044354	0.048433	0.035137	-0.542305	10482800.000000
2020-02-03	-0.005183	0.048384	0.051466	0.038707	-0.332066	11041200.000000
2020-01-31	-0.006409	0.044650	0.049302	0.034066	-0.413292	7536800.000000
2020-01-30	0.015691	0.046905	0.064152	0.043558	0.996201	6328800.000000
2020-01-29	-0.000188	0.050173	0.050409	0.039819	-0.011940	6008400.000000
2020-01-28	-0.003486	0.046472	0.055339	0.034585	-0.222164	8262800.000000
2020-01-27	0.011451	0.042107	0.062503	0.040798	0.721462	8678800.000000
2020-01-24	0.013996	0.034200	0.062566	0.030739	0.869583	10310400.000000
2020-01-23	0.000693	0.044298	0.057947	0.044298	0.043007	10212400.000000
2020-01-22	0.011717	0.054864	0.062318	0.049609	0.719082	7065600.000000
2020-01-21	0.013773	0.049074	0.062578	0.044035	0.833752	11486400.000000
2020-01-17	0.004479	0.046887	0.052611	0.042904	0.269958	9354000.000000
2020-01-16	0.002743	0.043560	0.049508	0.041314	0.164833	7914400.000000
2020-01-15	0.015541	0.050063	0.065312	0.049936	0.919762	6397200.000000
2020-01-14	0.005398	0.045750	0.052418	0.043924	0.317738	8252800.000000
2020-01-13	0.011702	0.044324	0.060565	0.044324	0.680855	5879600.000000
2020-01-10	0.001892	0.049614	0.053403	0.046902	0.109886	5125600.000000
2020-01-09	0.007836	0.044086	0.057839	0.043565	0.451523	6958000.000000
2020-01-08	-0.000456	0.048033	0.053584	0.045128	-0.026279	5936000.000000
2020-01-07	-0.000870	0.042876	0.049462	0.040622	-0.050171	6653200.000000
2020-01-06	0.004993	0.048127	0.056400	0.046907	0.286678	5518800.000000
2020-01-03	0.007124	0.046516	0.058488	0.044367	0.406132	7097200.000000
2020-01-02	-0.014618	0.045651	0.053040	0.028279	-0.845699	7884800.000000
