2022-12-30	0.000753	-0.018254	0.001951	-0.025172	0.109985	31049000.000000
2022-12-29	0.040396	0.026250	0.046273	0.013780	5.669037	35492300.000000
2022-12-28	-0.006019	-0.013571	0.010157	-0.016617	-0.849854	35106600.000000
2022-12-27	-0.071353	-0.008512	-0.006802	-0.075471	-10.848160	46490200.000000
2022-12-23	-0.008671	-0.009154	0.000170	-0.029563	-1.329773	34932600.000000
2022-12-22	-0.070420	-0.024500	-0.021833	-0.097962	-11.618027	56504500.000000
2022-12-21	0.025863	0.001973	0.033872	0.001227	4.159286	32502500.000000
2022-12-20	-0.010397	-0.011522	0.003616	-0.024567	-1.689697	40326000.000000
2022-12-19	-0.019130	0.000230	0.002463	-0.025542	-3.169479	35403900.000000
2022-12-16	-0.022475	-0.005022	0.005421	-0.031808	-3.809341	47823200.000000
2022-12-15	-0.040851	-0.029710	-0.019863	-0.054949	-7.218781	47854200.000000
2022-12-14	-0.022023	-0.004534	0.010132	-0.035914	-3.979324	49688800.000000
2022-12-13	0.030624	0.056980	0.071753	0.010209	5.369080	65658900.000000
2022-12-12	0.031410	0.002288	0.031762	-0.011831	5.339111	45732800.000000
2022-12-09	-0.009785	-0.000354	0.024287	-0.011132	-1.679718	46533800.000000
2022-12-08	0.065074	0.009663	0.065876	-0.009819	10.488220	51545600.000000
2022-12-07	0.008319	-0.013281	0.012620	-0.019850	1.329773	37238800.000000
2022-12-06	-0.037508	-0.004647	-0.002058	-0.047460	-6.228943	35269400.000000
2022-12-05	-0.015762	-0.011506	0.007222	-0.023774	-2.659546	35225500.000000
2022-12-02	-0.015115	-0.027614	-0.011621	-0.040105	-2.589569	37138900.000000
2022-12-01	0.012527	0.004662	0.020382	-0.016851	2.119644	47097700.000000
2022-11-30	0.082379	0.004136	0.083011	-0.002261	12.877808	56529800.000000
2022-11-29	-0.011879	0.000426	0.007063	-0.018980	-1.879211	29838400.000000
2022-11-28	-0.027228	-0.014578	0.005775	-0.033086	-4.428085	30374100.000000
2022-11-25	-0.015074	-0.011747	-0.001512	-0.020589	-2.488968	16793400.000000
2022-11-23	0.029991	0.004168	0.030929	0.001049	4.807968	42724100.000000
2022-11-22	0.047072	0.001144	0.048824	-0.012311	7.206940	47286600.000000
2022-11-21	-0.005971	-0.016585	0.004841	-0.020935	-0.919617	40473900.000000
2022-11-18	-0.017095	0.018868	0.021166	-0.035119	-2.678864	49207200.000000
2022-11-17	-0.014645	-0.011836	0.022811	-0.023154	-2.329010	71089400.000000
2022-11-16	-0.045362	-0.029828	-0.017823	-0.047176	-7.556778	64954700.000000
2022-11-15	0.022768	0.026641	0.043586	0.005767	3.708420	54587600.000000
2022-11-14	-0.001960	-0.006253	0.013477	-0.024390	-0.319870	52785200.000000
2022-11-11	0.036635	0.004046	0.041014	-0.016597	5.767563	65548700.000000
2022-11-10	0.143293	0.074790	0.145450	0.056417	19.731598	70081900.000000
2022-11-09	-0.056568	-0.029720	-0.026363	-0.057331	-8.256500	45441400.000000
2022-11-08	0.021048	0.035403	0.041699	-0.005520	3.008743	59529200.000000
2022-11-07	0.010243	0.005514	0.018518	-0.013850	1.449356	41006100.000000
2022-11-04	0.054765	0.042542	0.060655	0.020999	7.346878	61257600.000000
2022-11-03	0.015281	-0.012894	0.042958	-0.019478	2.019135	50006500.000000
2022-11-02	-0.023924	0.023104	0.049697	-0.024099	-3.238602	67262800.000000
2022-11-01	0.003408	0.023700	0.032150	0.002056	0.459793	43281700.000000
2022-10-31	-0.024360	-0.003624	0.000715	-0.038408	-3.368561	48634100.000000
2022-10-28	0.049939	-0.005041	0.051601	-0.008306	6.577194	52104000.000000
2022-10-27	0.021712	0.057367	0.073503	0.017958	2.798798	58311300.000000
2022-10-26	-0.027524	-0.029147	0.010007	-0.041293	-3.648438	53295300.000000
2022-10-25	0.052544	0.007969	0.056089	0.005587	6.617188	50548200.000000
2022-10-24	0.010669	0.003796	0.020007	-0.031836	1.329430	51745700.000000
2022-10-21	0.022306	-0.007450	0.025367	-0.024761	2.718842	60949400.000000
2022-10-20	0.011866	0.005573	0.060031	0.004909	1.429390	65239800.000000
2022-10-19	0.007019	-0.006931	0.032444	-0.010693	0.839653	52313100.000000
2022-10-18	0.006645	0.038800	0.051255	-0.022296	0.789665	65936200.000000
2022-10-17	0.058876	0.026356	0.064673	0.026267	6.607185	58077400.000000
2022-10-14	-0.061288	0.008540	0.013057	-0.062812	-7.326881	71343200.000000
2022-10-13	0.040000	-0.045594	0.050708	-0.059339	4.598045	85010300.000000
2022-10-12	-0.007423	-0.000179	0.013292	-0.020384	-0.859642	49259000.000000
2022-10-11	-0.007198	-0.008918	0.015514	-0.032750	-0.839638	66748200.000000
2022-10-10	-0.033620	-0.002805	0.004402	-0.054914	-4.058273	69869900.000000
2022-10-07	-0.080274	-0.047196	-0.034624	-0.083997	-10.535530	67247800.000000
2022-10-06	-0.005981	0.001259	0.034281	-0.007602	-0.789642	64415700.000000
2022-10-05	0.003190	-0.019025	0.012127	-0.041059	0.419815	50713100.000000
2022-10-04	0.052350	0.029770	0.057035	0.029770	6.547211	58418200.000000
2022-10-03	0.030727	0.017568	0.044847	-0.002376	3.728416	54747800.000000
2022-09-30	-0.006628	-0.010463	0.034237	-0.011445	-0.809654	56563800.000000
2022-09-29	-0.040515	-0.022197	-0.018112	-0.061630	-5.157806	53276300.000000
2022-09-28	0.026021	0.000184	0.033470	-0.004329	3.228630	54241400.000000
2022-09-27	0.015129	0.023252	0.041987	0.002880	1.849213	55385400.000000
2022-09-26	-0.023011	-0.001573	0.011856	-0.023714	-2.878784	54734300.000000
2022-09-23	-0.003582	-0.010804	0.004408	-0.023786	-0.449806	66330900.000000
2022-09-22	-0.052786	-0.013984	-0.008024	-0.062417	-6.997025	75916200.000000
2022-09-21	0.006451	0.003235	0.065344	-0.004585	0.849640	80767900.000000
2022-09-20	-0.015394	-0.012059	0.007976	-0.023871	-2.059128	52481800.000000
2022-09-19	0.013942	-0.013673	0.020513	-0.013825	1.839233	56968500.000000
2022-09-16	0.020806	-0.014044	0.022324	-0.023716	2.688858	67075100.000000
2022-09-15	-0.015159	-0.008186	0.008427	-0.025332	-1.989166	52362500.000000
2022-09-14	-0.000228	0.009797	0.012540	-0.016183	-0.029984	58850700.000000
2022-09-13	-0.094726	-0.048061	-0.039784	-0.096548	-13.734161	71495600.000000
2022-09-12	0.008202	-0.000826	0.011552	-0.012717	1.179504	48415900.000000
2022-09-09	0.028378	0.012368	0.035037	0.010151	3.968323	48661200.000000
2022-09-08	0.020125	-0.018176	0.021873	-0.024742	2.758804	62487300.000000
2022-09-07	0.018795	0.008007	0.028445	-0.008121	2.528946	51265700.000000
2022-09-06	-0.013336	0.006883	0.010402	-0.020983	-1.818710	53575100.000000
2022-09-02	-0.020808	0.012427	0.017525	-0.024121	-2.897888	74315700.000000
2022-09-01	-0.076653	-0.057952	-0.046615	-0.120207	-11.561646	117886500.000000
2022-08-31	-0.024179	-0.004712	0.005381	-0.032207	-3.737305	57371000.000000
2022-08-30	-0.021075	0.010793	0.015796	-0.038480	-3.327591	53018100.000000
2022-08-29	-0.028229	-0.014048	0.005524	-0.029619	-4.586685	49613200.000000
2022-08-26	-0.092279	-0.002405	0.001338	-0.092908	-16.518051	76912700.000000
2022-08-25	0.040123	-0.021242	0.042851	-0.021881	6.904999	77069100.000000
2022-08-24	0.002386	-0.009121	0.013828	-0.015935	0.409698	52266100.000000
2022-08-23	0.008630	-0.001921	0.026044	-0.003037	1.468964	36998600.000000
2022-08-22	-0.045661	-0.019405	-0.015592	-0.048783	-8.144150	40959300.000000
2022-08-19	-0.049220	-0.018841	-0.012764	-0.052743	-9.233307	44158800.000000
2022-08-18	0.023889	-0.001133	0.029650	-0.007573	4.376831	41544700.000000
2022-08-17	-0.028815	-0.018148	-0.009401	-0.038184	-5.436050	44679900.000000
2022-08-16	-0.008039	-0.005166	0.006507	-0.027198	-1.528900	45124000.000000
2022-08-15	0.017264	0.000295	0.025060	-0.004412	3.227661	45766600.000000
2022-08-12	0.042749	0.012882	0.044005	0.001337	7.664459	47809400.000000
2022-08-11	-0.008565	0.002603	0.034455	-0.011498	-1.548874	50932700.000000
2022-08-10	0.059171	0.036568	0.061167	0.014253	10.102692	59742200.000000
2022-08-09	-0.039735	-0.029704	-0.018737	-0.059400	-7.064896	66826300.000000
2022-08-08	-0.062984	-0.077642	-0.038802	-0.091344	-11.951370	98185900.000000
2022-08-05	-0.011762	-0.020370	0.001452	-0.027869	-2.258362	38606800.000000
2022-08-04	0.017043	-0.001607	0.020904	-0.006322	3.217697	40965200.000000
2022-08-03	0.019810	-0.017751	0.024599	-0.020290	3.667343	41814600.000000
2022-08-02	0.004609	-0.016588	0.027693	-0.018216	0.849380	48952700.000000
2022-08-01	0.015306	0.001770	0.038354	-0.008809	2.777985	47646900.000000
2022-07-29	0.009953	-0.008792	0.015191	-0.015525	1.788712	43546000.000000
2022-07-28	0.010905	0.011130	0.020411	-0.018965	1.938614	47464600.000000
2022-07-27	0.076030	0.030927	0.085645	0.023724	12.560898	56977600.000000
2022-07-26	-0.028842	-0.007213	-0.005449	-0.031373	-4.906448	39786500.000000
2022-07-25	-0.017033	-0.016612	-0.010544	-0.037991	-2.947876	48074800.000000
2022-07-22	-0.040499	-0.007981	-0.003879	-0.049895	-7.304703	53667100.000000
2022-07-21	0.013646	0.005106	0.019662	-0.014001	2.428223	55704900.000000
2022-07-20	0.047964	-0.001927	0.056142	-0.010526	8.144135	76053800.000000
2022-07-19	0.055338	0.024652	0.063435	0.005136	8.903564	70236600.000000
2022-07-18	0.021507	0.035007	0.072784	0.015961	3.387543	67051700.000000
2022-07-15	0.025371	0.019407	0.027414	0.005475	3.897171	38593500.000000
2022-07-14	0.013717	-0.002973	0.021115	-0.028050	2.078522	45623500.000000
2022-07-13	0.005437	-0.031922	0.020164	-0.040216	0.819382	52191800.000000
2022-07-12	-0.004620	0.008384	0.019150	-0.017440	-0.699493	45848300.000000
2022-07-11	-0.043314	-0.018991	-0.018928	-0.049825	-6.855042	43732100.000000
2022-07-08	-0.001261	-0.026286	0.012019	-0.028873	-0.199844	46797200.000000
2022-07-07	0.048116	0.022285	0.054628	0.017854	7.274734	49290300.000000
2022-07-06	0.011093	0.003799	0.024464	-0.010980	1.658798	52906600.000000
2022-07-05	0.030366	-0.023256	0.031593	-0.031525	4.406815	65139700.000000
2022-07-01	-0.041955	-0.016441	-0.005614	-0.049911	-6.355392	57761000.000000
2022-06-30	-0.024643	-0.011646	0.001609	-0.043752	-3.830002	68607000.000000
2022-06-29	-0.027531	-0.010512	-0.010136	-0.050807	-4.400009	48235200.000000
2022-06-28	-0.052582	0.001838	0.019740	-0.054775	-8.869995	46114900.000000
2022-06-27	-0.015006	0.010861	0.011912	-0.029195	-2.569992	42796800.000000
2022-06-24	0.055532	0.016949	0.056394	0.005239	9.009995	47215300.000000
2022-06-23	-0.008252	0.009719	0.013753	-0.030990	-1.350006	46368000.000000
2022-06-22	-0.012435	-0.020524	0.005795	-0.023301	-2.059998	43713500.000000
2022-06-21	0.043199	0.037468	0.071033	0.033186	6.860001	48308900.000000
2022-06-17	0.017884	0.003013	0.025255	-0.017499	2.790009	63033400.000000
2022-06-16	-0.056030	-0.040358	-0.035397	-0.068131	-9.260010	54574900.000000
2022-06-15	0.043635	0.016355	0.065168	0.005683	6.910004	56393600.000000
2022-06-14	0.012079	0.005368	0.026778	-0.015019	1.889999	46968000.000000
2022-06-13	-0.078178	-0.057382	-0.039001	-0.080594	-13.270004	60415300.000000
2022-06-10	-0.059508	-0.024823	-0.019448	-0.065326	-10.739990	46524800.000000
2022-06-09	-0.032175	-0.008955	0.015283	-0.032550	-6.000000	39557400.000000
2022-06-08	-0.014689	-0.006710	0.013421	-0.020659	-2.779999	36325200.000000
2022-06-07	0.007452	-0.016715	0.011391	-0.031832	1.399994	38891400.000000
2022-06-06	0.003526	0.022382	0.032959	-0.008333	0.660004	42240600.000000
2022-06-03	-0.044508	-0.026031	-0.013271	-0.054614	-8.720001	59877900.000000
2022-06-02	0.069432	-0.001528	0.070906	-0.006659	12.720001	64865600.000000
2022-06-01	-0.018852	0.002785	0.020405	-0.029456	-3.520004	54451400.000000
2022-05-31	-0.007389	0.008984	0.020679	-0.024507	-1.389999	66410000.000000
2022-05-27	0.053779	0.018766	0.057700	0.013949	9.600006	73837900.000000
2022-05-26	0.051605	-0.055317	0.065803	-0.056141	8.759995	99657500.000000
2022-05-25	0.050823	-0.008295	0.059242	-0.009533	8.210007	78113200.000000
2022-05-24	-0.044029	-0.022961	-0.017813	-0.066162	-7.440002	58855000.000000
2022-05-23	0.012220	-0.025159	0.013238	-0.030849	2.039993	63988900.000000
2022-05-20	-0.025111	0.012147	0.016702	-0.079946	-4.300003	73910500.000000
2022-05-19	0.010981	-0.000059	0.044220	-0.012044	1.860001	62131000.000000
2022-05-18	-0.068163	-0.025967	-0.003246	-0.072234	-12.389999	54516100.000000
2022-05-17	0.052885	0.046918	0.064122	0.021432	9.130005	58583000.000000
2022-05-16	-0.024963	-0.011126	0.004631	-0.033887	-4.419998	52144600.000000
2022-05-13	0.094652	0.037898	0.108377	0.025842	15.309998	67043700.000000
2022-05-12	-0.027360	-0.024714	0.009501	-0.063921	-4.550003	70872800.000000
2022-05-11	-0.054845	-0.014095	0.008980	-0.058369	-9.649994	67016700.000000
2022-05-10	0.038053	0.043599	0.073628	0.004425	6.449997	76147400.000000
2022-05-09	-0.092369	-0.034324	-0.022490	-0.098956	-17.250000	64445500.000000
2022-05-06	-0.008968	-0.005731	0.035449	-0.045320	-1.690002	63329700.000000
2022-05-05	-0.073276	-0.022966	-0.020114	-0.090194	-14.899994	62633100.000000
2022-05-04	0.037343	0.016376	0.040710	-0.043414	7.319992	64885500.000000
2022-05-03	0.003532	-0.006809	0.014949	-0.020478	0.690002	47575100.000000
2022-05-02	0.053162	-0.000323	0.055373	-0.008411	9.860001	57204900.000000
2022-04-29	-0.062431	-0.019209	0.017491	-0.063947	-12.350006	50043500.000000
2022-04-28	0.074233	0.029976	0.088080	0.004073	13.670013	57032700.000000
2022-04-27	-0.019853	-0.010113	0.020172	-0.026506	-3.730011	49946000.000000
2022-04-26	-0.055974	-0.009245	-0.005728	-0.061903	-11.139999	65314300.000000
2022-04-25	0.019831	-0.016039	0.022034	-0.021471	3.870010	64156600.000000
2022-04-22	-0.033097	0.005946	0.015013	-0.033840	-6.680008	62471300.000000
2022-04-21	-0.060469	0.010567	0.042361	-0.068988	-12.990005	65620900.000000
2022-04-20	-0.032255	0.014371	0.021263	-0.044959	-7.159988	46897400.000000
2022-04-19	0.019052	-0.002892	0.027085	-0.021531	4.149994	51278100.000000
2022-04-18	0.024697	-0.002728	0.039044	-0.008420	5.250000	52570100.000000
2022-04-14	-0.042562	0.013602	0.025852	-0.046840	-9.449997	56909700.000000
2022-04-13	0.032506	0.010417	0.046317	-0.002279	6.990005	51694300.000000
2022-04-12	-0.018844	0.028289	0.036866	-0.028973	-4.130005	66225800.000000
2022-04-11	-0.051992	-0.039145	-0.034560	-0.063108	-12.020004	57520700.000000
2022-04-08	-0.044985	-0.012021	-0.011773	-0.047340	-10.889999	52478100.000000
2022-04-07	-0.008153	0.001393	0.012906	-0.038063	-1.990005	55799200.000000
2022-04-06	-0.058771	-0.038448	-0.024334	-0.074351	-15.239990	70383300.000000
2022-04-05	-0.052230	-0.003874	-0.001499	-0.056287	-14.290009	43661500.000000
2022-04-04	0.024259	0.000599	0.031671	-0.003706	6.480011	39712000.000000
2022-04-01	-0.021036	0.003262	0.007696	-0.037345	-5.739990	51723500.000000
2022-03-31	-0.014590	0.003323	0.020152	-0.015168	-4.040009	52344000.000000
2022-03-30	-0.033710	-0.012284	-0.005583	-0.040236	-9.660004	46348700.000000
2022-03-29	0.015486	0.016868	0.025763	-0.008470	4.369995	48898400.000000
2022-03-28	0.019031	0.002311	0.020150	-0.017550	5.269989	42549400.000000
2022-03-25	-0.016270	-0.009378	0.007389	-0.031226	-4.579987	57901600.000000
2022-03-24	0.098151	0.020754	0.104783	0.010650	25.160004	87737900.000000
2022-03-23	-0.033554	-0.015005	0.003318	-0.035779	-8.899994	50212000.000000
2022-03-22	-0.007855	-0.000262	0.018852	-0.024762	-2.100006	54700700.000000
2022-03-21	0.010623	0.002041	0.026424	-0.018372	2.809998	59172700.000000
2022-03-18	0.068118	0.001332	0.072801	-0.005734	16.869995	73071900.000000
2022-03-17	0.011022	-0.015349	0.014125	-0.024086	2.699997	47194100.000000
2022-03-16	0.066295	0.022940	0.070692	0.008662	15.230011	67142200.000000
2022-03-15	0.077028	0.008814	0.080075	-0.000375	16.429993	49199600.000000
2022-03-14	-0.034842	-0.010452	0.007330	-0.042579	-7.699997	38535400.000000
2022-03-11	-0.024627	0.016065	0.021493	-0.027010	-5.580002	36720900.000000
2022-03-10	-0.015469	-0.020987	-0.009820	-0.049187	-3.559998	42806600.000000
2022-03-09	0.069722	0.040578	0.079297	0.034071	15.000000	49274200.000000
2022-03-08	0.007587	-0.002014	0.047817	-0.032878	1.619995	55746700.000000
2022-03-07	-0.069062	-0.005188	0.004229	-0.070021	-15.839996	45082100.000000
2022-03-04	-0.032808	-0.013916	-0.001434	-0.051952	-7.779999	43141500.000000
2022-03-03	-0.020892	0.001734	0.004377	-0.031007	-5.059998	36509500.000000
2022-03-02	0.031648	0.011884	0.039698	-0.002641	7.429993	38964200.000000
2022-03-01	-0.037236	-0.003855	-0.000328	-0.051384	-9.080002	41205600.000000
2022-02-28	0.009438	-0.006830	0.021029	-0.018628	2.279999	47731900.000000
2022-02-25	0.017223	-0.001137	0.019749	-0.015454	4.090012	52886600.000000
2022-02-24	0.060794	-0.061286	0.063117	-0.066869	13.610001	73580100.000000
2022-02-23	-0.042882	0.017614	0.032706	-0.046558	-10.029999	56651100.000000
2022-02-22	-0.010659	-0.025675	0.017850	-0.027155	-2.520004	63342200.000000
2022-02-18	-0.035296	0.006569	0.019545	-0.057412	-8.650009	76125500.000000
2022-02-17	-0.075591	-0.033231	-0.027385	-0.088492	-20.039978	81059500.000000
2022-02-16	0.000604	-0.008907	0.003284	-0.035592	0.159973	73267600.000000
2022-02-15	0.091812	0.028104	0.093872	0.021305	22.280014	69986900.000000
2022-02-14	0.013278	-0.000626	0.038665	-0.008101	3.179993	44042400.000000
2022-02-11	-0.072607	0.003563	0.012701	-0.079422	-18.749985	60547200.000000
2022-02-10	-0.032990	-0.026587	0.008238	-0.041378	-8.809998	51320000.000000
2022-02-09	0.063605	0.020472	0.064402	0.009758	15.969986	52428200.000000
2022-02-08	0.015367	-0.014922	0.020301	-0.030249	3.800003	41035900.000000
2022-02-07	0.016818	0.002179	0.035487	-0.004811	4.089996	37686800.000000
2022-02-04	0.015492	0.001002	0.028687	-0.013195	3.710007	35482900.000000
2022-02-03	-0.051264	-0.031059	-0.006537	-0.057919	-12.940002	41017800.000000
2022-02-02	0.024515	0.046919	0.047853	-0.003450	6.039993	54341900.000000
2022-02-01	0.006208	0.025239	0.026913	-0.024340	1.520004	51892500.000000
2022-01-31	0.072067	0.014974	0.073074	0.009282	16.460007	56468000.000000
2022-01-28	0.040831	0.003099	0.041651	-0.029530	8.959991	54377400.000000
2022-01-27	-0.036360	0.034955	0.053706	-0.048173	-8.279999	57335300.000000
2022-01-26	0.020068	0.041032	0.077629	-0.001075	4.479996	75595900.000000
2022-01-25	-0.044840	-0.035341	-0.018355	-0.058703	-10.479996	66461600.000000
2022-01-24	-0.000086	-0.044665	0.000257	-0.106357	-0.020004	91398200.000000
2022-01-21	-0.032132	-0.026625	0.027867	-0.036729	-7.759995	71895800.000000
2022-01-20	-0.036582	0.009455	0.020425	-0.039454	-9.169998	43518100.000000
2022-01-19	-0.032274	0.006795	0.024708	-0.032853	-8.360001	48831500.000000
2022-01-18	-0.038564	-0.025314	-0.011284	-0.043501	-10.390015	42427000.000000
2022-01-14	0.013810	-0.010348	0.023405	-0.013735	3.670013	39583200.000000
2022-01-13	-0.050859	0.013572	0.017179	-0.053609	-14.239990	54017100.000000
2022-01-12	0.006543	0.008987	0.027969	-0.007513	1.819977	38341300.000000
2022-01-11	0.015219	-0.002810	0.024270	-0.020474	4.170013	40408900.000000
2022-01-10	0.005615	-0.024443	0.008148	-0.058832	1.529999	59468100.000000
2022-01-07	-0.033040	-0.001313	0.008659	-0.039783	-9.309998	40993900.000000
2022-01-06	0.020794	0.001304	0.030213	-0.019526	5.739990	45418600.000000
2022-01-05	-0.057562	-0.011642	0.004302	-0.059986	-16.859985	49806400.000000
2022-01-04	-0.027589	0.005179	0.011520	-0.058829	-8.309998	52715400.000000
2022-01-03	0.024141	0.013736	0.044201	0.012716	7.100006	39154700.000000
2021-12-31	-0.005915	0.002974	0.015007	-0.008619	-1.750000	26653000.000000
2021-12-30	-0.013833	-0.005800	0.015199	-0.015366	-4.150024	30886400.000000
2021-12-29	-0.010586	-0.001616	0.007453	-0.031528	-3.209991	34313900.000000
2021-12-28	-0.020133	0.011860	0.012441	-0.030150	-6.230011	42059100.000000
2021-12-27	0.044028	0.000675	0.048819	0.000000	13.050018	40368600.000000
2021-12-23	0.008163	0.012075	0.022415	0.001054	2.399994	34302200.000000
2021-12-22	0.011178	-0.006328	0.016509	-0.021531	3.250000	39518400.000000
2021-12-21	0.048920	0.023630	0.050543	-0.011472	13.559998	52438500.000000
2021-12-20	-0.002950	-0.017841	0.012338	-0.023596	-0.820007	46184700.000000
2021-12-17	-0.020643	-0.014161	0.018847	-0.022088	-5.859985	71375800.000000
2021-12-16	-0.068026	0.022752	0.023015	-0.077678	-20.720001	70736600.000000
2021-12-15	0.074884	0.002223	0.076331	-0.017609	21.220001	69829700.000000
2021-12-14	0.006250	-0.016406	0.018359	-0.032350	1.760010	66703500.000000
2021-12-13	-0.067455	0.001689	0.003179	-0.068945	-20.370026	59834400.000000
2021-12-10	-0.009577	0.021646	0.026730	-0.020630	-2.919983	48882500.000000
2021-12-09	-0.041978	-0.002891	0.011908	-0.043926	-13.360016	48850700.000000
2021-12-08	-0.018534	-0.013199	-0.004225	-0.031024	-6.009979	47555100.000000
2021-12-07	0.079569	0.030629	0.080301	0.020442	23.899994	59305300.000000
2021-12-06	-0.021373	-0.026488	-0.014726	-0.086502	-6.559998	65893800.000000
2021-12-03	-0.044606	-0.003922	0.000093	-0.062130	-14.330017	54432500.000000
2021-12-02	0.021982	-0.007030	0.033180	-0.013043	6.910004	47289000.000000
2021-12-01	-0.037979	0.016618	0.018760	-0.039662	-12.410004	48436800.000000
2021-11-30	-0.020973	-0.006202	-0.000689	-0.045302	-7.000000	62206600.000000
2021-11-29	0.059455	0.027394	0.060597	0.016919	18.730011	45496400.000000
2021-11-26	-0.035839	-0.002265	0.001102	-0.040521	-11.709991	28306900.000000
2021-11-24	0.029232	-0.008978	0.034934	-0.025767	9.279999	43516200.000000
2021-11-23	-0.006572	-0.013174	0.012642	-0.033671	-2.100006	53216300.000000
2021-11-22	-0.031196	0.016129	0.050387	-0.032894	-10.290009	75433500.000000
2021-11-19	0.041358	0.017932	0.044609	0.007261	13.100006	53386700.000000
2021-11-18	0.082499	0.106148	0.119579	0.070401	24.140015	78171100.000000
2021-11-17	-0.031189	0.007118	0.010131	-0.046452	-9.420013	42850800.000000
2021-11-16	0.005928	-0.008859	0.012157	-0.010624	1.779999	26448400.000000
2021-11-15	-0.012011	0.005331	0.008358	-0.037611	-3.649994	38490900.000000
2021-11-12	0.000000	-0.012504	0.009543	-0.025008	0.000000	41305400.000000
2021-11-11	0.031603	0.034251	0.038392	0.010795	9.309998	33217200.000000
2021-11-10	-0.039078	-0.042437	0.006295	-0.061291	-11.980011	63620600.000000
2021-11-09	-0.004772	0.047981	0.048890	-0.027269	-1.470001	64674600.000000
2021-11-08	0.035359	0.013344	0.045308	0.005210	10.520020	50310100.000000
2021-11-05	-0.001644	0.012953	0.053656	-0.013120	-0.490021	85126000.000000
2021-11-04	0.120423	0.023724	0.179224	0.019550	32.029999	115363100.000000
2021-11-03	0.007462	0.010189	0.014507	-0.006288	1.970001	23991000.000000
2021-11-02	0.022225	-0.000194	0.032950	-0.001045	5.740021	29411200.000000
2021-11-01	0.010169	0.003207	0.012790	-0.013298	2.599991	26574000.000000
2021-10-29	0.025099	0.002406	0.030793	0.002366	6.259995	29250300.000000
2021-10-28	0.020040	0.017464	0.020408	0.002945	4.900009	23420400.000000
2021-10-27	-0.010762	-0.009831	0.015091	-0.017599	-2.660004	24599000.000000
2021-10-26	0.066952	0.035526	0.090348	0.032720	15.509995	48589800.000000
2021-10-25	0.019361	0.010869	0.027678	0.001936	4.400009	23023500.000000
2021-10-22	0.001498	0.005773	0.019302	-0.005773	0.339996	24938400.000000
2021-10-21	0.026648	-0.000271	0.027508	-0.000905	5.889999	18759000.000000
2021-10-20	-0.008389	0.000673	0.006415	-0.013818	-1.869995	14627600.000000
2021-10-19	0.003060	0.002430	0.007065	-0.008325	0.679993	16147300.000000
2021-10-18	0.016467	-0.005169	0.019623	-0.009972	3.600006	18949400.000000
2021-10-15	0.005334	0.002943	0.008507	-0.003863	1.159988	22699400.000000
2021-10-14	0.038541	0.016667	0.038970	0.008740	8.070007	24358900.000000
2021-10-13	0.012965	0.011949	0.015432	0.002032	2.679993	18065200.000000
2021-10-12	-0.001160	0.006427	0.017492	-0.008070	-0.239990	16213400.000000
2021-10-11	-0.006529	-0.012289	0.011137	-0.015362	-1.360001	16338800.000000
2021-10-08	-0.011578	0.001234	0.006216	-0.014235	-2.440002	15125800.000000
2021-10-07	0.018116	0.018937	0.030048	0.013140	3.750000	25691900.000000
2021-10-06	0.012175	-0.016185	0.013153	-0.018141	2.490005	29720200.000000
2021-10-05	0.036438	0.011048	0.046422	0.006183	7.189987	27928200.000000
2021-10-04	-0.048693	-0.011474	-0.009642	-0.057227	-10.099991	34563500.000000
2021-10-01	0.001255	0.001641	0.006903	-0.024763	0.259995	24097800.000000
2021-09-30	0.009699	0.012234	0.026758	0.008335	1.990005	22100900.000000
2021-09-29	-0.008793	0.011643	0.015363	-0.011208	-1.820007	21839400.000000
2021-09-28	-0.044367	-0.020591	-0.011127	-0.046584	-9.610001	34306900.000000
2021-09-27	-0.019066	-0.016802	-0.012771	-0.034238	-4.209991	24521500.000000
2021-09-24	-0.017837	-0.018326	-0.014812	-0.027622	-4.010010	21765500.000000
2021-09-23	0.024657	0.009070	0.027073	-0.002324	5.410004	24855500.000000
2021-09-22	0.032712	0.005648	0.033606	-0.002353	6.949997	26872600.000000
2021-09-21	0.006299	0.014399	0.014778	-0.007720	1.330002	20468800.000000
2021-09-20	-0.035936	-0.034429	-0.021324	-0.056530	-7.869995	34944000.000000
2021-09-17	-0.015376	0.002608	0.003552	-0.018523	-3.419998	29450300.000000
2021-09-16	-0.004431	-0.007072	-0.002865	-0.018531	-0.990005	15603300.000000
2021-09-15	0.004451	0.003012	0.005620	-0.012409	0.990005	16653800.000000
2021-09-14	0.004063	0.005553	0.011647	-0.002979	0.899994	19975500.000000
2021-09-13	-0.014503	0.009165	0.021621	-0.027583	-3.259995	29750000.000000
2021-09-10	0.013573	0.007711	0.020246	0.004194	3.009995	24837600.000000
2021-09-09	-0.007252	-0.001209	0.008908	-0.009311	-1.619995	19685600.000000
2021-09-08	-0.014253	-0.006575	-0.002295	-0.030227	-3.229996	25443400.000000
2021-09-07	-0.007924	-0.000438	0.002452	-0.014052	-1.809998	19810700.000000
2021-09-03	0.019959	-0.003170	0.026344	-0.008752	4.469986	28053200.000000
2021-09-02	-0.002005	0.003431	0.006773	-0.006506	-0.449997	18783400.000000
2021-09-01	0.002502	0.004467	0.013938	-0.001251	0.559998	20176700.000000
2021-08-31	-0.013355	0.000308	0.000308	-0.025035	-3.029999	25985000.000000
2021-08-30	0.002297	0.008570	0.017980	-0.003755	0.520004	26258000.000000
2021-08-27	0.025739	0.005256	0.029636	0.004486	5.680008	30472200.000000
2021-08-26	-0.006528	-0.000585	0.005717	-0.019043	-1.450012	23794000.000000
2021-08-25	0.019272	-0.002570	0.031065	-0.003258	4.200012	34770100.000000
2021-08-24	-0.007514	-0.009336	0.000046	-0.019264	-1.650009	29729900.000000
2021-08-23	0.054862	0.007446	0.056735	0.006437	11.419998	57580700.000000
2021-08-20	0.051419	0.009748	0.053894	0.006819	10.180008	67574100.000000
2021-08-19	0.039811	0.023845	0.076418	-0.014601	7.580002	76655500.000000
2021-08-18	-0.021482	0.002158	0.009045	-0.023538	-4.180008	28591300.000000
2021-08-17	-0.024662	-0.013283	-0.009023	-0.034236	-4.919998	20458500.000000
2021-08-16	-0.011789	-0.002625	0.004904	-0.036408	-2.380005	21087600.000000
2021-08-13	0.014218	0.000000	0.015524	-0.002713	2.830002	18306300.000000
2021-08-12	0.010457	0.008681	0.016752	-0.004010	2.059998	15165200.000000
2021-08-11	-0.011888	0.005367	0.005668	-0.025381	-2.369995	18592500.000000
2021-08-10	-0.017689	0.001330	0.006652	-0.022666	-3.589996	17923800.000000
2021-08-09	-0.003486	0.003928	0.006972	-0.010950	-0.710007	14644300.000000
2021-08-06	-0.013132	-0.005476	-0.003247	-0.020691	-2.709991	17849700.000000
2021-08-05	0.017905	0.011147	0.022640	0.003354	3.629990	21143500.000000
2021-08-04	0.023164	0.008832	0.025385	0.000656	4.590012	23130900.000000
2021-08-03	0.003291	-0.000506	0.023899	-0.026835	0.649994	30181100.000000
2021-08-02	0.012872	0.010308	0.023693	-0.007077	2.509995	21744400.000000
2021-07-30	-0.008290	-0.012410	-0.001627	-0.020293	-1.629990	18349700.000000
2021-07-29	0.008153	0.000820	0.017946	-0.008973	1.589996	19078100.000000
2021-07-28	0.015358	0.005779	0.022803	-0.011089	2.949997	20219100.000000
2021-07-27	-0.004457	-0.001503	0.017000	-0.028662	-0.860001	24886300.000000
2021-07-26	-0.013498	-0.012629	-0.005931	-0.032928	-2.639999	20394300.000000
2021-07-23	-0.001837	0.003164	0.005410	-0.017556	-0.360001	19567200.000000
2021-07-22	0.009480	0.011953	0.024575	-0.006904	1.839996	32382600.000000
2021-07-21	0.042876	0.014507	0.049162	0.006985	7.980011	37101700.000000
2021-07-20	-0.008933	-0.002649	0.003102	-0.032788	-1.677505	43468700.000000
2021-07-19	0.034070	-0.013532	0.048511	-0.016271	6.187500	74906000.000000
2021-07-16	-0.042457	0.003388	0.010057	-0.047097	-8.052505	68822400.000000
2021-07-15	-0.044112	-0.001499	0.000277	-0.049543	-8.752487	55056400.000000
2021-07-14	-0.020173	0.005321	0.008284	-0.024556	-4.085007	38010000.000000
2021-07-13	-0.012797	-0.005460	-0.002498	-0.019427	-2.625000	29070800.000000
2021-07-12	0.023055	0.009464	0.024065	0.006858	4.622498	32198400.000000
2021-07-09	0.007411	0.003002	0.008918	-0.007461	1.475006	29662400.000000
2021-07-08	-0.023022	-0.025292	-0.011720	-0.032938	-4.690002	50330000.000000
2021-07-07	-0.015786	0.007488	0.008527	-0.017707	-3.267502	41842800.000000
2021-07-06	0.010324	0.012227	0.017328	-0.006675	2.115005	44670800.000000
2021-07-02	0.013606	0.011293	0.014509	0.003748	2.750000	34276400.000000
2021-07-01	0.010474	0.006124	0.022672	0.000825	2.095001	48013600.000000
2021-06-30	-0.001211	-0.001373	0.006778	-0.008139	-0.242508	32656800.000000
2021-06-29	0.002089	-0.005129	0.005692	-0.016412	0.417496	36763200.000000
2021-06-28	0.050129	0.017353	0.055055	0.015133	9.540009	49543600.000000
2021-06-25	-0.009086	0.003905	0.007290	-0.016193	-1.744995	27836400.000000
2021-06-24	0.007779	0.008947	0.019035	0.001627	1.482498	32092400.000000
2021-06-23	0.009028	0.006407	0.014084	0.001112	1.705002	33235600.000000
2021-06-22	0.024936	0.002401	0.029114	-0.002239	4.594986	58014400.000000
2021-06-21	-0.011347	-0.010918	-0.005486	-0.043780	-2.114990	67238400.000000
2021-06-18	-0.000992	0.006794	0.038470	-0.003926	-0.184998	96885600.000000
2021-06-17	0.047557	-0.002007	0.057537	-0.003032	8.470001	80965600.000000
2021-06-16	0.001223	0.000127	0.009346	-0.011468	0.217499	30712400.000000
2021-06-15	-0.012778	-0.005758	-0.000139	-0.016136	-2.302505	24303200.000000
2021-06-14	0.010855	0.004530	0.012019	-0.009116	1.934998	32137600.000000
2021-06-11	0.022970	0.003128	0.029512	0.001076	4.002502	41630800.000000
2021-06-10	0.003845	-0.000475	0.007705	-0.010499	0.667496	28777200.000000
2021-06-09	-0.005429	0.003595	0.006990	-0.011302	-0.947510	38165600.000000
2021-06-08	-0.009195	-0.004979	0.000371	-0.020662	-1.619614	32384800.000000
2021-06-07	0.002318	-0.000169	0.013558	-0.021706	0.407394	57575600.000000
2021-06-04	0.035858	0.008643	0.040973	0.007641	6.083618	61712000.000000
2021-06-03	0.011414	-0.004391	0.028889	-0.011411	1.914551	58000800.000000
2021-06-02	0.031587	-0.000524	0.040464	-0.001554	5.136322	59416800.000000
2021-06-01	0.001231	0.001799	0.009080	-0.020783	0.199951	47280400.000000
2021-05-28	0.048844	0.001069	0.051216	0.001069	7.563278	64453600.000000
2021-05-27	-0.013503	0.000213	0.003415	-0.015061	-2.119522	58147600.000000
2021-05-26	0.003339	0.005758	0.009562	-0.003702	0.522400	37044000.000000
2021-05-25	0.002290	0.010096	0.013459	-0.008068	0.357407	43540800.000000
2021-05-24	0.041373	0.014957	0.050485	0.012522	6.201080	55481600.000000
2021-05-21	0.025954	0.037962	0.041950	0.017821	3.791626	67299200.000000
2021-05-20	0.038871	0.017065	0.044176	0.014789	5.466248	32159200.000000
2021-05-19	0.003567	-0.031831	0.004779	-0.033491	0.499893	34400000.000000
2021-05-18	-0.010571	0.007396	0.017087	-0.011174	-1.497162	18625600.000000
2021-05-17	-0.005441	-0.005810	-0.004950	-0.027124	-0.774811	21698000.000000
2021-05-14	0.042279	0.016680	0.048739	0.006323	5.776169	25861600.000000
2021-05-13	-0.006778	0.020239	0.023656	-0.021544	-0.932297	28540400.000000
2021-05-12	-0.038287	-0.020518	-0.002987	-0.041510	-5.476242	30340800.000000
2021-05-11	0.002839	-0.030674	0.006469	-0.035932	0.404907	28558400.000000
2021-05-10	-0.036895	-0.001459	-0.000193	-0.037738	-5.463745	26890400.000000
2021-05-07	0.019917	0.019875	0.031067	0.010474	2.891846	22932800.000000
2021-05-06	0.004461	0.002771	0.008029	-0.016409	0.644836	19338000.000000
2021-05-05	0.007473	0.025163	0.032446	0.002756	1.072266	29202400.000000
2021-05-04	-0.032723	-0.013220	-0.013203	-0.055490	-4.853882	40532400.000000
2021-05-03	-0.011509	0.007926	0.016039	-0.014565	-1.727112	20391200.000000
2021-04-30	-0.020571	-0.009578	0.002856	-0.021163	-3.151779	20191200.000000
2021-04-29	0.003142	0.008299	0.010689	-0.013209	0.479889	17319600.000000
2021-04-28	-0.006826	-0.000893	0.010016	-0.010582	-1.049759	20941600.000000
2021-04-27	-0.006219	0.006724	0.012669	-0.007752	-0.962280	16457200.000000
2021-04-26	0.013937	-0.005029	0.014235	-0.008960	2.127014	19779600.000000
2021-04-23	0.027946	0.005887	0.032879	0.003597	4.149048	22750000.000000
2021-04-22	-0.033218	0.001173	0.005308	-0.037343	-5.101334	27778800.000000
2021-04-21	0.012474	-0.003232	0.012838	-0.004320	1.892075	21677600.000000
2021-04-20	-0.012401	-0.002278	0.009036	-0.025734	-1.904556	33413200.000000
2021-04-19	-0.034611	-0.023405	-0.006371	-0.042483	-5.506256	40442000.000000
2021-04-16	-0.013927	-0.004993	0.001996	-0.016630	-2.246979	33520800.000000
2021-04-15	0.056310	0.025469	0.061594	0.023439	8.600525	59848000.000000
2021-04-14	-0.025670	-0.003248	0.002845	-0.028605	-4.024078	38550000.000000
2021-04-13	0.030936	0.001709	0.032520	-0.005246	4.703934	67621200.000000
2021-04-12	0.056180	-0.007429	0.066390	-0.017883	8.088135	86932400.000000
2021-04-09	0.005797	-0.006967	0.006587	-0.009691	0.829819	19517200.000000
2021-04-08	0.012267	0.007955	0.023425	0.007690	1.734604	24441600.000000
2021-04-07	0.020344	0.001618	0.027794	-0.010595	2.819336	25128400.000000
2021-04-06	-0.009008	0.001105	0.005002	-0.015074	-1.259705	19174400.000000
2021-04-05	0.012725	0.004267	0.014876	-0.005474	1.757111	25567200.000000
2021-04-01	0.034724	0.017014	0.039326	0.012443	4.633926	30827600.000000
2021-03-31	0.037019	0.011400	0.046756	0.008835	4.763916	31477600.000000
2021-03-30	-0.005908	-0.007978	0.002315	-0.018561	-0.764832	20020400.000000
2021-03-29	0.008490	-0.001251	0.017621	-0.010619	1.089752	27352000.000000
2021-03-26	0.024252	0.001765	0.025843	-0.012677	3.039299	36396800.000000
2021-03-25	-0.008522	-0.011124	0.005906	-0.029122	-1.077248	29514400.000000
2021-03-24	-0.032726	0.006389	0.007002	-0.032982	-4.276520	24584000.000000
2021-03-23	-0.008759	0.005387	0.012233	-0.012287	-1.154739	22204800.000000
2021-03-22	0.026507	0.005446	0.042957	0.004979	3.404221	29780400.000000
2021-03-19	0.009688	0.002391	0.015874	-0.008419	1.232224	29920800.000000
2021-03-18	-0.046379	-0.015122	-0.011560	-0.046573	-6.186096	29389600.000000
2021-03-17	0.003762	-0.018697	0.012420	-0.022479	0.499893	24386400.000000
2021-03-16	0.007581	0.012759	0.024588	-0.005420	0.999771	27212800.000000
2021-03-15	0.026077	0.000910	0.027518	-0.006676	3.351730	22198800.000000
2021-03-12	-0.010582	-0.026348	-0.007834	-0.030832	-1.374680	24396400.000000
2021-03-11	0.042127	0.038876	0.046597	0.021588	5.251289	29991600.000000
2021-03-10	-0.004153	0.025814	0.036958	-0.004784	-0.519875	38437600.000000
2021-03-09	0.080333	0.046921	0.088909	0.040793	9.307861	52182400.000000
2021-03-08	-0.069675	-0.000349	0.001357	-0.071288	-8.677505	54311200.000000
2021-03-05	0.007377	0.015114	0.015114	-0.055317	0.911980	54284000.000000
2021-03-04	-0.033933	0.000262	0.013878	-0.055765	-4.342506	57334400.000000
2021-03-03	-0.044867	0.002067	0.003952	-0.044766	-6.011551	37759200.000000
2021-03-02	-0.031463	0.004785	0.006267	-0.031647	-4.352493	26411600.000000
2021-03-01	0.009278	0.012284	0.015932	-0.011190	1.271759	35318400.000000
2021-02-26	0.030584	0.034033	0.041703	0.004597	4.067673	50093200.000000
2021-02-25	-0.082178	-0.030722	-0.008000	-0.087948	-11.908173	82443600.000000
2021-02-24	0.025244	-0.000788	0.026381	-0.026736	3.567963	44832000.000000
2021-02-23	-0.014890	-0.018976	-0.007580	-0.066772	-2.136276	39178000.000000
2021-02-22	-0.038237	-0.009598	0.014434	-0.039746	-5.704224	32588400.000000
2021-02-19	0.006575	0.013766	0.024055	0.001772	0.974442	27172400.000000
2021-02-18	-0.005166	-0.011307	-0.001624	-0.021644	-0.769562	23386800.000000
2021-02-17	-0.027674	-0.009819	-0.006393	-0.035339	-4.240067	27475600.000000
2021-02-16	0.024664	0.007463	0.028078	-0.000178	3.687881	32196000.000000
2021-02-12	-0.018983	-0.012596	0.003232	-0.030639	-2.893341	37475600.000000
2021-02-11	0.032951	0.015213	0.035002	0.011468	4.862213	45082800.000000
2021-02-10	0.035125	0.014604	0.045593	0.006064	5.007111	48535200.000000
2021-02-09	-0.012155	-0.006217	0.010588	-0.014411	-1.753983	28756000.000000
2021-02-08	0.062376	0.010605	0.065563	0.010605	8.472626	43462400.000000
2021-02-05	-0.005361	0.005023	0.005920	-0.008103	-0.732071	16915200.000000
2021-02-04	0.009885	0.000611	0.011149	-0.013679	1.336746	20134000.000000
2021-02-03	-0.001936	0.006424	0.028252	-0.002396	-0.262360	24540800.000000
2021-02-02	0.024156	0.012801	0.025897	0.004240	3.195663	22044000.000000
2021-02-01	0.019034	0.005466	0.022219	-0.006127	2.471069	21720400.000000
2021-01-29	-0.004693	0.002414	0.022329	-0.010121	-0.612137	27155200.000000
2021-01-28	0.010315	0.006655	0.033261	0.003886	1.331726	22831600.000000
2021-01-27	-0.038518	-0.014711	-0.014506	-0.047200	-5.172012	37127200.000000
2021-01-26	-0.015967	-0.004757	-0.000049	-0.018901	-2.178772	16398000.000000
2021-01-25	-0.004321	0.005627	0.009039	-0.034158	-0.592148	25111200.000000
2021-01-22	-0.011177	-0.008625	-0.001283	-0.016760	-1.549103	24682000.000000
2021-01-21	0.037540	0.004523	0.047999	-0.007866	5.014603	33778000.000000
2021-01-20	0.026142	0.007219	0.031705	0.002994	3.403046	25857200.000000
2021-01-19	0.012889	0.012771	0.018820	-0.000632	1.656555	22618800.000000
2021-01-15	-0.025814	0.002678	0.010049	-0.026088	-3.405548	27778000.000000
2021-01-14	-0.024498	0.003772	0.005602	-0.025398	-3.313095	28312000.000000
2021-01-13	0.003485	0.000964	0.010981	-0.006827	0.469727	21002800.000000
2021-01-12	-0.010039	0.010197	0.010344	-0.019736	-1.366699	29147600.000000
2021-01-11	0.025966	0.011276	0.052141	0.007037	3.445511	51834400.000000
2021-01-08	-0.005040	0.001962	0.006348	-0.022070	-0.672104	29252800.000000
2021-01-07	0.057830	0.028574	0.061115	0.022149	7.290810	46148000.000000
2021-01-06	-0.058953	-0.013029	-0.011350	-0.060540	-7.897972	58042400.000000
2021-01-05	0.022210	-0.000475	0.025754	-0.001448	2.910828	32276000.000000
2021-01-04	0.004481	0.004349	0.046369	-0.006515	0.584671	56064000.000000
2020-12-31	-0.006903	-0.000130	0.000974	-0.016989	-0.906982	19242400.000000
2020-12-30	0.015645	0.004208	0.021485	-0.003020	2.023849	22539600.000000
2020-12-29	0.003353	0.002513	0.013954	-0.003905	0.432236	17037200.000000
2020-12-28	-0.007215	0.005868	0.005868	-0.017175	-0.936966	21256400.000000
2020-12-24	-0.001191	0.002728	0.010054	-0.004848	-0.154892	9788400.000000
2020-12-23	-0.020259	-0.001102	0.000330	-0.020016	-2.688461	17914400.000000
2020-12-22	-0.004050	-0.000401	0.000950	-0.020308	-0.539688	18558000.000000
2020-12-21	0.004540	-0.014296	0.007963	-0.022382	0.602142	30233200.000000
2020-12-18	-0.005191	0.003406	0.005356	-0.019731	-0.692093	34206400.000000
2020-12-17	0.007457	0.009963	0.010926	-0.004261	0.986938	23138400.000000
2020-12-16	-0.008832	0.005218	0.006322	-0.010509	-1.179337	22311600.000000
2020-12-15	0.003889	0.010423	0.012247	-0.008598	0.517227	19301600.000000
2020-12-14	0.022707	0.006322	0.029446	0.005514	2.953278	27015600.000000
2020-12-11	0.003161	0.000189	0.004257	-0.010938	0.409760	20926400.000000
2020-12-10	0.003210	-0.004204	0.011253	-0.005713	0.414780	20776400.000000
2020-12-09	-0.031405	-0.003136	0.005371	-0.035532	-4.190094	40130000.000000
2020-12-08	-0.018869	-0.001025	-0.000014	-0.023343	-2.566040	27192000.000000
2020-12-07	0.003577	0.003748	0.013341	-0.003724	0.484726	22324400.000000
2020-12-04	0.012112	0.004496	0.012824	0.000033	1.621567	20224400.000000
2020-12-03	-0.010672	0.004047	0.009405	-0.015054	-1.444168	19952000.000000
2020-12-02	0.011539	-0.002082	0.022061	-0.010772	1.543671	28336000.000000
2020-12-01	-0.000858	0.007648	0.010374	-0.012069	-0.114899	29694800.000000
2020-11-30	0.010576	0.001153	0.012285	-0.020942	1.401276	28695200.000000
2020-11-27	0.002002	0.011476	0.013934	-0.003989	0.264771	16727600.000000
2020-11-25	0.021377	0.006644	0.024950	0.005678	2.767593	25991600.000000
2020-11-24	-0.013870	0.001060	0.002546	-0.018553	-1.820923	34650000.000000
2020-11-23	0.003992	0.007256	0.023411	-0.004655	0.522064	36135600.000000
2020-11-20	-0.026227	0.001894	0.004910	-0.027074	-3.521957	34108800.000000
2020-11-19	0.000856	-0.015229	0.005249	-0.023632	0.114914	56593600.000000
2020-11-18	0.000484	0.004076	0.014553	-0.016821	0.064926	51092400.000000
2020-11-17	-0.006881	0.003629	0.006868	-0.014793	-0.929184	31202800.000000
2020-11-16	0.016413	-0.008501	0.027403	-0.009743	2.180603	41377600.000000
2020-11-13	-0.011871	0.013551	0.016638	-0.028695	-1.596115	34631200.000000
2020-11-12	0.002888	0.005420	0.026828	-0.006738	0.387177	36581200.000000
2020-11-11	0.050744	0.023109	0.052991	0.014841	6.474365	40474400.000000
2020-11-10	-0.063148	-0.000911	-0.000911	-0.072741	-8.600021	64406800.000000
2020-11-09	-0.063951	0.000217	0.009771	-0.064511	-9.304398	58297600.000000
2020-11-06	0.028390	-0.002682	0.031175	-0.017861	4.016479	38334800.000000
2020-11-05	0.026515	0.027589	0.040395	0.015146	3.654327	31902800.000000
2020-11-04	0.059507	0.029294	0.062985	0.025278	7.740768	41022800.000000
2020-11-03	0.034875	0.011033	0.042577	0.002620	4.383690	27290000.000000
2020-11-02	0.003730	0.010752	0.025045	-0.010229	0.467102	29965200.000000
2020-10-30	-0.037623	-0.012502	-0.005854	-0.054768	-4.895760	41682000.000000
2020-10-29	0.031441	0.017634	0.045714	0.010620	3.966568	32008000.000000
2020-10-28	-0.057458	-0.013979	-0.009346	-0.057983	-7.690811	37652000.000000
2020-10-27	0.019443	0.013418	0.023776	0.004697	2.552780	25052000.000000
2020-10-26	-0.033038	-0.011153	0.008419	-0.039764	-4.486099	33689600.000000
2020-10-23	0.017158	0.007537	0.018268	-0.004355	2.290512	23348400.000000
2020-10-22	-0.012108	0.000703	0.007308	-0.020813	-1.636093	29048000.000000
2020-10-21	-0.008849	-0.000634	0.011579	-0.011452	-1.206436	21959600.000000
2020-10-20	0.010946	0.007229	0.023264	0.001556	1.476212	22921200.000000
2020-10-19	-0.022717	0.007501	0.013334	-0.028461	-3.134781	29806800.000000
2020-10-16	-0.011346	0.005652	0.011724	-0.011847	-1.583618	24239200.000000
2020-10-15	-0.008886	-0.019332	-0.005485	-0.022385	-1.251404	26722400.000000
2020-10-14	-0.010738	0.003838	0.007508	-0.019378	-1.528671	27610000.000000
2020-10-13	0.001564	0.005830	0.009489	-0.013711	0.222305	34460400.000000
2020-10-12	0.033660	0.017360	0.043358	0.011760	4.628464	43474400.000000
2020-10-09	-0.005492	-0.004319	-0.000179	-0.012004	-0.759338	34689200.000000
2020-10-08	-0.008969	0.008826	0.009507	-0.013895	-1.251404	37890000.000000
2020-10-07	0.016562	0.020051	0.028758	0.010123	2.273010	41808400.000000
2020-10-06	0.006890	0.014626	0.037515	0.002521	0.939194	78442000.000000
2020-10-05	0.044422	0.014183	0.045465	0.013168	5.797470	47982000.000000
2020-10-02	-0.040563	-0.027764	-0.006114	-0.040556	-5.517700	55249600.000000
2020-10-01	0.006208	0.017699	0.018050	-0.004289	0.839264	52500400.000000
2020-09-30	0.023042	-0.004295	0.030894	-0.004844	3.044830	68918400.000000
2020-09-29	0.014634	-0.006616	0.032179	-0.006943	1.905869	62146000.000000
2020-09-28	0.012525	0.013814	0.014709	-0.008751	1.611069	57380800.000000
2020-09-25	0.042578	0.008935	0.044275	-0.007418	5.252945	58801600.000000
2020-09-24	0.018497	-0.003381	0.037669	-0.008190	2.240555	73124000.000000
2020-09-23	-0.040672	-0.004060	0.007938	-0.043361	-5.135536	64701200.000000
2020-09-22	0.009627	0.005488	0.011325	-0.028055	1.203957	64645200.000000
2020-09-21	0.026909	-0.020828	0.028233	-0.022511	3.277145	72104400.000000
2020-09-18	-0.022004	0.011330	0.014441	-0.037254	-2.740112	69846000.000000
2020-09-17	-0.004075	-0.029701	0.006888	-0.037499	-0.509552	79251200.000000
2020-09-16	-0.036679	-0.001730	0.008709	-0.035899	-4.760864	55638400.000000
2020-09-15	0.009225	0.032574	0.034032	-0.002590	1.186462	72755600.000000
2020-09-14	0.058182	0.076278	0.095531	0.039273	7.071358	120174400.000000
2020-09-11	-0.011960	0.014995	0.028571	-0.032948	-1.471230	63692800.000000
2020-09-10	-0.031714	0.022458	0.028440	-0.042266	-4.028992	69868400.000000
2020-09-09	0.067321	0.041785	0.076168	0.027650	8.013031	73620000.000000
2020-09-08	-0.056209	-0.069542	-0.004879	-0.071940	-7.088837	79572800.000000
2020-09-04	-0.030195	-0.016951	0.013135	-0.099924	-3.926575	146368400.000000
2020-09-03	-0.092775	-0.035250	-0.031361	-0.101526	-13.298447	94512800.000000
2020-09-02	0.038022	0.064796	0.066461	0.006591	5.250443	87401200.000000
2020-09-01	0.033694	0.009067	0.047524	0.005811	4.501083	51131600.000000
2020-08-31	0.017246	0.003835	0.033704	-0.007207	2.264877	50084000.000000
2020-08-28	0.041138	0.004876	0.042375	0.002299	5.188904	53716000.000000
2020-08-27	-0.011332	0.001836	0.007205	-0.015016	-1.445801	31760400.000000
2020-08-26	0.001804	0.005037	0.010474	-0.004504	0.229729	32124400.000000
2020-08-25	0.002339	-0.005875	0.004397	-0.010361	0.297157	28907600.000000
2020-08-24	0.002897	0.016976	0.019246	-0.012723	0.367065	49056400.000000
2020-08-21	0.044683	0.006179	0.056233	0.005643	5.418663	99986800.000000
2020-08-20	0.000206	-0.012316	0.020676	-0.020254	0.024971	92138800.000000
2020-08-19	-0.009971	0.004089	0.005599	-0.012120	-1.221069	62262400.000000
2020-08-18	-0.006181	0.010340	0.014073	-0.019179	-0.761604	50344800.000000
2020-08-17	0.066845	0.026039	0.074392	0.023095	7.720970	62130000.000000
2020-08-14	0.010574	0.008781	0.024070	0.000951	1.208572	36643600.000000
2020-08-13	0.000240	0.010424	0.025804	-0.006225	0.027473	37446000.000000
2020-08-12	0.054401	0.014157	0.058102	0.011158	5.895599	46441200.000000
2020-08-11	-0.028213	-0.007013	-0.001364	-0.031941	-3.146309	35451200.000000
2020-08-10	-0.003081	0.013215	0.019830	-0.029493	-0.344604	42779600.000000
2020-08-07	-0.011998	-0.000862	0.016118	-0.025150	-1.358414	34251600.000000
2020-08-06	0.004319	0.006758	0.007490	-0.008411	0.486931	24431600.000000
2020-08-05	0.005255	0.002619	0.014010	-0.004314	0.589325	24992400.000000
2020-08-04	0.019754	0.004784	0.020947	-0.008310	2.172447	31033600.000000
2020-08-03	0.037260	0.012275	0.046820	0.010648	3.950386	41272000.000000
2020-07-31	0.000071	-0.003618	0.015554	-0.015903	0.007484	38608000.000000
2020-07-30	0.014190	-0.007488	0.016237	-0.015117	1.483269	30888000.000000
2020-07-29	0.024473	0.018345	0.030644	0.014057	2.497078	28450800.000000
2020-07-28	-0.019767	-0.003370	-0.002625	-0.019221	-2.057587	27163600.000000
2020-07-27	0.022267	0.004877	0.025451	0.003453	2.267342	29213200.000000
2020-07-24	0.006392	-0.024009	0.024396	-0.033694	0.646744	47329200.000000
2020-07-23	-0.029601	0.002248	0.011552	-0.037913	-3.086388	41166000.000000
2020-07-22	0.010674	0.004950	0.027729	-0.002417	1.101212	36729200.000000
2020-07-21	-0.017339	0.001384	0.005861	-0.020167	-1.820374	27703600.000000
2020-07-20	0.030314	0.008309	0.033531	-0.003222	3.088898	28485200.000000
2020-07-17	0.006586	0.010134	0.012406	-0.003473	0.666718	26628400.000000
2020-07-16	-0.009045	-0.019608	-0.000837	-0.031306	-0.923927	34496400.000000
2020-07-15	-0.014431	0.004763	0.006572	-0.029825	-1.495743	40398400.000000
2020-07-14	0.032306	0.003435	0.036078	-0.025398	3.243706	54267600.000000
2020-07-13	-0.040747	0.012228	0.031073	-0.042229	-4.265022	45707600.000000
2020-07-10	-0.002831	0.008767	0.015102	-0.011239	-0.297142	49767600.000000
2020-07-09	0.028680	0.017266	0.035861	0.002884	2.926567	49454800.000000
2020-07-08	0.034872	0.013542	0.036995	0.010677	3.438492	36548000.000000
2020-07-07	0.003303	0.012057	0.024649	0.002340	0.324615	35780000.000000
2020-07-06	0.023616	0.014658	0.032052	0.011611	2.267349	31589200.000000
2020-07-02	0.008631	0.012620	0.022968	0.006238	0.821533	36405600.000000
2020-07-01	0.003396	0.003594	0.009391	-0.007764	0.322121	32664800.000000
2020-06-30	0.032364	0.013575	0.036673	0.008406	2.974030	36789200.000000
2020-06-29	0.004915	0.002782	0.006583	-0.026717	0.449463	34224800.000000
2020-06-26	-0.035300	0.002224	0.002224	-0.037337	-3.346085	59208400.000000
2020-06-25	0.027557	0.014205	0.030385	-0.004603	2.542038	37607200.000000
2020-06-24	-0.022698	0.003951	0.012453	-0.031196	-2.142494	44937200.000000
2020-06-23	-0.008056	0.003718	0.013334	-0.011363	-0.766602	37510800.000000
2020-06-22	0.028668	0.005358	0.030357	0.002467	2.651894	39846800.000000
2020-06-19	0.004692	0.003830	0.025824	0.002174	0.431992	52416000.000000
2020-06-18	-0.001949	0.000194	0.006210	-0.012001	-0.179787	25440800.000000
2020-06-17	0.018470	0.006165	0.026617	0.001363	1.673035	40830400.000000
2020-06-16	-0.011473	0.006763	0.011319	-0.035391	-1.051270	53571600.000000
2020-06-15	0.027008	-0.011972	0.029162	-0.019986	2.409698	40000400.000000
2020-06-12	0.015489	0.042855	0.045672	-0.009416	1.360893	57090800.000000
2020-06-11	-0.060907	-0.021998	-0.010107	-0.060904	-5.698334	58365200.000000
2020-06-10	0.035458	0.014644	0.051416	0.013067	3.203758	63218000.000000
2020-06-09	0.027371	0.000601	0.035821	-0.004942	2.407181	46848800.000000
2020-06-08	-0.012892	-0.003629	-0.002226	-0.025122	-1.148651	38773600.000000
2020-06-05	0.017510	0.004367	0.027494	-0.005511	1.533211	48174800.000000
2020-06-04	0.000114	-0.003114	0.021472	-0.008882	0.009987	42428000.000000
2020-06-03	-0.006317	0.001286	0.006280	-0.012589	-0.556602	36544000.000000
2020-06-02	0.002158	0.000489	0.005152	-0.015236	0.189697	39132000.000000
2020-06-01	-0.007802	-0.003142	-0.002295	-0.019364	-0.691376	38987600.000000
2020-05-29	0.045776	0.009593	0.047477	0.001390	3.878685	74525600.000000
2020-05-28	-0.004487	-0.011650	0.029266	-0.015527	-0.381874	73489600.000000
2020-05-27	-0.022081	-0.009030	-0.008140	-0.081213	-1.921867	117589200.000000
2020-05-26	-0.034178	0.016108	0.018882	-0.037684	-3.079987	77078000.000000
2020-05-22	0.028603	0.007333	0.037895	-0.005451	2.505905	103876400.000000
2020-05-21	-0.021711	0.010727	0.010839	-0.024335	-1.944321	76106800.000000
2020-05-20	0.018681	0.022727	0.028642	0.011096	1.642311	58753600.000000
2020-05-19	0.006314	0.006205	0.040231	0.003057	0.551605	71732000.000000
2020-05-18	0.030563	0.033448	0.051851	0.024011	2.590790	77446000.000000
2020-05-15	0.057313	-0.015929	0.060248	-0.017894	4.595032	98766000.000000
2020-05-14	0.032198	0.009576	0.034585	-0.010282	2.500938	60231200.000000
2020-05-13	-0.002884	0.016389	0.037057	-0.025043	-0.224648	62585200.000000
2020-05-12	-0.032608	0.008829	0.014914	-0.032246	-2.625725	49306000.000000
2020-05-11	0.032384	0.000985	0.040089	-0.002701	2.525887	46906000.000000
2020-05-08	0.025027	0.011088	0.027516	0.006620	1.904411	33921600.000000
2020-05-07	0.023775	0.020428	0.033984	0.013500	1.767120	37373200.000000
2020-05-06	0.013788	0.012504	0.029792	0.007321	1.010864	32346400.000000
2020-05-05	0.008411	0.016000	0.032505	0.001626	0.611496	36889600.000000
2020-05-04	0.030094	-0.005104	0.033717	-0.005104	2.124046	31755600.000000
2020-05-01	-0.032503	-0.025549	-0.009957	-0.037578	-2.371132	34209600.000000
2020-04-30	-0.020706	-0.005656	0.001626	-0.020993	-1.542496	37591600.000000
2020-04-29	0.024368	0.020225	0.033323	0.009843	1.772118	37916000.000000
2020-04-28	-0.019254	0.021586	0.025632	-0.018401	-1.427673	44290400.000000
2020-04-27	0.025864	0.020304	0.049738	0.016880	1.869453	47938800.000000
2020-04-24	0.019647	0.000180	0.021588	-0.010400	1.392731	35232800.000000
2020-04-23	-0.007479	0.007542	0.026094	-0.009400	-0.534126	42416000.000000
2020-04-22	0.061742	0.030318	0.069861	0.023516	4.153244	48335600.000000
2020-04-21	-0.061104	-0.014913	-0.006329	-0.067952	-4.377876	73516000.000000
2020-04-20	-0.018028	-0.015780	0.005670	-0.022530	-1.315369	44938800.000000
2020-04-17	-0.008076	0.012842	0.015765	-0.024748	-0.594032	53912000.000000
2020-04-16	0.049352	0.023881	0.066395	0.021991	3.459373	74562000.000000
2020-04-15	-0.010953	-0.022184	0.002402	-0.028604	-0.776237	36614800.000000
2020-04-14	0.052251	0.020742	0.059048	0.016622	3.519272	53094800.000000
2020-04-13	0.026241	-0.007516	0.029243	-0.021038	1.722198	39840800.000000
2020-04-09	-0.014984	0.020575	0.024027	-0.022875	-0.998367	52556400.000000
2020-04-08	0.030575	0.018563	0.036118	0.007697	1.976776	54244400.000000
2020-04-07	-0.034911	0.034840	0.038385	-0.039797	-2.338692	78452000.000000
2020-04-06	0.100406	0.048153	0.108273	0.038667	6.112560	72788400.000000
2020-04-03	-0.045250	-0.004294	0.002254	-0.065340	-2.885307	66321200.000000
2020-04-02	0.051014	0.006448	0.054907	-0.001505	3.094967	67576400.000000
2020-04-01	-0.077883	-0.028582	-0.006239	-0.083185	-5.124168	65691200.000000
2020-03-31	-0.007493	0.007698	0.038623	-0.027941	-0.496696	94996000.000000
2020-03-30	0.050884	0.012050	0.054060	0.005035	3.209789	60225200.000000
2020-03-27	-0.017532	-0.026564	0.024522	-0.031704	-1.125660	63882800.000000
2020-03-26	0.047309	0.035555	0.069320	0.019488	2.900272	69610800.000000
2020-03-25	-0.014287	0.020197	0.052435	-0.020562	-0.888550	79343200.000000
2020-03-24	0.171564	0.078436	0.189858	0.073962	9.107685	110164400.000000
2020-03-23	0.033730	0.001432	0.053862	-0.033571	1.732178	64387600.000000
2020-03-20	-0.033901	0.029986	0.083226	-0.035246	-1.802067	80463600.000000
2020-03-19	0.050044	-0.002621	0.070321	-0.044944	2.533371	76551200.000000
2020-03-18	-0.066507	-0.077528	-0.032165	-0.167056	-3.606628	87426800.000000
2020-03-17	0.106263	0.024627	0.126371	-0.025913	5.209030	83363200.000000
2020-03-16	-0.184521	-0.116611	-0.059676	-0.193176	-11.091961	72697200.000000
2020-03-13	0.113402	0.067333	0.116046	0.016907	6.122543	63483600.000000
2020-03-12	-0.122368	-0.083756	-0.040435	-0.123013	-7.527760	81654000.000000
2020-03-11	-0.055960	-0.019935	-0.015561	-0.069387	-3.646572	49996400.000000
2020-03-10	0.063722	0.046925	0.065452	0.003871	3.903652	58064800.000000
2020-03-09	-0.077432	-0.096789	-0.023373	-0.103265	-5.141636	61416000.000000
2020-03-06	-0.026529	-0.024799	-0.016333	-0.054413	-1.809563	51541200.000000
2020-03-05	-0.039436	-0.026573	-0.002985	-0.044176	-2.800438	54032800.000000
2020-03-04	0.070029	0.017862	0.073201	0.006561	4.647438	59740800.000000
2020-03-03	-0.038129	0.009743	0.018439	-0.048993	-2.630714	65279200.000000
2020-03-02	0.023549	0.026957	0.029516	-0.032012	1.587410	89074400.000000
2020-02-28	0.069161	-0.038581	0.080377	-0.041238	4.360416	113325200.000000
2020-02-27	-0.055666	-0.045517	-0.000208	-0.068022	-3.716457	90641600.000000
2020-02-26	0.021370	0.002264	0.053475	0.002034	1.396896	74773200.000000
2020-02-25	-0.041093	0.013301	0.022433	-0.053959	-2.801270	105549600.000000
2020-02-24	-0.070698	-0.079161	-0.039354	-0.086624	-5.185974	85691600.000000
2020-02-21	-0.047392	-0.012417	-0.009138	-0.056343	-3.649368	76818000.000000
2020-02-20	-0.019066	-0.003921	0.007385	-0.056214	-1.496666	81005200.000000
2020-02-19	0.061132	0.018852	0.065893	0.018852	4.522430	69433200.000000
2020-02-18	0.023396	-0.012127	0.028233	-0.014825	1.691238	62016400.000000
2020-02-14	0.070204	0.063222	0.091759	0.058558	4.741936	104192400.000000
2020-02-13	-0.006458	-0.006343	0.005682	-0.010388	-0.439011	52801600.000000
2020-02-12	0.017358	0.010157	0.020595	0.004321	1.159920	37464400.000000
2020-02-11	0.018709	0.018804	0.038546	0.009314	1.227272	63855600.000000
2020-02-10	0.045232	0.005850	0.047678	0.005054	2.838676	52960800.000000
2020-02-07	-0.010462	-0.004121	-0.000613	-0.012281	-0.663521	18975200.000000
2020-02-06	0.013918	0.007741	0.016174	-0.005288	0.870560	21828400.000000
2020-02-05	0.014689	0.021935	0.023598	0.003361	0.905483	20822000.000000
2020-02-04	0.028294	0.025996	0.033794	0.017614	1.696228	27154400.000000
2020-02-03	0.016495	-0.000869	0.022064	-0.001929	0.972836	25556400.000000
2020-01-31	-0.038160	-0.005277	-0.003320	-0.042869	-2.339790	37042000.000000
2020-01-30	0.001100	-0.013816	0.005532	-0.022836	0.067348	29050400.000000
2020-01-29	-0.009800	-0.000119	0.005742	-0.014063	-0.606155	25884800.000000
2020-01-28	0.032348	0.013283	0.040070	0.004354	1.938194	31097600.000000
2020-01-27	-0.041041	-0.046749	-0.030705	-0.070797	-2.564297	47053600.000000
2020-01-24	-0.009412	0.020616	0.028544	-0.015848	-0.593678	37351200.000000
2020-01-23	0.010995	0.008677	0.014608	-0.005628	0.685974	24451600.000000
2020-01-22	0.008752	0.009582	0.025064	0.006510	0.541294	23924000.000000
2020-01-21	-0.005376	-0.003685	0.002266	-0.008670	-0.334259	21791600.000000
2020-01-17	0.001406	0.005326	0.006534	-0.004055	0.087315	25379200.000000
2020-01-16	0.013682	0.011000	0.016918	0.007164	0.838123	28419200.000000
2020-01-15	-0.006915	0.004292	0.007940	-0.008920	-0.426548	26310400.000000
2020-01-14	-0.018652	-0.004616	-0.000559	-0.018576	-1.172390	35908800.000000
2020-01-13	0.031352	0.015926	0.037791	0.012194	1.910744	31984000.000000
2020-01-10	0.005349	0.020000	0.025031	0.005236	0.324280	31629600.000000
2020-01-09	0.010983	0.016693	0.025365	0.004227	0.658535	25511200.000000
2020-01-08	0.001876	0.001515	0.011039	-0.005210	0.112251	27710800.000000
2020-01-07	0.012107	0.007045	0.022138	-0.000607	0.715908	31485600.000000
2020-01-06	0.004194	-0.013695	0.007320	-0.018153	0.246948	26263600.000000
2020-01-03	-0.016006	-0.017868	-0.006464	-0.022046	-0.957870	20538400.000000
2020-01-02	0.019592	0.016920	0.021861	0.008274	1.149948	23753600.000000
