2022-12-30	-0.007254	0.003438	0.006647	-0.008124	-1.311142	3136200.000000
2022-12-29	0.001265	0.007699	0.012906	0.007533	0.228455	2549200.000000
2022-12-28	-0.007210	0.012422	0.014841	-0.001106	-1.311142	2694300.000000
2022-12-27	0.004444	0.012392	0.014215	0.006813	0.804565	3045000.000000
2022-12-23	0.006461	0.005757	0.014874	0.003200	1.162155	2197800.000000
2022-12-22	-0.007726	0.003227	0.004275	-0.012991	-1.400543	4304700.000000
2022-12-21	0.007008	0.008535	0.020368	0.007702	1.261475	4236900.000000
2022-12-20	-0.000607	0.009422	0.011810	0.002871	-0.109253	3249000.000000
2022-12-19	0.005545	0.009661	0.024231	0.006813	0.993286	4447800.000000
2022-12-16	0.000499	0.005808	0.012008	-0.003129	0.089386	15708100.000000
2022-12-15	-0.016961	-0.000820	0.003189	-0.020531	-3.089127	6127800.000000
2022-12-14	-0.002774	0.007853	0.017763	-0.002770	-0.506561	5392500.000000
2022-12-13	-0.000544	0.020493	0.022463	0.001121	-0.099335	5634900.000000
2022-12-12	0.004751	0.012696	0.012696	0.002689	0.864151	4691400.000000
2022-12-09	-0.003700	0.009113	0.009113	0.002759	-0.675430	3116100.000000
2022-12-08	0.008783	0.004713	0.016705	0.001673	1.589264	3800800.000000
2022-12-07	0.003028	0.007755	0.011303	0.001547	0.546295	4241700.000000
2022-12-06	-0.008137	0.010221	0.013190	-0.006547	-1.479980	5835100.000000
2022-12-05	-0.013840	-0.005496	-0.002730	-0.011514	-2.552765	4083200.000000
2022-12-02	-0.001130	-0.003532	0.008978	-0.004399	-0.208572	3547700.000000
2022-12-01	0.008353	0.012874	0.017515	0.005665	1.529648	4683300.000000
2022-11-30	0.015992	0.009209	0.030292	-0.000001	2.882431	7915600.000000
2022-11-29	-0.007069	0.009787	0.010448	-0.002773	-1.283279	4375400.000000
2022-11-28	-0.001195	0.014633	0.020631	0.009736	-0.217163	6411400.000000
2022-11-25	-0.005241	0.010301	0.012600	0.006798	-0.957520	1837000.000000
2022-11-23	0.001298	0.013914	0.019833	0.011174	0.236908	2511000.000000
2022-11-22	0.000108	0.018464	0.022904	0.010571	0.019745	4109600.000000
2022-11-21	0.019247	0.018289	0.034267	0.017283	3.445084	4397600.000000
2022-11-18	0.007221	0.014050	0.023222	0.012981	1.283279	4498100.000000
2022-11-17	0.009533	0.008266	0.023433	0.007925	1.678116	3920300.000000
2022-11-16	0.006434	0.019384	0.026988	0.016068	1.125320	4701100.000000
2022-11-15	0.002603	0.020547	0.024330	0.005528	0.454086	5153600.000000
2022-11-14	-0.007414	0.016565	0.019467	0.004219	-1.303009	5633000.000000
2022-11-11	-0.020088	0.009860	0.012982	-0.021864	-3.603027	7390500.000000
2022-11-10	0.017642	0.036300	0.037831	0.013094	3.109451	6704100.000000
2022-11-09	-0.011953	0.008777	0.015056	0.000088	-2.132202	4723600.000000
2022-11-08	0.002775	0.014330	0.023718	0.005111	0.493576	3724700.000000
2022-11-07	0.007999	0.017231	0.023464	0.013321	1.411606	3246100.000000
2022-11-04	0.005625	0.013835	0.024491	0.005915	0.987122	3922400.000000
2022-11-03	-0.002581	0.004739	0.016789	0.003319	-0.454086	3753800.000000
2022-11-02	-0.013941	0.013150	0.028842	-0.001478	-2.487549	4970600.000000
2022-11-01	-0.004516	0.009467	0.019900	0.003609	-0.809464	4084500.000000
2022-10-31	-0.003567	0.007200	0.017207	0.003643	-0.641632	4877200.000000
2022-10-28	0.018728	0.017681	0.035974	0.016435	3.306885	6715300.000000
2022-10-27	-0.001061	0.020392	0.023560	0.010209	-0.187561	5424100.000000
2022-10-26	0.004488	0.018663	0.027983	0.013322	0.789703	5136000.000000
2022-10-25	0.003321	0.015546	0.019822	0.006937	0.582428	5220000.000000
2022-10-24	0.026696	0.023281	0.041838	0.022462	4.560516	5316500.000000
2022-10-21	0.009332	0.011501	0.026213	0.007838	1.579422	5071500.000000
2022-10-20	-0.010960	0.017946	0.018881	-0.000111	-1.875565	4314000.000000
2022-10-19	-0.009711	0.011649	0.017551	-0.002761	-1.678116	5200200.000000
2022-10-18	0.013489	0.025295	0.037553	0.017026	2.300018	4547400.000000
2022-10-17	0.014924	0.025418	0.033276	0.018276	2.507309	6401800.000000
2022-10-14	-0.025314	0.020986	0.022610	-0.013766	-4.363113	5937900.000000
2022-10-13	0.030816	-0.000658	0.046827	-0.002332	5.152817	8412700.000000
2022-10-12	0.041823	0.051294	0.063568	0.038022	6.712494	9795300.000000
2022-10-11	0.004758	0.015667	0.028375	0.011410	0.760086	5222600.000000
2022-10-10	0.001299	0.015420	0.022001	0.010405	0.207306	4839200.000000
2022-10-07	-0.007310	0.009926	0.014344	0.001712	-1.174698	4779200.000000
2022-10-06	-0.019277	0.011756	0.013160	-0.008322	-3.158813	4623400.000000
2022-10-05	-0.006642	0.012189	0.012916	-0.007452	-1.095718	3538600.000000
2022-10-04	0.011256	0.026156	0.034371	0.014877	1.836075	4596800.000000
2022-10-03	0.012189	0.014651	0.028116	0.011548	1.964401	5093400.000000
2022-09-30	-0.020107	0.019604	0.022948	-0.008852	-3.306900	5971900.000000
2022-09-29	-0.012213	0.013818	0.015860	-0.009005	-2.033493	5167700.000000
2022-09-28	0.016023	0.018530	0.035067	0.008339	2.625763	5480900.000000
2022-09-27	-0.014485	0.011775	0.022359	-0.006267	-2.408585	5400700.000000
2022-09-26	-0.000416	0.011895	0.021994	0.007086	-0.069122	5326400.000000
2022-09-23	-0.000474	0.011776	0.013939	0.000600	-0.078949	4565100.000000
2022-09-22	0.000950	0.012797	0.021758	0.010692	0.157928	4290600.000000
2022-09-21	-0.002842	0.018795	0.031689	0.009559	-0.473816	5134500.000000
2022-09-20	0.001126	0.006133	0.015559	0.001810	0.187561	3872000.000000
2022-09-19	0.010541	0.013584	0.024201	0.010186	1.737350	3720900.000000
2022-09-16	0.006571	0.015969	0.020916	0.009190	1.075958	12012600.000000
2022-09-15	-0.016599	0.012137	0.012317	-0.007021	-2.763947	5461000.000000
2022-09-14	0.007586	0.017334	0.023809	0.014006	1.253632	5156900.000000
2022-09-13	-0.037320	0.004882	0.006804	-0.027449	-6.406464	6926200.000000
2022-09-12	0.003926	0.013038	0.020172	0.010289	0.671249	5953300.000000
2022-09-09	0.003185	0.012920	0.024067	0.007171	0.542923	3662000.000000
2022-09-08	-0.003348	0.010289	0.014090	-0.002692	-0.572540	3888100.000000
2022-09-07	0.022064	0.019671	0.038556	0.015548	3.691879	6074600.000000
2022-09-06	-0.006739	0.014937	0.024494	0.003955	-1.135208	4900100.000000
2022-09-02	-0.012670	0.018136	0.025462	-0.004310	-2.161819	5801500.000000
2022-09-01	0.010110	0.011853	0.024049	0.007828	1.707733	4846100.000000
2022-08-31	-0.004162	0.024680	0.028217	0.015188	-0.705994	5597900.000000
2022-08-30	-0.008597	0.018969	0.021014	0.007221	-1.470825	4026300.000000
2022-08-29	-0.003142	0.016991	0.021302	0.009183	-0.539276	4184500.000000
2022-08-26	-0.023596	0.023771	0.023885	-0.006323	-4.147690	5246600.000000
2022-08-25	0.000056	0.018537	0.020358	0.009207	0.009796	3401800.000000
2022-08-24	0.004990	0.019846	0.026307	0.018359	0.872711	3340600.000000
2022-08-23	-0.000448	0.016245	0.022189	0.013216	-0.078461	2575000.000000
2022-08-22	-0.009547	0.019676	0.021544	0.007676	-1.686539	3385000.000000
2022-08-19	-0.001275	0.016227	0.023294	0.013740	-0.225510	3704000.000000
2022-08-18	0.000999	0.023241	0.023863	0.018261	0.176483	3010600.000000
2022-08-17	-0.000555	0.018601	0.024087	0.016452	-0.098053	2666200.000000
2022-08-16	0.005801	0.022690	0.027923	0.016205	1.019760	3395700.000000
2022-08-15	0.010997	0.022376	0.031520	0.016797	1.912064	3043100.000000
2022-08-12	0.013083	0.025031	0.033479	0.021827	2.245438	3756200.000000
2022-08-11	-0.005115	0.022280	0.026685	0.012484	-0.882477	2743800.000000
2022-08-10	0.008252	0.027502	0.031125	0.021131	1.411957	4041100.000000
2022-08-09	0.003739	0.025360	0.027941	0.020491	0.637344	3228800.000000
2022-08-08	-0.004010	0.027090	0.028142	0.012659	-0.686371	2846100.000000
2022-08-05	-0.007505	0.011263	0.013061	-0.000277	-1.294296	3295600.000000
2022-08-04	-0.005429	0.017481	0.019326	0.006869	-0.941330	3822500.000000
2022-08-03	0.007636	0.017463	0.028969	0.012581	1.313919	4401300.000000
2022-08-02	-0.008251	0.019788	0.020998	0.009875	-1.431580	3781100.000000
2022-08-01	0.011374	0.017456	0.035759	0.017456	1.951263	4034600.000000
2022-07-29	0.000686	0.012963	0.023579	0.011388	0.117676	4215500.000000
2022-07-28	0.018941	0.021510	0.040826	0.017468	3.186768	3134200.000000
2022-07-27	-0.001397	0.011892	0.020558	0.003405	-0.235336	4479000.000000
2022-07-26	0.011657	0.024169	0.032695	0.016183	1.941467	3732100.000000
2022-07-25	0.001415	0.024054	0.027362	0.016418	0.235321	3357200.000000
2022-07-22	0.006528	0.023658	0.032313	0.019724	1.078598	3757800.000000
2022-07-21	0.001486	0.018209	0.026816	0.015603	0.245148	3088300.000000
2022-07-20	-0.010585	0.019786	0.022904	0.004253	-1.764984	3460700.000000
2022-07-19	0.010698	0.031907	0.034938	0.022088	1.764984	4201600.000000
2022-07-18	-0.016713	0.020024	0.020561	0.000357	-2.804337	3479700.000000
2022-07-15	0.000819	0.021993	0.031417	0.014119	0.137253	4659100.000000
2022-07-14	0.005173	0.008994	0.026201	0.005456	0.862885	4218300.000000
2022-07-13	0.003540	0.014069	0.031518	0.010700	0.588318	4533100.000000
2022-07-12	-0.005690	0.034981	0.036896	0.010273	-0.951111	5201600.000000
2022-07-11	-0.008204	0.017057	0.025304	0.008809	-1.382584	4921300.000000
2022-07-08	0.008922	0.021103	0.033854	0.020983	1.490448	3482900.000000
2022-07-07	-0.001992	0.012796	0.021877	0.011959	-0.333405	5150200.000000
2022-07-06	0.010000	0.025820	0.037586	0.022682	1.657135	4209100.000000
2022-07-05	-0.002243	0.015270	0.019846	-0.004598	-0.372620	4971600.000000
2022-07-01	0.016381	0.020335	0.037347	0.014338	2.676880	3918700.000000
2022-06-30	-0.000420	0.002399	0.005098	-0.006597	-0.069992	6295100.000000
2022-06-29	0.016584	0.012499	0.021645	0.008170	2.720001	3653600.000000
2022-06-28	-0.014067	0.004809	0.012624	-0.015029	-2.340012	4372900.000000
2022-06-27	0.001324	-0.001565	0.006019	-0.004755	0.220001	4595800.000000
2022-06-24	0.012370	0.009384	0.012736	-0.000975	2.029999	5951500.000000
2022-06-23	0.012775	0.010800	0.019194	0.006912	2.070007	5810700.000000
2022-06-22	0.008214	-0.002365	0.014187	-0.007156	1.319992	4706500.000000
2022-06-21	0.023240	0.007067	0.024831	0.001846	3.650009	4449600.000000
2022-06-17	0.000191	0.000000	0.012482	-0.005477	0.029999	9881800.000000
2022-06-16	-0.004816	-0.007351	0.004246	-0.016985	-0.759995	7207900.000000
2022-06-15	0.010697	0.011530	0.023828	-0.001217	1.669998	5940100.000000
2022-06-14	-0.022662	0.001628	0.001941	-0.030550	-3.620010	6159200.000000
2022-06-13	-0.017106	-0.012245	0.002154	-0.021290	-2.779999	6300700.000000
2022-06-10	-0.001597	-0.011119	0.007003	-0.020457	-0.259995	5203300.000000
2022-06-09	-0.017800	-0.003258	0.007241	-0.018464	-2.949997	3522900.000000
2022-06-08	-0.004983	-0.004923	0.001501	-0.008706	-0.830002	2646800.000000
2022-06-07	0.006162	0.000846	0.007974	-0.007974	1.020004	4168300.000000
2022-06-06	0.004186	0.009766	0.016803	-0.000728	0.689987	3447800.000000
2022-06-03	-0.010979	-0.004920	-0.000540	-0.013919	-1.829987	4222000.000000
2022-06-02	0.008104	0.001693	0.008528	-0.016270	1.339996	4677300.000000
2022-06-01	-0.007511	0.009537	0.010737	-0.016635	-1.251297	5613900.000000
2022-05-31	-0.023403	0.002324	0.002324	-0.030563	-3.992233	13610000.000000
2022-05-27	0.009758	0.013763	0.017018	0.007488	1.648529	6713500.000000
2022-05-26	0.006747	0.006896	0.019589	0.006896	1.132126	5193800.000000
2022-05-25	0.006853	0.007135	0.016976	0.001795	1.142059	5781000.000000
2022-05-24	0.013406	0.009509	0.023130	0.004280	2.204666	6327600.000000
2022-05-23	0.020899	0.019371	0.036380	0.015398	3.366577	4657800.000000
2022-05-20	0.006266	0.013452	0.018574	-0.002914	1.003036	5768800.000000
2022-05-19	-0.014971	-0.000121	0.001602	-0.017534	-2.433075	6423800.000000
2022-05-18	-0.061963	0.002511	0.003550	-0.059652	-10.735336	8875400.000000
2022-05-17	-0.005756	0.006037	0.008160	-0.009629	-1.003021	5012200.000000
2022-05-16	0.010074	0.006897	0.021910	0.005216	1.737915	5317200.000000
2022-05-13	0.019484	0.008728	0.029175	0.001401	3.297073	4714600.000000
2022-05-12	-0.001524	0.010437	0.014803	-0.007796	-0.258224	6473500.000000
2022-05-11	-0.004840	0.003021	0.012357	-0.002263	-0.824265	5376900.000000
2022-05-10	-0.001223	0.015283	0.023611	0.001384	-0.208542	5936700.000000
2022-05-09	0.007570	0.002524	0.021610	-0.002795	1.281082	7269100.000000
2022-05-06	0.000117	0.000159	0.009378	-0.002914	0.019867	5824600.000000
2022-05-05	-0.019959	0.002554	0.003828	-0.020729	-3.446030	6534300.000000
2022-05-04	0.034943	0.004678	0.043699	0.004678	5.829453	6231500.000000
2022-05-03	0.001371	0.015239	0.016259	-0.000127	0.228424	5564900.000000
2022-05-02	-0.023004	0.014520	0.017218	-0.030811	-3.922729	7692100.000000
2022-04-29	-0.032620	0.006445	0.006445	-0.027593	-5.750000	6505600.000000
2022-04-28	0.015156	0.005112	0.022908	0.001024	2.631683	5235800.000000
2022-04-27	0.008944	0.007653	0.026653	0.006316	1.539291	5180300.000000
2022-04-26	-0.002532	0.008288	0.016287	0.001102	-0.436951	7386600.000000
2022-04-25	0.009236	0.013156	0.017309	0.000229	1.579025	7369900.000000
2022-04-22	-0.015385	0.007819	0.009432	-0.009746	-2.671417	5864000.000000
2022-04-21	-0.003590	0.008620	0.017113	0.002250	-0.625656	3701300.000000
2022-04-20	0.014864	0.011731	0.024835	0.011731	2.552246	4197600.000000
2022-04-19	0.014552	0.003528	0.023204	0.003528	2.462875	3642000.000000
2022-04-18	-0.008610	0.002972	0.009357	-0.004409	-1.469772	3086000.000000
2022-04-14	-0.006358	0.009749	0.014289	-0.000262	-1.092407	4834300.000000
2022-04-13	-0.001731	0.008582	0.009977	-0.002167	-0.297943	4394000.000000
2022-04-12	0.004056	0.013840	0.018915	0.007130	0.695175	3924300.000000
2022-04-11	-0.003061	0.009747	0.017657	0.002244	-0.526352	3825100.000000
2022-04-08	0.003361	0.009523	0.013608	0.001353	0.576004	3883100.000000
2022-04-07	0.000928	0.004853	0.012154	-0.002449	0.158890	5041600.000000
2022-04-06	0.017050	0.009450	0.025966	0.006896	2.870041	4294800.000000
2022-04-05	0.001063	0.001008	0.019206	0.001008	0.178757	4480700.000000
2022-04-04	-0.002592	0.003100	0.004761	-0.006747	-0.436951	3759900.000000
2022-04-01	0.014219	0.010024	0.022296	0.006895	2.363556	3239600.000000
2022-03-31	-0.003453	0.009413	0.014989	0.002819	-0.576004	6076200.000000
2022-03-30	-0.001367	0.006417	0.007255	-0.005438	-0.228409	3871500.000000
2022-03-29	0.014844	0.016434	0.024272	0.010844	2.443024	4440400.000000
2022-03-28	0.002965	0.006102	0.010185	-0.002368	0.486603	4308000.000000
2022-03-25	0.004682	0.006710	0.015710	0.006710	0.764679	4146800.000000
2022-03-24	0.006056	0.010528	0.014655	0.005662	0.983170	3160300.000000
2022-03-23	-0.005233	0.006404	0.012715	-0.003522	-0.854065	4533700.000000
2022-03-22	0.010950	0.008690	0.020645	0.004911	1.767715	5779200.000000
2022-03-21	-0.001413	0.003739	0.013265	-0.003684	-0.228409	5122600.000000
2022-03-18	0.011495	0.009708	0.019406	0.001449	1.837204	12123000.000000
2022-03-17	0.007765	0.007775	0.019125	0.004433	1.231445	3587600.000000
2022-03-16	0.004402	0.003219	0.013225	-0.005457	0.695160	6299000.000000
2022-03-15	0.019950	0.016192	0.030274	0.013027	3.088516	6203400.000000
2022-03-14	0.014051	0.016257	0.033615	0.011999	2.145081	6075600.000000
2022-03-11	-0.005048	0.013082	0.022466	0.000243	-0.774597	4762600.000000
2022-03-10	-0.018361	-0.003344	-0.000402	-0.018826	-2.870041	6103700.000000
2022-03-09	-0.002977	0.019330	0.020924	-0.002421	-0.466751	5764900.000000
2022-03-08	-0.028193	0.006522	0.016377	-0.022550	-4.548370	6163700.000000
2022-03-07	-0.019910	-0.003251	0.003310	-0.015037	-3.277206	6319500.000000
2022-03-04	0.015190	-0.000877	0.026876	-0.007538	2.462860	6340300.000000
2022-03-03	-0.001071	0.010190	0.017706	0.002982	-0.173782	5352200.000000
2022-03-02	0.013866	0.018013	0.035752	0.014952	2.219849	5452100.000000
2022-03-01	-0.008978	0.009431	0.017664	-0.001526	-1.450302	5107900.000000
2022-02-28	-0.027557	-0.012547	-0.005504	-0.028378	-4.577850	7677000.000000
2022-02-25	0.028024	0.017477	0.042478	0.016487	4.528519	6535600.000000
2022-02-24	-0.017398	0.007619	0.011450	-0.025338	-2.861160	8888800.000000
2022-02-23	-0.009860	0.018214	0.018214	0.002560	-1.637756	5812800.000000
2022-02-22	0.003816	0.018776	0.021012	0.004634	0.631424	7733900.000000
2022-02-18	0.005757	0.015766	0.022635	0.010357	0.947144	5181600.000000
2022-02-17	0.002706	0.011811	0.023635	0.005655	0.443985	5156800.000000
2022-02-16	0.002049	0.011563	0.021151	0.004906	0.335434	4161700.000000
2022-02-15	-0.004439	0.016740	0.023003	0.004823	-0.730072	4943800.000000
2022-02-14	-0.011152	0.018629	0.020192	-0.007345	-1.854828	6822500.000000
2022-02-11	0.001247	0.011712	0.025257	0.009485	0.207199	7299600.000000
2022-02-10	-0.020763	-0.005757	0.010690	-0.013774	-3.522186	7899800.000000
2022-02-09	-0.000465	0.016407	0.018056	0.007627	-0.078934	6780200.000000
2022-02-08	0.001222	0.018416	0.018475	0.004729	0.207199	3957700.000000
2022-02-07	-0.003942	0.015047	0.016516	0.006057	-0.670898	4813300.000000
2022-02-04	-0.016422	0.000459	0.010804	-0.010581	-2.841415	4592400.000000
2022-02-03	-0.000570	0.012423	0.020452	0.004105	-0.098663	4632700.000000
2022-02-02	0.018162	0.016048	0.032986	0.014931	3.088074	5767000.000000
2022-02-01	-0.006800	0.011417	0.013052	-0.009553	-1.164200	5952700.000000
2022-01-31	0.004923	0.002425	0.022031	0.001369	0.838608	5908000.000000
2022-01-28	0.019484	0.008432	0.033686	0.000652	3.255798	5796000.000000
2022-01-27	-0.000944	0.021052	0.035999	0.009094	-0.157852	6543500.000000
2022-01-26	-0.010564	0.001865	0.016359	-0.015349	-1.785751	6841800.000000
2022-01-25	-0.011481	0.006269	0.008608	-0.007415	-1.963348	6536900.000000
2022-01-24	-0.005108	0.020967	0.026843	-0.017023	-0.878067	9263900.000000
2022-01-21	0.001610	0.021678	0.032808	0.014569	0.276245	6753200.000000
2022-01-20	-0.007248	0.014735	0.023239	0.005653	-1.252991	6284200.000000
2022-01-19	0.007186	0.013578	0.025231	0.011306	1.233246	6424500.000000
2022-01-18	-0.009565	0.001921	0.008500	-0.000791	-1.657471	5789500.000000
2022-01-14	0.008382	0.015848	0.023820	0.009039	1.440445	4474500.000000
2022-01-13	0.001610	0.012471	0.018183	0.009732	0.276245	4310300.000000
2022-01-12	-0.001091	0.012472	0.014976	0.006941	-0.187469	5268000.000000
2022-01-11	-0.000459	0.010727	0.013927	-0.001261	-0.078934	6452300.000000
2022-01-10	0.000517	0.015674	0.023826	0.010900	0.088791	5055900.000000
2022-01-07	0.001265	0.014919	0.018417	0.006291	0.217072	4916000.000000
2022-01-06	0.000230	0.014103	0.023958	0.010138	0.039459	4288700.000000
2022-01-05	0.003406	0.014339	0.026041	0.013578	0.582108	6564600.000000
2022-01-04	0.001445	0.011703	0.022192	0.009008	0.246643	4717600.000000
2022-01-03	-0.004202	0.004768	0.010544	-0.004743	-0.720230	5488900.000000
2021-12-31	0.006023	0.012346	0.021503	0.010291	1.026062	2914900.000000
2021-12-30	-0.001734	0.016918	0.017387	0.009242	-0.295975	1988900.000000
2021-12-29	0.003539	0.016107	0.020047	0.011050	0.601837	2299500.000000
2021-12-28	0.005190	0.013519	0.021381	0.011982	0.878067	2332100.000000
2021-12-27	0.009954	0.014832	0.024205	0.013519	1.667358	2868800.000000
2021-12-23	-0.001118	0.013638	0.017514	0.009285	-0.187454	3241700.000000
2021-12-22	0.006216	0.013818	0.019999	0.009678	1.035950	4362900.000000
2021-12-21	-0.002951	0.012442	0.014655	0.003767	-0.493317	3401400.000000
2021-12-20	0.006655	0.006713	0.020805	0.004243	1.104996	5263600.000000
2021-12-17	-0.020487	0.009390	0.016882	-0.008661	-3.472855	10159600.000000
2021-12-16	0.001457	0.013578	0.025334	0.010329	0.246658	6909900.000000
2021-12-15	0.012870	0.015852	0.027879	0.013997	2.150803	5507800.000000
2021-12-14	-0.002473	0.010833	0.017040	0.004565	-0.414368	4985000.000000
2021-12-13	0.004971	0.013338	0.027315	0.008060	0.828735	5411800.000000
2021-12-10	0.015994	0.021074	0.030704	0.017174	2.624374	5025700.000000
2021-12-09	-0.001261	0.009926	0.015770	0.003413	-0.207199	3644500.000000
2021-12-08	0.001745	0.013030	0.016383	0.000164	0.286133	3891900.000000
2021-12-07	-0.001142	0.013578	0.016867	0.008950	-0.187454	5460100.000000
2021-12-06	0.010382	0.021824	0.029455	0.020224	1.687073	5403100.000000
2021-12-03	0.025464	0.018942	0.040461	0.018122	4.035217	6465900.000000
2021-12-02	0.009649	0.020236	0.030175	0.018325	1.514435	4619800.000000
2021-12-01	0.002378	0.037607	0.042588	0.022152	0.372406	5385600.000000
2021-11-30	-0.026563	0.018500	0.019557	-0.015319	-4.272736	7610000.000000
2021-11-29	0.018617	0.030116	0.042211	0.020427	2.939941	5305800.000000
2021-11-26	-0.015879	0.014008	0.019929	0.002666	-2.547958	3402900.000000
2021-11-24	-0.009138	0.019439	0.021971	0.003940	-1.479767	3309500.000000
2021-11-23	0.006701	0.016760	0.030187	0.015206	1.078003	3878000.000000
2021-11-22	0.002076	0.016628	0.039053	0.016503	0.333191	4157200.000000
2021-11-19	0.002386	0.027171	0.030480	0.020552	0.382172	5242200.000000
2021-11-18	0.000306	0.016930	0.021364	0.010309	0.049011	3498900.000000
2021-11-17	0.000367	0.016116	0.022677	0.012742	0.058807	3332200.000000
2021-11-16	-0.002992	0.023355	0.027841	0.016876	-0.480209	2899400.000000
2021-11-15	0.007070	0.019549	0.028144	0.019424	1.126984	3357100.000000
2021-11-12	-0.000246	0.022434	0.028205	0.016601	-0.039200	3540900.000000
2021-11-11	-0.008230	0.019992	0.020054	0.011159	-1.322968	2453000.000000
2021-11-10	0.003241	0.028104	0.029726	0.017432	0.519394	2683500.000000
2021-11-09	0.006649	0.019674	0.029411	0.017726	1.058380	3778600.000000
2021-11-08	-0.021506	0.019259	0.021042	-0.009386	-3.498550	5766400.000000
2021-11-05	0.010286	0.028128	0.033593	0.021732	1.656189	3754300.000000
2021-11-04	0.000061	0.019931	0.022042	0.014527	0.009781	3310100.000000
2021-11-03	0.009586	0.016728	0.030773	0.016728	1.528778	3595000.000000
2021-11-02	0.009178	0.022263	0.030236	0.018403	1.450378	3464500.000000
2021-11-01	-0.002104	0.017902	0.019796	0.011461	-0.333206	3017100.000000
2021-10-29	-0.000124	0.016702	0.024468	0.015945	-0.019592	4558200.000000
2021-10-28	0.006288	0.021952	0.027543	0.019538	0.989777	3589600.000000
2021-10-27	-0.003475	0.024100	0.024669	0.010234	-0.548782	3751800.000000
2021-10-26	0.012247	0.020107	0.034399	0.019658	1.910965	3684700.000000
2021-10-25	-0.004688	0.020300	0.020300	0.012900	-0.735001	3281200.000000
2021-10-22	0.004963	0.022992	0.028697	0.022286	0.774200	3240300.000000
2021-10-21	-0.013204	0.020934	0.021187	0.005688	-2.087357	4164700.000000
2021-10-20	0.007558	0.023487	0.031773	0.017750	1.185776	3716500.000000
2021-10-19	0.012714	0.023978	0.033789	0.016877	1.969757	3125800.000000
2021-10-18	-0.004534	0.016508	0.019721	0.007512	-0.705582	3274200.000000
2021-10-15	-0.002826	0.022990	0.022990	0.009215	-0.440994	4313000.000000
2021-10-14	0.008038	0.024496	0.030116	0.024432	1.244568	3677100.000000
2021-10-13	0.006755	0.023874	0.027710	0.014510	1.038788	3599900.000000
2021-10-12	0.004416	0.020297	0.030943	0.020231	0.676178	3195400.000000
2021-10-11	0.001346	0.022782	0.028275	0.018008	0.205811	2738100.000000
2021-10-08	-0.002302	0.021602	0.022515	0.014555	-0.352798	4186000.000000
2021-10-07	0.009228	0.024115	0.038800	0.024115	1.401367	4605100.000000
2021-10-06	0.025614	0.018739	0.047915	0.012796	3.792526	5499200.000000
2021-10-05	0.005925	0.028308	0.035306	0.019544	0.872192	6103100.000000
2021-10-04	-0.004969	0.019954	0.034286	0.010490	-0.734985	5404900.000000
2021-10-01	0.003590	0.026805	0.028569	0.014389	0.529190	4274300.000000
2021-09-30	-0.012410	0.026591	0.027998	0.007496	-1.852173	4949200.000000
2021-09-29	0.008275	0.022386	0.034749	0.017995	1.224976	3326500.000000
2021-09-28	-0.010935	0.018089	0.018957	0.002921	-1.636566	5910900.000000
2021-09-27	-0.009598	0.017780	0.020097	0.008450	-1.450363	4482000.000000
2021-09-24	0.000454	0.017912	0.023671	0.016587	0.068588	2366100.000000
2021-09-23	0.000779	0.018307	0.026523	0.017313	0.117599	2712500.000000
2021-09-22	0.003061	0.027605	0.030729	0.019829	0.460602	3001000.000000
2021-09-21	-0.000456	0.027070	0.037101	0.016176	-0.068619	4479800.000000
2021-09-20	-0.003374	0.018905	0.025856	0.009106	-0.509583	5484600.000000
2021-09-17	-0.009193	0.018263	0.020034	0.009079	-1.401367	8127400.000000
2021-09-16	-0.002948	0.016307	0.021081	0.005973	-0.450806	4589900.000000
2021-09-15	0.005608	0.020888	0.028517	0.017994	0.852600	3702400.000000
2021-09-14	-0.003916	0.024489	0.026389	0.014269	-0.597778	2808600.000000
2021-09-13	0.001930	0.023578	0.033161	0.019968	0.293976	3367200.000000
2021-09-10	-0.001734	0.022066	0.023835	0.015710	-0.264587	3851500.000000
2021-09-09	-0.006317	0.021469	0.022055	0.011833	-0.970184	3560400.000000
2021-09-08	0.014172	0.021286	0.035087	0.018909	2.146149	3199100.000000
2021-09-07	-0.016296	0.016465	0.018284	-0.001723	-2.508743	4609900.000000
2021-09-03	0.000892	0.015551	0.023483	0.013601	0.137192	2035100.000000
2021-09-02	0.000733	0.020135	0.023388	0.014149	0.112701	2862500.000000
2021-09-01	0.009719	0.030378	0.039247	0.028210	1.479431	4231400.000000
2021-08-31	0.002500	0.028014	0.030517	0.023075	0.379578	5291200.000000
2021-08-30	0.006841	0.029013	0.035578	0.027886	1.031723	2540300.000000
2021-08-27	0.002005	0.028817	0.032604	0.024631	0.301727	4166500.000000
2021-08-26	-0.003673	0.029474	0.030533	0.020073	-0.554794	3220700.000000
2021-08-25	-0.004426	0.023929	0.025972	0.016020	-0.671570	3346700.000000
2021-08-24	-0.012417	0.026771	0.026771	0.013298	-1.907684	3760800.000000
2021-08-23	-0.003158	0.024048	0.028525	0.020739	-0.486664	3102100.000000
2021-08-20	-0.003524	0.027551	0.032077	0.023155	-0.545059	3484100.000000
2021-08-19	0.016829	0.024398	0.048065	0.024135	2.559814	4745600.000000
2021-08-18	-0.010260	0.025990	0.029374	0.016360	-1.576752	3419200.000000
2021-08-17	-0.000949	0.026512	0.030022	0.022156	-0.146011	3736300.000000
2021-08-16	0.009775	0.030113	0.037924	0.028800	1.489166	3224000.000000
2021-08-13	0.009351	0.027620	0.038023	0.026295	1.411285	2113800.000000
2021-08-12	0.000194	0.028681	0.029145	0.024506	0.029221	1958700.000000
2021-08-11	0.003950	0.029285	0.038000	0.027688	0.593719	3058000.000000
2021-08-10	0.000518	0.027155	0.033812	0.023827	0.077835	2670200.000000
2021-08-09	0.000130	0.029486	0.030484	0.023294	0.019501	2636600.000000
2021-08-06	0.000130	0.023826	0.030418	0.022961	0.019455	3430900.000000
2021-08-05	0.001688	0.033624	0.035025	0.026221	0.253036	3733500.000000
2021-08-04	-0.016723	0.024274	0.027356	0.009060	-2.550049	4846300.000000
2021-08-03	0.002239	0.031891	0.032877	0.027356	0.340652	3359900.000000
2021-08-02	-0.004014	0.027749	0.028469	0.017995	-0.613174	3425900.000000
2021-07-30	0.000893	0.031091	0.032598	0.026177	0.136246	3757300.000000
2021-07-29	0.002045	0.032280	0.033593	0.025518	0.311462	3055600.000000
2021-07-28	-0.009181	0.025210	0.027552	0.014216	-1.411316	3556800.000000
2021-07-27	0.005539	0.028992	0.037822	0.027160	0.846786	4043900.000000
2021-07-26	-0.000700	0.024872	0.029317	0.019905	-0.107040	2999800.000000
2021-07-23	0.012823	0.029871	0.044635	0.027753	1.936890	3588400.000000
2021-07-22	-0.000322	0.027091	0.030863	0.019017	-0.048676	3333500.000000
2021-07-21	-0.003722	0.023993	0.029400	0.019180	-0.564529	4905900.000000
2021-07-20	0.000128	0.030059	0.037511	0.025839	0.019470	5213500.000000
2021-07-19	-0.000128	0.028543	0.038763	0.020432	-0.019470	5750200.000000
2021-07-16	0.003672	0.030267	0.037944	0.026495	0.554794	5852500.000000
2021-07-15	0.004594	0.024297	0.032873	0.018912	0.691071	4920600.000000
2021-07-14	0.010329	0.026952	0.042065	0.026347	1.537811	6390300.000000
2021-07-13	0.023075	0.038692	0.057658	0.035943	3.357925	8750800.000000
2021-07-12	0.000201	0.027490	0.029552	0.022610	0.029190	4873700.000000
2021-07-09	-0.002536	0.024336	0.030507	0.022691	-0.369873	4088600.000000
2021-07-08	0.000468	0.024884	0.033458	0.023306	0.068161	4216000.000000
2021-07-07	0.004426	0.028524	0.038238	0.026526	0.642365	4225000.000000
2021-07-06	0.001477	0.028526	0.030940	0.019556	0.214127	4313800.000000
2021-07-02	0.004791	0.032275	0.038375	0.029918	0.691071	3835500.000000
2021-07-01	0.000202	0.026798	0.033732	0.025827	0.029190	3997600.000000
2021-06-30	0.008371	0.030848	0.037001	0.029240	1.197159	4943700.000000
2021-06-29	-0.000680	0.030287	0.032033	0.022950	-0.097321	3197700.000000
2021-06-28	0.004303	0.029878	0.035702	0.028895	0.613190	4282800.000000
2021-06-25	0.005080	0.028056	0.035321	0.024389	0.720245	6387600.000000
2021-06-24	0.005661	0.027493	0.035153	0.025719	0.798111	3818900.000000
2021-06-23	-0.013149	0.022382	0.022872	0.013772	-1.878494	3901700.000000
2021-06-22	0.001501	0.028613	0.034011	0.025529	0.214142	3518000.000000
2021-06-21	0.007839	0.029753	0.036748	0.027634	1.109573	4904300.000000
2021-06-18	-0.020873	0.023686	0.023686	0.004662	-3.017258	10661700.000000
2021-06-17	0.009653	0.028469	0.040692	0.026095	1.382095	5316400.000000
2021-06-16	-0.009961	0.029358	0.032193	0.014767	-1.440506	5492100.000000
2021-06-15	0.000067	0.029704	0.031571	0.023964	0.009735	4256500.000000
2021-06-14	0.005958	0.025891	0.033961	0.021161	0.856522	3831900.000000
2021-06-11	0.000610	0.030554	0.031041	0.021783	0.087585	4364600.000000
2021-06-10	0.010267	0.028899	0.040853	0.027633	1.459976	4698200.000000
2021-06-09	-0.001845	0.033599	0.035985	0.024965	-0.262802	4008000.000000
2021-06-08	-0.009340	0.027074	0.028256	0.014696	-1.343155	5997200.000000
2021-06-07	-0.000609	0.026866	0.030271	0.019569	-0.087601	4724100.000000
2021-06-04	0.001151	0.029718	0.033823	0.026030	0.165482	4427400.000000
2021-06-03	0.003568	0.024384	0.031716	0.020544	0.510956	4651600.000000
2021-06-02	0.003997	0.038924	0.041237	0.032124	0.570099	4546900.000000
2021-06-01	-0.002095	0.040804	0.041294	0.028981	-0.299545	5530300.000000
2021-05-28	0.009760	0.041285	0.048985	0.040084	1.381744	4913700.000000
2021-05-27	-0.012070	0.036742	0.038208	0.021948	-1.729599	9203600.000000
2021-05-26	0.000000	0.032206	0.037510	0.030601	0.000000	4462600.000000
2021-05-25	0.003044	0.034928	0.038568	0.029048	0.434814	4649300.000000
2021-05-24	0.005099	0.038727	0.043722	0.034295	0.724701	3627800.000000
2021-05-21	-0.000883	0.039427	0.042520	0.029937	-0.125610	5194200.000000
2021-05-20	0.012377	0.033647	0.051295	0.032651	1.739258	3964600.000000
2021-05-19	-0.000550	0.028740	0.035781	0.024757	-0.077301	4432700.000000
2021-05-18	-0.004515	0.038256	0.040451	0.028910	-0.637726	4527300.000000
2021-05-17	-0.002865	0.037823	0.040646	0.028715	-0.405823	3747100.000000
2021-05-14	0.001503	0.040796	0.045746	0.035281	0.212570	4224700.000000
2021-05-13	0.014837	0.035000	0.055665	0.030264	2.067780	4849400.000000
2021-05-12	-0.009749	0.029457	0.035567	0.022138	-1.372086	5651700.000000
2021-05-11	-0.007293	0.038102	0.041417	0.022936	-1.033890	5266100.000000
2021-05-10	0.007969	0.041540	0.052205	0.038838	1.120865	5270600.000000
2021-05-07	0.000000	0.032582	0.038056	0.027889	0.000000	4181000.000000
2021-05-06	0.011606	0.039100	0.049816	0.035791	1.613632	4472200.000000
2021-05-05	-0.000486	0.033202	0.039313	0.031621	-0.067657	5305200.000000
2021-05-04	-0.012552	0.036277	0.041885	0.018601	-1.768219	6603800.000000
2021-05-03	0.011307	0.041174	0.053737	0.034497	1.574982	6109800.000000
2021-04-30	0.001528	0.030470	0.037085	0.024574	0.212585	5051100.000000
2021-04-29	0.014877	0.036898	0.053900	0.035949	2.038788	4699900.000000
2021-04-28	-0.007418	0.039274	0.040722	0.026526	-1.024231	4962700.000000
2021-04-27	-0.003279	0.029586	0.033628	0.026048	-0.454147	4693700.000000
2021-04-26	-0.016937	0.032941	0.034502	0.014702	-2.386627	5817700.000000
2021-04-23	-0.001643	0.030960	0.036841	0.027772	-0.231918	4354700.000000
2021-04-22	-0.006191	0.029717	0.032604	0.023662	-0.879272	4904400.000000
2021-04-21	0.008716	0.046576	0.049772	0.038479	1.227127	6316000.000000
2021-04-20	0.006632	0.030495	0.048512	0.029065	0.927597	4999700.000000
2021-04-19	0.004093	0.037297	0.045266	0.028467	0.570099	6621200.000000
2021-04-16	0.013000	0.043291	0.049545	0.036019	1.787552	6481400.000000
2021-04-15	0.001407	0.031724	0.042138	0.029903	0.193268	4777100.000000
2021-04-14	-0.006571	0.031455	0.032540	0.021833	-0.908264	4685300.000000
2021-04-13	0.000210	0.028053	0.041802	0.026606	0.028961	5283300.000000
2021-04-12	0.003156	0.032242	0.041461	0.031153	0.434814	4386700.000000
2021-04-09	0.000211	0.032750	0.039284	0.028176	0.029007	4950800.000000
2021-04-08	-0.006067	0.036876	0.040340	0.025113	-0.840652	6725100.000000
2021-04-07	-0.001810	0.037305	0.038025	0.030245	-0.251236	4849200.000000
2021-04-06	0.003563	0.034060	0.042446	0.030590	0.492813	4751900.000000
2021-04-05	0.013307	0.039103	0.057343	0.035221	1.816544	5980700.000000
2021-04-01	-0.001202	0.033026	0.041147	0.025124	-0.164261	4823400.000000
2021-03-31	-0.007647	0.040591	0.040664	0.024981	-1.053207	6257900.000000
2021-03-30	-0.015676	0.026852	0.034499	0.015703	-2.193390	4372700.000000
2021-03-29	0.014786	0.036161	0.051318	0.032897	2.038773	6105800.000000
2021-03-26	0.021987	0.034854	0.059906	0.031222	2.966385	6785600.000000
2021-03-25	0.005907	0.037686	0.045664	0.031424	0.792343	5827600.000000
2021-03-24	-0.004661	0.031588	0.039751	0.029882	-0.628067	5082300.000000
2021-03-23	0.012046	0.039810	0.052727	0.037782	1.603973	6978400.000000
2021-03-22	0.024535	0.043623	0.063398	0.039468	3.188629	7813400.000000
2021-03-19	0.014865	0.033210	0.054294	0.032195	1.903519	16114400.000000
2021-03-18	-0.008157	0.025169	0.030745	0.017811	-1.053207	6476700.000000
2021-03-17	-0.002910	0.037631	0.039175	0.030063	-0.376846	6199500.000000
2021-03-16	0.007367	0.035317	0.046986	0.032750	0.946930	5544700.000000
2021-03-15	-0.000075	0.038973	0.039517	0.026604	-0.009674	5389200.000000
2021-03-12	-0.001351	0.034151	0.039356	0.030422	-0.173904	5275100.000000
2021-03-11	-0.002695	0.033146	0.042675	0.031209	-0.347870	4458900.000000
2021-03-10	0.010057	0.037041	0.052301	0.021546	1.285126	7791700.000000
2021-03-09	0.000908	0.041272	0.048870	0.033910	0.115936	8930200.000000
2021-03-08	-0.006765	0.036484	0.043874	0.026837	-0.869614	8634900.000000
2021-03-05	0.032601	0.041435	0.071720	0.037820	4.058243	10186500.000000
2021-03-04	0.005565	0.044080	0.064275	0.036568	0.688950	9102800.000000
2021-03-03	-0.014725	0.033084	0.038894	0.026557	-1.850105	7505800.000000
2021-03-02	0.003445	0.042233	0.054453	0.041275	0.431381	5614000.000000
2021-03-01	0.011069	0.054658	0.065640	0.052478	1.370789	5287300.000000
2021-02-26	-0.006231	0.047766	0.050173	0.031716	-0.776482	8329000.000000
2021-02-25	-0.015822	0.037348	0.043192	0.025106	-2.003441	5702300.000000
2021-02-24	-0.005197	0.035885	0.039342	0.030778	-0.661438	4944000.000000
2021-02-23	0.005985	0.048408	0.061765	0.037738	0.757286	6264300.000000
2021-02-22	-0.003924	0.039491	0.043900	0.029415	-0.498474	5792900.000000
2021-02-19	-0.021127	0.040417	0.041265	0.019457	-2.741562	5414900.000000
2021-02-18	0.006768	0.040166	0.052812	0.038924	0.872299	3935200.000000
2021-02-17	0.000595	0.040707	0.048548	0.039155	0.076691	3353000.000000
2021-02-16	0.003810	0.048569	0.050517	0.039529	0.488922	5180100.000000
2021-02-12	-0.008150	0.045433	0.048061	0.031443	-1.054489	5659300.000000
2021-02-11	-0.019826	0.044328	0.047055	0.017737	-2.616959	7528000.000000
2021-02-10	-0.013610	0.054550	0.054550	0.021969	-1.821350	6966600.000000
2021-02-09	-0.005698	0.048616	0.048764	0.036430	-0.766876	3179300.000000
2021-02-08	-0.003973	0.044894	0.049482	0.032387	-0.536819	4112200.000000
2021-02-05	0.009164	0.049241	0.061415	0.043565	1.227020	4437900.000000
2021-02-04	0.012027	0.041151	0.056343	0.041151	1.591248	3860300.000000
2021-02-03	-0.002601	0.038442	0.047489	0.033316	-0.345078	3609600.000000
2021-02-02	0.010221	0.046771	0.062612	0.040298	1.342056	3581600.000000
2021-02-01	0.003002	0.046323	0.053809	0.038074	0.392990	4185700.000000
2021-01-29	-0.018823	0.035097	0.037720	0.019358	-2.511520	6778100.000000
2021-01-28	0.008331	0.049162	0.063974	0.041076	1.102402	5514000.000000
2021-01-27	-0.026516	0.033701	0.047091	0.011925	-3.604340	6659800.000000
2021-01-26	0.011557	0.051601	0.057406	0.039992	1.552948	4242500.000000
2021-01-25	0.011473	0.039202	0.056289	0.035589	1.524155	3829000.000000
2021-01-22	-0.007306	0.042370	0.042669	0.032880	-0.977768	4014900.000000
2021-01-21	-0.012170	0.035515	0.039206	0.024074	-1.648773	5684100.000000
2021-01-20	-0.005139	0.035701	0.041135	0.027477	-0.699814	5019300.000000
2021-01-19	0.004739	0.050496	0.051971	0.043560	0.642273	5158600.000000
2021-01-15	-0.002610	0.040910	0.049373	0.034140	-0.354660	4309100.000000
2021-01-14	-0.005821	0.035071	0.042094	0.032071	-0.795654	4724700.000000
2021-01-13	0.008202	0.040905	0.056542	0.040020	1.111984	4361600.000000
2021-01-12	-0.004645	0.039814	0.042531	0.023809	-0.632675	5150000.000000
2021-01-11	-0.014496	0.042106	0.044132	0.025176	-2.003464	3902700.000000
2021-01-08	0.012003	0.043192	0.057323	0.037261	1.639206	4312000.000000
2021-01-07	-0.003218	0.042316	0.044797	0.030200	-0.440933	4473200.000000
2021-01-06	-0.012232	0.021347	0.035261	0.020771	-1.696732	4843300.000000
2021-01-05	0.002980	0.041745	0.049772	0.033285	0.412170	4126000.000000
2021-01-04	-0.027175	0.034117	0.039534	-0.001547	-3.863144	7486900.000000
2020-12-31	0.006721	0.044395	0.051335	0.038447	0.949020	2076800.000000
2020-12-30	-0.000746	0.043545	0.047225	0.040290	-0.105438	2224900.000000
2020-12-29	0.003471	0.048659	0.056399	0.042695	0.488876	3186700.000000
2020-12-28	0.012753	0.048370	0.061458	0.046644	1.773422	2493500.000000
2020-12-24	0.004501	0.046226	0.048248	0.041241	0.623062	883300.000000
2020-12-23	0.002708	0.046596	0.054636	0.043554	0.373856	2645100.000000
2020-12-22	-0.009491	0.037452	0.040322	0.029416	-1.322861	2653700.000000
2020-12-21	-0.010413	0.029489	0.034175	0.018626	-1.466660	3946900.000000
2020-12-18	0.008373	0.047630	0.053143	0.041688	1.169495	8980400.000000
2020-12-17	0.005659	0.045783	0.052623	0.045279	0.786041	3312500.000000
2020-12-16	0.000829	0.037499	0.048236	0.036923	0.115051	4915800.000000
2020-12-15	0.003744	0.045578	0.050714	0.040732	0.517639	3183300.000000
2020-12-14	-0.005105	0.045206	0.053985	0.036571	-0.709366	3952400.000000
2020-12-11	0.002074	0.035692	0.046292	0.034106	0.287582	2975500.000000
2020-12-10	-0.007001	0.045698	0.047488	0.034098	-0.977768	3985000.000000
2020-12-09	0.001168	0.043478	0.047350	0.034302	0.162964	3842000.000000
2020-12-08	0.001032	0.042905	0.048861	0.035441	0.143784	3623800.000000
2020-12-07	-0.003291	0.041976	0.048270	0.034394	-0.460129	4217300.000000
2020-12-04	0.009692	0.039003	0.054241	0.038859	1.342056	3592600.000000
2020-12-03	0.005940	0.039000	0.053093	0.039000	0.817657	4757900.000000
2020-12-02	-0.009927	0.049257	0.056881	0.034943	-1.380142	4432900.000000
2020-12-01	0.012758	0.056451	0.068106	0.052590	1.751358	3999200.000000
2020-11-30	-0.002559	0.049606	0.050841	0.038126	-0.352203	4906900.000000
2020-11-27	0.003052	0.053976	0.058786	0.050769	0.418839	1596000.000000
2020-11-25	0.000902	0.053687	0.057115	0.048216	0.123718	2278300.000000
2020-11-24	0.007062	0.051872	0.060467	0.049154	0.961334	4472300.000000
2020-11-23	-0.002789	0.049818	0.052308	0.039342	-0.380722	3443300.000000
2020-11-20	0.000698	0.053042	0.060300	0.048277	0.095169	3469100.000000
2020-11-19	-0.000419	0.046960	0.052968	0.043003	-0.057114	4263500.000000
2020-11-18	-0.012806	0.052432	0.060244	0.036590	-1.770355	4335200.000000
2020-11-17	-0.003567	0.039884	0.053074	0.038730	-0.494934	2924000.000000
2020-11-16	0.007256	0.052729	0.061877	0.050478	0.999374	3399000.000000
2020-11-13	0.006049	0.050112	0.058293	0.046460	0.828110	2580400.000000
2020-11-12	-0.000417	0.053179	0.056756	0.042300	-0.057114	2570100.000000
2020-11-11	0.015382	0.059075	0.069305	0.049808	2.074951	4389800.000000
2020-11-10	0.023619	0.039544	0.080901	0.033474	3.112442	5284500.000000
2020-11-09	0.000506	0.078108	0.090635	0.049029	0.066620	6111300.000000
2020-11-06	0.002390	0.054505	0.063713	0.045144	0.314102	2867000.000000
2020-11-05	0.001378	0.061979	0.068990	0.047651	0.180832	3667800.000000
2020-11-04	0.005984	0.065650	0.086349	0.055377	0.780502	4576300.000000
2020-11-03	0.013984	0.062051	0.077443	0.059408	1.798935	3293900.000000
2020-11-02	0.013955	0.068910	0.073797	0.054486	1.770386	3126400.000000
2020-10-30	-0.005224	0.042312	0.049447	0.032746	-0.666290	4303900.000000
2020-10-29	-0.001341	0.047413	0.062056	0.035667	-0.171310	3856500.000000
2020-10-28	-0.035581	0.035746	0.039975	0.011504	-4.711502	5196000.000000
2020-10-27	0.007678	0.054505	0.064550	0.052450	1.008957	3390800.000000
2020-10-26	-0.010748	0.044450	0.047010	0.026910	-1.427750	3431100.000000
2020-10-23	-0.000358	0.055214	0.057547	0.046334	-0.047592	2758400.000000
2020-10-22	0.000072	0.052129	0.055139	0.046183	0.009521	2909000.000000
2020-10-21	-0.000787	0.050398	0.056414	0.046036	-0.104706	2560100.000000
2020-10-20	0.000215	0.060552	0.062207	0.048593	0.028549	2750900.000000
2020-10-19	-0.014464	0.047732	0.056554	0.032239	-1.951218	3223200.000000
2020-10-16	0.002121	0.053000	0.060949	0.048395	0.285538	5076000.000000
2020-10-15	-0.007648	0.040598	0.046569	0.036617	-1.037460	3306800.000000
2020-10-14	-0.007106	0.050697	0.054795	0.036643	-0.970856	3641000.000000
2020-10-13	0.009920	0.051289	0.064446	0.048997	1.342041	4293200.000000
2020-10-12	0.026654	0.070962	0.088948	0.060793	3.512207	6167200.000000
2020-10-09	0.004280	0.057102	0.061370	0.051004	0.561584	3194000.000000
2020-10-08	0.006131	0.052694	0.059212	0.048706	0.799530	2977400.000000
2020-10-07	0.009654	0.052482	0.064715	0.051088	1.246902	4347300.000000
2020-10-06	-0.016168	0.051157	0.057403	0.029448	-2.122589	5031000.000000
2020-10-05	-0.000941	0.051004	0.053059	0.042405	-0.123703	4519800.000000
2020-10-02	-0.019461	0.039281	0.043982	0.016299	-2.608032	5130200.000000
2020-10-01	0.015873	0.056991	0.067679	0.042209	2.094009	6483900.000000
2020-09-30	0.010499	0.056981	0.066173	0.048632	1.370636	7060700.000000
2020-09-29	-0.005871	0.055878	0.062579	0.044227	-0.770981	4330500.000000
2020-09-28	0.033096	0.070212	0.090194	0.067301	4.207031	7487500.000000
2020-09-25	0.014972	0.045114	0.068589	0.042080	1.875061	4576000.000000
2020-09-24	0.004428	0.054152	0.061130	0.041962	0.552078	4316600.000000
2020-09-23	-0.008702	0.054996	0.055950	0.032338	-1.094604	5909900.000000
2020-09-22	0.006934	0.048702	0.063832	0.044299	0.866158	3951000.000000
2020-09-21	-0.001750	0.041833	0.049345	0.033762	-0.218925	4402700.000000
2020-09-18	-0.012988	0.054646	0.063165	0.025462	-1.646622	8473000.000000
2020-09-17	-0.013187	0.038248	0.047277	0.025016	-1.694229	5186400.000000
2020-09-16	-0.004719	0.055736	0.058215	0.044116	-0.609161	3353500.000000
2020-09-15	-0.007683	0.049163	0.055005	0.040937	-0.999420	4080800.000000
2020-09-14	0.006332	0.056193	0.063697	0.050546	0.818558	2779000.000000
2020-09-11	0.007792	0.054210	0.063253	0.046491	0.999420	3411900.000000
2020-09-10	-0.017140	0.046715	0.053995	0.025873	-2.236786	6050500.000000
2020-09-09	0.011509	0.050236	0.073179	0.049461	1.484863	4282300.000000
2020-09-08	-0.023134	0.047216	0.049639	0.017687	-3.055344	4901500.000000
2020-09-04	-0.004377	0.052810	0.057709	0.032305	-0.580612	4836400.000000
2020-09-03	-0.020363	0.054338	0.063717	0.019998	-2.757401	6642400.000000
2020-09-02	0.029456	0.060687	0.093377	0.059395	3.874573	4918200.000000
2020-09-01	-0.006212	0.059614	0.061351	0.046468	-0.822159	3421700.000000
2020-08-31	0.000858	0.053490	0.066345	0.051070	0.113403	3828700.000000
2020-08-28	0.011127	0.059096	0.070106	0.049309	1.455338	3355400.000000
2020-08-27	-0.000506	0.060012	0.069335	0.053899	-0.066177	4159300.000000
2020-08-26	0.008521	0.052629	0.068660	0.051088	1.105667	6019700.000000
2020-08-25	-0.002470	0.062945	0.063867	0.050951	-0.321289	2597400.000000
2020-08-24	0.008647	0.058178	0.067639	0.055464	1.115128	3177800.000000
2020-08-21	-0.001902	0.055469	0.057714	0.046801	-0.245697	4295600.000000
2020-08-20	0.001979	0.052052	0.063607	0.051819	0.255157	2263000.000000
2020-08-19	-0.012020	0.062622	0.063388	0.042778	-1.568756	3682200.000000
2020-08-18	0.001378	0.063472	0.063472	0.051426	0.179565	2638600.000000
2020-08-17	0.002617	0.057717	0.068409	0.054255	0.340225	2862500.000000
2020-08-14	-0.003910	0.058255	0.058715	0.051282	-0.510330	2461700.000000
2020-08-13	0.002177	0.052803	0.064398	0.052803	0.283508	2393500.000000
2020-08-12	0.019834	0.059901	0.086058	0.059196	2.532654	4424600.000000
2020-08-11	-0.006324	0.065882	0.069618	0.047595	-0.812714	3301200.000000
2020-08-10	-0.005558	0.054928	0.059262	0.047654	-0.718201	3052000.000000
2020-08-07	0.006477	0.058801	0.065188	0.054362	0.831604	3692100.000000
2020-08-06	-0.002862	0.050567	0.058489	0.050567	-0.368561	2692900.000000
2020-08-05	-0.008875	0.063412	0.063412	0.045092	-1.152924	2924000.000000
2020-08-04	0.005633	0.064526	0.065068	0.052914	0.727661	2553500.000000
2020-08-03	-0.006974	0.053950	0.056948	0.045418	-0.907211	2819200.000000
2020-07-31	-0.000218	0.054873	0.058255	0.039042	-0.028366	4304100.000000
2020-07-30	-0.001740	0.052885	0.060403	0.047054	-0.226807	2817600.000000
2020-07-29	0.004004	0.058178	0.070656	0.055559	0.519775	3179000.000000
2020-07-28	-0.002106	0.060561	0.065250	0.053720	-0.274048	3787500.000000
2020-07-27	0.011833	0.054056	0.071400	0.048768	1.521469	3607700.000000
2020-07-24	-0.007441	0.057484	0.070221	0.045132	-0.963913	3300000.000000
2020-07-23	0.007867	0.062691	0.067825	0.054132	1.011154	5011400.000000
2020-07-22	0.011753	0.067073	0.072504	0.052274	1.493141	3522300.000000
2020-07-21	0.009917	0.065253	0.084412	0.063584	1.247429	5435400.000000
2020-07-20	-0.011511	0.057785	0.057785	0.038690	-1.464806	3620300.000000
2020-07-17	0.005826	0.064264	0.067505	0.055570	0.737137	3229300.000000
2020-07-16	0.001421	0.061107	0.063481	0.053113	0.179565	3788100.000000
2020-07-15	-0.013504	0.056851	0.063410	0.040453	-1.729408	5561300.000000
2020-07-14	0.004522	0.055668	0.074179	0.053001	0.576469	6766800.000000
2020-07-13	0.003347	0.076357	0.086588	0.058257	0.425255	8960000.000000
2020-07-10	0.013187	0.055467	0.075561	0.046776	1.653793	5932800.000000
2020-07-09	-0.011250	0.047772	0.055971	0.038547	-1.426956	4005200.000000
2020-07-08	0.004866	0.062852	0.067051	0.054930	0.614250	3798200.000000
2020-07-07	0.002025	0.050002	0.068657	0.049208	0.255142	4424500.000000
2020-07-06	0.003387	0.060010	0.066940	0.053877	0.425270	4221600.000000
2020-07-02	0.003702	0.067612	0.072649	0.059617	0.463058	2769200.000000
2020-07-01	0.000756	0.060338	0.069059	0.055618	0.094505	3633000.000000
2020-06-30	0.009002	0.064233	0.072225	0.056321	1.115097	4626700.000000
2020-06-29	0.016676	0.068437	0.078451	0.062282	2.031830	4173900.000000
2020-06-26	-0.018873	0.060352	0.065908	0.031202	-2.343689	7372700.000000
2020-06-25	0.014279	0.054748	0.075902	0.045845	1.748314	4442000.000000
2020-06-24	-0.013703	0.051411	0.055842	0.036589	-1.701050	4853500.000000
2020-06-23	0.002365	0.062781	0.071340	0.057613	0.292953	3625600.000000
2020-06-22	-0.001752	0.052294	0.062047	0.047458	-0.217346	3379900.000000
2020-06-19	-0.011297	0.071168	0.074436	0.045746	-1.417526	8310100.000000
2020-06-18	0.007741	0.055448	0.069181	0.049103	0.963913	3417200.000000
2020-06-17	0.000684	0.059946	0.069188	0.056732	0.085075	3309700.000000
2020-06-16	0.009120	0.076020	0.079102	0.055259	1.124565	5197700.000000
2020-06-15	0.011473	0.052354	0.074256	0.037917	1.398621	5481000.000000
2020-06-12	0.009074	0.069021	0.075478	0.054784	1.096222	7039500.000000
2020-06-11	-0.046895	0.058888	0.066146	0.005557	-5.944183	8541000.000000
2020-06-10	0.008724	0.060645	0.075606	0.059770	1.096245	7069900.000000
2020-06-09	0.005748	0.055137	0.065702	0.048894	0.718185	6446900.000000
2020-06-08	-0.001737	0.049709	0.058418	0.048590	-0.217339	5613000.000000
2020-06-05	0.014322	0.061663	0.082086	0.059799	1.767189	7075700.000000
2020-06-04	-0.009310	0.056516	0.072333	0.045196	-1.159531	5229700.000000
2020-06-03	0.001432	0.071296	0.079658	0.066150	0.178154	5421200.000000
2020-06-02	-0.002707	0.066873	0.072967	0.051397	-0.337593	5327500.000000
2020-06-01	0.010946	0.066797	0.085847	0.063473	1.350342	4049200.000000
2020-05-29	-0.005593	0.064135	0.065989	0.050512	-0.693886	13337900.000000
2020-05-28	0.011314	0.069653	0.082044	0.060685	1.387848	4974400.000000
2020-05-27	0.008169	0.066145	0.075350	0.056776	0.993988	5686500.000000
2020-05-26	-0.005595	0.078324	0.079223	0.057565	-0.684540	5579300.000000
2020-05-22	0.002074	0.061478	0.069831	0.057874	0.253181	3429200.000000
2020-05-21	-0.007999	0.064117	0.067854	0.052987	-0.984612	4886300.000000
2020-05-20	-0.003568	0.072949	0.074082	0.055139	-0.440758	8213100.000000
2020-05-19	-0.027966	0.057814	0.060411	0.033972	-3.554047	6640300.000000
2020-05-18	-0.003163	0.073452	0.082394	0.059411	-0.403183	8480300.000000
2020-05-15	0.021566	0.071921	0.103092	0.064068	2.691284	20338200.000000
2020-05-14	0.000903	0.064387	0.071204	0.043854	0.112526	5522200.000000
2020-05-13	0.000151	0.068317	0.078665	0.054440	0.018768	5168500.000000
2020-05-12	-0.010716	0.069407	0.082263	0.054329	-1.350365	3914600.000000
2020-05-11	0.001118	0.060036	0.082042	0.057971	0.140671	3591100.000000
2020-05-08	0.020372	0.078713	0.095655	0.073768	2.513123	4209100.000000
2020-05-07	0.005888	0.072670	0.076340	0.061010	0.722084	5528000.000000
2020-05-06	-0.006759	0.065663	0.070927	0.058455	-0.834572	4192200.000000
2020-05-05	0.005729	0.072256	0.086022	0.065170	0.703293	3580000.000000
2020-05-04	0.005993	0.066637	0.076307	0.059672	0.731430	5245300.000000
2020-05-01	-0.016252	0.056960	0.065908	0.044063	-2.016121	4488000.000000
2020-04-30	-0.008023	0.058795	0.064873	0.042883	-1.003387	6783000.000000
2020-04-29	-0.021714	0.069912	0.071555	0.039638	-2.775726	6706800.000000
2020-04-28	0.013833	0.084791	0.091929	0.067978	1.744186	6674200.000000
2020-04-27	0.000744	0.066868	0.073138	0.062662	0.093796	4009200.000000
2020-04-24	0.031475	0.071386	0.103723	0.069585	3.844734	4063100.000000
2020-04-23	-0.017795	0.065427	0.078614	0.045566	-2.213074	5527700.000000
2020-04-22	0.012830	0.078608	0.088625	0.068672	1.575394	4084600.000000
2020-04-21	-0.026830	0.047291	0.053632	0.035006	-3.385231	4359500.000000
2020-04-20	-0.021810	0.061663	0.065074	0.042823	-2.813232	3995400.000000
2020-04-17	0.014081	0.082823	0.084946	0.060653	1.791084	4866500.000000
2020-04-16	0.004517	0.081713	0.081713	0.057073	0.572006	4564000.000000
2020-04-15	-0.024350	0.056683	0.059919	0.030178	-3.160164	5773100.000000
2020-04-14	0.057376	0.085375	0.129451	0.078287	7.042442	6278700.000000
2020-04-13	-0.020504	0.050910	0.064157	0.032875	-2.569427	3785000.000000
2020-04-09	0.007692	0.062210	0.086254	0.057546	0.956512	5502400.000000
2020-04-08	0.016324	0.059527	0.089357	0.055358	1.997383	5241100.000000
2020-04-07	-0.005185	0.078994	0.098263	0.059318	-0.637672	6253900.000000
2020-04-06	0.052733	0.101228	0.130928	0.072383	6.160965	8242200.000000
2020-04-03	0.005894	0.060623	0.079392	0.054166	0.684555	5552000.000000
2020-04-02	0.048595	0.058266	0.130130	0.051586	5.382629	6181800.000000
2020-04-01	-0.016486	0.041264	0.085926	0.027057	-1.856720	6873000.000000
2020-03-31	-0.042875	0.061802	0.068261	0.015826	-5.045059	7091700.000000
2020-03-30	0.041674	0.076572	0.114019	0.075687	4.707481	6916800.000000
2020-03-27	0.001663	0.051406	0.105320	0.046263	0.187538	9852500.000000
2020-03-26	0.068978	0.068382	0.154547	0.067150	7.276878	10376800.000000
2020-03-25	-0.011771	0.056088	0.089998	0.040163	-1.256569	9485500.000000
2020-03-24	0.082335	0.114551	0.160175	0.108873	8.120827	11447000.000000
2020-03-23	0.012027	0.087631	0.158122	0.055515	1.172180	13926800.000000
2020-03-20	-0.114283	0.074571	0.076479	-0.078290	-12.575104	13093200.000000
2020-03-19	-0.029606	0.070889	0.076710	0.023531	-3.357132	9393500.000000
2020-03-18	-0.053241	0.008947	0.066392	-0.050083	-6.376640	15250800.000000
2020-03-17	0.129366	0.100432	0.205667	0.097509	13.719154	14242300.000000
2020-03-16	-0.112672	-0.040373	0.036019	-0.062881	-13.465958	10733300.000000
2020-03-13	0.104994	0.115763	0.179651	0.063895	11.356041	12007700.000000
2020-03-12	-0.111060	0.003518	0.027352	-0.066424	-13.512856	12808300.000000
2020-03-11	-0.032727	0.038090	0.053672	0.014638	-4.116692	7465100.000000
2020-03-10	0.030578	0.081876	0.102523	0.039355	3.732224	8258600.000000
2020-03-09	-0.051727	0.011386	0.036015	-0.004152	-6.657951	8716300.000000
2020-03-06	-0.006083	0.015891	0.066932	0.015041	-0.787720	6754900.000000
2020-03-05	-0.023580	0.046600	0.066279	0.030465	-3.127365	6579100.000000
2020-03-04	0.050229	0.078423	0.130051	0.076997	6.343208	7635700.000000
2020-03-03	-0.014537	0.070549	0.089901	0.051431	-1.862923	8728300.000000
2020-03-02	0.042036	0.073348	0.120267	0.071072	5.169563	8504500.000000
2020-02-28	-0.031825	0.048951	0.052966	0.010454	-4.042511	14164000.000000
2020-02-27	-0.039513	0.069282	0.082364	0.030718	-5.225441	8605000.000000
2020-02-26	0.006237	0.083788	0.093755	0.074049	0.819656	6157200.000000
2020-02-25	-0.010796	0.073216	0.086688	0.058012	-1.434448	7585800.000000
2020-02-24	-0.022009	0.073666	0.083161	0.049375	-2.989944	5027700.000000
2020-02-21	0.004753	0.072852	0.079213	0.071003	0.642700	4271800.000000
2020-02-20	-0.002542	0.075363	0.075584	0.061937	-0.344589	2805900.000000
2020-02-19	-0.000481	0.073740	0.080081	0.072781	-0.065231	2978800.000000
2020-02-18	-0.009456	0.074469	0.075126	0.061979	-1.294724	4938700.000000
2020-02-14	0.003550	0.074325	0.078576	0.069707	0.484360	3555600.000000
2020-02-13	0.002670	0.067492	0.081309	0.054778	0.363266	5041400.000000
2020-02-12	0.000000	0.078002	0.078443	0.068227	0.000000	4217400.000000
2020-02-11	0.002883	0.077646	0.078751	0.067769	0.391190	3870500.000000
2020-02-10	0.001995	0.077728	0.081347	0.071820	0.270126	3775600.000000
2020-02-07	0.007206	0.073072	0.083932	0.069873	0.968735	3138500.000000
2020-02-06	0.000208	0.076122	0.081032	0.071881	0.027908	3571400.000000
2020-02-05	0.007541	0.077040	0.083862	0.075166	1.005966	3504900.000000
2020-02-04	0.004983	0.078791	0.085269	0.070504	0.661392	3494300.000000
2020-02-03	0.003450	0.079262	0.081530	0.072232	0.456390	3977800.000000
2020-01-31	-0.012584	0.073443	0.079713	0.056723	-1.685928	4753100.000000
2020-01-30	0.014817	0.078061	0.090484	0.072001	1.956024	4058500.000000
2020-01-29	-0.004984	0.070276	0.073668	0.064020	-0.661316	3263200.000000
2020-01-28	0.002110	0.073517	0.079483	0.070722	0.279419	2908300.000000
2020-01-27	-0.005457	0.064052	0.076897	0.059545	-0.726517	3895300.000000
2020-01-24	-0.005082	0.074938	0.077329	0.064624	-0.679932	2791500.000000
2020-01-23	0.001883	0.071421	0.077111	0.066029	0.251450	3915700.000000
2020-01-22	0.010715	0.073214	0.086534	0.072533	1.415833	5366100.000000
2020-01-21	0.004247	0.068652	0.080128	0.066600	0.558868	4440000.000000
2020-01-17	0.011818	0.077360	0.086742	0.075822	1.536865	6908700.000000
2020-01-16	0.002946	0.074749	0.080996	0.068965	0.381912	4977900.000000
2020-01-15	0.017172	0.075083	0.092420	0.073200	2.188904	5002600.000000
2020-01-14	0.002344	0.070840	0.076816	0.067066	0.298088	4159700.000000
2020-01-13	0.014867	0.074550	0.090032	0.074390	1.862915	5127200.000000
2020-01-10	-0.001929	0.076619	0.078610	0.070406	-0.242195	3099500.000000
2020-01-09	0.000668	0.078295	0.079012	0.072237	0.083832	3954700.000000
2020-01-08	0.005149	0.077197	0.084407	0.074073	0.642700	3681400.000000
2020-01-07	-0.015718	0.072410	0.072962	0.056245	-1.993286	5718100.000000
2020-01-06	0.003834	0.070980	0.079054	0.070188	0.484314	4085100.000000
2020-01-03	-0.001399	0.070747	0.081259	0.068138	-0.176971	4000100.000000
2020-01-02	-0.006219	0.075163	0.077991	0.061573	-0.791740	3784100.000000
