2022-12-30	-0.001753	0.008394	0.010557	-0.002223	-0.089180	11396200.000000
2022-12-29	0.010433	0.013551	0.026464	0.012955	0.525181	8971300.000000
2022-12-28	-0.006454	0.007601	0.014312	0.001680	-0.327000	10053900.000000
2022-12-27	-0.013506	0.009765	0.011128	-0.006007	-0.693634	12033800.000000
2022-12-23	0.003679	0.007617	0.015239	0.001364	0.188274	10666500.000000
2022-12-22	-0.000387	0.004297	0.009962	-0.004689	-0.019817	14822300.000000
2022-12-21	0.006625	0.014883	0.025699	0.006821	0.336906	12925000.000000
2022-12-20	-0.000779	0.006233	0.012128	-0.001037	-0.039639	12433800.000000
2022-12-19	-0.000778	0.011537	0.017230	-0.004563	-0.039635	16081900.000000
2022-12-16	-0.041224	-0.002114	0.000333	-0.032422	-2.189896	65689500.000000
2022-12-15	-0.015969	0.001586	0.008254	-0.010825	-0.862087	21627100.000000
2022-12-14	0.026569	0.010512	0.044550	0.005948	1.397175	36260300.000000
2022-12-13	0.017446	0.027367	0.045554	0.023111	0.901722	29461800.000000
2022-12-12	0.008507	0.016985	0.026156	0.009766	0.435997	18532200.000000
2022-12-09	-0.001159	0.008596	0.029840	0.006257	-0.059452	19933500.000000
2022-12-08	0.030653	0.007975	0.041923	0.004761	1.525986	26116800.000000
2022-12-07	0.010662	0.009993	0.038414	0.009993	0.525181	15929900.000000
2022-12-06	-0.020106	0.007987	0.011568	-0.021654	-1.010719	21787100.000000
2022-12-05	-0.003536	0.009180	0.011559	-0.001920	-0.178364	17959800.000000
2022-12-02	-0.003328	-0.001093	0.014120	-0.002674	-0.168457	16881600.000000
2022-12-01	0.018951	0.012804	0.029916	0.012200	0.941360	23592600.000000
2022-11-30	0.012932	0.012239	0.022231	0.000004	0.634178	35572700.000000
2022-11-29	-0.001614	0.007755	0.011216	-0.000388	-0.079269	17160900.000000
2022-11-28	0.007316	0.008565	0.020050	0.006104	0.356724	20704000.000000
2022-11-25	0.007370	0.010833	0.016824	0.008974	0.356728	6760200.000000
2022-11-23	-0.004686	0.006713	0.012059	-0.002334	-0.227913	10710800.000000
2022-11-22	0.018680	0.012532	0.031593	0.010437	0.891815	16358600.000000
2022-11-21	-0.001037	0.006460	0.010227	-0.001491	-0.049545	14736000.000000
2022-11-18	-0.002069	0.015654	0.019621	-0.000425	-0.099094	20666500.000000
2022-11-17	0.005827	0.003930	0.018632	-0.001741	0.277458	13231100.000000
2022-11-16	-0.010706	0.013959	0.019362	-0.001624	-0.515270	15822200.000000
2022-11-15	-0.013607	0.011230	0.015124	-0.012544	-0.663906	25440500.000000
2022-11-14	0.034454	0.017449	0.056247	0.016177	1.625084	26143000.000000
2022-11-11	0.004643	0.002578	0.015996	-0.013610	0.217995	20909800.000000
2022-11-10	0.014127	0.026677	0.031429	0.011989	0.653996	20480600.000000
2022-11-09	-0.013305	0.005131	0.012377	-0.004673	-0.624268	15348100.000000
2022-11-08	0.005521	0.008109	0.023325	0.001894	0.257633	18054500.000000
2022-11-07	-0.002753	0.007898	0.018370	-0.000864	-0.128819	20304400.000000
2022-11-04	0.013958	0.028684	0.030201	0.010047	0.644089	24528500.000000
2022-11-03	-0.002143	0.002477	0.011992	-0.001848	-0.099091	20124600.000000
2022-11-02	-0.019579	0.012742	0.021222	-0.004642	-0.923534	25813100.000000
2022-11-01	0.031364	0.049535	0.058718	0.036416	1.434429	30614500.000000
2022-10-31	-0.018554	0.010319	0.016972	-0.001269	-0.864590	29961700.000000
2022-10-28	0.036948	0.023170	0.057439	0.022058	1.660393	27854000.000000
2022-10-27	-0.006947	0.012305	0.018935	0.009433	-0.314392	20377700.000000
2022-10-26	0.010309	0.025197	0.041495	0.018500	0.461765	21407900.000000
2022-10-25	0.001098	0.011795	0.024088	0.003302	0.049126	23127000.000000
2022-10-24	0.013126	0.020774	0.038662	0.018736	0.579666	24972000.000000
2022-10-21	0.047541	0.027318	0.071200	0.019728	2.004261	36575700.000000
2022-10-20	-0.004639	0.021608	0.024913	0.010983	-0.196495	17715000.000000
2022-10-19	-0.022227	0.013675	0.017368	-0.013335	-0.962833	23054700.000000
2022-10-18	0.010080	0.027157	0.034386	0.017130	0.432293	18442800.000000
2022-10-17	0.018432	0.025667	0.040390	0.025667	0.776161	16678400.000000
2022-10-14	-0.002792	0.015699	0.027303	0.003147	-0.117897	16980500.000000
2022-10-13	0.022603	0.011291	0.045195	0.009839	0.933361	23135200.000000
2022-10-12	0.002624	0.021958	0.047452	0.017830	0.108070	18803600.000000
2022-10-11	0.004072	0.015636	0.037821	0.010516	0.167023	20981200.000000
2022-10-10	-0.013469	0.018551	0.025045	0.004121	-0.560017	17888000.000000
2022-10-07	-0.017869	0.016885	0.016885	-0.009807	-0.756508	20095000.000000
2022-10-06	-0.023345	0.009525	0.009986	-0.007085	-1.011959	22068200.000000
2022-10-05	-0.007647	0.010046	0.015770	-0.000027	-0.334042	15673400.000000
2022-10-04	0.007250	0.020366	0.033971	0.016677	0.314392	28198800.000000
2022-10-03	0.008684	0.025040	0.029925	0.011550	0.373344	22834300.000000
2022-09-30	-0.009058	0.018060	0.028202	0.007919	-0.392994	22962300.000000
2022-09-29	-0.006077	0.017372	0.022183	0.006834	-0.265270	13559900.000000
2022-09-28	0.007711	0.031219	0.034451	0.020831	0.334042	16532600.000000
2022-09-27	0.005932	0.026887	0.035247	0.015740	0.255444	21562700.000000
2022-09-26	-0.005672	0.011595	0.023603	0.008363	-0.245621	18680200.000000
2022-09-23	-0.010994	0.014861	0.017602	-0.004778	-0.481411	18871700.000000
2022-09-22	0.014800	0.012036	0.042859	0.008560	0.638615	18508100.000000
2022-09-21	-0.018986	0.018739	0.022604	-0.001949	-0.835114	17505200.000000
2022-09-20	-0.014745	0.007974	0.014022	-0.004569	-0.658260	15369000.000000
2022-09-19	-0.012818	0.010091	0.014513	-0.009810	-0.579662	16256200.000000
2022-09-16	0.001959	0.021153	0.032896	0.011183	0.088421	30629500.000000
2022-09-15	-0.004550	0.016948	0.020918	0.007905	-0.206322	15802000.000000
2022-09-14	-0.000866	0.018050	0.022678	0.008795	-0.039299	17162500.000000
2022-09-13	-0.032873	0.004404	0.008453	-0.019252	-1.542500	16603200.000000
2022-09-12	-0.001672	0.022936	0.028681	0.014639	-0.078598	13744800.000000
2022-09-09	0.016143	0.020424	0.037503	0.018262	0.746685	17501700.000000
2022-09-08	0.020594	0.015403	0.039674	0.012093	0.933357	18271000.000000
2022-09-07	0.008086	0.016496	0.027839	0.009378	0.363525	15378900.000000
2022-09-06	0.001313	0.023621	0.034311	0.014044	0.058945	17153500.000000
2022-09-02	-0.019944	0.020231	0.021541	-0.006181	-0.913712	14667700.000000
2022-09-01	0.030953	0.015805	0.049785	0.015805	1.375481	19947600.000000
2022-08-31	-0.013522	0.021382	0.027598	0.001847	-0.609142	26416800.000000
2022-08-30	-0.008220	0.020252	0.020472	0.008363	-0.373341	16303000.000000
2022-08-29	-0.012601	0.008265	0.015004	0.002613	-0.579662	13400500.000000
2022-08-26	-0.022547	0.011880	0.019105	-0.007669	-1.061085	16546700.000000
2022-08-25	0.009909	0.019761	0.028989	0.014396	0.461765	14460000.000000
2022-08-24	-0.012081	0.015498	0.017830	0.004474	-0.569839	15551500.000000
2022-08-23	-0.018200	0.007839	0.009920	-0.005899	-0.874409	16248900.000000
2022-08-22	-0.005086	0.019072	0.023007	0.009339	-0.245621	13601200.000000
2022-08-19	0.011733	0.023277	0.036058	0.020973	0.560017	15350200.000000
2022-08-18	-0.014004	0.020309	0.022995	-0.000556	-0.677914	18916300.000000
2022-08-17	-0.011833	0.013543	0.017830	0.005378	-0.579666	13607200.000000
2022-08-16	0.002211	0.010260	0.026627	0.009851	0.108074	12874800.000000
2022-08-15	-0.007184	0.014986	0.017017	0.003205	-0.353695	15797800.000000
2022-08-12	0.037689	0.023310	0.062093	0.023310	1.788116	25835500.000000
2022-08-11	-0.033233	-0.017422	0.001121	-0.025777	-1.630917	44048800.000000
2022-08-10	0.003415	0.020897	0.023350	0.009651	0.167019	17355100.000000
2022-08-09	0.004237	0.021526	0.028918	0.016803	0.206326	12095600.000000
2022-08-08	0.006089	0.020309	0.028985	0.011013	0.294743	16071800.000000
2022-08-05	-0.011833	0.013339	0.020075	0.001499	-0.579666	16376600.000000
2022-08-04	0.000000	0.018647	0.021709	0.004561	0.000000	17026300.000000
2022-08-03	0.003421	0.019878	0.025614	0.010661	0.167027	16500100.000000
2022-08-02	-0.018178	0.023662	0.035126	-0.001879	-0.903885	17802000.000000
2022-08-01	0.001980	0.014001	0.033749	0.010576	0.098248	19709900.000000
2022-07-29	-0.004140	0.014619	0.017629	-0.011067	-0.206326	25037900.000000
2022-07-28	-0.016101	0.004009	0.033231	-0.030544	-0.815456	38984900.000000
2022-07-27	-0.006692	0.018667	0.024747	0.003958	-0.341221	19203500.000000
2022-07-26	0.010238	0.027115	0.047126	0.024539	0.516705	16632500.000000
2022-07-25	0.010541	0.027930	0.038742	0.027930	0.526459	12995800.000000
2022-07-22	0.002152	0.028537	0.033955	0.022317	0.107243	10932100.000000
2022-07-21	0.005903	0.020682	0.032186	0.012810	0.292469	15103800.000000
2022-07-20	-0.010707	0.026127	0.027525	0.008556	-0.536201	12774400.000000
2022-07-19	0.012217	0.031589	0.041088	0.022898	0.604446	13402100.000000
2022-07-18	-0.019324	0.029890	0.030088	0.001348	-0.974915	15742900.000000
2022-07-15	0.007005	0.018742	0.036107	0.006567	0.350971	19885700.000000
2022-07-14	-0.007724	0.005130	0.021767	0.002753	-0.389969	14023800.000000
2022-07-13	-0.004804	0.022180	0.031050	0.015281	-0.243729	12927300.000000
2022-07-12	-0.016071	0.021849	0.023595	0.002843	-0.828678	14633500.000000
2022-07-11	-0.005266	0.022448	0.036724	0.017625	-0.272980	12921400.000000
2022-07-08	-0.004680	0.018623	0.035328	0.013055	-0.243725	11322700.000000
2022-07-07	0.012701	0.029617	0.041089	0.026506	0.653191	17847600.000000
2022-07-06	0.021495	0.025728	0.051947	0.024536	1.082161	21305500.000000
2022-07-05	-0.012808	0.014747	0.017492	-0.011725	-0.653198	18406800.000000
2022-07-01	-0.002289	0.018098	0.024554	0.002643	-0.116989	16143300.000000
2022-06-30	0.029250	0.014723	0.038280	0.002945	1.490002	33495700.000000
2022-06-29	0.005527	0.001382	0.015397	0.000000	0.279999	13925700.000000
2022-06-28	-0.023516	-0.000964	0.001735	-0.028335	-1.220001	16417900.000000
2022-06-27	0.005621	-0.002132	0.012405	-0.006397	0.290001	16154300.000000
2022-06-24	0.029946	0.011180	0.030944	0.004192	1.500000	24343200.000000
2022-06-23	0.020787	0.003261	0.022417	-0.001834	1.020000	20061700.000000
2022-06-22	0.019954	-0.001663	0.030555	-0.007067	0.959999	20382900.000000
2022-06-21	0.033957	0.016978	0.041049	0.009026	1.580002	19622100.000000
2022-06-17	-0.020008	-0.002106	0.011584	-0.025274	-0.950001	45047700.000000
2022-06-16	-0.021233	-0.016904	-0.010513	-0.029891	-1.029999	20424500.000000
2022-06-15	0.012312	-0.000835	0.022120	-0.015442	0.590000	25748000.000000
2022-06-14	0.000209	-0.003340	0.011689	-0.014402	0.009998	23290300.000000
2022-06-13	-0.041225	-0.023014	-0.013808	-0.045227	-2.060001	26989000.000000
2022-06-10	-0.034956	-0.009077	-0.007918	-0.035342	-1.809998	23826000.000000
2022-06-09	-0.031607	-0.003740	0.003366	-0.033103	-1.690002	17572700.000000
2022-06-08	-0.009081	0.001853	0.011119	-0.010193	-0.489998	12789800.000000
2022-06-07	0.013143	0.000376	0.013331	-0.004694	0.700001	15091200.000000
2022-06-06	0.001128	-0.000188	0.009774	-0.003759	0.059998	16544400.000000
2022-06-03	0.009871	-0.004176	0.016135	-0.004176	0.520000	18125000.000000
2022-06-02	0.005919	0.000000	0.007065	-0.025396	0.310001	21903400.000000
2022-06-01	-0.012632	0.003959	0.004525	-0.022624	-0.670002	17430600.000000
2022-05-31	-0.016138	-0.010944	-0.007605	-0.036542	-0.869999	66058200.000000
2022-05-27	-0.001482	-0.001297	0.007779	-0.008705	-0.080002	21407500.000000
2022-05-26	0.005213	0.006517	0.022528	0.003165	0.280003	23516300.000000
2022-05-25	0.005617	-0.003932	0.011983	-0.006740	0.299999	24003900.000000
2022-05-24	0.010023	-0.003215	0.013805	-0.003215	0.529999	26729800.000000
2022-05-23	0.007814	0.002096	0.023442	0.000191	0.410000	24035800.000000
2022-05-20	0.035933	0.012241	0.040474	0.009477	1.820000	31250400.000000
2022-05-19	0.004960	-0.007937	0.009722	-0.016071	0.250000	19865500.000000
2022-05-18	-0.018309	-0.002337	0.001558	-0.022984	-0.939999	22276000.000000
2022-05-17	0.013223	0.005526	0.016775	-0.009670	0.670002	19918200.000000
2022-05-16	0.015024	-0.001002	0.022636	-0.001002	0.750000	19435600.000000
2022-05-13	-0.009327	-0.000198	0.007938	-0.014090	-0.470001	22423700.000000
2022-05-12	0.019009	-0.009100	0.019818	-0.014762	0.939999	33468400.000000
2022-05-11	-0.000808	-0.008487	0.015155	-0.009295	-0.040001	29699500.000000
2022-05-10	0.017475	0.008224	0.025905	0.001028	0.850002	27335900.000000
2022-05-09	-0.008157	-0.013458	0.002651	-0.025897	-0.400002	25012300.000000
2022-05-06	0.012178	-0.007430	0.015893	-0.008462	0.590000	19891400.000000
2022-05-05	-0.024366	-0.004027	-0.002215	-0.042489	-1.209999	28333000.000000
2022-05-04	0.007507	-0.008115	0.011767	-0.027998	0.369999	28613700.000000
2022-05-03	0.019652	0.010964	0.035168	-0.013240	0.950001	33716900.000000
2022-05-02	-0.014877	-0.028327	-0.006318	-0.032810	-0.730000	36228400.000000
2022-04-29	-0.028509	-0.012671	-0.003366	-0.029895	-1.439999	28343300.000000
2022-04-28	0.015480	0.014073	0.020708	-0.005026	0.769997	28225400.000000
2022-04-27	0.014481	0.001632	0.017948	-0.016724	0.710003	25819200.000000
2022-04-26	0.001634	0.000817	0.026558	-0.000613	0.079998	25366500.000000
2022-04-25	0.017037	-0.005818	0.022024	-0.020985	0.820000	27390600.000000
2022-04-22	-0.019955	-0.003258	-0.000204	-0.024639	-0.980000	22156800.000000
2022-04-21	-0.012864	0.003618	0.005226	-0.016683	-0.639999	19105600.000000
2022-04-20	-0.008569	-0.003587	-0.000399	-0.019330	-0.430000	24751800.000000
2022-04-19	-0.032022	-0.003472	0.000772	-0.047647	-1.660000	33441500.000000
2022-04-18	-0.024096	-0.005459	-0.000188	-0.028050	-1.279999	17065000.000000
2022-04-14	0.000377	0.005650	0.015254	-0.001130	0.020000	17240100.000000
2022-04-13	-0.000188	0.000377	0.013368	-0.007720	-0.010002	15777800.000000
2022-04-12	-0.015205	-0.011682	0.000000	-0.023734	-0.820000	22810700.000000
2022-04-11	-0.022476	0.005256	0.020845	-0.025195	-1.239998	22054300.000000
2022-04-08	0.000181	-0.005620	0.007614	-0.012690	0.009998	24612200.000000
2022-04-07	0.043314	-0.006998	0.048042	-0.006998	2.290001	36305700.000000
2022-04-06	0.031811	-0.001561	0.036105	-0.001561	1.629997	31717500.000000
2022-04-05	0.005889	-0.002552	0.023753	-0.003730	0.300003	21176700.000000
2022-04-04	-0.012216	0.004072	0.005817	-0.023269	-0.630001	20462800.000000
2022-04-01	-0.003863	0.006761	0.007533	-0.012942	-0.200001	19073100.000000
2022-03-31	-0.012776	-0.008391	0.008391	-0.013349	-0.669998	26055200.000000
2022-03-30	-0.005688	0.008722	0.018582	-0.014600	-0.300003	27599600.000000
2022-03-29	-0.010135	0.013514	0.015015	-0.012387	-0.539997	39970000.000000
2022-03-28	0.009473	-0.004737	0.014778	-0.005305	0.500000	21863700.000000
2022-03-25	0.003613	0.002852	0.012550	-0.001521	0.189999	17429600.000000
2022-03-24	0.007664	0.006706	0.012646	0.001916	0.400002	25177500.000000
2022-03-23	-0.016026	-0.000377	0.008673	-0.016591	-0.850002	29183700.000000
2022-03-22	-0.021222	0.000185	0.002399	-0.031187	-1.149998	32253600.000000
2022-03-21	-0.005870	-0.004953	0.014493	-0.011191	-0.320000	34592500.000000
2022-03-18	0.004978	0.002581	0.014012	-0.009771	0.269997	51815000.000000
2022-03-17	0.024943	0.000000	0.025132	-0.002456	1.320004	30598600.000000
2022-03-16	0.013599	0.006321	0.020303	-0.000575	0.709999	29891400.000000
2022-03-15	-0.000766	0.007081	0.012823	-0.020478	-0.040001	30172100.000000
2022-03-14	0.039387	0.008952	0.052516	0.002387	1.980000	42314500.000000
2022-03-11	0.021748	-0.001220	0.034553	-0.005285	1.070000	33701900.000000
2022-03-10	0.009231	-0.009026	0.011077	-0.014359	0.450001	24542300.000000
2022-03-09	0.027614	0.014545	0.037521	0.011804	1.310001	24718900.000000
2022-03-08	-0.011255	-0.008337	0.009170	-0.031471	-0.540001	32913300.000000
2022-03-07	-0.013772	-0.008222	0.003905	-0.023227	-0.670002	33171300.000000
2022-03-04	0.017144	-0.006899	0.019653	-0.008781	0.820000	33217300.000000
2022-03-03	0.002725	-0.000419	0.018658	-0.004612	0.130001	30553300.000000
2022-03-02	0.042623	0.007869	0.047650	0.005464	1.950001	36516200.000000
2022-03-01	-0.025351	-0.005326	0.004261	-0.031956	-1.189999	29854500.000000
2022-02-28	-0.016345	-0.018860	-0.011526	-0.028919	-0.780003	35296100.000000
2022-02-25	0.038294	-0.003264	0.045039	-0.004787	1.760002	31199200.000000
2022-02-24	-0.019415	-0.021549	-0.002347	-0.031363	-0.910000	44227300.000000
2022-02-23	-0.013886	0.001262	0.013255	-0.015780	-0.660000	25793000.000000
2022-02-22	-0.020606	-0.020400	-0.004533	-0.024315	-1.000000	34814800.000000
2022-02-18	-0.007567	-0.002454	0.012679	-0.014315	-0.370003	26955300.000000
2022-02-17	-0.015700	0.002617	0.005636	-0.018720	-0.779999	21231700.000000
2022-02-16	-0.002209	-0.004017	0.019883	-0.007230	-0.110001	27672600.000000
2022-02-15	-0.000201	0.000000	0.004819	-0.011847	-0.009998	29150000.000000
2022-02-14	-0.019299	-0.018905	-0.005514	-0.045293	-0.980000	42973100.000000
2022-02-11	0.003557	-0.005336	0.012648	-0.010277	0.180000	34997800.000000
2022-02-10	-0.016903	-0.008354	-0.001943	-0.020983	-0.870003	34200600.000000
2022-02-09	-0.004449	-0.001161	0.000387	-0.015474	-0.230000	38522200.000000
2022-02-08	-0.028378	-0.048299	-0.026499	-0.066153	-1.509998	67922000.000000
2022-02-07	0.003962	0.005660	0.010943	-0.014340	0.209999	32358500.000000
2022-02-04	-0.007119	-0.006744	0.000937	-0.014050	-0.380001	24932200.000000
2022-02-03	-0.008912	-0.009840	0.000557	-0.014296	-0.480000	22635800.000000
2022-02-02	0.014886	-0.004334	0.019974	-0.011683	0.790001	32039300.000000
2022-02-01	0.007212	0.000949	0.008920	-0.005694	0.380001	27883300.000000
2022-01-31	-0.030186	-0.006074	-0.003497	-0.035708	-1.640003	38644600.000000
2022-01-28	0.017988	0.007495	0.024358	-0.005059	0.960003	28590400.000000
2022-01-27	0.014446	0.007793	0.037445	0.007413	0.760002	36957200.000000
2022-01-26	0.008945	0.008178	0.028315	0.006069	0.466450	39644800.000000
2022-01-25	0.019402	0.004084	0.033018	0.001738	0.992455	43983200.000000
2022-01-24	-0.023679	-0.012247	-0.006330	-0.049085	-1.240566	59036400.000000
2022-01-21	-0.023312	0.014501	0.022890	-0.022038	-1.250492	41059000.000000
2022-01-20	0.009526	0.015507	0.026046	-0.001242	0.506149	35105300.000000
2022-01-19	-0.010534	-0.000963	0.014679	-0.004687	-0.565697	27300400.000000
2022-01-18	-0.015287	-0.000648	0.000268	-0.020269	-0.833664	35598000.000000
2022-01-14	-0.010623	-0.002556	0.004700	-0.011083	-0.585548	27072500.000000
2022-01-13	-0.019594	0.005469	0.009382	-0.017832	-1.101624	28117900.000000
2022-01-12	-0.000706	0.001382	0.015957	-0.006438	-0.039696	27608500.000000
2022-01-11	0.008001	0.016740	0.028923	-0.000101	0.446602	33576600.000000
2022-01-10	0.009332	0.007422	0.017368	-0.010118	0.516079	34044700.000000
2022-01-07	0.016047	0.017157	0.024691	0.003745	0.873360	27703400.000000
2022-01-06	-0.014201	-0.000910	0.007603	-0.013045	-0.784042	37000400.000000
2022-01-05	0.020172	0.031809	0.042896	0.023125	1.091705	52956400.000000
2022-01-04	-0.037423	-0.000045	0.003690	-0.040598	-2.104008	66993100.000000
2022-01-03	-0.040643	-0.001782	-0.000929	-0.038639	-2.381886	57219200.000000
2021-12-31	0.011130	0.009846	0.031758	0.008293	0.645092	28579600.000000
2021-12-30	0.014241	0.010578	0.027902	0.006728	0.813812	24559000.000000
2021-12-29	-0.007412	-0.004555	0.007951	-0.008724	-0.426754	26170200.000000
2021-12-28	-0.020101	0.005050	0.011858	-0.028480	-1.181023	36901700.000000
2021-12-27	0.008346	0.010006	0.019102	-0.000635	0.486305	27362600.000000
2021-12-23	-0.014106	0.012172	0.016571	-0.013378	-0.833660	39203200.000000
2021-12-22	0.010178	0.012731	0.035635	-0.004874	0.595470	62594900.000000
2021-12-21	-0.033923	-0.009075	-0.008579	-0.056136	-2.054382	63877900.000000
2021-12-20	0.025891	0.026576	0.045380	0.013532	1.528381	55712200.000000
2021-12-17	-0.028898	-0.014112	0.006616	-0.034346	-1.756645	104192100.000000
2021-12-16	0.041667	0.000063	0.052671	-0.010390	2.431515	75183600.000000
2021-12-15	0.058696	0.017944	0.068923	0.013953	3.235397	75202900.000000
2021-12-14	0.006159	-0.000246	0.021293	-0.008460	0.337437	48685700.000000
2021-12-13	0.045851	0.020203	0.063921	0.020203	2.401741	54923200.000000
2021-12-10	0.013441	-0.009422	0.022500	-0.011164	0.694714	26079400.000000
2021-12-09	0.013230	0.009759	0.036028	0.009759	0.674870	38325700.000000
2021-12-08	-0.006187	0.027669	0.034099	-0.005839	-0.317585	37429200.000000
2021-12-07	0.004662	0.003101	0.027567	-0.013535	0.238190	41575400.000000
2021-12-06	-0.051410	-0.001494	0.000548	-0.048468	-2.768948	53724000.000000
2021-12-03	0.023190	0.020331	0.033629	0.008743	1.220718	37574800.000000
2021-12-02	-0.029993	-0.008244	0.014974	-0.027593	-1.627625	46361700.000000
2021-12-01	0.017681	-0.016026	0.034608	-0.027465	0.942833	59810400.000000
2021-11-30	0.025382	0.005872	0.047215	-0.001819	1.319962	64598400.000000
2021-11-29	-0.029630	0.029061	0.039324	-0.027663	-1.587925	72660800.000000
2021-11-26	0.061112	0.069972	0.087792	0.054330	3.086533	66561300.000000
2021-11-24	-0.003720	0.009576	0.012535	0.000304	-0.188568	18556800.000000
2021-11-23	-0.002344	-0.004598	0.012523	-0.010109	-0.119091	24946200.000000
2021-11-22	0.007874	0.010578	0.020892	-0.000727	0.396980	27287900.000000
2021-11-19	-0.011865	0.018383	0.035630	-0.006704	-0.605396	47966200.000000
2021-11-18	0.010615	0.012159	0.024241	0.002453	0.535927	32872600.000000
2021-11-17	0.025605	0.014510	0.037872	0.009431	1.260418	36889800.000000
2021-11-16	-0.001007	0.003950	0.017953	-0.007820	-0.049625	31297200.000000
2021-11-15	-0.001609	0.007603	0.015100	0.000309	-0.079395	27763200.000000
2021-11-12	-0.008968	0.012422	0.013828	-0.004646	-0.446606	27780600.000000
2021-11-11	0.023664	0.011920	0.038024	0.001642	1.151245	42370400.000000
2021-11-10	0.036364	0.009733	0.048291	0.009733	1.707024	42696200.000000
2021-11-09	-0.021312	0.007603	0.008646	-0.016998	-1.022228	29920400.000000
2021-11-08	-0.005760	0.007603	0.011334	-0.013333	-0.277889	57423300.000000
2021-11-05	0.108552	0.105032	0.121576	0.069645	4.724087	173959100.000000
2021-11-04	-0.013054	0.004428	0.008510	-0.017797	-0.575626	38172500.000000
2021-11-03	-0.013861	0.018013	0.028524	-0.005246	-0.619808	44593100.000000
2021-11-02	0.041476	0.049988	0.072348	0.002706	1.780712	69248000.000000
2021-11-01	-0.002286	0.025743	0.029229	0.009476	-0.098385	32681500.000000
2021-10-29	0.012969	0.014329	0.031749	0.008915	0.550941	30307500.000000
2021-10-28	0.004887	0.015975	0.033006	0.015738	0.206600	18023400.000000
2021-10-27	-0.013545	0.014114	0.016448	-0.004087	-0.580452	22317500.000000
2021-10-26	0.009502	0.020688	0.030817	0.011030	0.403366	29729100.000000
2021-10-25	-0.000232	0.017390	0.018332	0.002553	-0.009838	22846200.000000
2021-10-22	0.007000	0.015499	0.024274	0.010993	0.295147	17183000.000000
2021-10-21	0.001402	0.022622	0.023335	0.007661	0.059029	22142300.000000
2021-10-20	0.016869	0.017172	0.041080	0.016689	0.698513	22788300.000000
2021-10-19	0.018635	0.023335	0.038095	0.021860	0.757538	17159800.000000
2021-10-18	-0.004097	0.015468	0.021592	0.005423	-0.167252	21733000.000000
2021-10-15	-0.004320	0.022058	0.025229	0.009374	-0.177082	23550300.000000
2021-10-14	0.006036	0.019883	0.029699	0.018902	0.245953	17590300.000000
2021-10-13	-0.010275	0.014019	0.017905	-0.005654	-0.423042	28205700.000000
2021-10-12	-0.004993	0.018864	0.020073	0.006781	-0.206604	16222300.000000
2021-10-11	-0.009187	0.016448	0.020518	0.005912	-0.383686	11984200.000000
2021-10-08	-0.006785	0.016210	0.020491	0.006935	-0.285313	12778600.000000
2021-10-07	0.017135	0.028543	0.039186	0.021044	0.708355	19778300.000000
2021-10-06	-0.007089	0.010203	0.013566	0.001316	-0.295147	30483800.000000
2021-10-05	-0.002357	0.019083	0.025314	0.013093	-0.098381	19342600.000000
2021-10-04	-0.011880	0.016448	0.026392	-0.000600	-0.501747	28906500.000000
2021-10-01	-0.001860	0.004868	0.018575	-0.014511	-0.078705	38483000.000000
2021-09-30	-0.011946	0.022519	0.028590	0.003371	-0.511589	21103300.000000
2021-09-29	0.011385	0.020699	0.031798	0.017392	0.482075	18037200.000000
2021-09-28	-0.012164	0.004783	0.009682	-0.010147	-0.521423	28512200.000000
2021-09-27	-0.008421	0.015985	0.020843	0.006501	-0.364014	19955900.000000
2021-09-24	-0.005657	0.013688	0.021508	0.007707	-0.245953	16150700.000000
2021-09-23	0.005461	0.024080	0.034256	0.021073	0.236111	19719200.000000
2021-09-22	0.000683	0.018068	0.027325	0.014365	0.029518	22616700.000000
2021-09-21	-0.006335	0.017598	0.028636	0.008399	-0.275471	23645600.000000
2021-09-20	0.007063	0.004868	0.034048	0.004868	0.304981	41873000.000000
2021-09-17	-0.013042	0.009591	0.016219	-0.010066	-0.570614	56370500.000000
2021-09-16	-0.006701	0.018945	0.021443	-0.000353	-0.295143	22424200.000000
2021-09-15	0.001342	0.013038	0.031452	0.010992	0.059029	28674600.000000
2021-09-14	0.002916	0.018500	0.031952	0.015764	0.127892	24100200.000000
2021-09-13	-0.022154	0.019792	0.021799	-0.014543	-0.993652	37086200.000000
2021-09-10	-0.009559	0.021748	0.023514	0.004965	-0.432877	20801500.000000
2021-09-09	-0.010320	0.015574	0.021037	0.002024	-0.472233	21695300.000000
2021-09-08	-0.005134	0.011229	0.017317	0.005577	-0.236122	15839600.000000
2021-09-07	-0.001921	0.019703	0.030770	0.009938	-0.088539	26236900.000000
2021-09-03	0.000000	0.017750	0.020571	0.005598	0.000000	20817200.000000
2021-09-02	0.017376	0.026162	0.034772	0.018435	0.787052	26106300.000000
2021-09-01	-0.000651	0.019095	0.020640	0.002107	-0.029514	32900100.000000
2021-08-31	-0.014756	0.015578	0.024708	-0.001594	-0.678833	34547800.000000
2021-08-30	0.003433	0.007723	0.028663	0.006850	0.157410	25774400.000000
2021-08-27	-0.016463	0.016233	0.019022	-0.001787	-0.767380	32924500.000000
2021-08-26	-0.002736	0.020513	0.030354	0.011955	-0.127892	29029300.000000
2021-08-25	-0.017983	0.009304	0.014347	-0.014016	-0.855927	51036800.000000
2021-08-24	-0.031043	0.012580	0.018891	-0.017956	-1.524918	52624100.000000
2021-08-23	0.024836	0.049203	0.071526	0.034807	1.190418	88652400.000000
2021-08-20	-0.001639	0.020197	0.035818	0.013532	-0.078705	35157500.000000
2021-08-19	-0.010343	-0.000249	0.029846	-0.005196	-0.501747	57741600.000000
2021-08-18	-0.022015	0.012617	0.045478	-0.008752	-1.092033	88598000.000000
2021-08-17	0.030873	0.013746	0.049283	0.012291	1.485561	68817000.000000
2021-08-16	0.008870	0.011206	0.026721	-0.003890	0.423042	38045800.000000
2021-08-13	0.026249	0.020105	0.043559	0.018169	1.219933	35379200.000000
2021-08-12	0.020082	0.020618	0.040372	0.017106	0.914955	29676400.000000
2021-08-11	-0.039012	0.007800	0.014128	-0.024261	-1.849579	50878200.000000
2021-08-10	0.048064	0.021311	0.073703	0.014458	2.174240	81189400.000000
2021-08-09	0.020191	0.017350	0.038098	0.017350	0.895271	32374300.000000
2021-08-06	0.000222	0.017124	0.022087	0.006748	0.009838	20413000.000000
2021-08-05	-0.002877	0.012174	0.015323	0.005426	-0.127892	23505400.000000
2021-08-04	-0.010727	0.009105	0.019118	0.001539	-0.482075	43391200.000000
2021-08-03	0.039127	0.021303	0.060380	0.018991	1.692169	45643300.000000
2021-08-02	0.026863	0.028082	0.048026	0.026895	1.131390	43066900.000000
2021-07-30	0.000467	0.018586	0.025949	0.014072	0.019672	24763300.000000
2021-07-29	-0.006270	0.020461	0.022113	0.006061	-0.265629	29015000.000000
2021-07-28	0.032067	0.031744	0.065608	0.029308	1.316235	53822400.000000
2021-07-27	0.006936	0.025899	0.035221	0.020012	0.282749	32544100.000000
2021-07-26	0.003119	0.024177	0.032052	0.018518	0.126747	23720000.000000
2021-07-23	0.005064	0.025406	0.034558	0.024417	0.204746	21609200.000000
2021-07-22	0.010970	0.028154	0.038906	0.022653	0.438747	18913300.000000
2021-07-21	-0.000731	0.030401	0.030401	0.012412	-0.029251	27530200.000000
2021-07-20	0.022416	0.028208	0.065505	0.026931	0.877487	48804100.000000
2021-07-19	-0.004957	0.018537	0.025654	0.008623	-0.194996	29818400.000000
2021-07-16	0.006486	0.026933	0.032306	0.021561	0.253502	24270400.000000
2021-07-15	0.003504	0.025654	0.031815	0.023343	0.136490	20250800.000000
2021-07-14	0.007566	0.027464	0.035483	0.025912	0.292496	15888600.000000
2021-07-13	-0.002766	0.025912	0.026686	0.019721	-0.107243	12222000.000000
2021-07-12	0.003787	0.026949	0.042226	0.025395	0.146248	24513000.000000
2021-07-09	0.009172	0.032971	0.047865	0.031141	0.350994	21578700.000000
2021-07-08	-0.002541	0.016531	0.024872	0.014707	-0.097500	23021200.000000
2021-07-07	0.001527	0.023826	0.027481	0.017300	0.058498	17665200.000000
2021-07-06	-0.011075	0.019200	0.023589	0.007841	-0.428993	18931900.000000
2021-07-02	0.004297	0.023061	0.032654	0.020987	0.165749	16592700.000000
2021-07-01	0.010214	0.025916	0.037964	0.024344	0.389992	20035900.000000
2021-06-30	0.001535	0.026703	0.030113	0.018309	0.058506	21248100.000000
2021-06-29	-0.000511	0.025916	0.029849	0.021983	-0.019501	14516600.000000
2021-06-28	0.003592	0.026443	0.031706	0.023549	0.136497	19225700.000000
2021-06-25	-0.005358	0.023822	0.031412	0.017802	-0.204746	22774300.000000
2021-06-24	0.003585	0.028018	0.033533	0.026442	0.136497	13436500.000000
2021-06-23	-0.014138	0.026172	0.026949	0.009341	-0.545994	22025400.000000
2021-06-22	0.004820	0.025394	0.032679	0.021491	0.185249	15975900.000000
2021-06-21	0.015717	0.027504	0.043360	0.027504	0.594738	19488100.000000
2021-06-18	-0.016971	0.020978	0.024615	0.005390	-0.653240	37775900.000000
2021-06-17	0.004580	0.024871	0.033222	0.019651	0.175499	19580100.000000
2021-06-16	-0.007325	0.026431	0.032131	0.017623	-0.282749	19177500.000000
2021-06-15	-0.001009	0.027724	0.031089	0.019442	-0.038998	20206900.000000
2021-06-14	-0.012951	0.022588	0.023610	0.005984	-0.506996	23408300.000000
2021-06-11	-0.013028	0.025150	0.025402	0.007249	-0.516743	21386900.000000
2021-06-10	0.021854	0.027973	0.049099	0.027715	0.848240	42613700.000000
2021-06-09	0.024711	0.029614	0.051790	0.029086	0.935993	29824000.000000
2021-06-08	-0.003591	0.027758	0.028810	0.012238	-0.136505	18880300.000000
2021-06-07	-0.004087	0.023820	0.037443	0.020938	-0.155994	24110700.000000
2021-06-04	0.004619	0.027759	0.039603	0.026970	0.175495	19375300.000000
2021-06-03	0.004640	0.024861	0.032264	0.021423	0.175499	17376300.000000
2021-06-02	0.007532	0.029383	0.037109	0.026719	0.282745	19629000.000000
2021-06-01	-0.005939	0.031215	0.032804	0.019033	-0.224247	23642400.000000
2021-05-28	0.002070	0.028307	0.035472	0.026450	0.077999	16154100.000000
2021-05-27	-0.006937	0.026972	0.032506	0.017221	-0.263241	38471200.000000
2021-05-26	-0.010425	0.024611	0.024871	0.011311	-0.399750	28036500.000000
2021-05-25	-0.012057	0.025911	0.026942	0.010969	-0.467995	25916300.000000
2021-05-24	-0.003504	0.028991	0.030532	0.021289	-0.136501	16922300.000000
2021-05-21	-0.004237	0.027955	0.037925	0.020285	-0.165741	21144800.000000
2021-05-20	0.007281	0.023079	0.036469	0.022821	0.282742	18621100.000000
2021-05-19	-0.005493	0.021812	0.021812	0.009776	-0.214497	20209500.000000
2021-05-18	-0.001496	0.027444	0.031791	0.018494	-0.058498	15805500.000000
2021-05-17	0.002249	0.026935	0.035393	0.025397	0.087746	18095000.000000
2021-05-14	-0.001995	0.029235	0.031281	0.021050	-0.077995	18041100.000000
2021-05-13	0.010330	0.020744	0.040900	0.020744	0.399746	25415000.000000
2021-05-12	0.008640	0.028000	0.040511	0.024611	0.331493	26208600.000000
2021-05-11	-0.012795	0.021022	0.031057	0.009443	-0.497242	30568600.000000
2021-05-10	0.007074	0.032132	0.043793	0.030836	0.272995	30831900.000000
2021-05-07	0.009952	0.021990	0.043450	0.021990	0.380249	33807800.000000
2021-05-06	-0.009854	-0.002851	0.016584	-0.016326	-0.380249	54944900.000000
2021-05-05	0.000501	0.041723	0.065316	0.009315	0.019310	76627500.000000
2021-05-04	0.003013	0.040181	0.044602	0.025358	0.115856	52802200.000000
2021-05-03	0.030530	0.046211	0.067650	0.044068	1.139259	46638600.000000
2021-04-30	0.001295	0.033077	0.043810	0.032809	0.048279	28413200.000000
2021-04-29	-0.005411	0.040564	0.040831	0.022416	-0.202755	23569400.000000
2021-04-28	0.009363	0.038185	0.048960	0.037646	0.347576	21963300.000000
2021-04-27	-0.005946	0.031208	0.033886	0.026923	-0.222061	19061500.000000
2021-04-26	0.000517	0.037636	0.037903	0.031206	0.019310	19773400.000000
2021-04-23	0.000518	0.035492	0.040853	0.030131	0.019310	24375000.000000
2021-04-22	-0.022515	0.034450	0.034974	0.009296	-0.859272	33373600.000000
2021-04-21	0.012811	0.038679	0.052744	0.038414	0.482738	29365000.000000
2021-04-20	0.002569	0.030971	0.044008	0.030971	0.096542	26459400.000000
2021-04-19	0.009334	0.036566	0.046233	0.029315	0.347572	30905100.000000
2021-04-16	0.025798	0.043198	0.066062	0.041545	0.936516	52829500.000000
2021-04-15	0.011568	0.038268	0.051643	0.038268	0.415150	24945800.000000
2021-04-14	0.000269	0.036039	0.041892	0.030185	0.009655	23842900.000000
2021-04-13	0.005139	0.048087	0.054811	0.033519	0.183437	33967400.000000
2021-04-12	0.010109	0.032364	0.047929	0.028119	0.357231	29944900.000000
2021-04-09	0.017797	0.034032	0.060243	0.034032	0.617901	31686700.000000
2021-04-08	0.001392	0.037202	0.042683	0.034606	0.048275	18129400.000000
2021-04-07	-0.003883	0.035185	0.041219	0.027428	-0.135166	21933800.000000
2021-04-06	-0.006340	0.035189	0.039186	0.027766	-0.222057	20722900.000000
2021-04-05	-0.000551	0.039755	0.043464	0.030053	-0.019310	22096900.000000
2021-04-01	0.001932	0.037761	0.042050	0.029757	0.067581	21319900.000000
2021-03-31	0.003323	0.036907	0.044939	0.033752	0.115856	26582700.000000
2021-03-30	-0.013927	0.034912	0.036043	0.018790	-0.492390	26303300.000000
2021-03-29	0.010207	0.029474	0.049761	0.025760	0.357224	27004800.000000
2021-03-26	0.016260	0.036050	0.053763	0.034889	0.559975	27944500.000000
2021-03-25	0.001685	0.036924	0.040996	0.025289	0.057926	24875300.000000
2021-03-24	0.007070	0.039275	0.052456	0.036053	0.241367	22883400.000000
2021-03-23	-0.017778	0.030581	0.033746	0.016196	-0.617901	27970500.000000
2021-03-22	0.013228	0.034303	0.049753	0.030804	0.453777	25427500.000000
2021-03-19	-0.006710	0.035181	0.037208	0.027073	-0.231720	48348900.000000
2021-03-18	-0.000559	0.028236	0.040969	0.027946	-0.019306	24729800.000000
2021-03-17	-0.001117	0.035760	0.039518	0.015236	-0.038624	42540100.000000
2021-03-16	0.011861	0.037515	0.048923	0.032835	0.405506	25022400.000000
2021-03-15	0.013452	0.037835	0.050286	0.036353	0.453770	21896100.000000
2021-03-12	0.006626	0.031284	0.043817	0.029792	0.222061	16342400.000000
2021-03-11	-0.006298	0.039911	0.041394	0.027754	-0.212406	24557900.000000
2021-03-10	0.013933	0.041472	0.056505	0.037865	0.463425	33501800.000000
2021-03-09	0.002911	0.041489	0.050837	0.038474	0.096550	25167100.000000
2021-03-08	-0.001163	0.038471	0.050217	0.033953	-0.038616	24352300.000000
2021-03-05	0.005556	0.038486	0.046360	0.028492	0.183441	30589900.000000
2021-03-04	-0.005525	0.031845	0.056843	0.019195	-0.183441	45449600.000000
2021-03-03	0.026261	0.035760	0.064814	0.033596	0.849613	46020200.000000
2021-03-02	-0.005343	0.035453	0.041909	0.029919	-0.173779	27670400.000000
2021-03-01	0.005972	0.038853	0.049368	0.036379	0.193089	30407800.000000
2021-02-26	-0.009758	0.036373	0.038210	0.021672	-0.318607	41462800.000000
2021-02-25	0.002074	0.037908	0.046808	0.029315	0.067585	37506100.000000
2021-02-24	-0.004718	0.034538	0.040036	0.028429	-0.154476	30686100.000000
2021-02-23	-0.010216	0.027900	0.033644	0.018226	-0.337910	37624200.000000
2021-02-22	-0.005227	0.032452	0.033655	0.023730	-0.173790	34322500.000000
2021-02-19	-0.003472	0.038757	0.039357	0.030965	-0.115856	28145300.000000
2021-02-18	-0.009458	0.032495	0.035463	0.024776	-0.318607	24052500.000000
2021-02-17	0.005765	0.032177	0.045016	0.028893	0.193096	26389400.000000
2021-02-16	-0.000864	0.039638	0.039937	0.030987	-0.028965	28730300.000000
2021-02-12	0.008423	0.036061	0.051403	0.033654	0.279991	25578600.000000
2021-02-11	-0.008924	0.037549	0.037847	0.022045	-0.299309	30885200.000000
2021-02-10	-0.006577	0.036649	0.039018	0.027763	-0.222057	29039900.000000
2021-02-09	0.004308	0.035165	0.042899	0.033975	0.144825	30170200.000000
2021-02-08	-0.002864	0.036947	0.038430	0.030421	-0.096542	31633900.000000
2021-02-05	0.000860	0.036651	0.041401	0.032495	0.028961	31749600.000000
2021-02-04	0.001435	0.034868	0.042895	0.031598	0.048271	34284900.000000
2021-02-03	-0.004287	0.035760	0.044640	0.029544	-0.144825	38524200.000000
2021-02-02	-0.022626	0.034603	0.035181	-0.008506	-0.782032	84062400.000000
2021-02-01	-0.002785	0.036626	0.044127	0.030567	-0.096542	40395800.000000
2021-01-29	0.001115	0.065221	0.065221	0.028828	0.038616	60251900.000000
2021-01-28	0.000279	0.038649	0.049628	0.035471	0.009651	39466700.000000
2021-01-27	-0.028678	0.038048	0.039451	0.015036	-1.021935	50561200.000000
2021-01-26	0.000805	0.046747	0.056015	0.043658	0.028652	27718700.000000
2021-01-25	0.019973	0.047028	0.068226	0.040439	0.697208	31728500.000000
2021-01-22	0.001919	0.042436	0.057073	0.040427	0.066860	26271200.000000
2021-01-21	-0.000548	0.043872	0.049609	0.036988	-0.019104	33829700.000000
2021-01-20	-0.006262	0.048738	0.049308	0.039331	-0.219669	35400100.000000
2021-01-19	0.000818	0.048740	0.055587	0.044746	0.028656	33451300.000000
2021-01-15	-0.001361	0.045033	0.047883	0.037056	-0.047756	34287800.000000
2021-01-14	-0.002984	0.044755	0.049868	0.039927	-0.105057	30272000.000000
2021-01-13	-0.008607	0.041959	0.046746	0.031821	-0.305630	31027900.000000
2021-01-12	-0.015621	0.045087	0.047582	0.020693	-0.563499	47831100.000000
2021-01-11	0.017237	0.049566	0.066767	0.047592	0.611256	47286900.000000
2021-01-08	0.001889	0.049853	0.060306	0.042507	0.066853	33462400.000000
2021-01-07	0.005153	0.051856	0.054979	0.041348	0.181469	27809500.000000
2021-01-06	-0.008605	0.036893	0.055192	0.035203	-0.305630	34962500.000000
2021-01-05	0.010323	0.044468	0.062956	0.041054	0.362926	29909400.000000
2021-01-04	0.000000	0.048734	0.050725	0.031668	0.000000	33565700.000000
2020-12-31	0.001905	0.044748	0.052157	0.034204	0.066860	30796500.000000
2020-12-30	-0.008367	0.046463	0.052397	0.037137	-0.296074	24889800.000000
2020-12-29	0.006247	0.049303	0.057834	0.046175	0.219669	23152100.000000
2020-12-28	-0.012074	0.049556	0.055737	0.030453	-0.429790	26993700.000000
2020-12-24	-0.004540	0.045909	0.050663	0.039757	-0.162357	14790100.000000
2020-12-23	0.019053	0.054722	0.072961	0.051018	0.668552	36182000.000000
2020-12-22	-0.017121	0.042266	0.045627	0.025180	-0.611256	33634400.000000
2020-12-21	-0.007962	0.035913	0.039247	0.025632	-0.286522	40891800.000000
2020-12-18	-0.009203	0.045927	0.048680	0.032436	-0.334278	60259200.000000
2020-12-17	0.005021	0.046751	0.054775	0.032363	0.181461	52036400.000000
2020-12-16	-0.022475	0.032692	0.040536	0.020791	-0.830917	56515300.000000
2020-12-15	-0.012752	0.043022	0.046227	0.020325	-0.477543	65712800.000000
2020-12-14	-0.046449	0.059759	0.060778	-0.005171	-1.824211	94809700.000000
2020-12-11	-0.014618	0.053050	0.055559	0.020934	-0.582603	60737000.000000
2020-12-10	-0.002867	0.046277	0.056285	0.037020	-0.114609	57749200.000000
2020-12-09	-0.016682	0.059574	0.059820	0.011848	-0.678112	86118500.000000
2020-12-08	0.031757	0.050835	0.085609	0.049566	1.251156	87039300.000000
2020-12-07	0.022558	0.055333	0.074540	0.047806	0.869129	48253700.000000
2020-12-04	0.006236	0.041804	0.056430	0.041804	0.238773	35368100.000000
2020-12-03	-0.017402	0.051647	0.052930	0.014180	-0.678104	68570100.000000
2020-12-02	0.035270	0.075190	0.100163	0.070673	1.327564	84347500.000000
2020-12-01	0.028713	0.076818	0.106881	0.066159	1.050591	72499700.000000
2020-11-30	0.029009	0.067277	0.091181	0.057433	1.031490	65425900.000000
2020-11-27	0.019162	0.054193	0.067951	0.053333	0.668560	25277000.000000
2020-11-25	-0.001912	0.045025	0.045884	0.036729	-0.066853	26955800.000000
2020-11-24	0.002190	0.035846	0.053335	0.032693	0.076401	42485300.000000
2020-11-23	-0.004904	0.056443	0.058154	0.033048	-0.171909	43673100.000000
2020-11-20	0.014092	0.061783	0.079431	0.054261	0.487091	60633800.000000
2020-11-19	-0.003579	0.055100	0.055964	0.033767	-0.124161	43261800.000000
2020-11-18	0.007769	0.072884	0.087119	0.054581	0.267422	63442700.000000
2020-11-17	0.017577	0.078735	0.079030	0.058928	0.594582	46984500.000000
2020-11-16	-0.033402	0.026423	0.028863	-0.000959	-1.168934	75530167.000000
2020-11-13	0.028495	0.055951	0.077979	0.051489	0.969582	40175634.000000
2020-11-12	-0.024675	0.041045	0.042677	0.012762	-0.860844	46767877.000000
2020-11-11	-0.004654	0.052442	0.088173	0.025914	-0.163109	58980997.000000
2020-11-10	-0.013265	0.080415	0.082819	0.027262	-0.471199	80091668.000000
2020-11-09	0.076923	0.204082	0.207822	0.103982	2.537231	230153864.000000
2020-11-06	0.000275	0.047028	0.056523	0.038396	0.009056	23870676.000000
2020-11-05	-0.014608	0.056115	0.057533	0.031732	-0.488850	33926995.000000
2020-11-04	0.031501	0.083827	0.114827	0.080902	1.021935	40870536.000000
2020-11-03	-0.001104	0.064226	0.069776	0.054001	-0.035862	21636617.000000
2020-11-02	0.021139	0.071807	0.081353	0.060173	0.672319	21430666.000000
2020-10-30	0.005669	0.057183	0.065883	0.045184	0.179289	25631067.000000
2020-10-29	-0.004795	0.059279	0.064056	0.033006	-0.152393	27545341.000000
2020-10-28	-0.052899	0.040569	0.049901	-0.001280	-1.774929	33857537.000000
2020-10-27	-0.012922	0.033822	0.063965	0.029077	-0.439259	36851529.000000
2020-10-26	-0.006810	0.049790	0.053948	0.038979	-0.233063	33783124.000000
2020-10-23	0.020037	0.072522	0.082418	0.064604	0.672321	30557884.000000
2020-10-22	0.009439	0.058383	0.072370	0.056956	0.313747	19243616.000000
2020-10-21	-0.010936	0.054431	0.057254	0.046244	-0.367538	18984859.000000
2020-10-20	-0.008201	0.060343	0.060903	0.045784	-0.277889	22384852.000000
2020-10-19	-0.003953	0.071491	0.083484	0.049738	-0.134464	31931352.000000
2020-10-16	0.038304	0.073441	0.103846	0.071993	1.255005	42993503.000000
2020-10-15	-0.008410	0.051779	0.054938	0.045462	-0.277901	16089205.000000
2020-10-14	-0.001084	0.061539	0.069856	0.048918	-0.035854	22120298.000000
2020-10-13	0.002173	0.054072	0.067294	0.052922	0.071712	21543233.000000
2020-10-12	0.000815	0.055794	0.069603	0.049177	0.026894	19413837.000000
2020-10-09	-0.002711	0.056662	0.064982	0.049776	-0.089642	23667465.000000
2020-10-08	0.011516	0.062156	0.078988	0.059544	0.376499	17857395.000000
2020-10-07	0.008294	0.061017	0.070673	0.054287	0.268932	22160034.000000
2020-10-06	-0.015782	0.065583	0.066447	0.039376	-0.519932	25233392.000000
2020-10-05	0.010170	0.062747	0.072930	0.057220	0.331676	19400029.000000
2020-10-02	0.000275	0.049362	0.066823	0.048489	0.008968	21461759.000000
2020-10-01	-0.008992	0.064440	0.069631	0.042811	-0.295818	22520396.000000
2020-09-30	0.014653	0.061310	0.081500	0.060724	0.475105	22629275.000000
2020-09-29	-0.006046	0.059547	0.062746	0.047913	-0.197216	13512491.000000
2020-09-28	0.009431	0.061613	0.073944	0.061613	0.304787	15044269.000000
2020-09-25	0.008109	0.051872	0.069926	0.051280	0.259960	14365598.000000
2020-09-24	-0.006667	0.056913	0.059559	0.044860	-0.215141	20859925.000000
2020-09-23	-0.006897	0.061011	0.062179	0.050208	-0.224106	23102521.000000
2020-09-22	0.006386	0.052213	0.067492	0.050156	0.206184	22727297.000000
2020-09-21	-0.016653	0.050871	0.054049	0.022266	-0.546833	26608968.000000
2020-09-18	-0.005160	0.057234	0.065569	0.051197	-0.170319	31694623.000000
2020-09-17	0.001088	0.058383	0.063851	0.051765	0.035858	17894390.000000
2020-09-16	-0.004870	0.067547	0.068406	0.051511	-0.161358	22208412.000000
2020-09-15	-0.001351	0.063531	0.068106	0.052664	-0.044823	22003726.000000
2020-09-14	0.026061	0.066893	0.101517	0.064545	0.842651	29565543.000000
2020-09-11	0.011781	0.061055	0.072040	0.052446	0.376495	24109301.000000
2020-09-10	-0.014649	0.058969	0.062479	0.040831	-0.475105	21650741.000000
2020-09-09	0.006958	0.068988	0.079592	0.064569	0.224110	27490533.000000
2020-09-08	-0.011826	0.063332	0.065661	0.038590	-0.385468	26736818.000000
2020-09-04	-0.001099	0.061000	0.065071	0.042973	-0.035854	26872257.000000
2020-09-03	-0.021505	0.063220	0.066634	0.027087	-0.717148	35956788.000000
2020-09-02	0.008677	0.055227	0.070437	0.044608	0.286861	29068688.000000
2020-09-01	-0.024081	0.058383	0.059224	0.022534	-0.815758	36145560.000000
2020-08-31	-0.003165	0.056429	0.061454	0.046937	-0.107574	30032465.000000
2020-08-28	0.001321	0.058663	0.063974	0.045524	0.044827	32830519.000000
2020-08-27	-0.004994	0.055880	0.056992	0.048092	-0.170326	22156556.000000
2020-08-26	-0.009372	0.052321	0.054526	0.037717	-0.322708	24083689.000000
2020-08-25	-0.011071	0.049391	0.050753	0.034131	-0.385464	26221201.000000
2020-08-24	-0.001029	0.062194	0.062739	0.049128	-0.035862	25011947.000000
2020-08-21	0.004132	0.063577	0.066037	0.054283	0.143425	25467170.000000
2020-08-20	0.012023	0.056170	0.073045	0.054787	0.412365	21957455.000000
2020-08-19	-0.002607	0.061694	0.065281	0.051762	-0.089642	15690055.000000
2020-08-18	0.000261	0.061143	0.061419	0.053416	0.008961	10846398.000000
2020-08-17	0.007619	0.057827	0.068116	0.055324	0.259960	17494187.000000
2020-08-14	-0.002882	0.053947	0.064484	0.051729	-0.098598	12901276.000000
2020-08-13	-0.004174	0.051204	0.054242	0.045958	-0.143425	15340021.000000
2020-08-12	0.014289	0.059504	0.079669	0.058943	0.484062	19957595.000000
2020-08-11	-0.015629	0.063070	0.063622	0.038534	-0.537857	21326847.000000
2020-08-10	-0.001560	0.061136	0.064164	0.053153	-0.053783	19964552.000000
2020-08-07	0.004703	0.059213	0.068063	0.055341	0.161354	23097251.000000
2020-08-06	-0.004681	0.067192	0.076276	0.050126	-0.161354	20922111.000000
2020-08-05	0.001563	0.060589	0.062243	0.051215	0.053783	24292697.000000
2020-08-04	0.001043	0.057279	0.067491	0.051208	0.035858	29448549.000000
2020-08-03	-0.003378	0.061959	0.063334	0.051232	-0.116531	31036400.000000
2020-07-31	-0.006712	0.045816	0.058657	0.034342	-0.233078	28472124.000000
2020-07-30	-0.003074	0.042601	0.060577	0.040422	-0.107098	32273796.000000
2020-07-29	0.006151	0.076965	0.081076	0.053672	0.212944	37033660.000000
2020-07-28	0.039425	0.097776	0.120563	0.084104	1.313179	56393954.000000
2020-07-27	-0.003186	0.060774	0.071848	0.057083	-0.106468	27640307.000000
2020-07-24	-0.019526	0.058713	0.062054	0.039226	-0.665466	33870501.000000
2020-07-23	-0.003890	0.087872	0.093140	0.058754	-0.133091	59639536.000000
2020-07-22	0.050968	0.114174	0.128746	0.093482	1.659225	90705554.000000
2020-07-21	0.005205	0.082182	0.086283	0.069878	0.168571	23588520.000000
2020-07-20	0.006897	0.105869	0.109704	0.071357	0.221828	36815693.000000
2020-07-17	0.018258	0.077102	0.091219	0.073197	0.576736	23347365.000000
2020-07-16	-0.003359	0.065700	0.066897	0.055522	-0.106474	18421812.000000
2020-07-15	0.013909	0.092359	0.092663	0.076576	0.434767	26294454.000000
2020-07-14	0.000568	0.074151	0.075670	0.059270	0.017752	32854129.000000
2020-07-13	0.040792	0.097739	0.129031	0.091101	1.224449	56569129.000000
2020-07-10	0.011058	0.075684	0.087827	0.070251	0.328295	24459019.000000
2020-07-09	-0.008593	0.068658	0.073411	0.048698	-0.257313	20363702.000000
2020-07-08	-0.008228	0.068664	0.079975	0.054838	-0.248442	24256545.000000
2020-07-07	-0.013909	0.055039	0.064335	0.052250	-0.425894	25148018.000000
2020-07-06	0.000000	0.082926	0.084165	0.065264	0.000000	27150935.000000
2020-07-02	0.022821	0.097181	0.104470	0.078800	0.683205	45270881.000000
2020-07-01	0.031804	0.129460	0.129460	0.102646	0.922781	73503009.000000
2020-06-30	0.001838	0.065688	0.077155	0.055860	0.053236	25451676.000000
2020-06-29	0.018727	0.083309	0.090317	0.074632	0.532372	23956261.000000
2020-06-26	-0.008663	0.066976	0.067969	0.045802	-0.248440	42153992.000000
2020-06-25	0.004039	0.066635	0.075604	0.057334	0.115347	27418651.000000
2020-06-24	-0.017699	0.067334	0.067987	0.044167	-0.514626	30817695.000000
2020-06-23	-0.010269	0.072199	0.073813	0.057343	-0.301678	37690408.000000
2020-06-22	-0.009276	0.066412	0.067372	0.052974	-0.275059	23332503.000000
2020-06-19	0.005415	0.083768	0.085377	0.065432	0.159712	43986266.000000
2020-06-18	-0.009535	0.060052	0.066424	0.050812	-0.283932	32278855.000000
2020-06-17	0.004790	0.075375	0.081138	0.066731	0.141966	27509822.000000
2020-06-16	0.001199	0.076664	0.088524	0.048778	0.035492	55616945.000000
2020-06-15	-0.011556	0.055035	0.068342	0.037926	-0.346041	36247482.000000
2020-06-12	0.013513	0.094338	0.094981	0.061264	0.399277	37902472.000000
2020-06-11	-0.072940	0.059766	0.062148	-0.009297	-2.324686	63166642.000000
2020-06-10	-0.008009	0.073722	0.076379	0.059842	-0.257311	29557217.000000
2020-06-09	-0.010385	0.066662	0.071338	0.057018	-0.337170	21675088.000000
2020-06-08	0.016671	0.063647	0.087415	0.060082	0.532366	30194149.000000
2020-06-05	-0.000555	0.076122	0.083545	0.065432	-0.017738	36705655.000000
2020-06-04	-0.004148	0.055985	0.073136	0.055689	-0.133093	27013388.000000
2020-06-03	0.000000	0.073136	0.076685	0.050958	0.000000	38751996.000000
2020-06-02	0.019741	0.071403	0.090401	0.062960	0.621099	42690900.000000
2020-06-01	-0.071485	-0.006026	0.000414	-0.022545	-2.422285	76884979.000000
2020-05-29	0.000262	0.071813	0.076294	0.052488	0.008873	48333067.000000
2020-05-28	0.020583	0.081583	0.098733	0.078153	0.683208	22521767.000000
2020-05-27	-0.002134	0.067010	0.070718	0.054461	-0.070988	25904158.000000
2020-05-26	-0.000266	0.073569	0.079843	0.067866	-0.008865	23260094.000000
2020-05-22	0.006441	0.064987	0.077041	0.060683	0.212944	15781226.000000
2020-05-21	-0.009833	0.067587	0.069860	0.052811	-0.328300	17652181.000000
2020-05-20	-0.001327	0.076954	0.084049	0.065603	-0.044361	17504200.000000
2020-05-19	-0.010244	0.063113	0.067888	0.047946	-0.346039	19476234.000000
2020-05-18	0.008210	0.085717	0.089115	0.065611	0.275055	22635177.000000
2020-05-15	-0.004220	0.070420	0.076341	0.054347	-0.141972	25460002.000000
2020-05-14	0.023482	0.062077	0.095555	0.061500	0.771950	22362507.000000
2020-05-13	-0.008298	0.067861	0.071009	0.047254	-0.275059	24596882.000000
2020-05-12	-0.019423	0.069853	0.073221	0.047962	-0.656593	19335314.000000
2020-05-11	0.023643	0.070154	0.097734	0.067568	0.780811	25620421.000000
2020-05-08	0.007035	0.077682	0.081443	0.071606	0.230690	19893618.000000
2020-05-07	-0.030684	0.077144	0.079388	0.034518	-1.038120	33546080.000000
2020-05-06	0.000000	0.092848	0.093970	0.079949	0.000000	24047432.000000
2020-05-05	0.023658	0.114109	0.115545	0.098608	0.781887	24123952.000000
2020-05-04	-0.000531	0.078801	0.087982	0.073350	-0.017563	19893512.000000
2020-05-01	-0.018770	0.065591	0.068124	0.052640	-0.632545	22679867.000000
2020-04-30	0.006296	0.076549	0.090997	0.058417	0.210838	29450973.000000
2020-04-29	0.005540	0.095616	0.098180	0.074251	0.184494	26518535.000000
2020-04-28	-0.010957	0.100235	0.105024	0.053182	-0.368973	35666728.000000
2020-04-27	0.025415	0.086016	0.113462	0.085438	0.834599	23394057.000000
2020-04-24	0.018806	0.084364	0.101730	0.082598	0.606190	17353794.000000
2020-04-23	0.012138	0.080842	0.114209	0.080842	0.386545	20185365.000000
2020-04-22	0.017687	0.120575	0.121788	0.095108	0.553476	20182624.000000
2020-04-21	-0.012749	0.070969	0.075459	0.058697	-0.404121	23975233.000000
2020-04-20	-0.022487	0.064441	0.079949	0.055664	-0.729179	22530620.000000
2020-04-17	0.028707	0.098610	0.113659	0.086871	0.904888	24404843.000000
2020-04-16	-0.002502	0.084452	0.088655	0.068239	-0.079073	20657451.000000
2020-04-15	-0.012898	0.068687	0.073725	0.054461	-0.412909	21312196.000000
2020-04-14	0.036995	0.104227	0.125740	0.086095	1.142090	21845309.000000
2020-04-13	-0.007064	0.097342	0.097953	0.059503	-0.219637	18270141.000000
2020-04-09	0.022832	0.093370	0.116467	0.087751	0.694040	30648107.000000
2020-04-08	0.029456	0.092159	0.118185	0.074486	0.869745	25523980.000000
2020-04-07	-0.027770	0.093381	0.098692	0.049334	-0.843390	24226295.000000
2020-04-06	0.027646	0.088937	0.120398	0.084443	0.817034	40503217.000000
2020-04-03	0.023426	0.072063	0.113461	0.072063	0.676466	32837370.000000
2020-04-02	0.035276	0.085051	0.122466	0.079949	0.983955	27186876.000000
2020-04-01	-0.027267	0.056126	0.068037	0.043222	-0.781891	26709625.000000
2020-03-31	-0.000918	0.071023	0.090857	0.065734	-0.026358	29466151.000000
2020-03-30	0.057282	0.085191	0.148101	0.085191	1.554996	29943508.000000
2020-03-27	-0.026772	0.047635	0.079608	0.042873	-0.746748	38290344.000000
2020-03-26	0.067227	0.085031	0.161262	0.084668	1.757063	43269967.000000
2020-03-25	0.001683	0.072676	0.117038	0.054495	0.043922	44601275.000000
2020-03-24	0.042471	0.118613	0.139082	0.095490	1.063017	44466784.000000
2020-03-23	-0.017925	0.070642	0.101168	0.037882	-0.456833	52853041.000000
2020-03-20	-0.046351	0.074978	0.088824	0.026342	-1.238726	52488989.000000
2020-03-19	-0.059951	0.075276	0.076277	0.001522	-1.704350	59820929.000000
2020-03-18	0.006219	0.033272	0.095060	0.017825	0.175707	43884976.000000
2020-03-17	0.065607	0.132193	0.168334	0.094620	1.739492	54220606.000000
2020-03-16	-0.077346	-0.011505	0.065752	-0.021080	-2.222683	50995050.000000
2020-03-13	0.089607	0.124916	0.182835	0.087503	2.363243	60553038.000000
2020-03-12	-0.066832	0.023215	0.074242	0.007101	-1.888838	62731445.000000
2020-03-11	-0.069962	0.054035	0.057781	-0.011530	-2.126043	65350213.000000
2020-03-10	0.024585	0.105860	0.108739	0.055957	0.729181	40548329.000000
2020-03-09	-0.035979	0.031841	0.069772	0.022590	-1.106947	43183856.000000
2020-03-06	-0.012408	0.056802	0.071117	0.039138	-0.386549	40931036.000000
2020-03-05	-0.025824	0.057697	0.073421	0.043159	-0.825819	35096303.000000
2020-03-04	0.061224	0.105137	0.147957	0.100414	1.844910	38712155.000000
2020-03-03	-0.016628	0.089237	0.107814	0.048367	-0.509544	46174475.000000
2020-03-02	0.043686	0.095782	0.129389	0.080918	1.282648	42034469.000000
2020-02-28	-0.019941	0.060630	0.074881	0.030227	-0.597397	66057447.000000
2020-02-27	-0.017857	0.071239	0.110742	0.060664	-0.544691	55444827.000000
2020-02-26	0.023283	0.089815	0.120689	0.082813	0.694040	47920005.000000
2020-02-25	-0.021344	0.080260	0.082129	0.050045	-0.650110	41878898.000000
2020-02-24	-0.029395	0.059390	0.070274	0.046087	-0.922455	37969296.000000
2020-02-21	-0.003626	0.077237	0.079045	0.070309	-0.114210	32425256.000000
2020-02-20	-0.010489	0.064448	0.074881	0.055506	-0.333843	42953135.000000
2020-02-19	-0.002478	0.082327	0.085301	0.076678	-0.079062	17750941.000000
2020-02-18	-0.005204	0.081132	0.084681	0.072849	-0.166925	17988513.000000
2020-02-14	-0.011373	0.081118	0.083165	0.065034	-0.368988	21006747.000000
2020-02-13	-0.021463	0.075370	0.075370	0.055625	-0.711609	22099745.000000
2020-02-12	-0.009188	0.079949	0.082784	0.069458	-0.307476	22944315.000000
2020-02-11	0.007405	0.082234	0.089088	0.078520	0.245983	16027335.000000
2020-02-10	-0.006307	0.084490	0.084774	0.070582	-0.210846	19998385.000000
2020-02-07	-0.005489	0.082771	0.083900	0.070634	-0.184494	21903596.000000
2020-02-06	0.002358	0.087588	0.089285	0.075987	0.079071	21047748.000000
2020-02-05	0.012735	0.084533	0.105164	0.083673	0.421692	29443490.000000
2020-02-04	0.004799	0.096359	0.100966	0.083403	0.158138	31150865.000000
2020-02-03	0.007250	0.086328	0.103148	0.081688	0.237202	20875735.000000
2020-01-31	0.004586	0.076161	0.091019	0.074996	0.149353	33894005.000000
2020-01-30	-0.003495	0.077045	0.079077	0.065143	-0.114216	32316589.000000
2020-01-29	-0.014683	0.090408	0.097845	0.074104	-0.486996	34165726.000000
2020-01-28	-0.050299	0.068161	0.072779	0.030944	-1.756687	70202408.000000
2020-01-27	0.008538	0.079747	0.107693	0.075364	0.295681	31964026.000000
2020-01-24	-0.021862	0.097144	0.097948	0.062306	-0.773983	34143698.000000
2020-01-23	0.012938	0.090980	0.108353	0.089351	0.452209	27148510.000000
2020-01-22	-0.003718	0.090439	0.092873	0.080974	-0.130440	18097812.000000
2020-01-21	-0.004197	0.087479	0.095020	0.082362	-0.147842	23115696.000000
2020-01-17	-0.002462	0.089906	0.096353	0.085876	-0.086964	23083970.000000
2020-01-16	-0.001475	0.094199	0.094468	0.081591	-0.052181	16216422.000000
2020-01-15	0.014974	0.094247	0.112762	0.093703	0.521786	23925800.000000
2020-01-14	0.016747	0.091534	0.109528	0.087935	0.573971	20919160.000000
2020-01-13	-0.002026	0.094572	0.098716	0.083245	-0.069580	15392405.000000
2020-01-10	0.015428	0.093505	0.111739	0.093224	0.521793	21557357.000000
2020-01-09	-0.004352	0.096846	0.096846	0.083439	-0.147842	21971895.000000
2020-01-08	0.008000	0.091262	0.104213	0.090980	0.269596	16403507.000000
2020-01-07	-0.003344	0.097715	0.097995	0.085368	-0.113060	20108107.000000
2020-01-06	-0.001285	0.087897	0.092942	0.084534	-0.043488	15771951.000000
2020-01-03	-0.005365	0.079273	0.093768	0.077880	-0.182613	14922848.000000
2020-01-02	-0.001021	0.094322	0.095714	0.082627	-0.034790	16514072.000000
