2022-12-30	-0.006750	0.005220	0.006869	-0.007903	-1.023575	4532000.000000
2022-12-29	0.004146	0.011904	0.014751	0.007467	0.626053	3809100.000000
2022-12-28	-0.012926	0.008432	0.010851	-0.007125	-1.977570	4197500.000000
2022-12-27	0.008714	0.006802	0.017484	0.006539	1.321701	4215100.000000
2022-12-23	0.002825	0.007068	0.011102	0.002837	0.427307	3401800.000000
2022-12-22	0.002305	0.001570	0.010053	-0.000087	0.347824	5904900.000000
2022-12-21	0.009172	0.008214	0.020788	0.008014	1.371384	5024700.000000
2022-12-20	0.000399	-0.000951	0.009620	-0.001285	0.059647	5646100.000000
2022-12-19	-0.000266	0.004803	0.012563	-0.001752	-0.039764	5881800.000000
2022-12-16	-0.004434	0.001281	0.006009	-0.007643	-0.665817	19966400.000000
2022-12-15	-0.011319	-0.001099	0.000745	-0.014135	-1.719208	7117200.000000
2022-12-14	0.003941	0.009910	0.020817	0.005812	0.596252	7385600.000000
2022-12-13	-0.001508	0.012479	0.017891	-0.004813	-0.228561	7680600.000000
2022-12-12	0.010270	0.008275	0.017210	0.007075	1.540329	6142400.000000
2022-12-09	-0.002643	0.002152	0.010464	-0.001040	-0.397507	5868200.000000
2022-12-08	0.007188	0.001051	0.013910	-0.001963	1.073257	5187100.000000
2022-12-07	0.006431	0.004455	0.014027	0.004455	0.954025	6175500.000000
2022-12-06	0.001274	0.010527	0.012957	0.000808	0.188812	6866700.000000
2022-12-05	-0.010092	-0.006419	-0.000005	-0.009359	-1.510513	5402500.000000
2022-12-02	0.009112	0.001016	0.016523	-0.001613	1.351517	4938300.000000
2022-12-01	0.000603	0.008771	0.014371	0.002295	0.089432	6927400.000000
2022-11-30	0.025296	0.007451	0.031729	0.003854	3.657059	12396800.000000
2022-11-29	-0.007640	0.000441	0.002568	-0.007934	-1.113022	5634200.000000
2022-11-28	-0.000818	0.004012	0.010527	0.002297	-0.119247	6628200.000000
2022-11-25	0.001844	0.008611	0.011428	0.005931	0.268326	2411100.000000
2022-11-23	0.005700	0.008210	0.013254	0.005930	0.824814	4296000.000000
2022-11-22	0.008588	0.013593	0.016102	0.009481	1.232269	5372900.000000
2022-11-21	0.012695	0.009733	0.024767	0.008110	1.798706	6377200.000000
2022-11-18	0.012068	0.013775	0.019776	0.009132	1.689407	5671400.000000
2022-11-17	-0.006138	0.001802	0.005920	-0.007072	-0.864578	5186300.000000
2022-11-16	0.008897	0.013509	0.023609	0.009785	1.242203	6193700.000000
2022-11-15	-0.003476	0.014198	0.022121	-0.002861	-0.486938	7732400.000000
2022-11-14	0.000071	0.002991	0.024763	0.001207	0.009933	8516200.000000
2022-11-11	-0.001487	0.006418	0.009483	-0.008479	-0.208679	7175200.000000
2022-11-10	0.034437	0.028247	0.044246	0.018957	4.670685	8068700.000000
2022-11-09	-0.002412	0.006716	0.014807	0.002818	-0.327942	5690700.000000
2022-11-08	0.002271	0.008634	0.013794	0.001115	0.308060	5266200.000000
2022-11-07	0.015323	0.013086	0.026859	0.010916	2.047150	6746800.000000
2022-11-04	0.018253	0.016107	0.028911	0.010010	2.394974	5555400.000000
2022-11-03	-0.006845	-0.002884	0.004004	-0.008712	-0.904327	5204000.000000
2022-11-02	-0.014383	0.005081	0.018659	-0.009168	-1.927902	7318100.000000
2022-11-01	0.001559	0.006499	0.018305	0.000073	0.208694	6428300.000000
2022-10-31	-0.004067	0.006126	0.009624	-0.000869	-0.546570	8346300.000000
2022-10-28	0.025326	0.016118	0.033973	0.014210	3.319168	6996400.000000
2022-10-27	0.000759	0.007955	0.016507	0.004137	0.099380	6676700.000000
2022-10-26	0.007030	0.004660	0.019424	0.002738	0.914261	6612800.000000
2022-10-25	0.011517	0.008064	0.020354	-0.000725	1.480713	6776000.000000
2022-10-24	0.006144	0.013397	0.020832	0.004475	0.785072	6946000.000000
2022-10-21	0.012521	0.002709	0.021806	0.002234	1.580086	6394600.000000
2022-10-20	-0.012880	0.006064	0.015059	-0.009111	-1.646660	8168000.000000
2022-10-19	0.009270	0.039232	0.049968	0.022416	1.174240	9993700.000000
2022-10-18	0.008089	0.029254	0.035143	0.015963	1.016373	7114200.000000
2022-10-17	0.018068	0.020951	0.039343	0.019736	2.230064	6664600.000000
2022-10-14	-0.009738	0.016947	0.019113	0.001061	-1.213707	5516800.000000
2022-10-13	0.015109	0.005924	0.032312	0.001118	1.855110	6910500.000000
2022-10-12	0.001610	0.018393	0.026305	0.014885	0.197350	6823500.000000
2022-10-11	0.003798	0.012843	0.029302	0.012106	0.463776	5516200.000000
2022-10-10	-0.004104	0.006077	0.013253	-0.003627	-0.503242	6923300.000000
2022-10-07	-0.017473	0.013577	0.014218	-0.008377	-2.180740	6095400.000000
2022-10-06	-0.021053	0.010985	0.012318	-0.008938	-2.683990	5530800.000000
2022-10-05	-0.006918	0.006406	0.013339	-0.002240	-0.888092	5071100.000000
2022-10-04	0.012373	0.018069	0.032027	0.014915	1.568962	7211600.000000
2022-10-03	0.017901	0.021444	0.036294	0.016868	2.230072	8477700.000000
2022-09-30	-0.019037	0.015779	0.016094	-0.006190	-2.417564	9431900.000000
2022-09-29	-0.024852	0.012572	0.012572	-0.015148	-3.236572	7128500.000000
2022-09-28	0.000000	0.021402	0.021402	0.007350	0.000000	10455100.000000
2022-09-27	-0.027485	0.015283	0.022601	-0.016454	-3.680634	7722200.000000
2022-09-26	0.000959	0.013416	0.022685	0.009006	0.128281	7396400.000000
2022-09-23	-0.004625	0.009473	0.015574	-0.003398	-0.621658	6523600.000000
2022-09-22	0.003537	0.013491	0.023422	0.009758	0.473663	5061600.000000
2022-09-21	-0.012873	0.017691	0.018576	0.000224	-1.746582	6413900.000000
2022-09-20	-0.003551	0.009157	0.013270	0.002694	-0.483521	5589800.000000
2022-09-19	-0.002097	0.012830	0.014736	0.005721	-0.286148	6056000.000000
2022-09-16	0.006112	0.013416	0.025362	0.010983	0.828873	9321500.000000
2022-09-15	-0.007725	0.015392	0.016197	-0.000265	-1.055817	5320700.000000
2022-09-14	0.002388	0.016937	0.024271	0.009676	0.325623	6137800.000000
2022-09-13	-0.020695	0.011118	0.015787	-0.009854	-2.881348	6350200.000000
2022-09-12	0.008145	0.009434	0.026739	0.007262	1.124893	5818700.000000
2022-09-09	0.015233	0.014078	0.037160	0.009300	2.072220	6434300.000000
2022-09-08	0.001307	0.008485	0.019379	0.001492	0.177612	7380500.000000
2022-09-07	0.015115	0.016405	0.029332	0.016331	2.022858	6609400.000000
2022-09-06	-0.011155	0.003959	0.019180	-0.000400	-1.509750	8217200.000000
2022-09-02	-0.017760	0.019077	0.024375	-0.009009	-2.447159	7077800.000000
2022-09-01	0.012324	0.012608	0.026788	0.004747	1.677490	7446500.000000
2022-08-31	-0.015979	0.015007	0.018477	-0.003356	-2.210342	8406900.000000
2022-08-30	-0.010657	0.018566	0.018566	0.000685	-1.490021	5203700.000000
2022-08-29	-0.004217	0.006366	0.016265	0.004371	-0.592041	5272100.000000
2022-08-26	-0.023404	0.015503	0.019190	-0.012180	-3.364853	6086600.000000
2022-08-25	-0.000823	0.009316	0.013138	0.004173	-0.118423	5097600.000000
2022-08-24	-0.004302	0.014524	0.019022	0.004213	-0.621643	5903200.000000
2022-08-23	-0.019286	0.007309	0.007377	-0.010336	-2.841873	5268200.000000
2022-08-22	-0.002672	0.008340	0.016124	0.007393	-0.394714	6380700.000000
2022-08-19	-0.000267	0.009627	0.019236	0.006312	-0.039474	6502500.000000
2022-08-18	0.003551	0.010904	0.018509	0.008527	0.522980	3829000.000000
2022-08-17	-0.004602	0.007806	0.012200	0.006319	-0.680847	4834600.000000
2022-08-16	0.009222	0.012052	0.027333	0.012052	1.351852	7093000.000000
2022-08-15	0.012886	0.014798	0.027926	0.013969	1.864975	6008000.000000
2022-08-12	0.009707	0.017951	0.023672	0.011324	1.391342	5038700.000000
2022-08-11	-0.007109	0.016949	0.020274	0.003926	-1.026245	5954300.000000
2022-08-10	0.009453	0.020129	0.024395	0.016633	1.351868	4641300.000000
2022-08-09	-0.002341	0.015509	0.018090	0.007975	-0.335510	3977300.000000
2022-08-08	0.003801	0.015587	0.025671	0.013487	0.542740	4486800.000000
2022-08-05	0.000484	0.007111	0.014748	0.000245	0.069077	4580300.000000
2022-08-04	-0.001588	0.013207	0.024468	0.007331	-0.226974	6124700.000000
2022-08-03	0.020641	0.011346	0.037119	0.005992	2.891235	6811000.000000
2022-08-02	-0.006648	0.014906	0.019232	0.005403	-0.937424	7495000.000000
2022-08-01	0.028723	0.009258	0.050113	0.008747	3.937149	12590000.000000
2022-07-29	-0.061799	-0.031963	-0.024640	-0.053866	-9.028839	18694700.000000
2022-07-28	0.016616	0.016896	0.034083	0.009520	2.387955	7115700.000000
2022-07-27	0.009496	0.010677	0.027044	0.008218	1.351852	5500000.000000
2022-07-26	0.001945	0.004267	0.016936	-0.002630	0.276291	5375700.000000
2022-07-25	0.006782	0.011858	0.023337	0.009944	0.957169	5262100.000000
2022-07-22	0.015983	0.013344	0.030694	0.012697	2.220200	5292700.000000
2022-07-21	0.000946	0.013150	0.018626	0.001260	0.131241	8310200.000000
2022-07-20	-0.017287	0.019712	0.021270	-0.004081	-2.441162	8635300.000000
2022-07-19	0.005094	0.028963	0.032095	0.022344	0.715668	5943600.000000
2022-07-18	-0.012132	0.019081	0.020136	0.006636	-1.725494	6047500.000000
2022-07-15	-0.001377	0.020487	0.023015	0.011780	-0.196091	6264600.000000
2022-07-14	-0.002951	0.006414	0.018805	0.004384	-0.421555	4867000.000000
2022-07-13	0.006563	0.017600	0.035569	0.016190	0.931381	5075600.000000
2022-07-12	-0.008833	0.018738	0.026142	0.008332	-1.264709	5204400.000000
2022-07-11	0.007033	0.020910	0.030968	0.017604	0.999985	5482900.000000
2022-07-08	-0.006712	0.019926	0.025654	0.010005	-0.960785	4294200.000000
2022-07-07	-0.000342	0.014688	0.020973	0.009869	-0.049026	6623400.000000
2022-07-06	0.009330	0.025705	0.039662	0.021899	1.323547	5485200.000000
2022-07-05	-0.009650	0.009315	0.019926	-0.004927	-1.382355	5760900.000000
2022-07-01	0.016135	0.023188	0.037446	0.017229	2.274506	5937200.000000
2022-06-30	0.011181	-0.003586	0.015753	-0.006821	1.589996	7410100.000000
2022-06-29	0.009083	0.004825	0.013767	0.001632	1.279999	5174600.000000
2022-06-28	-0.016265	0.002024	0.005864	-0.018639	-2.330002	6077300.000000
2022-06-27	-0.007620	-0.001593	0.002840	-0.011361	-1.100006	5618500.000000
2022-06-24	0.014406	0.013352	0.020661	0.005762	2.050003	19440600.000000
2022-06-23	0.027437	0.003971	0.028736	0.002888	3.800003	6418300.000000
2022-06-22	0.015619	-0.005060	0.024346	-0.005133	2.130005	8374500.000000
2022-06-21	0.030296	0.017075	0.035056	0.008084	4.009995	9017000.000000
2022-06-17	-0.007201	-0.005701	0.007051	-0.014177	-0.960007	17113300.000000
2022-06-16	0.006113	-0.011169	0.019319	-0.014414	0.810013	9683300.000000
2022-06-15	-0.009937	0.004483	0.007920	-0.032427	-1.330002	12178100.000000
2022-06-14	-0.031198	-0.004633	-0.004126	-0.040608	-4.309998	9980200.000000
2022-06-13	-0.026770	-0.017260	-0.010285	-0.030433	-3.800003	8549500.000000
2022-06-10	-0.003790	-0.011229	0.004632	-0.021335	-0.540009	6630800.000000
2022-06-09	-0.018055	0.002067	0.012267	-0.019089	-2.619995	4625700.000000
2022-06-08	-0.012454	-0.004356	-0.003471	-0.013271	-1.830002	4369600.000000
2022-06-07	0.011148	-0.011354	0.012799	-0.013006	1.619995	4918600.000000
2022-06-06	-0.003907	0.010145	0.011995	-0.008911	-0.569992	4751100.000000
2022-06-03	-0.008967	-0.005774	0.000000	-0.014197	-1.320007	4720700.000000
2022-06-02	0.010780	0.002266	0.011123	-0.020667	1.570007	6479800.000000
2022-06-01	-0.015147	0.000811	0.001623	-0.021436	-2.240005	7036000.000000
2022-05-31	-0.005648	-0.009615	0.001816	-0.017214	-0.839996	12416700.000000
2022-05-27	0.015292	0.003345	0.015292	0.001024	2.240005	6028800.000000
2022-05-26	0.008746	0.008746	0.014944	-0.001171	1.269989	5702600.000000
2022-05-25	-0.016392	-0.003522	-0.003319	-0.027975	-2.419998	8217800.000000
2022-05-24	0.017787	-0.001103	0.019924	-0.001586	2.580002	7207400.000000
2022-05-23	0.022992	0.007405	0.027082	0.002045	3.260010	7134500.000000
2022-05-20	0.000635	0.003176	0.005293	-0.017784	0.089996	7786900.000000
2022-05-19	-0.023028	-0.011238	-0.011169	-0.030612	-3.339996	9694100.000000
2022-05-18	-0.062322	-0.000065	0.000517	-0.065555	-9.639999	9670700.000000
2022-05-17	-0.002837	0.000065	0.010508	-0.013215	-0.440002	6509100.000000
2022-05-16	0.009764	-0.000976	0.014842	-0.010350	1.500000	5971000.000000
2022-05-13	0.010724	0.003882	0.011448	-0.010330	1.629990	5675500.000000
2022-05-12	-0.004063	0.005963	0.006553	-0.017889	-0.619995	9600800.000000
2022-05-11	-0.014084	-0.004910	0.007171	-0.015763	-2.179993	7692200.000000
2022-05-10	-0.005270	-0.000386	0.006491	-0.010732	-0.820007	7447400.000000
2022-05-09	-0.002500	-0.013077	0.004872	-0.020833	-0.389999	8540800.000000
2022-05-06	0.009970	0.002007	0.011524	-0.003820	1.539993	7304800.000000
2022-05-05	-0.018429	-0.006736	-0.000445	-0.026817	-2.899994	8217100.000000
2022-05-04	0.007362	-0.002433	0.008578	-0.006786	1.149994	7771000.000000
2022-05-03	-0.013701	-0.001010	0.003852	-0.021278	-2.169998	10344000.000000
2022-05-02	-0.013516	0.006540	0.009031	-0.027157	-2.169998	10351600.000000
2022-04-29	-0.017502	-0.005752	-0.002815	-0.019644	-2.860001	10637000.000000
2022-04-28	0.025414	0.007405	0.027297	-0.000565	4.050003	9306800.000000
2022-04-27	-0.002691	0.002629	0.010389	-0.004256	-0.429993	6754900.000000
2022-04-26	-0.016979	0.000800	0.006706	-0.017225	-2.760010	7769500.000000
2022-04-25	0.008062	0.002791	0.012651	-0.008992	1.300003	6986800.000000
2022-04-22	-0.008364	0.003874	0.005596	-0.010454	-1.360001	9394600.000000
2022-04-21	-0.000780	0.006655	0.013291	-0.001886	-0.126984	9365700.000000
2022-04-20	0.026598	0.012486	0.037593	0.009332	4.216324	10196100.000000
2022-04-19	0.014962	0.003754	0.024626	0.000744	2.336899	7897000.000000
2022-04-18	-0.009523	0.005039	0.008210	-0.007327	-1.501587	6034500.000000
2022-04-14	-0.005581	0.008890	0.010908	-0.000759	-0.885025	7806500.000000
2022-04-13	0.002830	0.006053	0.014464	0.003713	0.447495	5247700.000000
2022-04-12	-0.003010	0.004475	0.012798	0.000629	-0.477325	7221500.000000
2022-04-11	-0.003810	0.004668	0.012582	-0.003623	-0.606598	6158400.000000
2022-04-08	0.007806	0.010928	0.016182	0.005990	1.233078	6045400.000000
2022-04-07	0.012944	0.012279	0.022025	0.006508	2.018677	6889700.000000
2022-04-06	0.014293	0.004310	0.022975	0.001188	2.197678	8884700.000000
2022-04-05	0.003505	0.002543	0.027083	0.002086	0.536987	7653000.000000
2022-04-04	-0.006512	-0.002689	0.000812	-0.019224	-1.004364	5992000.000000
2022-04-01	0.014987	0.010349	0.023116	0.000740	2.277222	5742600.000000
2022-03-31	-0.010299	0.003721	0.005285	-0.007351	-1.581131	7538600.000000
2022-03-30	-0.006883	-0.013537	-0.001052	-0.017159	-1.064041	5779300.000000
2022-03-29	0.010268	0.015347	0.022536	0.006525	1.571182	5643400.000000
2022-03-28	0.006870	0.010940	0.012651	0.004294	1.044144	4234000.000000
2022-03-25	0.011583	0.009271	0.024514	0.008472	1.740250	5047700.000000
2022-03-24	0.001724	0.006077	0.010544	0.001210	0.258545	4203100.000000
2022-03-23	-0.006979	0.007729	0.013092	-0.002269	-1.054092	5531900.000000
2022-03-22	0.007696	0.023691	0.024826	0.004276	1.153534	7292100.000000
2022-03-21	0.003796	0.007553	0.014116	-0.000484	0.566833	6937500.000000
2022-03-18	-0.000533	0.009894	0.009894	-0.007710	-0.079559	15570300.000000
2022-03-17	0.003138	0.007155	0.010378	-0.002850	0.467377	6003800.000000
2022-03-16	-0.003394	0.008019	0.015782	-0.009313	-0.507172	6908900.000000
2022-03-15	0.035988	0.019199	0.043672	0.018367	5.190887	9868400.000000
2022-03-14	0.012778	0.014247	0.025411	0.006523	1.819794	7964600.000000
2022-03-11	-0.011867	0.008802	0.014075	-0.007641	-1.710403	7086100.000000
2022-03-10	-0.025744	-0.000946	0.002298	-0.027038	-3.808640	9221000.000000
2022-03-09	0.013489	0.019586	0.030821	0.012598	1.968964	7044100.000000
2022-03-08	-0.039584	0.001268	0.006334	-0.035577	-6.016251	9517200.000000
2022-03-07	-0.014825	0.001397	0.001592	-0.020318	-2.287170	8374500.000000
2022-03-04	0.005053	-0.002468	0.012060	-0.006181	0.775650	8639100.000000
2022-03-03	0.003706	0.005480	0.019146	0.005480	0.566818	7451200.000000
2022-03-02	0.003131	0.003315	0.017220	0.000953	0.477325	6111300.000000
2022-03-01	-0.016550	-0.004582	0.002449	-0.017290	-2.565613	8311900.000000
2022-02-28	-0.014851	-0.006782	-0.001062	-0.022479	-2.336884	8669200.000000
2022-02-25	0.042699	0.009387	0.053187	0.008857	6.443848	8888800.000000
2022-02-24	-0.026930	0.003547	0.005739	-0.029208	-4.176575	13145100.000000
2022-02-23	-0.012474	0.007966	0.009877	-0.009226	-1.959000	6273000.000000
2022-02-22	-0.012320	0.006931	0.011774	-0.014766	-1.959015	8179500.000000
2022-02-18	0.000501	0.003597	0.013412	-0.000682	0.079544	8063200.000000
2022-02-17	0.011455	0.007965	0.020694	0.001410	1.799911	7925500.000000
2022-02-16	0.007588	0.005674	0.018179	0.002083	1.183350	9315700.000000
2022-02-15	0.000510	0.012219	0.022163	0.001568	0.079559	6659200.000000
2022-02-14	0.002879	0.004645	0.010565	-0.013242	0.447510	9472200.000000
2022-02-11	-0.005599	0.010985	0.014632	-0.004563	-0.875107	9341400.000000
2022-02-10	-0.015226	0.002397	0.004980	-0.012977	-2.416443	7033000.000000
2022-02-09	-0.002251	0.008125	0.009885	0.001272	-0.358002	8077400.000000
2022-02-08	-0.002245	0.010628	0.011569	0.001408	-0.357986	5048700.000000
2022-02-07	-0.007491	0.007727	0.010155	-0.005969	-1.203247	6430500.000000
2022-02-04	-0.015901	-0.000577	0.007755	-0.011115	-2.595428	8959900.000000
2022-02-03	0.009471	0.001776	0.020330	-0.000451	1.531403	10474500.000000
2022-02-02	0.017904	0.008128	0.025126	0.003911	2.844040	7558800.000000
2022-02-01	-0.004425	0.007741	0.010938	-0.011437	-0.706024	6284100.000000
2022-01-31	-0.000312	-0.001595	0.006550	-0.004602	-0.049728	8950100.000000
2022-01-28	0.008609	0.002324	0.017112	-0.005828	1.362350	9494200.000000
2022-01-27	0.006197	0.009298	0.025958	0.008345	0.974548	9083000.000000
2022-01-26	-0.008713	-0.008257	0.005799	-0.014308	-1.382248	10707100.000000
2022-01-25	-0.010911	0.000311	0.005610	-0.015649	-1.750198	9369600.000000
2022-01-24	-0.008117	0.010619	0.014886	-0.018507	-1.312622	14838100.000000
2022-01-21	0.003827	0.011818	0.026405	0.006231	0.616531	10900400.000000
2022-01-20	0.005399	-0.000693	0.025581	-0.000693	0.865143	10799100.000000
2022-01-19	0.033625	0.016717	0.059163	0.012588	5.212479	14088300.000000
2022-01-18	-0.019273	0.002942	0.002942	-0.012811	-3.046371	10988400.000000
2022-01-14	0.009603	0.009635	0.025092	0.006377	1.503403	10708000.000000
2022-01-13	-0.004528	0.012947	0.013838	0.003219	-0.712143	6551000.000000
2022-01-12	0.002206	0.008491	0.015501	0.005751	0.346176	7127500.000000
2022-01-11	-0.011587	0.009150	0.009150	-0.011698	-1.839691	11957900.000000
2022-01-10	-0.013641	0.009611	0.013401	-0.004926	-2.195770	8055000.000000
2022-01-07	-0.000553	0.012903	0.015386	0.005576	-0.089005	6098500.000000
2022-01-06	-0.008404	0.011840	0.017135	0.001189	-1.364944	7556000.000000
2022-01-05	0.004527	0.010854	0.022482	0.010607	0.731934	9330200.000000
2022-01-04	0.003499	0.007254	0.020288	0.006571	0.563766	9253800.000000
2022-01-03	-0.004157	-0.000642	0.007084	-0.011829	-0.672577	9317300.000000
2021-12-31	0.004976	0.011599	0.017003	0.009114	0.801147	5327000.000000
2021-12-30	-0.008648	0.012333	0.013503	0.001311	-1.404480	5911500.000000
2021-12-29	0.008290	0.013337	0.024327	0.012530	1.335266	5346100.000000
2021-12-28	0.005371	0.010978	0.019841	0.010853	0.860489	5929400.000000
2021-12-27	0.011680	0.014640	0.022975	0.014261	1.849579	4548600.000000
2021-12-23	0.004896	0.012182	0.021193	0.011801	0.771484	5640900.000000
2021-12-22	0.009888	0.011104	0.022704	0.007900	1.542969	6626300.000000
2021-12-21	-0.000633	0.009695	0.012897	0.004187	-0.098907	6946000.000000
2021-12-20	0.002540	0.005518	0.017461	0.005325	0.395630	9202600.000000
2021-12-17	-0.022655	0.008216	0.014868	-0.012807	-3.610153	24349400.000000
2021-12-16	0.014163	0.010213	0.026696	0.008240	2.225433	10852900.000000
2021-12-15	0.003855	0.007143	0.019920	0.007143	0.603348	9152600.000000
2021-12-14	0.003679	0.012515	0.017196	0.004563	0.573669	8677500.000000
2021-12-13	0.014216	0.009999	0.029705	0.007463	2.185867	8944000.000000
2021-12-10	0.013958	0.014535	0.027394	0.011765	2.116623	7172300.000000
2021-12-09	0.005839	0.010244	0.022714	0.005535	0.880295	8334300.000000
2021-12-08	0.004481	0.010507	0.017103	0.001246	0.672577	8329300.000000
2021-12-07	-0.002629	0.009711	0.013897	0.005192	-0.395630	7913400.000000
2021-12-06	0.015145	0.013131	0.027972	0.013131	2.245209	11935100.000000
2021-12-03	0.017792	0.016258	0.029852	0.013786	2.591400	11200800.000000
2021-12-02	0.005874	0.015253	0.025266	0.014769	0.850601	9468800.000000
2021-12-01	0.012588	0.012928	0.034047	0.012928	1.800110	8313500.000000
2021-11-30	-0.029795	0.002831	0.007783	-0.022205	-4.391510	11696400.000000
2021-11-29	0.010511	0.013234	0.026054	0.006378	1.533081	7113300.000000
2021-11-26	-0.008005	0.010496	0.018249	0.001859	-1.177017	6299800.000000
2021-11-24	-0.005219	0.006507	0.007251	-0.000867	-0.771469	5665200.000000
2021-11-23	0.011096	0.011245	0.022669	0.010151	1.622086	7912800.000000
2021-11-22	0.006675	0.012073	0.025639	0.011109	0.969299	6625400.000000
2021-11-19	-0.002039	0.016744	0.018668	0.008772	-0.296722	6274300.000000
2021-11-18	0.000136	0.010627	0.017776	0.006985	0.019775	5509300.000000
2021-11-17	-0.000611	0.009529	0.015093	0.005751	-0.089020	4900200.000000
2021-11-16	-0.001425	0.010971	0.019202	0.008365	-0.207687	7603900.000000
2021-11-15	0.005731	0.014282	0.019249	0.010419	0.830811	5510200.000000
2021-11-12	0.001093	0.013388	0.015736	0.008139	0.158264	5687400.000000
2021-11-11	-0.002861	0.011315	0.012073	0.006839	-0.415421	4096300.000000
2021-11-10	0.009836	0.013474	0.024392	0.012431	1.414383	7334900.000000
2021-11-09	0.003036	0.011598	0.017178	0.008459	0.435211	4873100.000000
2021-11-08	-0.007464	0.007302	0.011455	-0.002945	-1.078110	5854400.000000
2021-11-05	0.004955	0.011875	0.018345	0.007422	0.712128	6062700.000000
2021-11-04	0.001861	-0.004364	0.013410	-0.007850	0.267059	6402500.000000
2021-11-03	0.006872	0.011531	0.018409	0.007250	0.979187	7620100.000000
2021-11-02	0.009955	0.011607	0.024791	0.008488	1.404510	9954300.000000
2021-11-01	-0.002448	0.013656	0.016767	0.007505	-0.346191	5038900.000000
2021-10-29	0.002173	0.007355	0.016709	0.006363	0.306625	6239500.000000
2021-10-28	0.005993	0.011468	0.018525	0.010185	0.840714	4538500.000000
2021-10-27	-0.007140	0.013092	0.016914	0.002830	-1.008865	9643500.000000
2021-10-26	0.014200	0.016567	0.027765	0.013840	1.978165	6234900.000000
2021-10-25	0.000142	0.008025	0.011686	-0.001739	0.019775	5382100.000000
2021-10-22	0.010766	0.011475	0.023231	0.010967	1.483627	5265000.000000
2021-10-21	-0.007197	0.014786	0.016947	0.002683	-0.998978	6545500.000000
2021-10-20	0.003910	0.013619	0.026710	0.011449	0.540649	7352700.000000
2021-10-19	-0.011803	-0.005992	0.006444	-0.007993	-1.651413	9555300.000000
2021-10-18	-0.014402	0.011179	0.012236	0.000965	-2.044617	9119000.000000
2021-10-15	0.002568	0.020627	0.023099	0.014695	0.363693	6923700.000000
2021-10-14	0.011303	0.020093	0.030663	0.019950	1.582611	6777800.000000
2021-10-13	0.002322	0.019384	0.021961	0.009576	0.324387	5689800.000000
2021-10-12	-0.001476	0.019309	0.022454	0.012876	-0.206436	6734800.000000
2021-10-11	0.004163	0.021901	0.024773	0.017595	0.579971	5995600.000000
2021-10-08	-0.004146	0.017093	0.019452	0.008158	-0.579971	6131800.000000
2021-10-07	0.008003	0.021343	0.030565	0.021343	1.110779	5334600.000000
2021-10-06	0.013350	0.014825	0.031399	0.012124	1.828369	5332900.000000
2021-10-05	0.003891	0.017381	0.029988	0.016795	0.530823	6902700.000000
2021-10-04	-0.005660	0.015923	0.023284	0.002877	-0.776566	5816000.000000
2021-10-01	-0.001574	0.018254	0.020437	0.006538	-0.216263	5587200.000000
2021-09-30	-0.015632	0.021749	0.022465	-0.000529	-2.182251	6934900.000000
2021-09-29	0.010172	0.014992	0.032431	0.014341	1.405685	5460000.000000
2021-09-28	-0.007553	0.012927	0.015225	0.002227	-1.051804	7015300.000000
2021-09-27	-0.013166	0.014473	0.014615	0.002922	-1.857834	5749700.000000
2021-09-24	-0.004439	0.014556	0.019142	0.009547	-0.629120	5009400.000000
2021-09-23	0.004109	0.020566	0.025029	0.016528	0.579956	5171200.000000
2021-09-22	0.003424	0.022355	0.026122	0.015530	0.481674	6332500.000000
2021-09-21	0.001540	0.017948	0.028984	0.017237	0.216278	6651300.000000
2021-09-20	-0.010046	0.016462	0.020902	0.000604	-1.425339	10238700.000000
2021-09-17	0.001596	0.019143	0.032626	0.018155	0.226074	18737400.000000
2021-09-16	-0.006960	0.015345	0.017798	0.001184	-0.992813	6142100.000000
2021-09-15	-0.002132	0.016748	0.019686	0.012481	-0.304718	6237100.000000
2021-09-14	-0.001716	0.020450	0.022056	0.012210	-0.245743	5831800.000000
2021-09-13	0.010754	0.022390	0.039188	0.022390	1.523621	9952500.000000
2021-09-10	0.000972	0.017802	0.020628	0.012574	0.137619	5750000.000000
2021-09-09	-0.004219	0.017097	0.019277	0.010624	-0.599640	6354700.000000
2021-09-08	0.007595	0.014260	0.027445	0.013763	1.071472	6897800.000000
2021-09-07	-0.003749	0.019214	0.020486	0.011940	-0.530823	6520600.000000
2021-09-03	0.000695	0.015965	0.020276	0.014269	0.098312	5466400.000000
2021-09-02	0.000765	0.018227	0.023602	0.015469	0.108124	5392500.000000
2021-09-01	0.010183	0.016879	0.030168	0.016165	1.425339	6214200.000000
2021-08-31	-0.003778	0.018091	0.021578	0.011044	-0.530807	9642400.000000
2021-08-30	0.004357	0.019381	0.022169	0.015449	0.609436	3845800.000000
2021-08-27	-0.000772	0.017736	0.019808	0.011736	-0.108124	4741200.000000
2021-08-26	-0.001752	0.016523	0.017593	0.008751	-0.245743	4749400.000000
2021-08-25	-0.003562	0.016526	0.016952	0.010700	-0.501328	3861500.000000
2021-08-24	-0.008105	0.014911	0.015898	0.007653	-1.150101	4560400.000000
2021-08-23	-0.005100	0.011698	0.019061	0.011278	-0.727402	4522200.000000
2021-08-20	0.000690	0.019132	0.024254	0.015834	0.098282	5273800.000000
2021-08-19	0.011793	0.016314	0.031364	0.016314	1.661255	5787200.000000
2021-08-18	-0.010906	0.016044	0.017308	0.005371	-1.553131	7162000.000000
2021-08-17	0.001659	0.015620	0.024060	0.012033	0.235931	7577000.000000
2021-08-16	0.006962	0.017520	0.024744	0.015466	0.982986	6040800.000000
2021-08-13	0.004827	0.017308	0.024709	0.015457	0.678268	4888800.000000
2021-08-12	0.002314	0.021088	0.021088	0.015382	0.324387	4956100.000000
2021-08-11	0.002460	0.020668	0.024244	0.018738	0.344025	4205000.000000
2021-08-10	0.000633	0.015376	0.019669	0.013587	0.088486	5253500.000000
2021-08-09	0.005445	0.021192	0.025797	0.019394	0.756897	4743800.000000
2021-08-06	-0.007649	0.021091	0.021734	0.008170	-1.071457	6030100.000000
2021-08-05	0.000492	0.023879	0.025307	0.010451	0.068817	5363300.000000
2021-08-04	-0.010559	0.010877	0.018297	0.006000	-1.494141	6628000.000000
2021-08-03	0.014590	0.017164	0.034014	0.014726	2.034760	8455700.000000
2021-08-02	-0.002461	0.014018	0.018738	0.007080	-0.344025	7009500.000000
2021-07-30	0.019716	0.035687	0.054213	0.032405	2.703217	14394300.000000
2021-07-29	0.005189	0.024639	0.027718	0.017088	0.707748	5430500.000000
2021-07-28	-0.014838	0.016008	0.016008	0.001851	-2.054443	8520000.000000
2021-07-27	0.004063	0.016365	0.027025	0.015277	0.560287	7075400.000000
2021-07-26	0.003505	0.016071	0.024804	0.013160	0.481689	5925800.000000
2021-07-23	0.014441	0.014945	0.033401	0.011992	1.956131	7906000.000000
2021-07-22	-0.003831	0.009659	0.017308	0.005394	-0.520981	6013800.000000
2021-07-21	-0.003508	0.025611	0.027443	0.018576	-0.478668	6954700.000000
2021-07-20	-0.005340	0.023706	0.034931	0.017874	-0.732620	8136300.000000
2021-07-19	-0.000498	0.022322	0.033614	0.011320	-0.068375	9544100.000000
2021-07-16	0.009701	0.024736	0.035623	0.023338	1.318741	9346300.000000
2021-07-15	0.008552	0.023928	0.033202	0.021628	1.152649	7357100.000000
2021-07-14	0.007374	0.024005	0.033123	0.019221	0.986633	5903600.000000
2021-07-13	-0.001240	0.018107	0.026916	0.018107	-0.166061	5603800.000000
2021-07-12	0.000803	0.022734	0.026993	0.019223	0.107437	6807300.000000
2021-07-09	0.000365	0.025649	0.028713	0.022660	0.048874	5948700.000000
2021-07-08	-0.000146	0.023631	0.026695	0.015412	-0.019562	7585200.000000
2021-07-07	0.007501	0.024082	0.035827	0.024082	0.996399	5532700.000000
2021-07-06	0.000589	0.020843	0.026719	0.019638	0.078140	6534400.000000
2021-07-02	0.004880	0.026431	0.034303	0.025068	0.644699	5572000.000000
2021-07-01	0.002298	0.027499	0.032886	0.023630	0.302841	5922300.000000
2021-06-30	0.003943	0.025077	0.030485	0.022868	0.517731	5776600.000000
2021-06-29	-0.006799	0.025143	0.027564	0.012358	-0.898712	5792300.000000
2021-06-28	0.002965	0.023554	0.033115	0.022492	0.390762	6065400.000000
2021-06-25	0.014283	0.025553	0.043099	0.023167	1.855988	24504900.000000
2021-06-24	0.000677	0.023860	0.026632	0.021935	0.087906	6056700.000000
2021-06-23	-0.001427	0.022399	0.025551	0.017554	-0.185593	5796000.000000
2021-06-22	0.000376	0.023475	0.031014	0.022244	0.048828	6550900.000000
2021-06-21	0.007877	0.028823	0.033243	0.026575	1.015915	8014800.000000
2021-06-18	-0.014628	0.018740	0.018816	0.008043	-1.914612	13997600.000000
2021-06-17	0.009113	0.024014	0.034345	0.022704	1.181992	7875600.000000
2021-06-16	-0.013888	0.027735	0.030776	0.008500	-1.826691	8936400.000000
2021-06-15	-0.001927	0.025906	0.029245	0.020974	-0.253983	5543400.000000
2021-06-14	0.000371	0.024617	0.024996	0.016874	0.048828	6302000.000000
2021-06-11	-0.006849	0.023404	0.024309	0.009457	-0.908447	10641400.000000
2021-06-10	0.007419	0.025453	0.035554	0.022415	0.976852	6515500.000000
2021-06-09	-0.000371	0.029096	0.035853	0.022947	-0.048859	6200700.000000
2021-06-08	-0.011582	0.025657	0.026182	0.011174	-1.543411	6911500.000000
2021-06-07	0.003457	0.026793	0.030408	0.021673	0.459122	8418000.000000
2021-06-04	0.000736	0.022576	0.029508	0.020315	0.097687	6894400.000000
2021-06-03	0.017908	0.021942	0.042499	0.021712	2.334656	11249800.000000
2021-06-02	0.004365	0.024630	0.029484	0.020932	0.566559	8254100.000000
2021-06-01	-0.014609	0.030842	0.032436	0.005714	-1.924393	9993900.000000
2021-05-28	-0.000963	0.024995	0.032428	0.021127	-0.126968	10477100.000000
2021-05-27	-0.022734	0.023706	0.024892	-0.001939	-3.067291	33095700.000000
2021-05-26	-0.002239	0.026368	0.026886	0.019565	-0.302811	8122900.000000
2021-05-25	0.003406	0.024373	0.027564	0.014727	0.459076	8142400.000000
2021-05-24	-0.000290	0.023706	0.029640	0.021703	-0.039047	6981300.000000
2021-05-21	0.000000	0.025189	0.030679	0.022074	0.000000	10161000.000000
2021-05-20	0.010249	0.025130	0.039519	0.024605	1.367584	8768200.000000
2021-05-19	0.002054	0.021753	0.027536	0.018224	0.273499	9806800.000000
2021-05-18	-0.010237	0.014266	0.024449	0.011962	-1.377335	9239100.000000
2021-05-17	-0.002029	0.023409	0.031569	0.020739	-0.273514	7690700.000000
2021-05-14	0.002106	0.023334	0.033964	0.023334	0.283264	5989500.000000
2021-05-13	0.016084	0.026349	0.046289	0.022573	2.129547	8753600.000000
2021-05-12	-0.010585	0.019969	0.023780	0.012497	-1.416443	8853700.000000
2021-05-11	-0.004939	0.029803	0.032034	0.014783	-0.664261	10973700.000000
2021-05-10	0.018646	0.029311	0.048475	0.027796	2.461655	8852700.000000
2021-05-07	0.000074	0.023251	0.030448	0.020827	0.009766	6299100.000000
2021-05-06	0.012588	0.027925	0.038357	0.027234	1.641113	9771100.000000
2021-05-05	-0.008027	0.022412	0.026978	0.014803	-1.054993	8295900.000000
2021-05-04	-0.003407	0.023554	0.030000	0.017715	-0.449356	9624000.000000
2021-05-03	0.011842	0.028386	0.041046	0.028386	1.543427	8070300.000000
2021-04-30	0.006867	0.025560	0.032668	0.021775	0.888931	9188600.000000
2021-04-29	0.008447	0.023005	0.036093	0.023005	1.084290	6786800.000000
2021-04-28	0.001677	0.027842	0.028935	0.021365	0.214905	6262800.000000
2021-04-27	-0.000610	0.023550	0.028619	0.016141	-0.078156	8296800.000000
2021-04-26	-0.020009	0.020266	0.022330	0.002535	-2.617950	9910600.000000
2021-04-23	-0.005125	0.025987	0.027128	0.013213	-0.674011	6708300.000000
2021-04-22	-0.009928	0.019114	0.022275	0.009251	-1.318726	7338300.000000
2021-04-21	-0.006534	0.031303	0.036388	0.021655	-0.873581	8465900.000000
2021-04-20	0.008345	0.016907	0.045188	0.007027	1.106506	10040500.000000
2021-04-19	-0.004663	0.027928	0.028979	0.016293	-0.621216	9149400.000000
2021-04-16	0.000073	0.033033	0.035210	0.027553	0.009720	7708500.000000
2021-04-15	0.012094	0.033067	0.046666	0.032307	1.591827	7945300.000000
2021-04-14	0.003627	0.033382	0.035441	0.026214	0.475616	7584000.000000
2021-04-13	-0.013219	0.023483	0.026267	0.014604	-1.756836	9161200.000000
2021-04-12	0.004033	0.031238	0.035317	0.025269	0.533844	6440900.000000
2021-04-09	-0.006484	0.024626	0.030331	0.017495	-0.863861	5855400.000000
2021-04-08	0.003803	0.031461	0.036961	0.029125	0.504715	6190300.000000
2021-04-07	0.001758	0.034935	0.036520	0.028369	0.232971	10244500.000000
2021-04-06	0.000367	0.026858	0.034559	0.024140	0.048553	6180600.000000
2021-04-05	0.016160	0.035473	0.053043	0.033708	2.106247	8279100.000000
2021-04-01	-0.008491	0.027365	0.030636	0.014280	-1.116196	9117800.000000
2021-03-31	-0.000148	0.032005	0.040144	0.028810	-0.019424	9202600.000000
2021-03-30	-0.015411	0.023066	0.025987	0.012057	-2.057770	8090600.000000
2021-03-29	0.015652	0.026833	0.046609	0.026833	2.057770	11176000.000000
2021-03-26	0.014759	0.028249	0.046696	0.022537	1.912125	10821200.000000
2021-03-25	0.006940	0.034375	0.038494	0.026292	0.892990	7517300.000000
2021-03-24	-0.000302	0.017358	0.034451	0.014871	-0.038834	8318000.000000
2021-03-23	0.018590	0.032076	0.054868	0.028752	2.348946	9503800.000000
2021-03-22	0.016952	0.030255	0.053434	0.030255	2.106270	8077600.000000
2021-03-19	-0.005361	0.033458	0.038581	0.023851	-0.669731	20262100.000000
2021-03-18	0.002180	0.028571	0.035229	0.019184	0.271774	6871300.000000
2021-03-17	-0.004033	0.031614	0.037447	0.025541	-0.504730	6192900.000000
2021-03-16	0.002956	0.029855	0.041635	0.029855	0.368843	6485200.000000
2021-03-15	0.003278	0.032266	0.037492	0.022617	0.407661	7172600.000000
2021-03-12	0.009692	0.036263	0.045761	0.036263	1.193878	6521900.000000
2021-03-11	-0.003377	0.028556	0.034382	0.025239	-0.417374	6941500.000000
2021-03-10	0.009193	0.030010	0.048545	0.024458	1.125923	9070900.000000
2021-03-09	-0.008876	0.033007	0.043284	0.020140	-1.096802	8859700.000000
2021-03-08	0.010557	0.028456	0.054135	0.024858	1.290932	9224700.000000
2021-03-05	0.031355	0.035400	0.065511	0.033629	3.717537	10490900.000000
2021-03-04	-0.008201	0.029753	0.043723	0.016704	-0.980354	10228100.000000
2021-03-03	-0.005972	0.029175	0.032750	0.021026	-0.718254	7537000.000000
2021-03-02	-0.003138	0.026774	0.034980	0.023127	-0.378555	10206500.000000
2021-03-01	0.006152	0.035510	0.046602	0.034175	0.737686	7740200.000000
2021-02-26	-0.024095	0.029930	0.033104	-0.008487	-2.960426	17718800.000000
2021-02-25	-0.008460	0.028883	0.040989	0.019199	-1.048294	7790800.000000
2021-02-24	0.001098	0.028882	0.036073	0.025327	0.135895	7263000.000000
2021-02-23	0.007426	0.040023	0.057522	0.035220	0.912399	10145300.000000
2021-02-22	-0.004248	0.027581	0.031228	0.024258	-0.524155	6975500.000000
2021-02-19	-0.018606	0.028824	0.029540	0.010291	-2.339218	8277900.000000
2021-02-18	0.008329	0.025042	0.041403	0.023278	1.038567	6936400.000000
2021-02-17	0.004221	0.024376	0.042900	0.023732	0.524147	8845200.000000
2021-02-16	0.002351	0.033081	0.034695	0.025169	0.291183	8246000.000000
2021-02-12	-0.005533	0.027606	0.028650	0.016206	-0.689140	8407300.000000
2021-02-11	0.000858	0.032827	0.039174	0.030175	0.106766	6139200.000000
2021-02-10	-0.003497	0.030896	0.034179	0.024571	-0.436775	8594100.000000
2021-02-09	-0.003871	0.032569	0.036397	0.022758	-0.485321	5917800.000000
2021-02-08	-0.003087	0.033118	0.034470	0.018647	-0.388252	7011200.000000
2021-02-05	0.004185	0.030974	0.038799	0.030256	0.524147	5063700.000000
2021-02-04	0.000620	0.033691	0.034330	0.027299	0.077660	6613700.000000
2021-02-03	0.001242	0.031535	0.033535	0.021936	0.155296	7309400.000000
2021-02-02	-0.001396	0.035288	0.044235	0.028019	-0.174728	6825600.000000
2021-02-01	0.005928	0.036604	0.041907	0.030175	0.737679	6534200.000000
2021-01-29	-0.016493	0.028912	0.029702	0.012157	-2.086861	8344100.000000
2021-01-28	0.015423	0.025922	0.056497	0.022712	1.921852	8242000.000000
2021-01-27	-0.035390	0.024837	0.030333	-0.011469	-4.571671	10826700.000000
2021-01-26	0.006428	0.030333	0.039838	0.023945	0.825027	5996700.000000
2021-01-25	0.017231	0.029859	0.054031	0.029463	2.174225	9640000.000000
2021-01-22	-0.007709	0.030334	0.033873	0.022234	-0.980347	7202800.000000
2021-01-21	-0.000984	0.026414	0.036941	0.025314	-0.125191	8761600.000000
2021-01-20	-0.012500	0.028169	0.038021	0.018316	-1.611259	12506600.000000
2021-01-19	-0.008755	0.043545	0.048620	0.027088	-1.138474	9184900.000000
2021-01-15	-0.007511	0.032272	0.039523	0.027769	-0.984085	7757600.000000
2021-01-14	-0.010637	0.037753	0.039415	0.021518	-1.408646	6172800.000000
2021-01-13	0.001532	0.036848	0.044184	0.036848	0.202591	6078800.000000
2021-01-12	-0.005803	0.036470	0.039477	0.024364	-0.771851	6333500.000000
2021-01-11	-0.006773	0.036171	0.041324	0.027583	-0.906891	7239900.000000
2021-01-08	-0.000432	0.033633	0.038037	0.022660	-0.057907	7448500.000000
2021-01-07	-0.009347	0.033438	0.036248	0.020792	-1.263916	7355400.000000
2021-01-06	0.010526	0.036993	0.053956	0.035723	1.408646	10578000.000000
2021-01-05	0.006385	0.037748	0.044742	0.024813	0.849030	6856400.000000
2021-01-04	-0.009487	0.040343	0.041833	0.015687	-1.273544	8330900.000000
2020-12-31	0.009944	0.040532	0.047905	0.033611	1.321777	4076400.000000
2020-12-30	-0.004696	0.037817	0.040214	0.029955	-0.627136	3261400.000000
2020-12-29	-0.001875	0.040506	0.045887	0.032882	-0.250839	5139300.000000
2020-12-28	0.006971	0.039706	0.049038	0.038201	0.926224	3714700.000000
2020-12-24	0.010122	0.035405	0.050077	0.035405	1.331436	2588200.000000
2020-12-23	-0.001538	0.042846	0.044060	0.033282	-0.202606	6004200.000000
2020-12-22	-0.007053	0.034736	0.040615	0.027878	-0.935852	5023100.000000
2020-12-21	-0.010932	0.028419	0.031923	0.015448	-1.466507	6732400.000000
2020-12-18	0.005714	0.036545	0.050115	0.030472	0.762192	19988800.000000
2020-12-17	0.007139	0.042057	0.050438	0.041604	0.945496	7405300.000000
2020-12-16	0.004537	0.036925	0.048757	0.036925	0.598221	5382500.000000
2020-12-15	0.005889	0.040590	0.049364	0.039445	0.771820	5397000.000000
2020-12-14	-0.004835	0.040342	0.047251	0.030851	-0.636749	6485300.000000
2020-12-11	0.007379	0.028439	0.046337	0.026450	0.964798	6548000.000000
2020-12-10	-0.006598	0.037306	0.040345	0.026060	-0.868332	6800500.000000
2020-12-09	-0.011880	0.034818	0.036394	0.022955	-1.582321	6773400.000000
2020-12-08	0.002687	0.031501	0.044751	0.027060	0.356995	6493500.000000
2020-12-07	0.001528	0.029986	0.038505	0.029609	0.202606	6918000.000000
2020-12-04	0.000947	0.035489	0.040394	0.025376	0.125443	6617200.000000
2020-12-03	-0.007372	0.034447	0.036395	0.015345	-0.984100	8742500.000000
2020-12-02	-0.007247	0.036470	0.040709	0.022489	-0.974472	6963000.000000
2020-12-01	0.003600	0.038634	0.041470	0.031171	0.482407	7169700.000000
2020-11-30	0.001876	0.031908	0.040881	0.022487	0.250839	11640400.000000
2020-11-27	-0.000505	0.035797	0.038039	0.027875	-0.067535	4252200.000000
2020-11-25	0.002675	0.035346	0.044563	0.034446	0.356979	8411300.000000
2020-11-24	-0.003243	0.036993	0.044537	0.031316	-0.434143	7101800.000000
2020-11-23	-0.003877	0.036618	0.041306	0.025755	-0.521042	4770600.000000
2020-11-20	-0.001648	0.036470	0.042561	0.029784	-0.221878	4726900.000000
2020-11-19	-0.001217	0.037731	0.039586	0.027196	-0.164032	5284100.000000
2020-11-18	-0.015365	0.037273	0.038077	0.020252	-2.103302	6097100.000000
2020-11-17	-0.003861	0.032540	0.044038	0.031521	-0.530624	6396800.000000
2020-11-16	-0.012822	0.040061	0.040061	0.014775	-1.784927	7976600.000000
2020-11-13	0.014984	0.036907	0.053459	0.034501	2.055084	6466800.000000
2020-11-12	0.000563	0.038075	0.039972	0.029174	0.077164	5631700.000000
2020-11-11	0.012905	0.048219	0.056717	0.039352	1.746323	5554300.000000
2020-11-10	0.016450	0.037296	0.056224	0.030160	2.190109	7854000.000000
2020-11-09	-0.036584	0.057600	0.063172	-0.004271	-5.055603	12664700.000000
2020-11-06	0.005970	0.038581	0.048772	0.036470	0.820099	4702300.000000
2020-11-05	0.012372	0.049735	0.057768	0.044871	1.678772	5673100.000000
2020-11-04	-0.004107	0.030892	0.049534	0.029497	-0.559586	5820600.000000
2020-11-03	0.019639	0.042606	0.067601	0.042606	2.624283	6244200.000000
2020-11-02	0.010212	0.047129	0.058394	0.039040	1.350739	6682800.000000
2020-10-30	-0.003417	0.033531	0.039634	0.014696	-0.453476	6422000.000000
2020-10-29	-0.000654	0.034136	0.047236	0.022465	-0.086823	5476900.000000
2020-10-28	-0.033015	0.022564	0.026131	-0.000298	-4.534637	8192200.000000
2020-10-27	0.007502	0.041164	0.051434	0.039037	1.022705	6806700.000000
2020-10-26	-0.007585	0.030064	0.034068	0.019217	-1.041977	5315500.000000
2020-10-23	0.006575	0.038741	0.046948	0.038741	0.897263	4278100.000000
2020-10-22	-0.007083	0.029420	0.038587	0.026437	-0.973511	4502900.000000
2020-10-21	0.005404	0.042298	0.055830	0.042152	0.738831	5649700.000000
2020-10-20	0.004016	0.069398	0.069986	0.042151	0.546875	7582100.000000
2020-10-19	-0.017175	0.042802	0.049443	0.018694	-2.379471	6427600.000000
2020-10-16	0.003893	0.046500	0.057007	0.042877	0.537277	6806100.000000
2020-10-15	-0.001458	0.035134	0.044757	0.033904	-0.201477	4997100.000000
2020-10-14	-0.001179	0.042008	0.048657	0.034058	-0.163132	3860700.000000
2020-10-13	-0.001938	0.037392	0.044749	0.034795	-0.268646	4509400.000000
2020-10-12	0.010985	0.045215	0.059799	0.045215	1.506378	5791500.000000
2020-10-09	0.008966	0.043623	0.056867	0.042593	1.218552	6551700.000000
2020-10-08	0.006752	0.041188	0.051336	0.039706	0.911530	4569800.000000
2020-10-07	0.007807	0.045733	0.055513	0.040433	1.045837	4640900.000000
2020-10-06	0.001578	0.042449	0.052543	0.037888	0.211090	6042900.000000
2020-10-05	0.009195	0.046752	0.053770	0.043583	1.218536	6333900.000000
2020-10-02	-0.008044	0.032419	0.041327	0.025084	-1.074615	6077900.000000
2020-10-01	0.001799	0.046649	0.049724	0.036376	0.239883	5713400.000000
2020-09-30	0.012604	0.049059	0.061891	0.046401	1.659897	8727800.000000
2020-09-29	-0.005434	0.045094	0.045321	0.032030	-0.719620	4492100.000000
2020-09-28	0.002834	0.049344	0.059795	0.043437	0.374207	5810800.000000
2020-09-25	0.005112	0.034384	0.050369	0.034384	0.671616	4969900.000000
2020-09-24	0.004475	0.044977	0.048647	0.037637	0.585297	5708200.000000
2020-09-23	-0.011960	0.045700	0.045700	0.028098	-1.583145	6373700.000000
2020-09-22	0.009143	0.040548	0.059912	0.038642	1.199356	4722800.000000
2020-09-21	-0.004804	0.039418	0.042984	0.021968	-0.633240	7092600.000000
2020-09-18	-0.001091	0.037602	0.045332	0.032675	-0.143951	10192800.000000
2020-09-17	-0.001307	0.037381	0.043587	0.030796	-0.172699	4648500.000000
2020-09-16	-0.006709	0.049292	0.053802	0.034481	-0.892334	6049900.000000
2020-09-15	0.000000	0.043427	0.050795	0.040420	0.000000	4046500.000000
2020-09-14	0.003547	0.044488	0.053089	0.043658	0.470169	4767400.000000
2020-09-11	0.010534	0.049773	0.057168	0.045732	1.381653	4398000.000000
2020-09-10	-0.010496	0.041998	0.046525	0.029852	-1.391251	5242500.000000
2020-09-09	0.016257	0.045905	0.069978	0.044755	2.120453	6002900.000000
2020-09-08	-0.014642	0.046455	0.047362	0.020165	-1.938156	6847500.000000
2020-09-04	-0.002170	0.038833	0.049235	0.026093	-0.287842	7437700.000000
2020-09-03	-0.016013	0.043931	0.051052	0.016857	-2.158829	7277900.000000
2020-09-02	0.016862	0.041697	0.066813	0.037925	2.235580	8384800.000000
2020-09-01	-0.001084	0.038684	0.041396	0.032732	-0.143890	5671800.000000
2020-08-31	-0.003171	0.037869	0.041924	0.035090	-0.422195	5596800.000000
2020-08-28	0.004052	0.043054	0.047503	0.032723	0.537308	4166300.000000
2020-08-27	-0.001301	0.045614	0.052015	0.040643	-0.172714	6156100.000000
2020-08-26	-0.004818	0.038552	0.044174	0.036154	-0.642838	4746200.000000
2020-08-25	0.003971	0.045912	0.047040	0.036882	0.527710	4718300.000000
2020-08-24	0.007785	0.042604	0.052386	0.040405	1.026642	7420500.000000
2020-08-21	0.004311	0.040321	0.051744	0.035066	0.566086	5706600.000000
2020-08-20	0.007955	0.038156	0.051513	0.037772	1.036255	4352200.000000
2020-08-19	-0.005421	0.034819	0.040774	0.034514	-0.710022	6827700.000000
2020-08-18	0.007454	0.044609	0.057762	0.041609	0.969086	8670700.000000
2020-08-17	0.002961	0.040991	0.046853	0.038830	0.383804	5603800.000000
2020-08-14	-0.005008	0.040920	0.041150	0.032783	-0.652466	5845200.000000
2020-08-13	0.002362	0.039301	0.045379	0.038147	0.307022	4989500.000000
2020-08-12	0.016738	0.046449	0.063659	0.045902	2.139694	5920400.000000
2020-08-11	-0.006488	0.043546	0.047199	0.032043	-0.834778	5329900.000000
2020-08-10	0.004118	0.043395	0.049170	0.039415	0.527725	5812700.000000
2020-08-07	0.006330	0.043638	0.049528	0.040183	0.805969	4934900.000000
2020-08-06	-0.005471	0.037617	0.041678	0.031915	-0.700424	3974100.000000
2020-08-05	-0.002616	0.040667	0.048924	0.037005	-0.335815	5680000.000000
2020-08-04	0.019042	0.038097	0.063182	0.037541	2.398720	7773700.000000
2020-08-03	0.001297	0.037058	0.048584	0.037058	0.163116	7769400.000000
2020-07-31	-0.002283	0.036198	0.040559	0.025174	-0.287857	8487000.000000
2020-07-30	0.024238	0.061313	0.072441	0.053109	2.983994	10400700.000000
2020-07-29	0.003363	0.039617	0.053309	0.037987	0.412582	6702000.000000
2020-07-28	0.012350	0.042637	0.059881	0.041977	1.496788	7644400.000000
2020-07-27	0.002858	0.040156	0.047851	0.038750	0.345428	6464600.000000
2020-07-24	-0.001585	0.049081	0.055525	0.035285	-0.191902	6014200.000000
2020-07-23	0.006470	0.048635	0.057449	0.044312	0.778137	6664800.000000
2020-07-22	0.008555	0.052407	0.059955	0.041590	1.020210	5929200.000000
2020-07-21	-0.001357	0.050895	0.060526	0.046122	-0.162079	5162300.000000
2020-07-20	-0.003104	0.047466	0.050555	0.041789	-0.371857	4242100.000000
2020-07-17	0.006973	0.051576	0.059814	0.049390	0.829506	4868600.000000
2020-07-16	0.002088	0.053688	0.057394	0.043831	0.247917	3959300.000000
2020-07-15	-0.004717	0.056264	0.063977	0.041843	-0.562546	8145000.000000
2020-07-14	0.008384	0.048294	0.062414	0.044152	0.991600	6272100.000000
2020-07-13	0.001291	0.049733	0.063193	0.044145	0.152557	7681500.000000
2020-07-10	0.011512	0.049572	0.066099	0.048716	1.344398	6752600.000000
2020-07-09	-0.003336	0.048204	0.058104	0.039584	-0.390923	5341000.000000
2020-07-08	0.005482	0.048201	0.057554	0.046914	0.638817	6494100.000000
2020-07-07	0.004851	0.045956	0.062771	0.042421	0.562553	6866300.000000
2020-07-06	0.006204	0.056524	0.062076	0.048802	0.715096	6023300.000000
2020-07-02	0.007501	0.057718	0.071442	0.053609	0.858116	6150900.000000
2020-07-01	0.003429	0.049503	0.055994	0.042925	0.390930	6501200.000000
2020-06-30	0.016233	0.051565	0.069571	0.050050	1.821121	7818000.000000
2020-06-29	0.021088	0.060452	0.074469	0.058996	2.316940	6866900.000000
2020-06-26	-0.022563	0.046133	0.053962	0.023447	-2.536232	23201700.000000
2020-06-25	0.012627	0.053937	0.063306	0.045288	1.401611	5489300.000000
2020-06-24	-0.011127	0.044258	0.050851	0.035884	-1.249062	6547800.000000
2020-06-23	-0.000170	0.056996	0.061628	0.047911	-0.019073	5340400.000000
2020-06-22	-0.009839	0.047567	0.050213	0.034867	-1.115555	5695600.000000
2020-06-19	-0.003018	0.059441	0.071135	0.044845	-0.343239	17506200.000000
2020-06-18	0.011447	0.044622	0.066855	0.043821	1.287186	6274400.000000
2020-06-17	-0.001693	0.051110	0.057502	0.042676	-0.190697	6320800.000000
2020-06-16	0.012340	0.065339	0.069294	0.050959	1.372986	8165200.000000
2020-06-15	0.009255	0.039096	0.063860	0.031929	1.020226	8786000.000000
2020-06-12	-0.005505	0.051779	0.064950	0.039781	-0.610222	7998500.000000
2020-06-11	-0.024910	0.045107	0.051792	0.020389	-2.831818	8937500.000000
2020-06-10	0.007521	0.054651	0.062539	0.046763	0.848595	6678200.000000
2020-06-09	-0.005964	0.051885	0.055056	0.040873	-0.676971	5563200.000000
2020-06-08	0.006085	0.040913	0.055804	0.035595	0.686508	6926700.000000
2020-06-05	0.019647	0.050609	0.073926	0.048802	2.173904	7337800.000000
2020-06-04	-0.020923	0.044112	0.051456	0.022610	-2.364586	6895800.000000
2020-06-03	0.003981	0.049157	0.058840	0.047824	0.448120	6171000.000000
2020-06-02	0.006908	0.047192	0.056763	0.044955	0.772308	6327900.000000
2020-06-01	0.011473	0.049525	0.063097	0.042830	1.268120	5105600.000000
2020-05-29	-0.001206	0.049434	0.054766	0.035789	-0.133492	7868000.000000
2020-05-28	0.019053	0.063904	0.077349	0.058103	2.069023	6586700.000000
2020-05-27	0.016603	0.053202	0.066964	0.046836	1.773460	8279700.000000
2020-05-26	-0.005062	0.063239	0.063239	0.040232	-0.543480	10432400.000000
2020-05-22	0.008780	0.055097	0.067406	0.050117	0.934395	5571900.000000
2020-05-21	-0.014654	0.044358	0.048061	0.031673	-1.582756	6552700.000000
2020-05-20	0.007471	0.054025	0.061207	0.045910	0.800903	6593800.000000
2020-05-19	-0.032441	0.038693	0.043657	0.013875	-3.594574	8047600.000000
2020-05-18	0.013960	0.061796	0.070581	0.049717	1.525558	10020800.000000
2020-05-15	0.007029	0.049908	0.057833	0.032583	0.762779	10694800.000000
2020-05-14	-0.000966	0.045303	0.053681	0.024220	-0.104889	9310000.000000
2020-05-13	-0.005500	0.046329	0.056126	0.041294	-0.600693	9312600.000000
2020-05-12	-0.006591	0.047801	0.054168	0.038160	-0.724617	6734400.000000
2020-05-11	-0.005520	0.046993	0.049345	0.039485	-0.610214	6947500.000000
2020-05-08	0.033699	0.061424	0.087418	0.060209	3.604095	9279900.000000
2020-05-07	-0.008223	0.057704	0.058446	0.036932	-0.886719	8762800.000000
2020-05-06	-0.025084	0.044552	0.049977	0.020595	-2.774612	7892200.000000
2020-05-05	0.002073	0.049073	0.062300	0.043728	0.228844	5425200.000000
2020-05-04	-0.008988	0.051226	0.052213	0.032462	-1.001144	5636000.000000
2020-05-01	-0.008908	0.046399	0.053251	0.035010	-1.001152	7366400.000000
2020-04-30	0.006748	0.038410	0.059551	0.036081	0.753242	10026400.000000
2020-04-29	0.001626	0.054454	0.059210	0.032561	0.181168	8707900.000000
2020-04-28	-0.004768	0.045676	0.052909	0.037372	-0.533936	9958000.000000
2020-04-27	-0.011197	0.052422	0.052422	0.032202	-1.268120	10635700.000000
2020-04-24	-0.005193	0.046166	0.051964	0.041950	-0.591156	12751100.000000
2020-04-23	0.006669	0.049164	0.058183	0.043859	0.754196	17277000.000000
2020-04-22	-0.002340	0.058531	0.061089	0.047856	-0.265205	10259400.000000
2020-04-21	-0.007628	0.046166	0.053170	0.036799	-0.871376	9465400.000000
2020-04-20	-0.032801	0.028531	0.043434	0.020656	-3.873856	10832000.000000
2020-04-17	0.026255	0.064051	0.086123	0.047454	3.021423	15899800.000000
2020-04-16	0.002310	0.065638	0.066945	0.044299	0.265198	12020200.000000
2020-04-15	0.002149	0.054923	0.077268	0.043838	0.246262	14192900.000000
2020-04-14	0.043208	0.081383	0.106059	0.058528	4.745255	10474200.000000
2020-04-13	0.011250	0.046128	0.075041	0.041984	1.221802	7926700.000000
2020-04-09	-0.003823	0.057264	0.088451	0.047540	-0.416740	12747300.000000
2020-04-08	0.020662	0.070963	0.098208	0.047276	2.206863	12564500.000000
2020-04-07	-0.042781	0.045938	0.075960	0.008209	-4.773643	14438400.000000
2020-04-06	0.023723	0.073411	0.091760	0.051209	2.585716	16848400.000000
2020-04-03	0.005944	0.049705	0.069640	0.042968	0.644073	7768700.000000
2020-04-02	0.046373	0.039959	0.110454	0.038124	4.802063	9168800.000000
2020-04-01	-0.006091	0.036120	0.076720	0.027002	-0.634598	11095800.000000
2020-03-31	-0.043478	0.042025	0.049278	0.000252	-4.735756	21691000.000000
2020-03-30	0.043841	0.091542	0.109654	0.056084	4.574745	14571600.000000
2020-03-27	0.025983	0.047045	0.123738	0.047045	2.642570	16073100.000000
2020-03-26	0.064011	0.086763	0.133108	0.072639	6.118591	15796000.000000
2020-03-25	-0.022756	0.027579	0.070416	0.008052	-2.225807	13789100.000000
2020-03-24	0.057011	0.093943	0.123877	0.038182	5.275642	14625500.000000
2020-03-23	-0.046178	0.032707	0.069402	-0.027592	-4.480034	17776800.000000
2020-03-20	-0.075792	0.040173	0.045031	-0.032227	-7.956093	19922900.000000
2020-03-19	-0.056364	0.048245	0.060740	-0.013062	-6.270149	16428100.000000
2020-03-18	-0.006681	0.009185	0.084906	0.000881	-0.748238	23139200.000000
2020-03-17	0.089770	0.084502	0.164781	0.077885	9.225258	19451400.000000
2020-03-16	-0.048830	-0.058234	0.073197	-0.065176	-5.275642	17367400.000000
2020-03-13	0.120090	0.104107	0.188393	0.092807	11.583687	17378700.000000
2020-03-12	-0.087373	-0.025477	0.055702	-0.044400	-9.234741	20988000.000000
2020-03-11	-0.074326	0.029960	0.037316	-0.030647	-8.486488	16456000.000000
2020-03-10	0.038687	0.082177	0.099098	0.041059	4.252708	11419100.000000
2020-03-09	-0.046030	0.000342	0.041650	-0.000960	-5.304054	13116500.000000
2020-03-06	0.000247	0.024547	0.064303	0.020380	0.028419	9817400.000000
2020-03-05	-0.023052	0.028659	0.042228	0.020009	-2.718323	9363500.000000
2020-03-04	0.053567	0.071074	0.114049	0.068572	5.995461	9459300.000000
2020-03-03	-0.011626	0.057297	0.075930	0.034426	-1.316528	12510900.000000
2020-03-02	0.055904	0.055423	0.116964	0.049455	5.995461	12399800.000000
2020-02-28	-0.002379	0.018215	0.053284	-0.007738	-0.255722	22784300.000000
2020-02-27	-0.055426	0.046658	0.053687	-0.003338	-6.308029	13298900.000000
2020-02-26	-0.010459	0.055709	0.064143	0.042058	-1.202888	6894200.000000
2020-02-25	-0.015166	0.053398	0.061447	0.035074	-1.771179	8903200.000000
2020-02-24	-0.026835	0.043797	0.054879	0.026131	-3.220306	7533900.000000
2020-02-21	0.000948	0.052043	0.068224	0.050791	0.113640	8723900.000000
2020-02-20	0.009088	0.056049	0.066906	0.053187	1.079765	6094600.000000
2020-02-19	0.004565	0.055627	0.069324	0.053936	0.539871	4734000.000000
2020-02-18	-0.010068	0.053201	0.056131	0.044831	-1.202881	6767600.000000
2020-02-14	0.009443	0.058584	0.065851	0.054360	1.117645	5889100.000000
2020-02-13	0.012232	0.058191	0.071447	0.056395	1.430206	7159000.000000
2020-02-12	-0.005718	0.051714	0.054180	0.044656	-0.672485	6031700.000000
2020-02-11	-0.015931	0.056633	0.056633	0.037888	-1.903778	6105700.000000
2020-02-10	0.000714	0.058978	0.062077	0.053116	0.085251	5216100.000000
2020-02-07	-0.008337	0.056211	0.056876	0.046744	-1.003998	5915100.000000
2020-02-06	0.002602	0.056545	0.066453	0.054048	0.312569	9102700.000000
2020-02-05	0.009152	0.057897	0.067559	0.053612	1.089218	6125400.000000
2020-02-04	0.004396	0.060859	0.074699	0.057906	0.520927	6512200.000000
2020-02-03	0.003932	0.056135	0.067064	0.054695	0.464111	6052300.000000
2020-01-31	-0.010560	0.056131	0.064179	0.043306	-1.259705	6612900.000000
2020-01-30	0.007117	0.053517	0.064238	0.050393	0.842972	5894400.000000
2020-01-29	-0.007697	0.054791	0.056131	0.047419	-0.918747	5271000.000000
2020-01-28	0.002705	0.057812	0.066632	0.056048	0.322037	6200200.000000
2020-01-27	0.004395	0.052506	0.066342	0.052506	0.520927	9338400.000000
2020-01-24	0.001200	0.057739	0.071001	0.053938	0.142075	9508600.000000
2020-01-23	-0.004571	0.045168	0.064087	0.039702	-0.543663	11096500.000000
2020-01-22	0.001745	0.064090	0.067038	0.059879	0.207123	7396700.000000
2020-01-21	-0.002531	0.062069	0.063833	0.048878	-0.301292	8553100.000000
2020-01-17	0.002697	0.064428	0.069904	0.060468	0.320145	11315200.000000
2020-01-16	0.000873	0.063334	0.068983	0.058949	0.103577	6233700.000000
2020-01-15	0.010185	0.065220	0.074249	0.064794	1.195778	4843700.000000
2020-01-14	-0.001522	0.060113	0.064790	0.058667	-0.178902	7829700.000000
2020-01-13	0.007340	0.062326	0.070036	0.060698	0.856819	8409200.000000
2020-01-10	0.000969	0.062498	0.066099	0.057352	0.112984	3927100.000000
2020-01-09	0.010938	0.062069	0.073946	0.062069	1.261688	5944000.000000
2020-01-08	0.004263	0.063810	0.074606	0.062156	0.489609	5385100.000000
2020-01-07	-0.006191	0.063194	0.066049	0.054455	-0.715576	7583400.000000
2020-01-06	0.001387	0.061982	0.067354	0.060336	0.160049	6674400.000000
2020-01-03	-0.006725	0.051311	0.063101	0.048729	-0.781487	7970500.000000
2020-01-02	-0.011930	0.058667	0.060623	0.045402	-1.402931	8130800.000000
