2022-12-30	-0.010880	-0.000387	0.006860	-0.015854	-1.231010	2138400.000000
2022-12-29	0.031870	0.022168	0.040864	0.013686	3.494484	3043100.000000
2022-12-28	-0.025068	0.009170	0.013171	-0.020083	-2.819412	2623600.000000
2022-12-27	-0.002904	0.005263	0.008898	-0.004932	-0.327614	1683300.000000
2022-12-23	0.003090	0.001166	0.014950	-0.002747	0.347473	1521900.000000
2022-12-22	-0.005880	0.000141	0.001998	-0.018954	-0.665154	2467600.000000
2022-12-21	0.015689	0.010714	0.038550	0.009098	1.747246	3482500.000000
2022-12-20	0.000982	0.001370	0.017908	-0.010225	0.109200	2738400.000000
2022-12-19	-0.001515	0.004969	0.016636	-0.002659	-0.168762	3339900.000000
2022-12-16	-0.047199	-0.014503	-0.009629	-0.051015	-5.519691	13002600.000000
2022-12-15	-0.024593	-0.001039	0.008302	-0.016553	-2.948563	4284500.000000
2022-12-14	0.004047	0.017491	0.036166	0.011880	0.483223	4141400.000000
2022-12-13	0.025926	0.054696	0.055641	0.018869	3.017570	3754500.000000
2022-12-12	0.014701	0.014755	0.031842	0.005688	1.686295	2467900.000000
2022-12-09	-0.010884	0.009401	0.018024	0.001899	-1.262253	2515900.000000
2022-12-08	0.013793	0.015456	0.037224	0.012921	1.577812	4759700.000000
2022-12-07	0.012216	0.006713	0.036622	0.002377	1.380600	3381700.000000
2022-12-06	0.002976	0.019471	0.030565	0.011839	0.335281	3256000.000000
2022-12-05	-0.022918	0.005906	0.007987	-0.013692	-2.642845	3170000.000000
2022-12-02	-0.001366	0.000722	0.022025	-0.005687	-0.157776	3014000.000000
2022-12-01	-0.005858	0.024905	0.028693	-0.003591	-0.680443	2784300.000000
2022-11-30	0.034971	0.009157	0.049787	0.002296	3.924828	8839700.000000
2022-11-29	0.021084	0.015331	0.038258	0.012238	2.317421	2635100.000000
2022-11-28	-0.042358	0.006826	0.018065	-0.033600	-4.861649	3910600.000000
2022-11-25	0.007444	0.019149	0.026434	0.011688	0.848076	1341300.000000
2022-11-23	-0.002159	0.014320	0.015984	0.000219	-0.246536	1585300.000000
2022-11-22	0.007220	0.018910	0.023673	0.005765	0.818489	2306100.000000
2022-11-21	0.003404	0.014854	0.023352	0.003258	0.384598	2992000.000000
2022-11-18	0.020034	0.031484	0.039429	0.021100	2.218811	3336800.000000
2022-11-17	-0.011791	-0.002360	0.012719	-0.014763	-1.321434	3384300.000000
2022-11-16	0.007982	0.006952	0.028987	0.003984	0.887527	3512600.000000
2022-11-15	0.002222	0.028930	0.033437	0.002610	0.246536	3110000.000000
2022-11-14	-0.031258	0.009517	0.009517	-0.018600	-3.579674	2967000.000000
2022-11-11	-0.018675	0.018256	0.023312	-0.006337	-2.179367	3258300.000000
2022-11-10	0.087784	0.068400	0.104660	0.066629	9.417610	3705400.000000
2022-11-09	-0.008747	0.013503	0.033369	0.003894	-0.946693	4043600.000000
2022-11-08	0.007528	0.013871	0.037610	0.008379	0.808632	2438400.000000
2022-11-07	0.012172	0.024893	0.030641	0.009346	1.291840	2963200.000000
2022-11-04	-0.003611	0.021475	0.031239	-0.006503	-0.384590	3541000.000000
2022-11-03	0.011898	0.009687	0.031538	-0.014633	1.252396	5625500.000000
2022-11-02	-0.016674	0.006117	0.040495	-0.003412	-1.784912	5729100.000000
2022-11-01	-0.019865	0.027334	0.027792	-0.008650	-2.169502	4599500.000000
2022-10-31	-0.019738	-0.001650	0.006608	-0.008471	-2.199089	5411300.000000
2022-10-28	0.017746	0.008577	0.036438	0.001269	1.942696	4179900.000000
2022-10-27	0.010376	0.021534	0.028640	0.007135	1.124199	4371100.000000
2022-10-26	0.014216	0.017802	0.046446	0.017802	1.518646	5076500.000000
2022-10-25	0.047983	0.019944	0.065658	0.019845	4.891235	7074100.000000
2022-10-24	0.002813	0.021534	0.026945	0.005597	0.285988	3377500.000000
2022-10-21	0.006051	0.014354	0.024054	-0.003955	0.611404	3971600.000000
2022-10-20	0.004411	0.018133	0.047657	0.012765	0.443764	4282500.000000
2022-10-19	-0.036278	0.003040	0.015207	-0.033843	-3.786766	5924500.000000
2022-10-18	0.005892	0.043064	0.049327	0.009625	0.611397	5311100.000000
2022-10-17	0.057269	0.046559	0.076513	0.038917	5.620987	5103500.000000
2022-10-14	-0.029165	0.028796	0.028796	-0.016803	-2.948547	4480000.000000
2022-10-13	0.020810	-0.005632	0.041522	-0.010176	2.061020	6307600.000000
2022-10-12	-0.001987	0.011438	0.027460	0.002872	-0.197220	5937100.000000
2022-10-11	0.017492	0.018159	0.036922	0.005342	1.706009	6385500.000000
2022-10-10	-0.014548	0.017594	0.022040	-0.001402	-1.439758	4587900.000000
2022-10-07	-0.015306	0.004208	0.008486	-0.008229	-1.538368	5762300.000000
2022-10-06	-0.033384	0.018385	0.019155	-0.023354	-3.471207	5068300.000000
2022-10-05	-0.005189	0.002672	0.015971	-0.013497	-0.542374	5311400.000000
2022-10-04	0.015619	0.028633	0.036115	0.016778	1.607407	5980500.000000
2022-10-03	0.027165	0.033021	0.064860	0.021943	2.721741	4863700.000000
2022-09-30	0.004052	0.024480	0.039812	0.014759	0.404312	18072100.000000
2022-09-29	-0.026364	0.001959	0.007423	-0.017165	-2.702019	7320700.000000
2022-09-28	0.016132	0.021196	0.034283	-0.000219	1.627136	7846600.000000
2022-09-27	-0.018049	0.029342	0.039175	-0.009016	-1.853951	6329300.000000
2022-09-26	-0.040884	0.000331	0.002292	-0.040100	-4.378441	7135400.000000
2022-09-23	0.000553	0.004715	0.021905	0.001912	0.059166	5598800.000000
2022-09-22	-0.000092	0.008920	0.025641	0.004342	-0.009865	4918400.000000
2022-09-21	-0.021455	0.018811	0.025027	-0.008065	-2.347008	4640100.000000
2022-09-20	-0.016578	0.006866	0.007675	-0.011923	-1.844078	5188300.000000
2022-09-19	-0.007654	0.001122	0.006385	-0.016542	-0.857933	4493100.000000
2022-09-16	-0.021941	0.010655	0.010655	-0.023549	-2.514656	9335500.000000
2022-09-15	-0.040139	0.010624	0.013220	-0.027232	-4.792625	4861200.000000
2022-09-14	-0.025827	0.003125	0.009733	-0.019801	-3.165504	4065800.000000
2022-09-13	-0.039324	-0.005832	0.002005	-0.021979	-5.017120	3304000.000000
2022-09-12	0.004397	0.020267	0.028454	0.017905	0.558533	2534100.000000
2022-09-09	0.013447	0.024014	0.037018	0.018907	1.685448	3516100.000000
2022-09-08	0.010108	0.010349	0.032269	0.007770	1.254295	3057300.000000
2022-09-07	0.022859	0.023471	0.046387	0.019926	2.773132	2452900.000000
2022-09-06	0.015670	0.027368	0.039843	0.020001	1.871628	2649300.000000
2022-09-02	-0.019389	0.031094	0.034624	-0.003060	-2.361595	2297400.000000
2022-09-01	-0.001686	0.011487	0.019847	-0.004085	-0.205765	3166500.000000
2022-08-31	-0.009073	0.031955	0.040077	0.010757	-1.117096	3730100.000000
2022-08-30	-0.012884	0.023469	0.025393	0.004389	-1.607056	2250000.000000
2022-08-29	-0.008259	0.013586	0.019549	0.007543	-1.038704	2136000.000000
2022-08-26	-0.033363	0.020657	0.020811	-0.014159	-4.340996	1626000.000000
2022-08-25	0.012660	0.025873	0.033579	0.020892	1.626663	2572600.000000
2022-08-24	0.020707	0.026699	0.045686	0.025349	2.606544	2644000.000000
2022-08-23	-0.018940	0.013801	0.019412	-0.002410	-2.430168	2103700.000000
2022-08-22	-0.023419	0.009239	0.012435	-0.005146	-3.076920	2022100.000000
2022-08-19	-0.018664	0.021773	0.022146	-0.002875	-2.498779	2493000.000000
2022-08-18	-0.005532	0.026222	0.026742	0.013298	-0.744720	1750600.000000
2022-08-17	0.002042	0.013135	0.026830	0.008297	0.274384	1453500.000000
2022-08-16	-0.009178	0.017553	0.024043	0.010695	-1.244507	1821700.000000
2022-08-15	0.008307	0.020577	0.029649	0.015372	1.117096	1973200.000000
2022-08-12	0.022424	0.030843	0.044756	0.026357	2.949554	2609000.000000
2022-08-11	-0.001339	0.027868	0.031057	0.014049	-0.176407	1800700.000000
2022-08-10	0.011362	0.038087	0.040391	0.020657	1.479691	2340300.000000
2022-08-09	0.012803	0.025947	0.034502	0.017548	1.646225	2458000.000000
2022-08-08	-0.001294	0.030212	0.040775	0.011416	-0.166595	2318800.000000
2022-08-05	0.004895	0.009576	0.026903	0.003098	0.627151	1687300.000000
2022-08-04	0.000230	0.018317	0.023860	0.005982	0.029404	2062600.000000
2022-08-03	0.010435	0.032414	0.048506	0.028234	1.322884	3589600.000000
2022-08-02	-0.012292	0.014893	0.025256	0.007492	-1.577660	2829200.000000
2022-08-01	-0.011919	0.017809	0.020734	0.006646	-1.548264	2615200.000000
2022-07-29	0.001209	0.015339	0.026284	0.013643	0.156799	3273700.000000
2022-07-28	0.039328	0.033641	0.062720	0.029235	4.909332	2962300.000000
2022-07-27	-0.001567	0.017064	0.024822	0.002027	-0.195976	2087000.000000
2022-07-26	0.000627	0.023544	0.030507	0.014420	0.078384	3338300.000000
2022-07-25	0.004807	0.017930	0.032083	0.012863	0.597755	2436200.000000
2022-07-22	0.009707	0.028866	0.037879	0.023183	1.195480	2940600.000000
2022-07-21	0.008911	0.020995	0.029760	0.008215	1.087700	3093800.000000
2022-07-20	-0.004316	0.020503	0.039427	0.011449	-0.529144	3235600.000000
2022-07-19	0.049581	0.032232	0.072213	0.026496	5.791260	3884600.000000
2022-07-18	-0.014957	0.040405	0.048080	0.003637	-1.773636	4337300.000000
2022-07-15	0.024380	0.037003	0.049702	0.024131	2.822136	2726600.000000
2022-07-14	-0.021779	-0.002145	0.007489	-0.010088	-2.577164	3369900.000000
2022-07-13	-0.001241	0.004213	0.028521	0.000078	-0.146988	2728900.000000
2022-07-12	-0.007144	0.014051	0.030056	0.005503	-0.852516	2661700.000000
2022-07-11	0.001645	0.017649	0.029568	0.011354	0.195976	2399400.000000
2022-07-08	-0.008077	0.012011	0.022085	0.003768	-0.970100	2098200.000000
2022-07-07	0.009139	0.021511	0.041508	0.019915	1.087700	3617400.000000
2022-07-06	0.000247	0.022352	0.038404	0.015040	0.029396	2983600.000000
2022-07-05	0.011664	0.014977	0.032661	0.001799	1.371872	4218100.000000
2022-07-01	0.020230	0.022585	0.044183	0.017033	2.332184	2672700.000000
2022-06-30	-0.005579	-0.008875	0.007185	-0.025019	-0.659996	4525900.000000
2022-06-29	-0.005464	-0.005128	-0.001597	-0.019670	-0.650002	2828300.000000
2022-06-28	-0.010398	0.012145	0.024041	-0.013476	-1.250000	3369300.000000
2022-06-27	-0.019414	-0.002610	0.001876	-0.022922	-2.379997	3782100.000000
2022-06-24	0.036790	0.010656	0.037128	0.001607	4.349998	4716700.000000
2022-06-23	0.024078	0.007535	0.028495	0.000087	2.779999	3783700.000000
2022-06-22	0.027590	-0.014240	0.039338	-0.016376	3.099998	4252600.000000
2022-06-21	0.018123	0.011145	0.024737	0.009242	2.000000	3729800.000000
2022-06-17	-0.012792	0.006351	0.019054	-0.014849	-1.430000	7180500.000000
2022-06-16	-0.028673	-0.040664	-0.009818	-0.043010	-3.299995	5326600.000000
2022-06-15	0.040032	0.005332	0.056118	0.000271	4.429993	7486900.000000
2022-06-14	0.020566	0.007286	0.028037	-0.009407	2.230003	6605100.000000
2022-06-13	-0.075145	-0.071563	-0.059365	-0.091948	-8.809998	15213000.000000
2022-06-10	-0.040354	-0.017762	-0.011459	-0.041254	-4.930000	5701500.000000
2022-06-09	-0.020838	-0.004168	0.010499	-0.021159	-2.599998	2841000.000000
2022-06-08	-0.037862	-0.013109	-0.004627	-0.040330	-4.909996	3238700.000000
2022-06-07	0.014155	-0.005865	0.015563	-0.016267	1.809990	3771100.000000
2022-06-06	0.002273	0.009092	0.014893	-0.002351	0.290001	3212300.000000
2022-06-03	-0.015130	-0.011657	-0.003165	-0.019376	-1.959991	3217200.000000
2022-06-02	0.029239	0.004211	0.029636	-0.003178	3.679993	3674200.000000
2022-06-01	-0.012708	0.006825	0.012708	-0.028632	-1.620003	4044300.000000
2022-05-31	0.001729	-0.006836	0.010215	-0.015873	0.220001	14792700.000000
2022-05-27	0.040046	0.004577	0.047973	0.004168	4.900002	4177000.000000
2022-05-26	0.019412	0.004915	0.027826	-0.002416	2.330002	5025600.000000
2022-05-25	-0.000416	-0.002165	0.009161	-0.009577	-0.050003	4249500.000000
2022-05-24	-0.003320	-0.010292	-0.001245	-0.034114	-0.400002	5617300.000000
2022-05-23	0.006348	0.016622	0.020548	-0.012529	0.760002	5979100.000000
2022-05-20	0.000000	0.011610	0.014033	-0.015369	0.000000	5146000.000000
2022-05-19	0.001590	-0.008199	0.014390	-0.011043	0.190002	5056100.000000
2022-05-18	-0.050596	0.001191	0.007149	-0.052979	-6.370003	4898000.000000
2022-05-17	0.005190	0.009182	0.009581	-0.016128	0.650002	3838000.000000
2022-05-16	-0.024153	-0.007090	0.001169	-0.026256	-3.100006	3719300.000000
2022-05-13	0.035665	0.011135	0.038086	0.004841	4.420006	6521900.000000
2022-05-12	0.001535	-0.002990	0.002263	-0.026830	0.190002	8153100.000000
2022-05-11	-0.013316	0.000797	0.032453	-0.015071	-1.670006	8548500.000000
2022-05-10	-0.052580	0.012767	0.022437	-0.061419	-6.959991	11362600.000000
2022-05-09	-0.060406	-0.010789	-0.010151	-0.062110	-8.510010	5611100.000000
2022-05-06	-0.028280	-0.007173	-0.001448	-0.038281	-4.099991	6534300.000000
2022-05-05	-0.047938	-0.000788	0.005779	-0.052994	-7.300003	5461500.000000
2022-05-04	-0.000525	0.000853	0.003150	-0.036821	-0.080002	5070200.000000
2022-05-03	-0.005028	0.006596	0.011689	-0.015673	-0.770004	4047600.000000
2022-05-02	-0.044669	0.004118	0.007112	-0.066816	-7.159988	5868000.000000
2022-04-29	-0.073522	-0.015895	-0.015895	-0.077221	-12.720001	9997100.000000
2022-04-28	0.031848	0.006620	0.037574	-0.005248	5.339996	4046000.000000
2022-04-27	0.012317	0.002174	0.027954	-0.002536	2.039993	2790900.000000
2022-04-26	-0.012520	-0.001908	0.010076	-0.014130	-2.099991	2605300.000000
2022-04-25	-0.005927	0.002252	0.002252	-0.031530	-1.000000	2558300.000000
2022-04-22	-0.012004	0.001991	0.007144	-0.012589	-2.050003	3139800.000000
2022-04-21	-0.010946	0.010019	0.010830	-0.011119	-1.889999	2620300.000000
2022-04-20	0.018342	0.000413	0.026716	0.000413	3.110001	4116400.000000
2022-04-19	0.040245	0.019325	0.044172	0.013804	6.559998	3839500.000000
2022-04-18	0.001844	-0.000799	0.008543	-0.003196	0.300003	2502200.000000
2022-04-14	-0.013939	0.005818	0.008364	-0.015091	-2.300003	2434100.000000
2022-04-13	-0.001996	-0.000423	0.004355	-0.010948	-0.330002	2556500.000000
2022-04-12	-0.002414	-0.001207	0.006456	-0.008387	-0.399994	3062200.000000
2022-04-11	-0.017314	-0.001897	0.004091	-0.025082	-2.919998	2455300.000000
2022-04-08	-0.001066	-0.003732	0.003317	-0.011550	-0.180008	1839600.000000
2022-04-07	-0.007525	-0.009817	-0.001293	-0.019928	-1.279999	3142100.000000
2022-04-06	0.023033	-0.007698	0.026341	-0.013652	3.830002	3123000.000000
2022-04-05	0.015264	-0.001710	0.027781	-0.003480	2.500000	3289000.000000
2022-04-04	-0.012183	0.001990	0.003860	-0.021894	-2.020004	2448100.000000
2022-04-01	0.026753	0.003840	0.029354	-0.005388	4.320007	2867300.000000
2022-03-31	-0.016206	0.004569	0.008407	-0.016693	-2.660004	3933500.000000
2022-03-30	-0.003400	-0.005890	-0.002732	-0.016029	-0.559998	2368900.000000
2022-03-29	0.027128	0.008294	0.029997	-0.000811	4.349991	3299900.000000
2022-03-28	0.019195	0.001271	0.023390	-0.001525	3.020004	2675600.000000
2022-03-25	0.009237	0.001668	0.009750	-0.010264	1.440002	1896400.000000
2022-03-24	-0.008523	0.001717	0.004261	-0.019844	-1.339996	2515600.000000
2022-03-23	-0.009075	-0.004097	0.002521	-0.011218	-1.440002	2477400.000000
2022-03-22	-0.001573	0.007740	0.011767	-0.008558	-0.250000	3374100.000000
2022-03-21	-0.007742	0.001811	0.004308	-0.017920	-1.240005	2702000.000000
2022-03-18	0.022341	-0.002553	0.024065	-0.002553	3.500000	6604900.000000
2022-03-17	0.013521	-0.005435	0.013910	-0.016109	2.089996	2218700.000000
2022-03-16	0.017980	0.010274	0.022590	-0.004742	2.730011	3752700.000000
2022-03-15	0.017899	0.015083	0.024670	0.002011	2.669998	2171300.000000
2022-03-14	0.009064	0.003856	0.016708	-0.001556	1.339996	2391400.000000
2022-03-11	-0.021512	0.007546	0.009730	-0.022505	-3.250000	1997400.000000
2022-03-10	0.003987	-0.009902	0.007044	-0.017943	0.600006	1988400.000000
2022-03-09	0.023743	0.014899	0.034084	0.009048	3.489990	1895100.000000
2022-03-08	-0.012894	-0.004029	0.009334	-0.014573	-1.919998	3021400.000000
2022-03-07	-0.012795	-0.001657	0.002652	-0.015248	-1.929993	2590700.000000
2022-03-04	0.008424	-0.010362	0.009226	-0.015644	1.259995	2780800.000000
2022-03-03	0.013140	0.008263	0.019236	-0.002303	1.940002	2248600.000000
2022-03-02	0.012898	0.003430	0.019004	-0.000274	1.880005	2816600.000000
2022-03-01	-0.000617	0.006034	0.012616	-0.005348	-0.090012	3458300.000000
2022-02-28	-0.017514	-0.013203	-0.007073	-0.030717	-2.599991	4213200.000000
2022-02-25	0.035722	0.003628	0.036140	0.002302	5.119995	2934600.000000
2022-02-24	0.018258	-0.016269	0.020745	-0.020318	2.570007	3439800.000000
2022-02-23	-0.011309	0.005689	0.012503	-0.012573	-1.610001	2362800.000000
2022-02-22	-0.001263	0.003578	0.013259	-0.006384	-0.180008	3244000.000000
2022-02-18	-0.005095	-0.001186	0.006700	-0.009283	-0.729996	2485200.000000
2022-02-17	-0.007619	-0.007827	-0.002286	-0.015099	-1.100006	2703900.000000
2022-02-16	-0.008515	0.003502	0.009065	-0.019777	-1.239990	2245600.000000
2022-02-15	0.001927	0.008325	0.015275	-0.000826	0.279999	3064100.000000
2022-02-14	-0.006630	-0.001845	0.012029	-0.013191	-0.970001	3180100.000000
2022-02-11	-0.014283	0.006198	0.011049	-0.021963	-2.119995	4395500.000000
2022-02-10	-0.044668	-0.017957	-0.008431	-0.052005	-6.940002	3093900.000000
2022-02-09	0.027647	0.009987	0.028970	0.009987	4.179993	2278900.000000
2022-02-08	-0.005656	0.003551	0.005130	-0.010720	-0.860001	2459600.000000
2022-02-07	-0.009382	-0.001499	0.005864	-0.012053	-1.440002	3816300.000000
2022-02-04	-0.018857	-0.009013	-0.004219	-0.024610	-2.949997	1929800.000000
2022-02-03	-0.005657	-0.008072	0.002860	-0.009852	-0.889999	1968300.000000
2022-02-02	0.024818	0.007817	0.028921	0.007817	3.809998	2910600.000000
2022-02-01	-0.021043	0.003762	0.004336	-0.028632	-3.300003	3349800.000000
2022-01-31	0.011285	0.000903	0.014187	-0.004127	1.750000	3260500.000000
2022-01-28	0.043470	0.004778	0.043739	-0.014938	6.460007	3645200.000000
2022-01-27	-0.020498	0.000857	0.016016	-0.027221	-3.110001	4062400.000000
2022-01-26	-0.014549	0.001299	0.017927	-0.021044	-2.240005	3698400.000000
2022-01-25	0.004240	-0.015002	0.009132	-0.016503	0.650009	3755500.000000
2022-01-24	-0.013640	-0.000064	-0.000064	-0.040533	-2.119995	5717800.000000
2022-01-21	0.008369	0.019528	0.024393	0.004087	1.289993	4375000.000000
2022-01-20	0.003581	-0.010417	0.022202	-0.012826	0.550003	3494800.000000
2022-01-19	0.001043	0.015121	0.037672	0.000521	0.160004	4361800.000000
2022-01-18	0.004517	-0.007660	0.005696	-0.014665	0.689987	4121300.000000
2022-01-14	-0.002677	-0.002612	0.000065	-0.016585	-0.409988	2330300.000000
2022-01-13	-0.000587	0.000653	0.007505	-0.002219	-0.090012	2108000.000000
2022-01-12	0.001634	0.000065	0.013138	0.000065	0.250000	2635800.000000
2022-01-11	-0.000196	0.001438	0.005882	-0.010587	-0.029999	2656500.000000
2022-01-10	-0.004618	-0.008782	-0.002602	-0.025434	-0.709991	4169500.000000
2022-01-07	-0.018139	-0.000447	0.001724	-0.020055	-2.840012	3449000.000000
2022-01-06	-0.006851	-0.001396	-0.001269	-0.014589	-1.079987	3090400.000000
2022-01-05	-0.020807	0.000000	0.002050	-0.022547	-3.350006	3818200.000000
2022-01-04	-0.023651	-0.004427	0.002608	-0.029108	-3.899994	4209300.000000
2022-01-03	-0.020551	0.000594	0.003980	-0.037539	-3.460007	3437500.000000
2021-12-31	0.002322	0.000655	0.011669	-0.002262	0.389999	2025800.000000
2021-12-30	0.001730	-0.000537	0.006918	-0.005904	0.290009	1504800.000000
2021-12-29	0.011400	0.001025	0.016708	-0.001387	1.889999	1399600.000000
2021-12-28	-0.000603	0.000422	0.000422	-0.011273	-0.100006	1749300.000000
2021-12-27	0.025595	0.005317	0.026028	0.005317	4.139999	1591000.000000
2021-12-23	-0.003143	0.001602	0.004252	-0.012203	-0.509995	3047800.000000
2021-12-22	0.009142	0.003172	0.010759	-0.001741	1.470001	2136800.000000
2021-12-21	-0.003718	0.005267	0.014251	-0.008055	-0.600006	2185800.000000
2021-12-20	0.001303	-0.006763	0.007445	-0.012222	0.210007	2230800.000000
2021-12-17	-0.012680	-0.002389	0.011210	-0.015008	-2.070007	6983700.000000
2021-12-16	0.004245	-0.001415	0.008797	-0.004306	0.690002	3772300.000000
2021-12-15	0.024129	0.005103	0.028035	0.002331	3.830002	2979300.000000
2021-12-14	-0.014589	-0.003228	-0.001366	-0.024398	-2.350006	3268800.000000
2021-12-13	0.016598	-0.001389	0.021142	-0.007195	2.629990	2550000.000000
2021-12-10	0.009647	0.006780	0.017931	0.001172	1.513992	2024800.000000
2021-12-09	-0.011791	0.001646	0.003976	-0.012207	-1.872559	2165700.000000
2021-12-08	0.000879	0.003535	0.015383	-0.001570	0.139450	2202800.000000
2021-12-07	0.017566	0.010902	0.022766	0.003463	2.739105	2800200.000000
2021-12-06	0.012220	0.006962	0.020399	0.004625	1.882507	3254600.000000
2021-12-03	0.001554	0.006122	0.024066	-0.010132	0.239059	2885200.000000
2021-12-02	0.017930	0.003711	0.030581	0.003711	2.709229	2729700.000000
2021-12-01	0.006302	0.013766	0.043602	-0.000220	0.946243	3043300.000000
2021-11-30	-0.016506	-0.003818	0.005286	-0.012988	-2.519989	5225900.000000
2021-11-29	0.022685	0.013086	0.031775	0.007794	3.386536	3045500.000000
2021-11-26	-0.029966	-0.004666	-0.003691	-0.026824	-4.611664	1767300.000000
2021-11-24	0.012649	0.004700	0.019044	-0.001617	1.922348	1256100.000000
2021-11-23	0.011133	0.003776	0.019545	-0.004341	1.673355	1908200.000000
2021-11-22	0.004527	0.005446	0.019949	-0.001170	0.677307	1588500.000000
2021-11-19	-0.002391	0.009243	0.009243	-0.007092	-0.358582	1979900.000000
2021-11-18	0.001330	0.004777	0.012922	-0.001832	0.199203	1464400.000000
2021-11-17	0.006088	-0.000793	0.012641	-0.018996	0.906403	2039700.000000
2021-11-16	-0.004860	0.004711	0.008856	-0.005115	-0.727097	1318200.000000
2021-11-15	0.009341	0.004246	0.013691	-0.000679	1.384491	1502100.000000
2021-11-12	-0.000672	0.005392	0.010786	-0.005193	-0.099609	1690000.000000
2021-11-11	0.000941	0.003841	0.005191	-0.004460	0.139450	1291500.000000
2021-11-10	0.002156	-0.000014	0.011957	-0.000014	0.318741	1453400.000000
2021-11-09	0.002566	0.007502	0.010214	0.002213	0.378479	1761600.000000
2021-11-08	0.009408	0.007740	0.014927	-0.001705	1.374542	1166900.000000
2021-11-05	-0.007980	0.011241	0.012259	-0.005801	-1.175323	2048400.000000
2021-11-04	0.001490	0.003908	0.012748	-0.000580	0.219131	1598800.000000
2021-11-03	0.004217	0.006639	0.011419	-0.003672	0.617538	1739300.000000
2021-11-02	0.015892	0.006959	0.021249	0.001409	2.290894	1720100.000000
2021-11-01	-0.001587	0.006331	0.008686	-0.016525	-0.229095	1915800.000000
2021-10-29	-0.011659	-0.000747	0.003565	-0.010057	-1.703217	3743200.000000
2021-10-28	0.019533	0.008652	0.024075	0.006488	2.798859	1895700.000000
2021-10-27	-0.016207	0.008233	0.008507	-0.015248	-2.360611	2049800.000000
2021-10-26	0.007788	0.003907	0.016292	0.002315	1.125519	1776800.000000
2021-10-25	0.007639	0.005510	0.012482	-0.001532	1.095657	1793600.000000
2021-10-22	-0.006485	0.003768	0.010487	-0.004683	-0.936279	2163100.000000
2021-10-21	0.010598	0.009856	0.021687	0.006846	1.513977	2939800.000000
2021-10-20	0.030909	0.009894	0.035224	0.004192	4.282974	2646500.000000
2021-10-19	-0.004793	0.005412	0.006633	-0.003350	-0.667343	1843500.000000
2021-10-18	0.020514	0.003097	0.032048	-0.001301	2.798874	2614700.000000
2021-10-15	0.009209	0.024909	0.028756	0.004938	1.245041	3509000.000000
2021-10-14	0.013667	0.005476	0.019947	0.003301	1.822754	1997400.000000
2021-10-13	0.012170	0.002079	0.018244	0.000409	1.603622	2165400.000000
2021-10-12	0.025981	0.007013	0.035277	0.003197	3.336731	2700100.000000
2021-10-11	0.003190	-0.000164	0.009053	-0.005788	0.408386	1468600.000000
2021-10-08	-0.006570	0.000717	0.002890	-0.004405	-0.846649	1403400.000000
2021-10-07	0.012442	0.012147	0.029824	0.012147	1.583710	2559200.000000
2021-10-06	0.010757	0.001832	0.015093	-0.011350	1.354614	2242600.000000
2021-10-05	-0.003154	0.006905	0.010071	-0.004415	-0.398415	1924300.000000
2021-10-04	0.003164	-0.000789	0.010170	-0.005315	0.398415	2061900.000000
2021-10-01	0.007973	0.006217	0.019344	-0.005789	0.996040	1708700.000000
2021-09-30	-0.007988	0.010011	0.013822	-0.004600	-1.006004	3214000.000000
2021-09-29	0.006848	0.007973	0.017727	0.006454	0.856598	1608200.000000
2021-09-28	-0.004834	-0.003503	0.003737	-0.014243	-0.607590	3054100.000000
2021-09-27	-0.013370	-0.001048	0.008843	-0.010232	-1.703224	2126900.000000
2021-09-24	-0.007296	0.003275	0.006703	-0.006778	-0.936272	2092800.000000
2021-09-23	-0.008999	0.002741	0.005212	-0.005136	-1.165359	2275200.000000
2021-09-22	0.009003	0.009742	0.017456	0.004366	1.155396	2840600.000000
2021-09-21	-0.001627	0.008410	0.017823	0.002031	-0.209167	1793900.000000
2021-09-20	-0.008070	-0.004898	0.005211	-0.014620	-1.045837	2159500.000000
2021-09-17	-0.018630	-0.005187	0.000644	-0.017303	-2.460220	8745900.000000
2021-09-16	-0.000603	0.003976	0.011998	-0.003895	-0.079681	2126400.000000
2021-09-15	0.005583	0.012244	0.022062	0.005015	0.733566	2223700.000000
2021-09-14	-0.001732	0.012315	0.015505	0.000691	-0.227982	1781400.000000
2021-09-13	-0.006361	0.017349	0.018708	0.001044	-0.842651	1713800.000000
2021-09-10	-0.008091	0.011814	0.013386	-0.000241	-1.080536	1963500.000000
2021-09-09	-0.027573	0.001900	0.004812	-0.019289	-3.786880	2566600.000000
2021-09-08	0.006466	0.005593	0.023034	0.003028	0.882278	2030700.000000
2021-09-07	-0.009641	0.003083	0.004389	-0.013320	-1.328400	2737500.000000
2021-09-03	0.003755	0.005611	0.015009	-0.004806	0.515503	2520000.000000
2021-09-02	0.004935	0.008451	0.015040	0.002082	0.674118	2758800.000000
2021-09-01	0.023244	0.011291	0.034288	0.008145	3.102844	3575500.000000
2021-08-31	0.006954	0.008442	0.018550	0.001503	0.921951	2890900.000000
2021-08-30	0.018430	0.008744	0.028564	0.008513	2.399017	1491800.000000
2021-08-27	0.005283	0.015154	0.016081	0.008281	0.684036	1646100.000000
2021-08-26	0.000689	0.010212	0.013922	0.002098	0.089218	2526400.000000
2021-08-25	-0.001683	0.007047	0.013141	0.000566	-0.218109	2242200.000000
2021-08-24	-0.019792	0.008744	0.009046	-0.011901	-2.617111	1986600.000000
2021-08-23	-0.006406	0.007992	0.012125	0.000328	-0.852554	1583500.000000
2021-08-20	0.008261	0.008365	0.020184	-0.000120	1.090469	2488600.000000
2021-08-19	0.004906	0.005242	0.015215	0.004024	0.644363	1473800.000000
2021-08-18	-0.011784	0.008368	0.011829	-0.007206	-1.566299	2719300.000000
2021-08-17	0.002917	0.006103	0.012517	0.003764	0.386627	2541600.000000
2021-08-16	0.012956	0.010272	0.023495	0.008973	1.695175	2972200.000000
2021-08-13	0.014684	0.010760	0.024332	0.007425	1.893433	1557600.000000
2021-08-12	0.009077	0.012500	0.018683	0.006083	1.159874	1422000.000000
2021-08-11	-0.003479	0.014359	0.016230	0.001569	-0.446114	2527300.000000
2021-08-10	-0.005076	0.008744	0.010141	-0.001032	-0.654266	2259300.000000
2021-08-09	0.002313	0.009211	0.012321	0.004155	0.297394	1055600.000000
2021-08-06	-0.005673	0.004568	0.008744	-0.004015	-0.733582	3207800.000000
2021-08-05	0.012025	0.013831	0.021422	0.008040	1.536568	1662100.000000
2021-08-04	-0.005938	0.009366	0.012633	-0.000358	-0.763344	1854300.000000
2021-08-03	0.009419	0.013534	0.018324	0.006074	1.199516	1888600.000000
2021-08-02	0.003280	0.014101	0.021034	0.008823	0.416374	2059100.000000
2021-07-30	0.001173	0.010874	0.021364	0.008744	0.148689	2156500.000000
2021-07-29	0.002037	0.011273	0.015067	0.006610	0.257751	1330200.000000
2021-07-28	-0.012075	0.008275	0.008275	-0.007029	-1.546486	1914300.000000
2021-07-27	0.009455	0.005749	0.019542	0.002517	1.199516	1631900.000000
2021-07-26	0.000704	0.005194	0.010085	0.001882	0.089218	1874500.000000
2021-07-23	0.005662	0.012313	0.016042	0.004778	0.713760	1496400.000000
2021-07-22	0.002128	0.007075	0.012480	0.004054	0.267662	1448900.000000
2021-07-21	-0.008516	0.007010	0.010399	-0.003472	-1.080551	1863500.000000
2021-07-20	0.009544	0.017496	0.025373	0.010096	1.199509	2453100.000000
2021-07-19	-0.003928	0.007080	0.018968	-0.003065	-0.495667	2878200.000000
2021-07-16	0.002757	0.010254	0.023287	0.008346	0.346962	2633100.000000
2021-07-15	0.005545	0.009543	0.018174	0.006986	0.693932	1426900.000000
2021-07-14	0.004936	0.007620	0.020388	0.005692	0.614624	2133000.000000
2021-07-13	-0.014128	0.004468	0.007794	-0.010020	-1.784401	1811300.000000
2021-07-12	0.016110	0.012364	0.028293	0.012284	2.002502	2730500.000000
2021-07-09	0.018520	0.011694	0.027917	0.007351	2.260239	2311200.000000
2021-07-08	-0.001460	0.003426	0.013571	0.002280	-0.178444	1927000.000000
2021-07-07	0.006120	0.009567	0.020269	0.002817	0.743492	2980300.000000
2021-07-06	0.012476	0.010661	0.022746	0.002243	1.496918	2864500.000000
2021-07-02	0.008751	0.012359	0.023962	0.009585	1.040894	1789900.000000
2021-07-01	0.003765	0.008828	0.022331	0.005537	0.446106	3211500.000000
2021-06-30	-0.015809	0.005754	0.015305	-0.008034	-1.903358	2910800.000000
2021-06-29	-0.001398	0.007251	0.017702	0.005924	-0.168533	1743800.000000
2021-06-28	-0.003115	0.012630	0.012795	-0.002749	-0.376701	1447000.000000
2021-06-25	0.006020	0.006914	0.015482	0.003088	0.723679	2075800.000000
2021-06-24	0.001238	0.011825	0.014657	0.003330	0.148697	2340400.000000
2021-06-23	-0.007050	0.008330	0.010811	0.000888	-0.852547	2583600.000000
2021-06-22	-0.004976	0.007180	0.009814	0.001420	-0.604713	2078400.000000
2021-06-21	0.025257	0.012034	0.036668	0.008153	2.993820	2745100.000000
2021-06-18	-0.024794	0.005206	0.011870	-0.017501	-3.013649	7018100.000000
2021-06-17	0.009801	0.006501	0.020541	0.006085	1.179695	3612600.000000
2021-06-16	-0.013968	0.013086	0.017591	-0.005920	-1.705101	4271600.000000
2021-06-15	-0.019039	0.007137	0.011878	-0.011185	-2.369286	2666500.000000
2021-06-14	0.011627	0.015595	0.025675	0.011530	1.430267	1977900.000000
2021-06-11	-0.012433	0.013004	0.013004	-0.005301	-1.548622	2385300.000000
2021-06-10	0.021600	0.013314	0.036033	0.012248	2.633629	2550900.000000
2021-06-09	-0.000404	0.017496	0.019135	0.009871	-0.049316	1538200.000000
2021-06-08	0.007988	0.017443	0.028516	0.014385	0.966652	2564200.000000
2021-06-07	0.002370	0.017368	0.020268	0.013889	0.286057	1688000.000000
2021-06-04	0.004267	0.017883	0.020961	0.010479	0.512917	2521400.000000
2021-06-03	0.001068	0.013890	0.017304	0.008560	0.128235	4006000.000000
2021-06-02	0.015939	0.016852	0.030896	0.015076	1.883987	3934300.000000
2021-06-01	0.016887	0.019141	0.033336	0.010967	1.962898	2547100.000000
2021-05-28	0.008386	0.021181	0.029075	0.017190	0.966652	2870700.000000
2021-05-27	-0.005532	0.015014	0.020708	0.006904	-0.641159	3470100.000000
2021-05-26	-0.005669	0.015179	0.018267	0.006858	-0.660866	2231800.000000
2021-05-25	0.000254	0.015866	0.017925	0.001793	0.029587	2072100.000000
2021-05-24	0.005275	0.018810	0.026832	0.014410	0.611565	2280200.000000
2021-05-21	0.001448	0.012597	0.019335	0.010437	0.167679	2372200.000000
2021-05-20	0.017425	0.016179	0.035252	0.012928	1.982628	2464200.000000
2021-05-19	0.003218	0.006753	0.017598	0.001462	0.364960	2112100.000000
2021-05-18	0.006918	0.012741	0.025614	0.006704	0.779243	1667100.000000
2021-05-17	-0.004012	0.014691	0.017609	0.006290	-0.453743	1427300.000000
2021-05-14	0.010132	0.019434	0.029706	0.017737	1.134346	2148300.000000
2021-05-13	0.010056	0.017145	0.033384	0.010829	1.114609	2066000.000000
2021-05-12	-0.021679	0.005510	0.011335	-0.011437	-2.456085	2086500.000000
2021-05-11	-0.011532	0.007525	0.008484	-0.011321	-1.321747	1871900.000000
2021-05-10	0.001551	0.014156	0.027700	0.011971	0.177544	1900400.000000
2021-05-07	0.011332	0.015309	0.025825	0.015309	1.282295	2610100.000000
2021-05-06	0.015131	0.016677	0.031659	0.014076	1.686707	1866800.000000
2021-05-05	-0.022405	0.012140	0.012842	-0.013643	-2.554718	2512000.000000
2021-05-04	-0.003534	0.013719	0.018788	0.002533	-0.404427	2704400.000000
2021-05-03	-0.004462	0.016503	0.017286	0.006064	-0.512909	2038000.000000
2021-04-30	0.002236	0.013545	0.019910	0.005523	0.256462	3323100.000000
2021-04-29	0.010165	0.016361	0.026050	0.015216	1.154060	1751600.000000
2021-04-28	0.002177	0.015219	0.022192	0.013718	0.246597	2249500.000000
2021-04-27	-0.003211	0.014686	0.016094	0.009847	-0.364960	2366600.000000
2021-04-26	0.003047	0.016984	0.023691	0.012394	0.345230	1584400.000000
2021-04-23	0.001657	0.017431	0.020083	0.009033	0.187416	1749800.000000
2021-04-22	-0.000262	0.011332	0.017077	0.004703	-0.029594	2088300.000000
2021-04-21	-0.000349	0.016280	0.023613	0.012039	-0.039459	2318600.000000
2021-04-20	0.022272	0.014981	0.044966	0.007123	2.465965	3351500.000000
2021-04-19	-0.002754	0.008763	0.017770	-0.003036	-0.305779	2554000.000000
2021-04-16	0.001780	0.016874	0.019852	0.011641	0.197273	2373300.000000
2021-04-15	0.024621	0.022867	0.040062	0.017042	2.663223	2539600.000000
2021-04-14	-0.010110	0.012342	0.018108	0.002276	-1.104744	1904900.000000
2021-04-13	0.008558	0.017129	0.023406	0.011961	0.927208	2152400.000000
2021-04-12	0.003013	0.014455	0.017324	0.002975	0.325493	1725100.000000
2021-04-09	0.009867	0.014928	0.027830	0.012685	1.055428	2454000.000000
2021-04-08	-0.010855	0.011957	0.020187	0.000860	-1.173790	2039500.000000
2021-04-07	0.002836	0.013714	0.018072	0.007964	0.305771	3400500.000000
2021-04-06	0.008766	0.010626	0.023255	0.009597	0.937065	2952000.000000
2021-04-05	-0.001198	0.018478	0.020721	0.006985	-0.128227	3862900.000000
2021-04-01	0.023585	0.021458	0.038769	0.012468	2.465958	2922400.000000
2021-03-31	-0.007119	0.010863	0.019314	-0.001008	-0.749664	4922800.000000
2021-03-30	-0.000093	0.011053	0.016275	0.004311	-0.009842	2316900.000000
2021-03-29	-0.000094	0.013332	0.018174	-0.003188	-0.009865	2928400.000000
2021-03-26	0.022503	0.019340	0.038368	0.010409	2.317993	2381800.000000
2021-03-25	0.005875	0.011170	0.021911	0.000135	0.601685	1745600.000000
2021-03-24	-0.013118	0.006482	0.014481	-0.002191	-1.361198	2772700.000000
2021-03-23	0.014954	0.012535	0.032684	0.008916	1.528893	3609500.000000
2021-03-22	0.032576	0.016533	0.047337	0.010373	3.225464	2652100.000000
2021-03-19	-0.016943	0.015494	0.021749	-0.004065	-1.706444	4555300.000000
2021-03-18	0.006307	0.004615	0.022699	-0.004178	0.631287	3069700.000000
2021-03-17	-0.020436	0.012173	0.012173	-0.014350	-2.088043	4000200.000000
2021-03-16	0.014108	0.025758	0.039058	0.016329	1.421448	3374100.000000
2021-03-15	0.014710	0.019597	0.037423	0.011339	1.460632	2979200.000000
2021-03-12	0.017377	0.014875	0.037827	0.010470	1.695915	2660600.000000
2021-03-11	0.018829	0.022189	0.047138	0.020101	1.803741	2354000.000000
2021-03-10	-0.006103	0.023421	0.027675	0.012631	-0.588181	2705900.000000
2021-03-09	0.024700	0.033603	0.060076	0.033603	2.323303	3361900.000000
2021-03-08	-0.014584	0.019787	0.026701	0.004910	-1.392029	3633200.000000
2021-03-05	0.018089	0.023834	0.043246	0.004102	1.695915	3552800.000000
2021-03-04	-0.004890	0.023391	0.039630	0.008956	-0.460739	3403500.000000
2021-03-03	-0.030074	0.014027	0.019277	-0.012430	-2.921272	3362400.000000
2021-03-02	-0.003420	0.021229	0.025128	0.001018	-0.333313	4855300.000000
2021-03-01	0.003634	0.030810	0.041003	0.022572	0.352913	3055100.000000
2021-02-26	-0.022882	0.025433	0.027446	-0.003845	-2.274284	5937400.000000
2021-02-25	-0.017919	0.018619	0.022176	-0.004404	-1.813545	3636400.000000
2021-02-24	-0.012530	0.019515	0.019808	0.004490	-1.284187	3137100.000000
2021-02-23	-0.001623	0.028771	0.031303	0.013477	-0.166641	2213400.000000
2021-02-22	-0.005508	0.012351	0.018163	0.002663	-0.568588	2386200.000000
2021-02-19	-0.004538	0.024923	0.027816	0.014315	-0.470535	1999900.000000
2021-02-18	-0.000472	0.020004	0.021836	0.011329	-0.049019	1947100.000000
2021-02-17	-0.007037	0.021919	0.023738	0.004021	-0.735214	2005700.000000
2021-02-16	-0.010124	0.023606	0.025975	-0.004248	-1.068527	3141000.000000
2021-02-12	-0.000835	0.014894	0.020196	0.010540	-0.088219	1393000.000000
2021-02-11	0.002232	0.021050	0.029778	0.015072	0.235260	1372400.000000
2021-02-10	0.000931	0.029217	0.035960	0.018866	0.098038	1633500.000000
2021-02-09	0.003175	0.018577	0.023435	0.010289	0.333298	1328500.000000
2021-02-08	0.003561	0.020579	0.024116	0.012548	0.372505	1754000.000000
2021-02-05	0.002725	0.018951	0.027674	0.014732	0.284294	1704900.000000
2021-02-04	0.003489	0.025873	0.032895	0.020101	0.362701	2698000.000000
2021-02-03	-0.007859	0.020101	0.021246	-0.001469	-0.823441	2440100.000000
2021-02-02	0.009159	0.026843	0.034838	0.015189	0.950890	2148700.000000
2021-02-01	0.026260	0.028108	0.048075	0.010710	2.656601	2982300.000000
2021-01-29	-0.001934	0.008262	0.032827	-0.005352	-0.196068	3090900.000000
2021-01-28	0.001162	0.017533	0.035213	0.004100	0.117645	2371600.000000
2021-01-27	-0.026120	0.016927	0.028181	-0.020684	-2.715424	2884400.000000
2021-01-26	0.032619	0.023379	0.062315	0.023081	3.283997	4360400.000000
2021-01-25	0.014622	0.021814	0.047009	0.019295	1.450829	2965700.000000
2021-01-22	0.007866	0.016647	0.033712	0.015835	0.774429	3065200.000000
2021-01-21	0.000897	0.017661	0.022033	0.006275	0.088234	2376200.000000
2021-01-20	0.023773	0.017187	0.053407	0.010734	2.284081	2980100.000000
2021-01-19	0.003378	0.027620	0.029604	0.012477	0.323502	2540600.000000
2021-01-15	0.022827	0.017644	0.043921	0.017430	2.137039	2735200.000000
2021-01-14	0.000943	0.025126	0.027799	0.009944	0.088226	3269700.000000
2021-01-13	0.007391	0.023009	0.038734	0.023009	0.686211	2621000.000000
2021-01-12	0.000528	0.018484	0.023442	0.003074	0.049011	2475000.000000
2021-01-11	-0.020083	0.013448	0.018834	-0.005877	-1.901772	2268300.000000
2021-01-08	0.013428	0.019566	0.044501	0.018282	1.254776	2199700.000000
2021-01-07	0.015014	0.020101	0.035852	0.017928	1.382217	3187800.000000
2021-01-06	-0.023703	0.019040	0.021904	-0.009593	-2.235077	4786400.000000
2021-01-05	0.001562	0.021269	0.032847	0.018720	0.147049	3844400.000000
2021-01-04	-0.036323	0.018975	0.022455	-0.017464	-3.548660	4454200.000000
2020-12-31	0.008500	0.018449	0.030217	0.012256	0.823441	1569300.000000
2020-12-30	0.011257	0.022815	0.036908	0.021980	1.078331	1568000.000000
2020-12-29	-0.005091	0.028617	0.032148	0.014492	-0.490158	1512500.000000
2020-12-28	0.010078	0.026920	0.033214	0.020521	0.960701	1327200.000000
2020-12-24	0.010916	0.025085	0.034100	0.021692	1.029297	714000.000000
2020-12-23	-0.014951	0.023757	0.033368	0.004536	-1.431221	2218400.000000
2020-12-22	0.004113	0.026919	0.028807	0.017583	0.392113	2425000.000000
2020-12-21	-0.008361	0.001794	0.015212	-0.001535	-0.803841	3483400.000000
2020-12-18	-0.024955	0.018985	0.021926	-0.015498	-2.460541	7273900.000000
2020-12-17	0.013196	0.028938	0.034693	0.022670	1.284203	3842600.000000
2020-12-16	0.003013	0.024309	0.037192	0.020907	0.292358	2896500.000000
2020-12-15	0.027666	0.033264	0.054554	0.025743	2.611931	3010100.000000
2020-12-14	-0.005135	0.031646	0.045977	0.018158	-0.487297	2769800.000000
2020-12-11	0.001955	0.021627	0.029545	0.010329	0.185181	3177200.000000
2020-12-10	0.007778	0.025423	0.041490	0.021911	0.730949	3828000.000000
2020-12-09	-0.004953	0.029343	0.030084	0.007532	-0.467819	2919200.000000
2020-12-08	-0.006357	0.028060	0.033215	0.015014	-0.604248	2365500.000000
2020-12-07	-0.011453	0.019717	0.027413	0.012021	-1.101295	2264300.000000
2020-12-04	0.016066	0.031450	0.043497	0.027646	1.520378	3284300.000000
2020-12-03	-0.004307	0.023325	0.030690	0.016276	-0.409332	4348600.000000
2020-12-02	-0.026747	0.022170	0.025549	-0.001997	-2.611938	2791500.000000
2020-12-01	0.001499	0.034163	0.045136	0.026984	0.146202	3645700.000000
2020-11-30	-0.005467	0.024735	0.030243	0.010660	-0.536034	3730200.000000
2020-11-27	0.016059	0.030621	0.045026	0.023885	1.549614	1273100.000000
2020-11-25	0.002024	0.030526	0.033538	0.022842	0.194916	2028700.000000
2020-11-24	-0.007533	0.034512	0.038119	0.015446	-0.730942	2746400.000000
2020-11-23	-0.007081	0.022889	0.032303	0.018079	-0.691963	2537800.000000
2020-11-20	0.002800	0.026677	0.034578	0.012002	0.272873	2530300.000000
2020-11-19	-0.013905	0.022216	0.028085	0.008960	-1.374176	2276200.000000
2020-11-18	-0.026871	0.025864	0.030492	-0.001806	-2.728882	2012500.000000
2020-11-17	0.009103	0.019801	0.037091	0.006883	0.916115	1982600.000000
2020-11-16	-0.002608	0.035278	0.037458	-0.000500	-0.263138	2061500.000000
2020-11-13	0.008868	0.031560	0.039659	0.025861	0.886887	2470300.000000
2020-11-12	0.005881	0.032095	0.042857	0.020831	0.584763	2968300.000000
2020-11-11	0.020812	0.035096	0.050496	0.023084	2.027168	3898000.000000
2020-11-10	0.003313	0.030078	0.035847	0.010919	0.321617	5771000.000000
2020-11-09	-0.050338	0.091309	0.099232	-0.028622	-5.145897	5949600.000000
2020-11-06	-0.009350	0.023057	0.031100	0.012688	-0.964851	1765200.000000
2020-11-05	0.000662	0.034691	0.036437	0.021018	0.068222	1594000.000000
2020-11-04	0.013603	0.030091	0.057907	0.025078	1.383934	1958800.000000
2020-11-03	0.024737	0.034018	0.059199	0.030090	2.455994	1521500.000000
2020-11-02	0.026915	0.041783	0.057919	0.038059	2.602196	1830200.000000
2020-10-30	-0.009783	0.018789	0.028212	0.003631	-0.955124	2273800.000000
2020-10-29	0.027382	0.023851	0.063837	0.016170	2.602188	2234200.000000
2020-10-28	-0.016441	0.008467	0.026061	0.002567	-1.588593	2666800.000000
2020-10-27	-0.013238	0.025244	0.035048	0.012274	-1.296227	1797900.000000
2020-10-26	-0.026831	0.013240	0.015029	-0.007134	-2.699638	1927400.000000
2020-10-23	0.004280	0.035244	0.039236	0.026859	0.428818	1403200.000000
2020-10-22	0.001461	0.028860	0.037856	0.025761	0.146187	1639800.000000
2020-10-21	-0.008500	0.019916	0.036071	0.013573	-0.857643	1922200.000000
2020-10-20	0.004951	0.045084	0.046578	0.024965	0.497047	1780300.000000
2020-10-19	-0.011893	0.034525	0.035706	0.012677	-1.208504	1938900.000000
2020-10-16	-0.006858	0.023715	0.031046	0.018437	-0.701714	2167900.000000
2020-10-15	0.009132	0.018269	0.044505	0.016691	0.925873	1280500.000000
2020-10-14	-0.024383	0.020480	0.024521	-0.000497	-2.533966	1668000.000000
2020-10-13	-0.015329	0.014691	0.022176	0.005310	-1.617844	2096800.000000
2020-10-12	0.012908	0.034603	0.044680	0.018671	1.344940	1302900.000000
2020-10-09	0.000655	0.030959	0.036721	0.020683	0.068245	1918900.000000
2020-10-08	0.010212	0.026740	0.058562	0.023053	1.052567	2382500.000000
2020-10-07	0.012251	0.032051	0.044720	0.020561	1.247475	2056800.000000
2020-10-06	-0.006750	0.026939	0.030743	0.010064	-0.691956	2637000.000000
2020-10-05	0.009307	0.033740	0.040829	0.018283	0.945358	2747000.000000
2020-10-02	0.020164	0.014410	0.051974	0.009389	2.007683	4631200.000000
2020-10-01	0.015305	0.029222	0.043906	0.015252	1.500877	3090400.000000
2020-09-30	0.010140	0.032241	0.046045	0.017305	0.984352	3645700.000000
2020-09-29	-0.004199	0.021445	0.030369	0.015496	-0.409332	1826400.000000
2020-09-28	0.024163	0.041399	0.052640	0.033415	2.300064	2298700.000000
2020-09-25	0.024224	0.022295	0.051132	0.019605	2.251328	1634700.000000
2020-09-24	0.000630	0.026061	0.045226	0.020678	0.058472	2235300.000000
2020-09-23	-0.039218	0.023682	0.027923	-0.018834	-3.791206	2543300.000000
2020-09-22	0.027343	0.026699	0.062619	0.026699	2.572952	3161900.000000
2020-09-21	-0.029843	0.011627	0.014514	-0.011365	-2.894562	4409500.000000
2020-09-18	-0.015628	0.027989	0.035500	0.001703	-1.539864	4555400.000000
2020-09-17	-0.009212	0.014497	0.027469	0.005246	-0.916138	2309000.000000
2020-09-16	-0.001077	0.033293	0.037211	0.024253	-0.107201	2363600.000000
2020-09-15	0.007651	0.034417	0.048385	0.033709	0.755898	1524500.000000
2020-09-14	0.017364	0.039198	0.059072	0.037447	1.686241	1842800.000000
2020-09-11	0.002000	0.036220	0.041482	0.023220	0.193810	1830200.000000
2020-09-10	-0.009606	0.029639	0.038222	0.020033	-0.940025	1792100.000000
2020-09-09	0.022065	0.044002	0.060922	0.041600	2.112633	2999700.000000
2020-09-08	-0.019452	0.024821	0.026766	0.006796	-1.899429	2764300.000000
2020-09-04	-0.008365	0.030973	0.039910	-0.002844	-0.823738	2042800.000000
2020-09-03	-0.028399	0.029617	0.032676	-0.007285	-2.878220	2367900.000000
2020-09-02	0.030345	0.031989	0.064013	0.025889	2.984840	3236600.000000
2020-09-01	-0.003534	0.030671	0.032191	0.020743	-0.348885	1735600.000000
2020-08-31	-0.006147	0.031384	0.033800	0.015677	-0.610535	2630400.000000
2020-08-28	0.005790	0.039279	0.039279	0.025001	0.571770	1941800.000000
2020-08-27	0.008611	0.038424	0.048740	0.035666	0.843117	2035200.000000
2020-08-26	-0.009316	0.029155	0.031685	0.014888	-0.920647	2780100.000000
2020-08-25	-0.000196	0.037046	0.037957	0.021265	-0.019379	3120900.000000
2020-08-24	-0.010093	0.026779	0.028282	0.005649	-1.007874	2015900.000000
2020-08-21	0.003408	0.040428	0.041232	0.023446	0.339195	1411000.000000
2020-08-20	0.009338	0.029757	0.049129	0.026917	0.920647	1794500.000000
2020-08-19	-0.018428	0.032882	0.035869	0.010184	-1.850990	2827300.000000
2020-08-18	-0.005374	0.030600	0.032976	0.019806	-0.542694	1490600.000000
2020-08-17	0.018472	0.031685	0.051048	0.028660	1.831604	2087200.000000
2020-08-14	-0.003118	0.028871	0.044052	0.025754	-0.310112	2689800.000000
2020-08-13	-0.002333	0.028076	0.040413	0.026371	-0.232574	2104400.000000
2020-08-12	0.023580	0.049237	0.058272	0.036610	2.296753	2751400.000000
2020-08-11	-0.031042	0.041337	0.041636	-0.004423	-3.120499	3576100.000000
2020-08-10	-0.012753	0.034244	0.037485	0.018727	-1.298599	2653600.000000
2020-08-07	0.001812	0.026869	0.034543	0.024213	0.184128	2014700.000000
2020-08-06	-0.000191	0.028739	0.040937	0.028641	-0.019371	1743200.000000
2020-08-05	-0.006535	0.037067	0.040780	0.022505	-0.668671	1550500.000000
2020-08-04	0.005810	0.029036	0.041323	0.023040	0.591133	2988300.000000
2020-08-03	-0.004174	0.032474	0.036781	0.017987	-0.426399	2062800.000000
2020-07-31	0.002187	0.029827	0.035713	0.011385	0.222893	3832100.000000
2020-07-30	-0.009231	0.020321	0.037330	0.014004	-0.949722	2758300.000000
2020-07-29	0.035401	0.032491	0.069020	0.032491	3.517830	3888400.000000
2020-07-28	0.007665	0.030264	0.046185	0.025803	0.755890	3263300.000000
2020-07-27	0.018517	0.028272	0.052337	0.016498	1.792847	3130000.000000
2020-07-24	0.010212	0.028861	0.044825	0.022184	0.978783	3020600.000000
2020-07-23	0.005286	0.027272	0.055277	0.026957	0.503937	3099300.000000
2020-07-22	0.004595	0.023773	0.040527	0.016187	0.436096	3412900.000000
2020-07-21	0.033780	0.074369	0.083955	0.057376	3.101105	3539900.000000
2020-07-20	-0.006398	0.027449	0.037190	0.023878	-0.591133	2385200.000000
2020-07-17	0.035179	0.040066	0.075246	0.036368	3.139854	3325100.000000
2020-07-16	-0.017495	0.029355	0.040363	0.013393	-1.589317	2902900.000000
2020-07-15	0.003855	0.045479	0.046694	0.024041	0.348885	3859600.000000
2020-07-14	-0.002031	0.032990	0.039165	0.019866	-0.184128	4206300.000000
2020-07-13	-0.013183	0.039069	0.049517	0.018066	-1.211372	4693900.000000
2020-07-10	-0.018122	0.025155	0.030391	0.009234	-1.695923	3033200.000000
2020-07-09	0.008459	0.034473	0.043632	0.017016	0.784973	2583200.000000
2020-07-08	0.009807	0.032975	0.042660	0.031343	0.901260	3082900.000000
2020-07-07	-0.007639	0.015041	0.034154	0.014070	-0.707451	2555100.000000
2020-07-06	0.000105	0.047546	0.057698	0.027567	0.009697	2510700.000000
2020-07-02	0.004204	0.047937	0.054010	0.030802	0.387642	2717900.000000
2020-07-01	0.019501	0.033988	0.054773	0.027022	1.763756	2624800.000000
2020-06-30	0.023692	0.030416	0.066634	0.030416	2.093254	5111900.000000
2020-06-29	0.014917	0.044293	0.052334	0.027752	1.298599	2249000.000000
2020-06-26	-0.017930	0.026246	0.034820	0.005827	-1.589333	4403200.000000
2020-06-25	0.018597	0.031312	0.052226	0.020741	1.618393	3009300.000000
2020-06-24	-0.018043	0.015751	0.033354	-0.007831	-1.599007	4726100.000000
2020-06-23	-0.011992	0.043593	0.046045	0.017394	-1.075699	2397000.000000
2020-06-22	0.007511	0.031325	0.040536	0.009984	0.668678	3409900.000000
2020-06-19	-0.033863	0.049141	0.049141	-0.005443	-3.120499	12157500.000000
2020-06-18	-0.016650	0.019082	0.023243	0.008944	-1.560257	2314000.000000
2020-06-17	-0.002064	0.043494	0.043494	0.020812	-0.193802	2713500.000000
2020-06-16	0.026592	0.071352	0.074741	0.043475	2.432434	3441600.000000
2020-06-15	0.005432	-0.000758	0.047715	-0.001198	0.494232	3647800.000000
2020-06-12	0.039050	0.068869	0.086343	0.043059	3.419167	4247000.000000
2020-06-11	-0.057048	0.009724	0.014031	-0.022153	-5.297295	4992400.000000
2020-06-10	-0.009453	0.028128	0.040609	0.019380	-0.886116	2378700.000000
2020-06-09	-0.004500	0.022970	0.042935	0.016598	-0.423775	2888800.000000
2020-06-08	0.021523	0.038154	0.062779	0.034248	1.984093	3536700.000000
2020-06-05	0.025281	0.069738	0.083529	0.060840	2.273018	3612200.000000
2020-06-04	-0.040793	0.028554	0.032714	-0.013374	-3.823700	3326300.000000
2020-06-03	0.019485	0.042069	0.062843	0.038697	1.791473	2970000.000000
2020-06-02	0.018783	0.048456	0.058761	0.035270	1.695137	3143300.000000
2020-06-01	0.024044	0.043482	0.072984	0.038716	2.118919	2310600.000000
2020-05-29	-0.016658	0.028108	0.033910	0.015611	-1.492882	3769900.000000
2020-05-28	0.014059	0.052293	0.056140	0.032378	1.242470	2616900.000000
2020-05-27	0.019329	0.061099	0.061099	0.032034	1.675888	3045000.000000
2020-05-26	0.028212	0.069451	0.075618	0.053323	2.378960	2743400.000000
2020-05-22	0.013310	0.032614	0.053403	0.032614	1.107605	1276000.000000
2020-05-21	-0.008264	0.030635	0.042433	0.024318	-0.693451	3091900.000000
2020-05-20	0.028814	0.055428	0.070386	0.051381	2.350090	2519300.000000
2020-05-19	-0.024761	0.031925	0.041371	0.010760	-2.070786	3093100.000000
2020-05-18	0.042627	0.076536	0.093865	0.060703	3.419189	3123300.000000
2020-05-15	-0.009515	0.026901	0.037027	0.012577	-0.770531	4971900.000000
2020-05-14	0.014969	0.023347	0.053803	0.004171	1.194313	4389700.000000
2020-05-13	-0.016386	0.030126	0.044426	0.017798	-1.329147	3935500.000000
2020-05-12	-0.052430	0.040715	0.040715	-0.016291	-4.488258	4440100.000000
2020-05-11	-0.012115	0.023721	0.041262	0.018875	-1.049843	3627800.000000
2020-05-08	0.021574	0.064434	0.064552	0.044864	1.829987	2249000.000000
2020-05-07	0.012997	0.052473	0.061908	0.043039	1.088356	2704200.000000
2020-05-06	-0.009118	0.042522	0.052935	0.027967	-0.770523	2277100.000000
2020-05-05	0.007001	0.051489	0.059711	0.040407	0.587524	1845400.000000
2020-05-04	0.003224	0.026307	0.043761	0.019134	0.269669	2212200.000000
2020-05-01	-0.026673	0.016270	0.031280	0.001725	-2.292297	2643300.000000
2020-04-30	-0.010315	0.021564	0.031468	0.000490	-0.895714	3377000.000000
2020-04-29	0.006362	0.060977	0.066192	0.042898	0.548996	3151300.000000
2020-04-28	-0.024499	0.063925	0.064716	0.008982	-2.167084	3141800.000000
2020-04-27	0.031446	0.059134	0.080707	0.046308	2.696808	2539400.000000
2020-04-24	0.026398	0.042331	0.071534	0.038262	2.205612	2916300.000000
2020-04-23	-0.012746	0.040389	0.051141	0.023610	-1.078728	2974600.000000
2020-04-22	-0.012697	0.046078	0.059027	0.022746	-1.088348	3317900.000000
2020-04-21	0.005650	-0.016877	0.051636	-0.017933	0.481560	4255100.000000
2020-04-20	-0.019064	0.024107	0.029631	0.011333	-1.656601	3187900.000000
2020-04-17	0.022902	0.062512	0.070634	0.038733	1.945549	3678400.000000
2020-04-16	0.019182	0.045581	0.060937	0.029384	1.598839	2887300.000000
2020-04-15	-0.029277	0.007283	0.023821	-0.011351	-2.513832	3870200.000000
2020-04-14	0.031709	0.062293	0.080677	0.055084	2.639030	3663800.000000
2020-04-13	-0.057996	0.029320	0.037922	-0.023651	-5.123955	4250500.000000
2020-04-09	0.064400	0.058984	0.114885	0.048262	5.345482	8283900.000000
2020-04-08	0.064608	0.058142	0.113166	0.035312	5.037262	5110400.000000
2020-04-07	0.008974	0.117073	0.118885	0.045250	0.693466	5388700.000000
2020-04-06	0.090230	0.100905	0.141961	0.086937	6.395302	5914400.000000
2020-04-03	-0.025427	0.018600	0.034825	-0.014263	-1.849236	3882600.000000
2020-04-02	0.030712	0.011335	0.081346	0.007083	2.167076	5395900.000000
2020-04-01	-0.088466	-0.012379	-0.011991	-0.108622	-6.847992	7994100.000000
2020-03-31	-0.030285	0.017091	0.031873	-0.057697	-2.417488	11324400.000000
2020-03-30	0.046861	0.059507	0.098194	0.010591	3.573273	6295900.000000
2020-03-27	0.019050	-0.002499	0.095862	-0.007844	1.425461	4490800.000000
2020-03-26	0.076188	0.041138	0.126713	0.026325	5.297318	4965400.000000
2020-03-25	0.023246	0.012213	0.108608	0.004119	1.579552	6918200.000000
2020-03-24	0.113303	0.085284	0.166713	0.085284	6.915409	7893700.000000
2020-03-23	0.008755	0.041237	0.074788	-0.011321	0.529736	5631200.000000
2020-03-20	-0.017055	0.054183	0.094959	0.014056	-1.049831	6826500.000000
2020-03-19	-0.057375	0.025245	0.040559	-0.031415	-3.746655	5489800.000000
2020-03-18	-0.040883	-0.038407	0.035031	-0.058382	-2.783485	7302000.000000
2020-03-17	0.098012	0.071968	0.177923	0.041165	6.077457	7883800.000000
2020-03-16	-0.172706	-0.076478	-0.029781	-0.144921	-12.944698	6663800.000000
2020-03-13	0.118103	0.106286	0.168940	0.065114	7.917068	6021800.000000
2020-03-12	-0.047632	-0.031651	0.042652	-0.119024	-3.352722	7912600.000000
2020-03-11	-0.088672	0.010791	0.013510	-0.052650	-6.848686	7836800.000000
2020-03-10	0.039733	0.081780	0.090665	0.025779	2.951530	6623400.000000
2020-03-09	-0.094434	-0.014647	-0.014647	-0.055607	-7.746567	7291600.000000
2020-03-06	-0.042693	0.007703	0.008287	-0.039794	-3.658379	5562100.000000
2020-03-05	-0.049380	0.021731	0.030163	-0.017097	-4.451187	3135200.000000
2020-03-04	0.055711	0.056752	0.106410	0.056284	4.756859	4210300.000000
2020-03-03	0.012688	0.051184	0.086291	0.039917	1.069809	5843400.000000
2020-03-02	0.047342	0.052131	0.096477	0.037225	3.811195	5715300.000000
2020-02-28	-0.028025	0.019265	0.028683	-0.022751	-2.321114	7285600.000000
2020-02-27	-0.049858	0.039343	0.041752	-0.005741	-4.346107	6227400.000000
2020-02-26	-0.004798	0.050339	0.065409	0.038694	-0.420280	4662200.000000
2020-02-25	-0.044593	0.049750	0.053786	-0.000643	-4.088211	5305900.000000
2020-02-24	-0.032752	0.031722	0.040689	0.010937	-3.104362	3688200.000000
2020-02-21	0.002830	0.046703	0.055802	0.046597	0.267464	6382300.000000
2020-02-20	0.012069	0.045951	0.060513	0.037706	1.127129	3992900.000000
2020-02-19	-0.005897	0.049682	0.052024	0.039144	-0.554016	4724300.000000
2020-02-18	0.008201	0.047773	0.055929	0.043480	0.764153	3742800.000000
2020-02-14	0.011195	0.051038	0.059611	0.048542	1.031609	3296000.000000
2020-02-13	-0.003306	0.045184	0.050159	0.039451	-0.305672	3652700.000000
2020-02-12	0.006028	0.051702	0.059319	0.046152	0.554008	2523300.000000
2020-02-11	0.016374	0.054324	0.071135	0.051117	1.480545	3740400.000000
2020-02-10	0.016320	0.053546	0.067821	0.049500	1.451897	5153300.000000
2020-02-07	0.000322	0.048938	0.051974	0.041180	0.028641	3643800.000000
2020-02-06	0.003990	0.046914	0.054816	0.044656	0.353424	3935200.000000
2020-02-05	-0.007279	0.051845	0.053526	0.035820	-0.649529	5736500.000000
2020-02-04	0.016872	0.048168	0.072668	0.042926	1.480537	4978000.000000
2020-02-03	-0.010874	0.053903	0.053903	0.031810	-0.964729	23204900.000000
2020-01-31	-0.034612	0.043214	0.044303	0.006652	-3.180786	5227600.000000
2020-01-30	-0.003005	0.042358	0.051905	0.037259	-0.277000	3455200.000000
2020-01-29	0.009837	0.049763	0.058527	0.043518	0.897873	2730100.000000
2020-01-28	0.006001	0.050331	0.058266	0.047465	0.544472	2245200.000000
2020-01-27	-0.012065	0.038639	0.045934	0.032650	-1.108047	2770800.000000
2020-01-24	0.004703	0.049102	0.058729	0.045492	0.429863	3201800.000000
2020-01-23	0.018735	0.042456	0.067086	0.037776	1.681107	3200900.000000
2020-01-22	-0.017055	0.042532	0.055787	0.026649	-1.556946	3434700.000000
2020-01-21	0.013790	0.045582	0.061796	0.044582	1.241760	3335500.000000
2020-01-17	0.009855	0.046914	0.062951	0.046466	0.878754	4292500.000000
2020-01-16	0.012363	0.050661	0.060084	0.048050	1.088921	2627500.000000
2020-01-15	0.017433	0.052228	0.068400	0.051304	1.509193	3309500.000000
2020-01-14	-0.012745	0.044063	0.047370	0.030036	-1.117561	3124500.000000
2020-01-13	0.026386	0.048085	0.074773	0.047616	2.254234	2833800.000000
2020-01-10	0.005396	0.048209	0.055976	0.047503	0.458496	2204300.000000
2020-01-09	0.000112	0.050798	0.057036	0.044443	0.009552	1688300.000000
2020-01-08	0.005426	0.046796	0.055908	0.043128	0.458496	2013700.000000
2020-01-07	-0.006402	0.041976	0.045738	0.033275	-0.544472	2054500.000000
2020-01-06	-0.003915	0.047500	0.049374	0.041058	-0.334297	1794500.000000
2020-01-03	0.011199	0.036848	0.064205	0.036848	0.945618	2188000.000000
2020-01-02	-0.008301	0.053139	0.054666	0.030589	-0.706825	2246200.000000
