2022-12-30	0.001547	0.030130	0.038844	0.025337	0.106544	1122800.000000
2022-12-29	0.006513	0.042832	0.046925	0.037716	0.445541	1968900.000000
2022-12-28	-0.011200	0.041126	0.042716	0.019734	-0.774857	1903800.000000
2022-12-27	0.009041	0.042663	0.047330	0.038871	0.619881	1444000.000000
2022-12-23	0.007113	0.038035	0.042148	0.032600	0.484283	1407100.000000
2022-12-22	-0.006361	0.023405	0.026615	0.011583	-0.435852	2109600.000000
2022-12-21	0.015941	0.045798	0.053805	0.042685	1.075111	2350500.000000
2022-12-20	0.011182	0.039800	0.050895	0.039350	0.745789	2142000.000000
2022-12-19	-0.008210	0.031413	0.038699	0.020260	-0.552078	2343600.000000
2022-12-16	-0.014478	0.013548	0.019410	0.008273	-0.987938	3987800.000000
2022-12-15	-0.003818	0.041213	0.041213	0.020482	-0.261513	3472400.000000
2022-12-14	-0.012429	0.018612	0.026398	0.007799	-0.862030	3312700.000000
2022-12-13	0.006748	0.062935	0.064677	0.033760	0.464920	4019300.000000
2022-12-12	-0.018761	0.019920	0.021487	0.002117	-1.317253	3498600.000000
2022-12-09	0.009610	0.040362	0.051291	0.039643	0.668304	3386800.000000
2022-12-08	0.027917	0.054034	0.064972	0.050338	1.888710	3021600.000000
2022-12-07	-0.006966	0.018803	0.031426	0.018803	-0.474594	3027500.000000
2022-12-06	0.012669	0.045534	0.050885	0.035426	0.852333	3863100.000000
2022-12-05	-0.005156	0.054043	0.059662	0.024173	-0.348679	3487300.000000
2022-12-02	0.009251	0.020216	0.045736	0.020216	0.619881	3632100.000000
2022-12-01	0.007867	0.044186	0.053662	0.037718	0.523026	4277300.000000
2022-11-30	0.011494	0.040365	0.048885	0.023781	0.755478	4925200.000000
2022-11-29	0.040798	0.062382	0.078375	0.061115	2.576393	3820100.000000
2022-11-28	-0.008063	0.028998	0.039836	0.023343	-0.513348	2748700.000000
2022-11-25	-0.006199	0.032453	0.034639	0.025585	-0.397106	1079600.000000
2022-11-23	0.014417	0.034987	0.048922	0.033879	0.910454	2248900.000000
2022-11-22	0.014312	0.041609	0.050925	0.035987	0.891079	3134100.000000
2022-11-21	-0.013959	0.005688	0.022001	-0.008091	-0.881397	3985900.000000
2022-11-18	0.004004	0.033407	0.039132	0.027842	0.251827	2786300.000000
2022-11-17	0.006511	0.009887	0.039495	0.007806	0.406796	3515800.000000
2022-11-16	-0.011795	0.025178	0.029290	0.014740	-0.745792	2862800.000000
2022-11-15	0.016189	0.059615	0.063311	0.045954	1.007313	4085800.000000
2022-11-14	-0.007263	0.012988	0.035006	0.011552	-0.455231	4065400.000000
2022-11-11	0.064134	0.094085	0.109705	0.086784	3.777409	6469500.000000
2022-11-10	0.042159	0.065542	0.078812	0.055456	2.382679	3364500.000000
2022-11-09	-0.019657	0.030025	0.041821	0.008689	-1.133224	3903000.000000
2022-11-08	0.018132	0.044816	0.061594	0.037399	1.026680	3447000.000000
2022-11-07	0.002057	0.051920	0.054575	0.031923	0.116226	4429400.000000
2022-11-04	0.100339	0.116576	0.146565	0.112098	5.152775	6579300.000000
2022-11-03	0.004547	0.022868	0.042039	0.022086	0.232456	3292900.000000
2022-11-02	-0.039840	0.028697	0.030763	-0.009243	-2.121162	5399700.000000
2022-11-01	0.030366	0.074448	0.077932	0.057031	1.569080	6204900.000000
2022-10-31	0.009843	0.026004	0.052778	0.024636	0.503654	6098100.000000
2022-10-28	-0.035069	0.007750	0.014916	-0.009976	-1.859650	5573000.000000
2022-10-27	-0.037955	-0.002197	0.005059	-0.010724	-2.092102	7214300.000000
2022-10-26	0.033787	0.039955	0.075590	0.039955	1.801533	4805300.000000
2022-10-25	0.017748	0.028636	0.051350	0.024246	0.929825	3688500.000000
2022-10-24	-0.026458	0.006066	0.018145	0.000491	-1.423794	5003700.000000
2022-10-21	0.041815	0.032260	0.077368	0.027226	2.159904	5720800.000000
2022-10-20	-0.007629	0.015931	0.049936	0.012857	-0.397114	6419500.000000
2022-10-19	-0.017730	0.019621	0.030000	0.009430	-0.939507	3485600.000000
2022-10-18	-0.008518	0.040125	0.044803	0.014678	-0.455227	3619700.000000
2022-10-17	0.027369	0.067823	0.074551	0.053983	1.423794	4794900.000000
2022-10-14	-0.048201	0.026050	0.026416	-0.018227	-2.634502	3766500.000000
2022-10-13	0.017674	0.010482	0.057031	0.008620	0.949192	4745000.000000
2022-10-12	-0.012642	0.018849	0.030247	0.013150	-0.687679	3445400.000000
2022-10-11	-0.022624	0.016282	0.030297	0.004064	-1.259136	4460500.000000
2022-10-10	0.002792	0.040742	0.049931	0.030111	0.154972	3848900.000000
2022-10-07	0.002274	0.028480	0.039677	0.021076	0.125912	4830000.000000
2022-10-06	-0.026728	0.008373	0.017162	0.000464	-1.520653	3367300.000000
2022-10-05	-0.008608	0.004921	0.030711	0.000914	-0.493965	5140300.000000
2022-10-04	0.039474	0.044770	0.079186	0.044408	2.179276	5526100.000000
2022-10-03	0.035234	0.052705	0.076894	0.049330	1.879017	6471200.000000
2022-09-30	-0.002175	0.015801	0.044990	0.015801	-0.116226	4688700.000000
2022-09-29	0.024318	0.044145	0.059094	0.030537	1.268822	6329400.000000
2022-09-28	0.028446	0.031862	0.064385	0.029694	1.443161	4264600.000000
2022-09-27	0.022647	0.054022	0.067527	0.044346	1.123539	5002600.000000
2022-09-26	-0.018021	0.012264	0.037798	0.007909	-0.910450	5248800.000000
2022-09-23	-0.057633	-0.022573	-0.018656	-0.039921	-3.089729	8999700.000000
2022-09-22	0.040023	0.076879	0.083087	0.064657	2.063046	3970500.000000
2022-09-21	-0.034295	0.028332	0.029269	-0.002955	-1.830589	3848000.000000
2022-09-20	-0.021311	0.004584	0.013018	-0.004034	-1.162281	3507400.000000
2022-09-19	0.020663	0.018044	0.054162	0.015611	1.104168	2456700.000000
2022-09-16	-0.003252	0.019769	0.036557	0.016225	-0.174343	3589700.000000
2022-09-15	-0.015125	0.019226	0.032270	0.012980	-0.823280	3309600.000000
2022-09-14	-0.008469	0.029175	0.033364	0.015149	-0.464912	3541500.000000
2022-09-13	-0.036710	0.009994	0.024908	-0.008781	-2.092106	3956100.000000
2022-09-12	0.015709	0.048494	0.053662	0.039404	0.881397	2563600.000000
2022-09-09	0.046802	0.063796	0.083759	0.063423	2.508587	3506400.000000
2022-09-08	0.018590	0.037394	0.052027	0.035684	0.978252	2433700.000000
2022-09-07	-0.010022	0.009690	0.027374	0.001036	-0.532711	4132900.000000
2022-09-06	0.007157	0.051212	0.054054	0.035675	0.377739	2994800.000000
2022-09-02	0.002760	0.048603	0.054493	0.030173	0.145287	3820800.000000
2022-09-01	-0.034642	-0.004964	0.000356	-0.016702	-1.888706	4279800.000000
2022-08-31	-0.008455	0.023178	0.030817	0.014267	-0.464912	3183600.000000
2022-08-30	-0.041695	0.019208	0.019556	-0.013732	-2.392361	4422400.000000
2022-08-29	-0.007871	0.020177	0.034701	0.018275	-0.455223	2345200.000000
2022-08-26	-0.007645	0.044808	0.050299	0.019241	-0.445538	3141600.000000
2022-08-25	0.017760	0.037693	0.052187	0.034374	1.016991	2251700.000000
2022-08-24	-0.032406	-0.004046	0.005755	-0.006749	-1.917759	3780800.000000
2022-08-23	0.036823	0.039111	0.073100	0.038761	2.101788	4681000.000000
2022-08-22	0.001700	0.032804	0.043159	0.027364	0.096855	2043200.000000
2022-08-19	-0.027443	0.016751	0.018287	0.002584	-1.607822	2933800.000000
2022-08-18	0.013912	0.041106	0.048029	0.036953	0.803913	2587400.000000
2022-08-17	-0.021646	0.007396	0.016030	0.004348	-1.278507	2671000.000000
2022-08-16	0.042215	0.060157	0.076921	0.059628	2.392361	3509200.000000
2022-08-15	-0.028073	-0.005277	0.004841	-0.011795	-1.636879	3890500.000000
2022-08-12	0.003668	0.021265	0.038134	0.018683	0.213085	7103900.000000
2022-08-11	0.015921	0.048542	0.058510	0.041897	0.910450	4678400.000000
2022-08-10	0.006032	0.096034	0.097089	0.081960	0.342865	3605200.000000
2022-08-09	0.008882	0.085534	0.090327	0.078435	0.500401	2756700.000000
2022-08-08	0.001812	0.091769	0.097282	0.074699	0.101929	2862700.000000
2022-08-05	0.023095	0.074051	0.108070	0.070231	1.269527	2625400.000000
2022-08-04	0.002366	0.076592	0.088627	0.069298	0.129730	2575800.000000
2022-08-03	-0.002024	0.085150	0.088426	0.071684	-0.111198	2859600.000000
2022-08-02	-0.015768	0.075742	0.076995	0.053532	-0.880329	3022900.000000
2022-08-01	-0.012781	0.075078	0.075608	0.056511	-0.722794	2725400.000000
2022-07-29	0.019205	0.090138	0.103474	0.080226	1.065659	3881900.000000
2022-07-28	0.007741	0.094582	0.097306	0.075512	0.426262	3441300.000000
2022-07-27	0.005244	0.055046	0.088821	0.041536	0.287266	4579800.000000
2022-07-26	-0.009385	0.079326	0.080411	0.060336	-0.518925	2890800.000000
2022-07-25	0.037739	0.119495	0.121748	0.105607	2.010849	2922500.000000
2022-07-22	-0.000521	0.095464	0.103905	0.073330	-0.027798	2913500.000000
2022-07-21	0.004014	0.053908	0.083665	0.052590	0.213131	2871200.000000
2022-07-20	-0.002611	0.075388	0.078393	0.065057	-0.139000	2876900.000000
2022-07-19	0.014301	0.089433	0.097626	0.082003	0.750591	3103800.000000
2022-07-18	0.022198	0.114980	0.129002	0.100763	1.139793	3496400.000000
2022-07-15	0.013350	0.070856	0.095525	0.062369	0.676460	6343900.000000
2022-07-14	-0.058864	0.022866	0.022866	0.007078	-3.169174	5172600.000000
2022-07-13	0.015379	0.077636	0.105359	0.068395	0.815456	4371800.000000
2022-07-12	-0.010206	0.068878	0.081385	0.061411	-0.546726	5086600.000000
2022-07-11	-0.021993	0.053403	0.061071	0.046465	-1.204659	4334700.000000
2022-07-08	-0.006388	0.076424	0.078419	0.055563	-0.352135	2986600.000000
2022-07-07	0.038945	0.117780	0.130784	0.112314	2.066456	4180700.000000
2022-07-06	-0.000349	0.077638	0.083855	0.059740	-0.018532	3841400.000000
2022-07-05	-0.042621	0.025575	0.033692	0.010424	-2.362984	4964100.000000
2022-07-01	-0.019180	0.054731	0.065346	0.027134	-1.084190	3875500.000000
2022-06-30	-0.030669	-0.032894	-0.023677	-0.046877	-1.930000	3837700.000000
2022-06-29	-0.005217	0.007904	0.010117	-0.012330	-0.329998	2951300.000000
2022-06-28	0.003808	0.014916	0.024913	0.000793	0.239998	3102500.000000
2022-06-27	0.004783	0.008131	0.012596	-0.000638	0.299999	2836200.000000
2022-06-24	0.031409	0.005427	0.031574	-0.001480	1.910000	3210200.000000
2022-06-23	-0.030298	-0.012438	-0.010844	-0.041301	-1.899998	5031400.000000
2022-06-22	-0.041132	-0.043425	-0.029358	-0.045566	-2.690002	4513000.000000
2022-06-21	0.013325	0.004029	0.018128	0.002169	0.860001	3038500.000000
2022-06-17	-0.051440	-0.028807	-0.025573	-0.061141	-3.500000	4770900.000000
2022-06-16	-0.021289	-0.028769	-0.012946	-0.032940	-1.479996	3542900.000000
2022-06-15	0.031148	0.018540	0.038268	0.006378	2.099998	3158100.000000
2022-06-14	-0.020201	-0.007557	-0.000436	-0.028775	-1.389999	3373800.000000
2022-06-13	-0.040173	-0.039197	-0.025945	-0.050077	-2.880005	3670900.000000
2022-06-10	-0.036554	-0.034538	-0.029432	-0.049187	-2.720001	4055800.000000
2022-06-09	-0.027193	-0.006798	-0.006537	-0.027847	-2.079994	2646400.000000
2022-06-08	-0.024362	-0.023724	-0.012628	-0.028061	-1.910004	2943400.000000
2022-06-07	0.032802	0.006455	0.034119	0.006455	2.489998	3553600.000000
2022-06-06	0.014026	0.008816	0.019102	0.004008	1.050003	2548600.000000
2022-06-03	-0.012662	-0.010156	-0.004089	-0.017937	-0.959999	1482600.000000
2022-06-02	0.035368	0.015431	0.038236	0.015021	2.589996	3136500.000000
2022-06-01	-0.002859	0.006808	0.009395	-0.012800	-0.209999	2178400.000000
2022-05-31	0.003416	0.012160	0.016806	-0.000820	0.250000	4667700.000000
2022-05-27	0.014696	0.012062	0.015805	0.007071	1.060005	2165800.000000
2022-05-26	0.003338	-0.003756	0.004590	-0.006399	0.239998	2550500.000000
2022-05-25	0.008699	0.000421	0.012347	-0.003367	0.620003	2934100.000000
2022-05-24	0.007635	-0.010180	0.008342	-0.012300	0.539993	2566000.000000
2022-05-23	0.017112	0.020420	0.024303	0.007334	1.190002	3009600.000000
2022-05-20	0.023701	0.026056	0.028264	0.000000	1.610001	3178400.000000
2022-05-19	0.018899	0.007350	0.026249	0.006750	1.260002	2962000.000000
2022-05-18	-0.033208	-0.014356	-0.013051	-0.036543	-2.290001	2547200.000000
2022-05-17	0.035902	0.036052	0.038906	0.024335	2.389999	3690200.000000
2022-05-16	0.011548	0.012156	0.018234	0.000456	0.760002	3174900.000000
2022-05-13	0.021577	0.012263	0.027786	0.010400	1.389999	3054200.000000
2022-05-12	-0.015286	-0.026139	-0.010089	-0.034393	-1.000000	4946500.000000
2022-05-11	0.004916	0.021505	0.038095	0.004301	0.320000	4113600.000000
2022-05-10	0.002001	0.010466	0.013237	-0.013391	0.129997	3655300.000000
2022-05-09	-0.045541	-0.034229	-0.030998	-0.050830	-3.099998	4919400.000000
2022-05-06	-0.013049	-0.013049	-0.005365	-0.028273	-0.900002	3785000.000000
2022-05-05	-0.039549	-0.013647	-0.008077	-0.049993	-2.839996	4992300.000000
2022-05-04	0.009702	-0.016029	0.012514	-0.028262	0.689995	3929300.000000
2022-05-03	0.002396	0.008034	0.014658	-0.003101	0.170006	3262000.000000
2022-05-02	-0.002390	-0.003937	0.004640	-0.018841	-0.170006	3688200.000000
2022-04-29	-0.005454	0.014124	0.023633	-0.006293	-0.389999	2905300.000000
2022-04-28	-0.005424	-0.006676	-0.001947	-0.019054	-0.389999	3416000.000000
2022-04-27	0.045970	0.045970	0.058481	0.029386	3.160004	4250000.000000
2022-04-26	-0.029644	-0.016234	-0.005223	-0.030773	-2.099998	4639700.000000
2022-04-25	-0.025182	-0.031650	-0.022017	-0.054493	-1.830002	5313100.000000
2022-04-22	-0.028606	-0.003743	0.000802	-0.029942	-2.139999	3842600.000000
2022-04-21	-0.047977	-0.025579	-0.021125	-0.053449	-3.770004	4776200.000000
2022-04-20	-0.026270	-0.032962	-0.025774	-0.057993	-2.119995	6459800.000000
2022-04-19	-0.020631	-0.015049	-0.009709	-0.025364	-1.700005	2704800.000000
2022-04-18	0.006474	0.007084	0.016367	0.000855	0.529999	2575800.000000
2022-04-14	-0.000854	0.000732	0.005614	-0.003905	-0.070000	2644500.000000
2022-04-13	0.018015	0.003479	0.018760	0.003230	1.450005	2691200.000000
2022-04-12	0.009406	0.014171	0.027464	0.006270	0.750000	3327500.000000
2022-04-11	-0.006726	0.003861	0.004609	-0.010090	-0.540001	2655900.000000
2022-04-08	-0.007050	0.005071	0.007792	-0.009153	-0.570000	2769500.000000
2022-04-07	0.003475	0.000124	0.008936	-0.011791	0.279999	2936400.000000
2022-04-06	0.000994	0.001242	0.005342	-0.008200	0.080002	3680600.000000
2022-04-05	-0.010936	-0.004547	-0.000123	-0.016097	-0.889999	2861200.000000
2022-04-04	-0.015723	-0.009797	-0.007741	-0.021408	-1.300003	2800300.000000
2022-04-01	0.028358	0.013557	0.030846	0.012438	2.279999	3345700.000000
2022-03-31	-0.001242	0.014037	0.017640	-0.002484	-0.099998	2786400.000000
2022-03-30	0.027048	0.014927	0.034575	0.013651	2.120003	3057400.000000
2022-03-29	-0.001910	-0.016172	-0.001528	-0.022412	-0.150002	3512000.000000
2022-03-28	-0.012450	-0.012450	-0.011444	-0.024899	-0.989998	2574400.000000
2022-03-25	0.015581	0.007918	0.016347	0.005364	1.219994	2889900.000000
2022-03-24	0.005393	0.010529	0.013226	0.001284	0.420006	3003800.000000
2022-03-23	0.018439	0.006277	0.020923	0.001569	1.409996	3853800.000000
2022-03-22	-0.015703	0.013515	0.014674	-0.017763	-1.220001	3668300.000000
2022-03-21	0.029962	0.022140	0.031287	0.019621	2.260002	3803000.000000
2022-03-18	0.007884	-0.000668	0.011758	-0.003875	0.590004	4637000.000000
2022-03-17	0.029153	0.008251	0.029290	0.005776	2.119995	4771600.000000
2022-03-16	0.052693	0.021859	0.053851	0.021859	3.639999	6816400.000000
2022-03-15	-0.004180	-0.021047	-0.002307	-0.026957	-0.290001	8968000.000000
2022-03-14	-0.046067	-0.023102	-0.019389	-0.051843	-3.349998	8954200.000000
2022-03-11	-0.028457	-0.023246	-0.006546	-0.028991	-2.129997	4664600.000000
2022-03-10	0.026327	0.000548	0.026875	-0.010284	1.919998	6792500.000000
2022-03-09	0.002451	0.040113	0.071865	0.031591	0.178291	7712700.000000
2022-03-08	-0.025270	0.048798	0.061124	0.034596	-1.886124	7564200.000000
2022-03-07	-0.028578	0.052404	0.060213	0.027675	-2.195778	6169300.000000
2022-03-04	-0.025238	0.029396	0.040306	0.024955	-1.989342	10406600.000000
2022-03-03	0.005506	0.077033	0.080349	0.054836	0.431648	6286400.000000
2022-03-02	0.043859	0.101499	0.115614	0.096173	3.293671	6540800.000000
2022-03-01	0.018453	0.088327	0.104601	0.072596	1.360634	5329000.000000
2022-02-28	0.007953	0.054744	0.081810	0.053924	0.581795	4751600.000000
2022-02-25	0.033678	0.057484	0.102559	0.056354	2.383453	5227100.000000
2022-02-24	-0.026839	0.022640	0.038866	0.012189	-1.951805	6316300.000000
2022-02-23	-0.003472	0.057732	0.062939	0.043892	-0.253357	5476000.000000
2022-02-22	0.001803	0.073779	0.085722	0.061698	0.131371	6540400.000000
2022-02-18	0.012389	0.078465	0.083052	0.072767	0.891449	2479100.000000
2022-02-17	-0.023931	0.048045	0.052521	0.034208	-1.764130	4246700.000000
2022-02-16	0.018540	0.066094	0.086543	0.065265	1.341866	3078700.000000
2022-02-15	-0.015822	0.048682	0.053577	0.035220	-1.163582	3947100.000000
2022-02-14	0.007456	0.073762	0.076913	0.063898	0.544250	3068500.000000
2022-02-11	-0.014818	0.052993	0.069998	0.047054	-1.097885	4193800.000000
2022-02-10	0.008043	0.069489	0.094386	0.069217	0.591171	4340000.000000
2022-02-09	0.002945	0.064997	0.070182	0.055173	0.215828	5039200.000000
2022-02-08	0.019050	0.074161	0.087093	0.061369	1.370010	4612800.000000
2022-02-07	0.037218	0.077218	0.110389	0.071881	2.580521	6373200.000000
2022-02-04	0.005717	0.072787	0.074963	0.064084	0.394112	4269400.000000
2022-02-03	-0.011038	0.067114	0.069983	0.053630	-0.769463	4727000.000000
2022-02-02	0.001213	0.061945	0.068839	0.053472	0.084457	4148200.000000
2022-02-01	0.039216	0.081202	0.108665	0.080456	2.627426	4316700.000000
2022-01-31	-0.023656	0.036826	0.042947	0.023711	-1.623375	5225600.000000
2022-01-28	-0.026102	0.062273	0.063125	0.019839	-1.839203	6066500.000000
2022-01-27	0.014318	0.087416	0.099508	0.073741	0.994667	4418200.000000
2022-01-26	0.004750	0.084771	0.089400	0.061051	0.328430	4045600.000000
2022-01-25	0.005596	0.057971	0.075861	0.047353	0.384735	3700900.000000
2022-01-24	-0.014658	0.025552	0.050202	0.015376	-1.022827	6301800.000000
2022-01-21	-0.023634	0.044970	0.052806	0.035735	-1.689064	6109400.000000
2022-01-20	-0.022587	0.070877	0.071697	0.041198	-1.651520	6027100.000000
2022-01-19	0.028918	0.096216	0.108318	0.093964	2.055016	6091600.000000
2022-01-18	0.004377	0.055927	0.073029	0.052252	0.309669	6051500.000000
2022-01-14	-0.003436	0.055116	0.066384	0.051594	-0.243980	4967400.000000
2022-01-13	-0.005390	0.067361	0.074365	0.058675	-0.384727	4872000.000000
2022-01-12	0.022171	0.089307	0.097899	0.083150	1.548309	5963600.000000
2022-01-11	0.023518	0.063334	0.090889	0.059377	1.604607	5652900.000000
2022-01-10	0.006506	0.060664	0.073941	0.054763	0.441040	5555500.000000
2022-01-07	0.031411	0.083177	0.100523	0.082416	2.064407	5414600.000000
2022-01-06	0.019357	0.092046	0.094838	0.077312	1.248032	4994700.000000
2022-01-05	0.017624	0.078464	0.099298	0.077990	1.116657	4117900.000000
2022-01-04	0.011839	0.073185	0.091231	0.072067	0.741306	2984800.000000
2022-01-03	-0.003137	0.074595	0.076346	0.057401	-0.197056	3628500.000000
2021-12-31	0.002546	0.066637	0.071585	0.062009	0.159527	1497200.000000
2021-12-30	0.009830	0.083086	0.091467	0.076156	0.609932	2479200.000000
2021-12-29	0.003034	0.066973	0.077319	0.066326	0.187679	1953500.000000
2021-12-28	-0.007378	0.061989	0.068728	0.055730	-0.459805	2865700.000000
2021-12-27	0.003021	0.062782	0.069864	0.053769	0.187675	1942800.000000
2021-12-23	0.005009	0.070047	0.077650	0.066650	0.309666	1562900.000000
2021-12-22	-0.001969	0.051957	0.065034	0.042593	-0.121994	4364100.000000
2021-12-21	0.026115	0.087381	0.096492	0.085061	1.576462	2665500.000000
2021-12-20	-0.008936	0.059769	0.060590	0.042366	-0.544258	3027500.000000
2021-12-17	-0.013526	0.068271	0.069242	0.051265	-0.835148	3081100.000000
2021-12-16	0.019365	0.084005	0.096222	0.084005	1.172962	3887900.000000
2021-12-15	-0.002318	0.058103	0.064362	0.045091	-0.140751	3192500.000000
2021-12-14	0.007631	0.070327	0.091072	0.069497	0.459801	3589700.000000
2021-12-13	0.001560	0.075653	0.076650	0.058864	0.093834	2622400.000000
2021-12-10	0.002032	0.075673	0.077506	0.060849	0.121990	2708200.000000
2021-12-09	0.001565	0.058339	0.068349	0.055837	0.093834	4370100.000000
2021-12-08	-0.004364	0.058703	0.062524	0.054219	-0.262745	2545700.000000
2021-12-07	0.033339	0.099835	0.113737	0.097260	1.942425	3521400.000000
2021-12-06	0.012392	0.068112	0.083577	0.060467	0.713161	3942100.000000
2021-12-03	-0.043661	0.034771	0.040421	0.009512	-2.627430	4031300.000000
2021-12-02	0.031692	0.080080	0.103568	0.077680	1.848583	4234800.000000
2021-12-01	-0.008454	0.068229	0.085229	0.056670	-0.497334	5573100.000000
2021-11-30	-0.003972	0.073468	0.079563	0.046716	-0.234592	4376700.000000
2021-11-29	0.009787	0.080725	0.087051	0.065166	0.572403	4519000.000000
2021-11-26	-0.022274	0.016700	0.044449	0.015363	-1.332481	3123600.000000
2021-11-24	-0.001410	0.073191	0.079535	0.063676	-0.084454	2513200.000000
2021-11-23	0.029511	0.085443	0.100910	0.083724	1.717216	3926000.000000
2021-11-22	0.021413	0.072701	0.095170	0.069717	1.219879	3297300.000000
2021-11-19	0.013522	0.078667	0.093433	0.075464	0.760075	3667800.000000
2021-11-18	-0.012692	0.053911	0.057599	0.046533	-0.722542	3617900.000000
2021-11-17	0.001982	0.072015	0.077823	0.064975	0.112606	3117900.000000
2021-11-16	-0.017365	0.057378	0.060318	0.047002	-1.004055	3569600.000000
2021-11-15	-0.011550	0.053542	0.055423	0.047217	-0.675629	2964300.000000
2021-11-12	-0.010476	0.050625	0.060774	0.046057	-0.619320	3752400.000000
2021-11-11	0.044084	0.098883	0.115131	0.098529	2.496059	5036700.000000
2021-11-10	-0.017264	0.055266	0.063250	0.046761	-0.994671	3227200.000000
2021-11-09	-0.014288	0.052506	0.058836	0.038990	-0.835148	3174900.000000
2021-11-08	0.027549	0.072184	0.095038	0.071129	1.567078	4099000.000000
2021-11-05	-0.003944	0.059726	0.063228	0.053597	-0.225212	3121000.000000
2021-11-04	-0.020126	0.053154	0.055385	0.039085	-1.172958	3871900.000000
2021-11-03	0.002745	0.070325	0.072389	0.059486	0.159523	4336500.000000
2021-11-02	-0.022874	0.033738	0.046010	0.029367	-1.360634	4003000.000000
2021-11-01	0.001897	0.065343	0.072417	0.062311	0.112602	2732400.000000
2021-10-29	-0.019070	0.051140	0.053949	0.042879	-1.154194	2830000.000000
2021-10-28	0.000931	0.060884	0.071302	0.060057	0.056301	4594000.000000
2021-10-27	-0.024080	0.049056	0.054866	0.040018	-1.492004	3268900.000000
2021-10-26	-0.011971	0.064404	0.064563	0.050212	-0.750698	3241200.000000
2021-10-25	0.014420	0.072635	0.083311	0.071826	0.891457	2457600.000000
2021-10-22	0.005188	0.071370	0.080151	0.059826	0.319042	3567600.000000
2021-10-21	-0.038015	0.034552	0.036586	0.014687	-2.430370	4765900.000000
2021-10-20	-0.038934	0.023738	0.031705	0.007051	-2.589901	5703500.000000
2021-10-19	0.010117	0.066591	0.081624	0.065376	0.666245	3049800.000000
2021-10-18	-0.003550	0.059173	0.065377	0.051154	-0.234596	2757300.000000
2021-10-15	-0.009284	0.059833	0.063731	0.051139	-0.619316	2912600.000000
2021-10-14	0.029544	0.089447	0.101022	0.088521	1.914261	3075300.000000
2021-10-13	-0.003464	0.048761	0.062603	0.046454	-0.225204	3550000.000000
2021-10-12	-0.007449	0.057741	0.062779	0.051635	-0.487946	3395800.000000
2021-10-11	0.019571	0.100855	0.110504	0.086068	1.257408	2857700.000000
2021-10-08	0.004991	0.072718	0.076316	0.065836	0.319050	3332300.000000
2021-10-07	0.015804	0.091896	0.100000	0.079662	0.994667	4260100.000000
2021-10-06	0.010395	0.056689	0.076917	0.051873	0.647476	3208100.000000
2021-10-05	-0.002704	0.053191	0.068081	0.044065	-0.168907	2891000.000000
2021-10-04	-0.003742	0.068232	0.076686	0.059778	-0.234592	3061100.000000
2021-10-01	-0.000150	0.064723	0.069507	0.049890	-0.009384	3100000.000000
2021-09-30	0.016428	0.086105	0.096479	0.082214	1.013439	3541700.000000
2021-09-29	-0.001367	0.058556	0.067784	0.054347	-0.084457	4642100.000000
2021-09-28	-0.025318	0.040907	0.043432	0.029704	-1.604610	5241200.000000
2021-09-27	0.011532	0.063445	0.077969	0.063126	0.722549	3525700.000000
2021-09-24	-0.004176	0.060434	0.072514	0.058845	-0.262749	3697300.000000
2021-09-23	0.006908	0.081203	0.086804	0.072081	0.431656	4049300.000000
2021-09-22	0.018663	0.095023	0.101707	0.084101	1.144802	6223300.000000
2021-09-21	-0.010595	0.071647	0.071970	0.050195	-0.656853	7198700.000000
2021-09-20	-0.028954	0.006945	0.035451	0.006162	-1.848587	7914400.000000
2021-09-17	-0.029940	0.029670	0.035748	0.015540	-1.970577	6992100.000000
2021-09-16	-0.046493	0.039313	0.040182	0.011497	-3.209213	3799700.000000
2021-09-15	0.011829	0.070810	0.085908	0.069784	0.806999	2383100.000000
2021-09-14	-0.014638	0.067268	0.067846	0.048058	-1.013443	2905500.000000
2021-09-13	0.008199	0.077184	0.084028	0.069029	0.563019	8318200.000000
2021-09-10	0.015543	0.091856	0.100877	0.082095	1.050972	3189200.000000
2021-09-09	-0.020258	0.053653	0.058435	0.041627	-1.398170	3410100.000000
2021-09-08	-0.013546	0.063393	0.065679	0.050529	-0.947746	2737600.000000
2021-09-07	-0.017266	0.059218	0.064134	0.046577	-1.229271	2155800.000000
2021-09-03	0.007837	0.080685	0.086347	0.070776	0.553642	2050800.000000
2021-09-02	0.004939	0.066817	0.083035	0.064826	0.347191	2283200.000000
2021-09-01	-0.002131	0.051768	0.068235	0.048645	-0.150131	2454200.000000
2021-08-31	-0.013016	0.060495	0.062457	0.045363	-0.928986	2223900.000000
2021-08-30	0.003033	0.076360	0.077203	0.067647	0.215820	1242500.000000
2021-08-27	0.024453	0.073598	0.095626	0.072734	1.698456	1817100.000000
2021-08-26	-0.018302	0.047447	0.054090	0.043348	-1.294952	1853100.000000
2021-08-25	0.004128	0.067950	0.075330	0.061990	0.290894	1474400.000000
2021-08-24	0.028630	0.089913	0.104949	0.088891	1.961189	2573000.000000
2021-08-23	0.006619	0.072733	0.079199	0.070382	0.450417	1976300.000000
2021-08-20	0.001381	0.054790	0.069505	0.053172	0.093842	2705300.000000
2021-08-19	-0.023068	0.039084	0.046560	0.029596	-1.604614	5203200.000000
2021-08-18	-0.035143	0.039186	0.044180	0.026842	-2.533600	3440200.000000
2021-08-17	-0.015379	0.050110	0.054344	0.035087	-1.126038	3291700.000000
2021-08-16	-0.017749	0.042472	0.050655	0.033215	-1.323105	3097300.000000
2021-08-13	0.003537	0.063929	0.078199	0.062718	0.262741	2363300.000000
2021-08-12	-0.016524	0.052969	0.053499	0.043172	-1.248016	2954100.000000
2021-08-11	-0.009662	0.126057	0.135759	0.116091	-0.736877	3603000.000000
2021-08-10	0.016010	0.135426	0.159938	0.134626	1.201797	2105200.000000
2021-08-09	0.007061	0.139955	0.152164	0.137138	0.526344	2071500.000000
2021-08-06	0.002714	0.144798	0.150179	0.138072	0.201767	1674700.000000
2021-08-05	-0.042810	0.093342	0.102356	0.085101	-3.324699	3563800.000000
2021-08-04	-0.009621	0.131794	0.137150	0.126565	-0.754417	2124400.000000
2021-08-03	0.023940	0.152099	0.167246	0.142959	1.833405	2443300.000000
2021-08-02	0.011470	0.163069	0.170333	0.151314	0.868462	2432200.000000
2021-07-30	-0.026616	0.110000	0.124142	0.104215	-2.070259	2340400.000000
2021-07-29	0.023667	0.166013	0.177989	0.160880	1.798317	3246800.000000
2021-07-28	0.046388	0.170251	0.198482	0.163090	3.368553	2950500.000000
2021-07-27	-0.038001	0.114122	0.130814	0.081798	-2.868538	3697200.000000
2021-07-26	0.039628	0.167914	0.186644	0.167363	2.877312	1895800.000000
2021-07-23	0.008406	0.148427	0.151483	0.134261	0.605286	1668900.000000
2021-07-22	-0.010369	0.130747	0.133221	0.115353	-0.754417	1446900.000000
2021-07-21	0.018293	0.157170	0.167107	0.150452	1.307068	1672100.000000
2021-07-20	0.015206	0.124752	0.157716	0.121768	1.070213	2462200.000000
2021-07-19	-0.030922	0.104431	0.109663	0.092314	-2.245697	2593800.000000
2021-07-16	-0.040116	0.109953	0.112729	0.090260	-3.035202	3437700.000000
2021-07-15	0.006065	0.136897	0.153385	0.132509	0.456154	1398100.000000
2021-07-14	0.006457	0.150394	0.155613	0.139688	0.482475	1846100.000000
2021-07-13	-0.009880	0.131077	0.137835	0.127102	-0.745644	1157000.000000
2021-07-12	0.000465	0.128157	0.144065	0.125505	0.035088	1249300.000000
2021-07-09	0.042556	0.162207	0.191784	0.157922	3.079063	2000700.000000
2021-07-08	-0.021938	0.103592	0.121301	0.094806	-1.622864	2305100.000000
2021-07-07	0.022926	0.162909	0.171621	0.153368	1.657959	2363300.000000
2021-07-06	-0.014229	0.145271	0.146225	0.116510	-1.043900	1681800.000000
2021-07-02	0.011001	0.144227	0.154839	0.135408	0.798279	1306700.000000
2021-07-01	-0.013947	0.141994	0.144032	0.121203	-1.026360	1623300.000000
2021-06-30	-0.008510	0.132815	0.139147	0.122440	-0.631607	1242900.000000
2021-06-29	0.001776	0.145894	0.149943	0.136446	0.131592	1318700.000000
2021-06-28	-0.006587	0.144380	0.146123	0.129229	-0.491249	1330200.000000
2021-06-25	0.002358	0.146810	0.152589	0.142643	0.175446	1075800.000000
2021-06-24	0.013139	0.149078	0.159699	0.146355	0.964951	1370900.000000
2021-06-23	0.007340	0.157512	0.161627	0.145579	0.535103	1944000.000000
2021-06-22	0.012425	0.146065	0.157314	0.138428	0.894775	1347400.000000
2021-06-21	0.012956	0.137986	0.160492	0.133907	0.921082	2189100.000000
2021-06-18	-0.023850	0.135561	0.140779	0.112630	-1.736900	4617100.000000
2021-06-17	-0.019372	0.124874	0.131472	0.109659	-1.438660	3493900.000000
2021-06-16	-0.020366	0.125050	0.135602	0.112650	-1.543915	2211200.000000
2021-06-15	-0.006324	0.131173	0.135630	0.118852	-0.482475	2141000.000000
2021-06-14	-0.005830	0.136307	0.140346	0.130573	-0.447388	1519300.000000
2021-06-11	0.006674	0.150712	0.156484	0.143628	0.508789	1514600.000000
2021-06-10	0.000345	0.139430	0.145467	0.129851	0.026314	2038000.000000
2021-06-09	-0.019637	0.125675	0.127219	0.113196	-1.526367	2249400.000000
2021-06-08	0.005561	0.144871	0.151727	0.134393	0.429840	1555300.000000
2021-06-07	-0.018162	0.135256	0.136526	0.114552	-1.429886	2502100.000000
2021-06-04	0.014010	0.151160	0.157214	0.142145	1.087761	2470600.000000
2021-06-03	-0.018954	0.121381	0.121887	0.109757	-1.500053	2806400.000000
2021-06-02	-0.006388	0.129912	0.138700	0.124513	-0.508797	2391900.000000
2021-06-01	0.038545	0.178288	0.187676	0.173073	2.956261	4021000.000000
2021-05-28	-0.003533	0.131640	0.138396	0.127353	-0.271942	1860400.000000
2021-05-27	0.034670	0.174100	0.180822	0.168589	2.579048	2906800.000000
2021-05-26	0.008563	0.139413	0.151344	0.131549	0.631607	1854100.000000
2021-05-25	-0.018789	0.127849	0.131707	0.117074	-1.412338	2411200.000000
2021-05-24	0.000467	0.134898	0.144480	0.128110	0.035088	1578400.000000
2021-05-21	-0.010742	0.141272	0.146275	0.122707	-0.815826	2043900.000000
2021-05-20	0.004642	0.141014	0.149215	0.130299	0.350899	4059300.000000
2021-05-19	-0.036449	0.112298	0.118033	0.090630	-2.859764	3485800.000000
2021-05-18	-0.013130	0.141716	0.142974	0.123730	-1.043892	2302900.000000
2021-05-17	0.027201	0.143444	0.171481	0.143444	2.105331	2422900.000000
2021-05-14	-0.019884	0.116148	0.123240	0.104878	-1.570229	3252700.000000
2021-05-13	-0.029434	0.106402	0.124469	0.090178	-2.394829	3803400.000000
2021-05-12	-0.020074	0.126346	0.139473	0.112495	-1.666740	3048300.000000
2021-05-11	0.008954	0.122578	0.151864	0.111399	0.736885	4078500.000000
2021-05-10	0.006869	0.165160	0.174214	0.145828	0.561424	4335700.000000
2021-05-07	0.019812	0.148939	0.164786	0.140579	1.587776	3279600.000000
2021-05-06	0.010843	0.141973	0.155217	0.135289	0.859680	3387400.000000
2021-05-05	0.036944	0.157089	0.189655	0.155127	2.824669	3730100.000000
2021-05-04	0.002415	0.137333	0.144937	0.122256	0.184219	3152600.000000
2021-05-03	0.022220	0.152955	0.170913	0.150945	1.657967	2051600.000000
2021-04-30	-0.028219	0.126150	0.130318	0.106224	-2.166756	2217600.000000
2021-04-29	-0.000457	0.145553	0.146464	0.128109	-0.035088	2117300.000000
2021-04-28	0.007478	0.138644	0.155824	0.136152	0.570198	2202300.000000
2021-04-27	-0.015071	0.123809	0.133238	0.118125	-1.166710	2069200.000000
2021-04-26	0.020939	0.151692	0.164353	0.149978	1.587776	2070000.000000
2021-04-23	0.028925	0.155289	0.176457	0.154203	2.131668	2001700.000000
2021-04-22	-0.023140	0.120603	0.122856	0.106817	-1.745689	3830100.000000
2021-04-21	0.015109	0.129325	0.160408	0.124616	1.122856	3107400.000000
2021-04-20	-0.018308	0.132162	0.136125	0.111820	-1.386024	3168200.000000
2021-04-19	0.017809	0.147887	0.167248	0.147887	1.324615	3597000.000000
2021-04-16	0.012055	0.154514	0.158732	0.139819	0.886002	2468000.000000
2021-04-15	0.025208	0.161298	0.173155	0.157392	1.807091	2214300.000000
2021-04-14	0.027924	0.147125	0.179244	0.146408	1.947441	2856400.000000
2021-04-13	0.006966	0.146164	0.150063	0.136201	0.482475	2094000.000000
2021-04-12	-0.005668	0.140386	0.141391	0.127177	-0.394753	1782100.000000
2021-04-09	-0.009975	0.123041	0.128584	0.115934	-0.701775	2446600.000000
2021-04-08	0.002249	0.141807	0.147648	0.131265	0.157898	1937200.000000
2021-04-07	0.015740	0.156162	0.171500	0.155728	1.087761	2070400.000000
2021-04-06	-0.013647	0.132819	0.140812	0.121686	-0.956184	2297800.000000
2021-04-05	0.024237	0.161152	0.176063	0.152381	1.657959	2361700.000000
2021-04-01	0.004250	0.136432	0.145093	0.123366	0.289482	1835400.000000
2021-03-31	-0.002953	0.143029	0.148884	0.130587	-0.201752	2234100.000000
2021-03-30	0.011954	0.140844	0.153583	0.135363	0.807045	1967000.000000
2021-03-29	-0.013965	0.129731	0.132945	0.116879	-0.956177	2223900.000000
2021-03-26	0.039835	0.167292	0.186276	0.162888	2.622910	2468800.000000
2021-03-25	0.004147	0.132025	0.149410	0.122570	0.271942	2277800.000000
2021-03-24	0.006057	0.145632	0.162816	0.145172	0.394753	2680500.000000
2021-03-23	-0.023396	0.125421	0.135460	0.109239	-1.561462	2734700.000000
2021-03-22	-0.006140	0.132658	0.136530	0.121043	-0.412308	2168800.000000
2021-03-19	-0.013022	0.130402	0.134811	0.116292	-0.885994	2763100.000000
2021-03-18	-0.014736	0.127646	0.142127	0.122867	-1.017586	3130700.000000
2021-03-17	-0.001015	0.122451	0.141836	0.110154	-0.070183	3811000.000000
2021-03-16	-0.009801	0.133939	0.137520	0.119757	-0.684235	2260000.000000
2021-03-15	-0.020795	0.111621	0.119336	0.095070	-1.482506	3898400.000000
2021-03-12	-0.014909	0.115222	0.126138	0.108451	-1.078987	1780100.000000
2021-03-11	0.028550	0.163832	0.172501	0.154025	2.008850	2729600.000000
2021-03-10	-0.020874	0.113098	0.118386	0.098766	-1.500061	2984000.000000
2021-03-09	-0.017746	0.123143	0.127927	0.097173	-1.298302	4546300.000000
2021-03-08	-0.002869	0.130278	0.152494	0.124282	-0.210533	2443700.000000
2021-03-05	0.021245	0.169185	0.174752	0.132857	1.526375	3643500.000000
2021-03-04	-0.056886	0.115801	0.120396	0.065262	-4.333504	4303300.000000
2021-03-03	-0.005255	0.181627	0.193510	0.167132	-0.402443	2141400.000000
2021-03-02	0.017149	0.202953	0.220485	0.200430	1.291161	2711900.000000
2021-03-01	0.027460	0.203780	0.227935	0.203644	2.012207	2275800.000000
2021-02-26	-0.030290	0.182801	0.185977	0.151570	-2.288872	3708100.000000
2021-02-25	-0.017228	0.198708	0.207552	0.167495	-1.324715	2359900.000000
2021-02-24	0.013258	0.191804	0.209857	0.182711	1.006104	1741900.000000
2021-02-23	0.001549	0.180848	0.196554	0.157487	0.117386	2484100.000000
2021-02-22	0.004223	0.183183	0.211414	0.181063	0.318596	2945100.000000
2021-02-19	0.021569	0.208162	0.225628	0.206808	1.592987	2002400.000000
2021-02-18	0.006283	0.208122	0.209894	0.182780	0.461128	1776000.000000
2021-02-17	-0.001027	0.218859	0.219403	0.180885	-0.075462	2447100.000000
2021-02-16	0.047454	0.237207	0.260731	0.233073	3.328514	2509800.000000
2021-02-12	0.016772	0.188377	0.214760	0.186493	1.157013	1534600.000000
2021-02-11	-0.009391	0.177505	0.188562	0.169894	-0.653961	1812300.000000
2021-02-10	0.020393	0.217782	0.227893	0.191407	1.391769	2941400.000000
2021-02-09	0.013825	0.186041	0.215603	0.180990	0.930641	3370400.000000
2021-02-08	0.023063	0.202301	0.222666	0.201389	1.517525	2714200.000000
2021-02-05	0.012384	0.200111	0.207497	0.186110	0.804886	1501700.000000
2021-02-04	-0.000129	0.193341	0.197341	0.182265	-0.008385	1174900.000000
2021-02-03	0.006883	0.198148	0.205428	0.192726	0.444366	1813600.000000
2021-02-02	-0.018733	0.174182	0.176614	0.162327	-1.232475	1755000.000000
2021-02-01	0.026825	0.227219	0.229716	0.213016	1.718750	1745800.000000
2021-01-29	-0.026621	0.177078	0.187257	0.157329	-1.752289	1993800.000000
2021-01-28	-0.002287	0.192271	0.200456	0.181510	-0.150917	1764000.000000
2021-01-27	-0.030075	0.153179	0.175378	0.138772	-2.045731	2437100.000000
2021-01-26	0.000493	0.201993	0.204934	0.192579	0.033531	1435000.000000
2021-01-25	-0.003808	0.184521	0.189356	0.173971	-0.259903	1213500.000000
2021-01-22	-0.012016	0.161457	0.180276	0.158417	-0.830032	1287700.000000
2021-01-21	-0.003507	0.200083	0.201237	0.174550	-0.243134	1410300.000000
2021-01-20	0.013235	0.209535	0.214359	0.199742	0.905487	1420600.000000
2021-01-19	0.014042	0.204732	0.215404	0.195542	0.947403	1557300.000000
2021-01-15	-0.051509	0.148161	0.151535	0.123558	-3.663872	2044900.000000
2021-01-14	0.037671	0.217234	0.240429	0.215775	2.582314	1599000.000000
2021-01-13	-0.026898	0.174698	0.177537	0.158230	-1.894814	2024300.000000
2021-01-12	0.002865	0.177778	0.197282	0.176639	0.201225	1685600.000000
2021-01-11	-0.033568	0.141407	0.160256	0.140856	-2.439796	3097600.000000
2021-01-08	0.008258	0.186067	0.205488	0.178438	0.595268	2835900.000000
2021-01-07	0.038406	0.223409	0.241271	0.216206	2.666168	2888300.000000
2021-01-06	0.044663	0.238021	0.256531	0.230949	2.967987	2771800.000000
2021-01-05	0.024163	0.199199	0.225708	0.193188	1.567841	2265400.000000
2021-01-04	0.028849	0.252347	0.258213	0.227135	1.819359	2593800.000000
2020-12-31	-0.010133	0.181111	0.183937	0.174205	-0.645569	1006400.000000
2020-12-30	-0.001839	0.196330	0.196800	0.184736	-0.117386	1198200.000000
2020-12-29	0.007144	0.217183	0.218919	0.197460	0.452744	1524000.000000
2020-12-28	-0.004609	0.203092	0.205919	0.182517	-0.293449	762700.000000
2020-12-24	-0.002496	0.206513	0.207140	0.183326	-0.159294	378200.000000
2020-12-23	0.011157	0.203815	0.211419	0.194944	0.704266	1210700.000000
2020-12-22	-0.012978	0.181468	0.182094	0.169115	-0.830029	1375600.000000
2020-12-21	-0.004308	0.155205	0.188055	0.155205	-0.276680	2955500.000000
2020-12-18	0.000131	0.194906	0.200823	0.188366	0.008385	1308400.000000
2020-12-17	0.009223	0.209541	0.220069	0.201369	0.586895	1638200.000000
2020-12-16	-0.003806	0.187560	0.193039	0.175506	-0.243149	1264100.000000
2020-12-15	0.024197	0.206194	0.225915	0.201384	1.509159	3011700.000000
2020-12-14	0.003643	0.206887	0.211715	0.193531	0.226372	2650500.000000
2020-12-11	0.001892	0.184181	0.196434	0.182569	0.117374	2875000.000000
2020-12-10	0.021964	0.197010	0.222384	0.195527	1.333076	1999100.000000
2020-12-09	-0.006860	0.187163	0.189781	0.171290	-0.419209	2028300.000000
2020-12-08	-0.001096	0.182755	0.198611	0.180957	-0.067066	1675100.000000
2020-12-07	-0.012852	0.181270	0.187079	0.169168	-0.796497	1504300.000000
2020-12-04	0.018603	0.201601	0.217215	0.201601	1.131859	2017700.000000
2020-12-03	0.033908	0.225692	0.242855	0.214987	1.995426	2748000.000000
2020-12-02	0.039698	0.231241	0.250145	0.212160	2.246960	4145700.000000
2020-12-01	0.039095	0.216408	0.241926	0.216408	2.129574	3138400.000000
2020-11-30	-0.016351	0.189295	0.194532	0.168890	-0.905491	2372500.000000
2020-11-27	-0.003470	0.172212	0.189667	0.171672	-0.192833	1541500.000000
2020-11-25	-0.020251	0.152528	0.177035	0.152351	-1.148632	2918600.000000
2020-11-24	0.034720	0.210057	0.238881	0.209145	1.903210	2075500.000000
2020-11-23	0.029120	0.206807	0.229524	0.205868	1.551064	1760000.000000
2020-11-20	0.006655	0.201987	0.207278	0.195183	0.352135	1251200.000000
2020-11-19	0.000317	0.187811	0.193104	0.176090	0.016769	1051400.000000
2020-11-18	-0.002687	0.199137	0.205547	0.188390	-0.142532	1489100.000000
2020-11-17	0.001425	0.186495	0.199712	0.177999	0.075459	1864600.000000
2020-11-16	0.010558	0.203602	0.209517	0.197305	0.553352	1452200.000000
2020-11-13	0.007251	0.192150	0.207525	0.192150	0.377289	1090800.000000
2020-11-12	-0.014451	0.177194	0.193294	0.170944	-0.762959	1301400.000000
2020-11-11	0.004146	0.197861	0.203758	0.191014	0.217987	1846900.000000
2020-11-10	0.018681	0.220626	0.233995	0.213457	0.964180	3277900.000000
2020-11-09	0.012001	0.237431	0.239392	0.181158	0.612038	3005600.000000
2020-11-06	0.034876	0.228642	0.241831	0.219511	1.718758	2086100.000000
2020-11-05	0.020486	0.219852	0.234554	0.215918	0.989330	1827200.000000
2020-11-04	-0.020741	0.165757	0.174071	0.155213	-1.022869	2445500.000000
2020-11-03	0.024560	0.234277	0.234277	0.219942	1.182167	2032100.000000
2020-11-02	0.011273	0.213946	0.216467	0.198609	0.536583	2180100.000000
2020-10-30	0.002118	0.188094	0.196516	0.180093	0.100609	2324000.000000
2020-10-29	0.022194	0.200689	0.221996	0.192081	1.031258	2861400.000000
2020-10-28	-0.043658	0.144564	0.152180	0.140036	-2.121197	3917700.000000
2020-10-27	-0.005662	0.179014	0.193135	0.174717	-0.276672	2190300.000000
2020-10-26	-0.022148	0.180719	0.181119	0.159106	-1.106712	1816700.000000
2020-10-23	-0.005008	0.188545	0.195315	0.183168	-0.251522	1312100.000000
2020-10-22	-0.005314	0.184011	0.190547	0.169949	-0.268295	1113100.000000
2020-10-21	0.010742	0.195128	0.221353	0.194728	0.536587	1978200.000000
2020-10-20	0.005909	0.192726	0.207023	0.191518	0.293446	1367000.000000
2020-10-19	-0.013655	0.189747	0.199678	0.173658	-0.687500	1867500.000000
2020-10-16	-0.008258	0.189378	0.194302	0.181892	-0.419205	1206700.000000
2020-10-15	-0.007377	0.163397	0.187447	0.162810	-0.377293	1441400.000000
2020-10-14	-0.001146	0.197999	0.200343	0.188820	-0.058685	1365100.000000
2020-10-13	-0.010050	0.180352	0.184606	0.170879	-0.519817	1681500.000000
2020-10-12	-0.006442	0.187924	0.189845	0.181584	-0.335369	2086500.000000
2020-10-09	0.009265	0.220644	0.224134	0.203002	0.477898	4041200.000000
2020-10-08	0.005229	0.198378	0.200522	0.187659	0.268291	1387100.000000
2020-10-07	0.026673	0.215936	0.237346	0.215536	1.333080	1983400.000000
2020-10-06	-0.026458	0.188051	0.189804	0.159027	-1.358231	2844200.000000
2020-10-05	0.012233	0.195684	0.209683	0.195092	0.620426	1289100.000000
2020-10-02	0.011200	0.182757	0.216453	0.181162	0.561741	2398600.000000
2020-10-01	-0.009439	0.196084	0.199244	0.175938	-0.477898	1692100.000000
2020-09-30	0.002990	0.198867	0.203621	0.189953	0.150913	2283300.000000
2020-09-29	-0.004629	0.193120	0.198050	0.184247	-0.234756	2619900.000000
2020-09-28	0.002154	0.201816	0.207349	0.189762	0.108994	3094400.000000
2020-09-25	-0.013242	0.167963	0.178102	0.157824	-0.679115	2219800.000000
2020-09-24	0.012748	0.201810	0.222347	0.193911	0.645576	1869900.000000
2020-09-23	-0.016447	0.190201	0.193115	0.170973	-0.846798	1979100.000000
2020-09-22	-0.003084	0.187498	0.192532	0.172396	-0.159298	1883500.000000
2020-09-21	-0.043775	0.152919	0.155882	0.126073	-2.364326	2611000.000000
2020-09-18	-0.004635	0.207469	0.208759	0.187013	-0.251526	1627300.000000
2020-09-17	-0.001851	0.175251	0.195118	0.174147	-0.100609	2169700.000000
2020-09-16	-0.009017	0.199471	0.202752	0.178143	-0.494667	3231000.000000
2020-09-15	0.024585	0.242407	0.242968	0.218314	1.316311	3486600.000000
2020-09-14	-0.001251	0.208209	0.208395	0.191234	-0.067070	1788000.000000
2020-09-11	0.050090	0.228573	0.260110	0.224263	2.557163	3796500.000000
2020-09-10	-0.016793	0.199852	0.203511	0.169037	-0.871952	2100300.000000
2020-09-09	0.017414	0.215652	0.225253	0.213496	0.888721	1808200.000000
2020-09-08	-0.010244	0.173138	0.195247	0.166544	-0.528202	1321700.000000
2020-09-04	0.020747	0.206781	0.224598	0.189757	1.048019	2044000.000000
2020-09-03	-0.033216	0.170908	0.172248	0.138372	-1.735523	2695100.000000
2020-09-02	0.001768	0.203079	0.203654	0.186016	0.092228	1403600.000000
2020-09-01	0.016005	0.203440	0.217855	0.193700	0.821648	2378100.000000
2020-08-31	-0.012101	0.192726	0.193688	0.177524	-0.628811	1233300.000000
2020-08-28	0.012580	0.199546	0.213381	0.196818	0.645580	2143900.000000
2020-08-27	-0.008905	0.207210	0.207210	0.174573	-0.461128	1214000.000000
2020-08-26	0.011795	0.193508	0.209335	0.189404	0.603657	1265000.000000
2020-08-25	-0.012617	0.180764	0.183465	0.166487	-0.653961	1194700.000000
2020-08-24	0.004713	0.206489	0.206683	0.193114	0.243137	1079400.000000
2020-08-21	-0.010135	0.171619	0.182940	0.169700	-0.528202	1639500.000000
2020-08-20	-0.001125	0.171451	0.192151	0.170685	-0.058689	1892600.000000
2020-08-19	-0.021233	0.194039	0.196103	0.165525	-1.131863	1283100.000000
2020-08-18	0.017931	0.213922	0.216596	0.203420	0.939026	1816600.000000
2020-08-17	0.014126	0.219063	0.224679	0.205507	0.729424	1750900.000000
2020-08-14	-0.003398	0.190989	0.193305	0.182497	-0.176067	853500.000000
2020-08-13	-0.008344	0.186793	0.195597	0.177798	-0.435978	1566700.000000
2020-08-12	0.015811	0.214889	0.231026	0.208279	0.813267	3013900.000000
2020-08-11	-0.004220	0.208407	0.210149	0.185563	-0.217991	2063700.000000
2020-08-10	0.010829	0.202902	0.215622	0.199771	0.553352	1609000.000000
2020-08-07	-0.024175	0.172484	0.173057	0.154152	-1.266006	2051800.000000
2020-08-06	-0.009358	0.177592	0.187240	0.170593	-0.494663	2424900.000000
2020-08-05	0.044294	0.265509	0.288029	0.262546	2.242138	3357200.000000
2020-08-04	-0.000808	0.220863	0.229154	0.216521	-0.040916	3299200.000000
2020-08-03	0.014253	0.249275	0.257083	0.238064	0.711922	2189000.000000
2020-07-31	0.000000	0.215441	0.222648	0.206031	0.000000	3109800.000000
2020-07-30	-0.026165	0.183249	0.193972	0.172331	-1.342014	1733600.000000
2020-07-29	0.022846	0.245978	0.255151	0.235010	1.145626	1626400.000000
2020-07-28	-0.020617	0.198220	0.208376	0.195681	-1.055611	1927500.000000
2020-07-27	0.029620	0.238537	0.259853	0.235320	1.472939	2036300.000000
2020-07-24	0.001483	0.214395	0.228694	0.211978	0.073647	1302100.000000
2020-07-23	-0.012370	0.217274	0.221053	0.200765	-0.621902	1267700.000000
2020-07-22	0.002120	0.219456	0.226632	0.216666	0.106369	1193900.000000
2020-07-21	-0.017783	0.202470	0.211867	0.200121	-0.908302	2048100.000000
2020-07-20	0.004344	0.217918	0.234632	0.217525	0.220936	1782800.000000
2020-07-17	0.015855	0.231835	0.242821	0.228639	0.793751	1995200.000000
2020-07-16	0.005093	0.222048	0.231283	0.217430	0.253674	2440000.000000
2020-07-15	0.000493	0.236510	0.237514	0.214616	0.024548	2249400.000000
2020-07-14	0.035575	0.235152	0.266769	0.234528	1.710247	3333900.000000
2020-07-13	-0.002547	0.249850	0.258564	0.217068	-0.122749	3181500.000000
2020-07-10	0.016218	0.229638	0.242921	0.220361	0.769207	1501900.000000
2020-07-09	-0.005832	0.232319	0.237769	0.211567	-0.278221	2337300.000000
2020-07-08	0.024425	0.234073	0.252755	0.232784	1.137436	1983400.000000
2020-07-07	-0.000702	0.210246	0.234708	0.209602	-0.032738	2802100.000000
2020-07-06	0.011725	0.228344	0.237462	0.220962	0.540077	2120000.000000
2020-07-02	0.005538	0.237984	0.247807	0.225759	0.253674	1869500.000000
2020-07-01	-0.003560	0.215739	0.222483	0.203558	-0.163658	2369900.000000
2020-06-30	0.010613	0.215892	0.240513	0.215013	0.482792	1786600.000000
2020-06-29	-0.003763	0.226866	0.229056	0.213287	-0.171841	1296900.000000
2020-06-26	-0.016913	0.220971	0.221187	0.200302	-0.785564	1722600.000000
2020-06-25	0.020313	0.234130	0.247530	0.229077	0.924675	1686500.000000
2020-06-24	-0.022663	0.211313	0.213245	0.192849	-1.055603	2027800.000000
2020-06-23	0.014255	0.242734	0.258848	0.237726	0.654636	2283800.000000
2020-06-22	0.019993	0.246035	0.252699	0.240927	0.900127	1887400.000000
2020-06-19	-0.019775	0.212904	0.219871	0.194615	-0.908306	2479800.000000
2020-06-18	-0.023147	0.190146	0.195888	0.185254	-1.088337	2362500.000000
2020-06-17	0.000174	0.227578	0.233960	0.218431	0.008179	1683200.000000
2020-06-16	0.006306	0.245808	0.251159	0.216910	0.294590	2533100.000000
2020-06-15	-0.007130	0.181454	0.219710	0.176141	-0.335503	2710200.000000
2020-06-12	0.035103	0.273525	0.277705	0.247787	1.595680	3307700.000000
2020-06-11	-0.051562	0.185534	0.189707	0.156115	-2.471264	2898900.000000
2020-06-10	0.014199	0.234321	0.246594	0.225222	0.671009	2239200.000000
2020-06-09	-0.009094	0.191014	0.214080	0.185562	-0.433697	2212100.000000
2020-06-08	0.030592	0.257488	0.261810	0.242145	1.415653	2492700.000000
2020-06-05	-0.001765	0.241247	0.246640	0.214929	-0.081833	3684200.000000
2020-06-04	0.002123	0.215130	0.225290	0.208429	0.098198	2416000.000000
2020-06-03	0.013991	0.229500	0.249229	0.227747	0.638271	1850900.000000
2020-06-02	0.016038	0.235188	0.250556	0.232293	0.720108	3110600.000000
2020-06-01	0.017619	0.229074	0.246978	0.226580	0.777382	1715300.000000
2020-05-29	0.026852	0.239968	0.258586	0.235080	1.153805	2739100.000000
2020-05-28	0.003248	0.234189	0.241427	0.223449	0.139107	2259000.000000
2020-05-27	0.017101	0.246983	0.249120	0.230597	0.720104	2208400.000000
2020-05-26	-0.012663	0.214310	0.221813	0.200008	-0.540077	2344900.000000
2020-05-22	0.005789	0.214501	0.232896	0.208841	0.245491	1508800.000000
2020-05-21	-0.010880	0.219715	0.227413	0.200355	-0.466431	1962800.000000
2020-05-20	0.011000	0.241150	0.248696	0.226293	0.466431	1999200.000000
2020-05-19	0.007779	0.234168	0.246764	0.228702	0.327316	2150200.000000
2020-05-18	0.080479	0.312437	0.335291	0.306530	3.134083	2931000.000000
2020-05-15	0.022122	0.249344	0.267717	0.238058	0.842850	3319100.000000
2020-05-14	0.018373	0.195853	0.247707	0.191309	0.687366	3766000.000000
2020-05-13	0.016226	0.247580	0.247580	0.226122	0.597359	2890100.000000
2020-05-12	-0.010556	0.244623	0.249730	0.208610	-0.392784	1521100.000000
2020-05-11	-0.031523	0.173895	0.192115	0.173374	-1.211075	1721600.000000
2020-05-08	0.025109	0.250865	0.254066	0.235656	0.941044	1615200.000000
2020-05-07	0.028982	0.253072	0.271468	0.251700	1.055603	1781900.000000
2020-05-06	0.005876	0.248284	0.250493	0.225086	0.212761	1485900.000000
2020-05-05	-0.016230	0.220961	0.234817	0.201128	-0.597363	1972800.000000
2020-05-04	-0.001332	0.206582	0.220420	0.196814	-0.049099	2329900.000000
2020-05-01	-0.024897	0.178658	0.199559	0.177865	-0.941040	2865500.000000
2020-04-30	-0.054839	0.159533	0.175536	0.147029	-2.193039	2416200.000000
2020-04-29	0.040673	0.255097	0.279819	0.253275	1.562946	2338600.000000
2020-04-28	0.001493	0.234036	0.241334	0.218399	0.057281	1502700.000000
2020-04-27	0.008387	0.225201	0.235713	0.218368	0.319134	1403300.000000
2020-04-24	0.009991	0.247264	0.249122	0.220190	0.376419	2377500.000000
2020-04-23	-0.005401	0.225216	0.254519	0.212808	-0.204575	1471900.000000
2020-04-22	0.037195	0.265037	0.274621	0.251620	1.358376	2239700.000000
2020-04-21	-0.038147	0.190443	0.202821	0.168056	-1.448387	2617900.000000
2020-04-20	-0.026029	0.203322	0.226152	0.188957	-1.014694	2552600.000000
2020-04-17	0.025178	0.265176	0.266228	0.242034	0.957413	2250700.000000
2020-04-16	0.009778	0.233201	0.237184	0.215409	0.368233	2940100.000000
2020-04-15	-0.041050	0.172392	0.180795	0.166280	-1.612045	3019600.000000
2020-04-14	0.002507	0.236088	0.249619	0.218729	0.098198	3106300.000000
2020-04-13	0.004406	0.235637	0.235637	0.209227	0.171841	1557800.000000
2020-04-09	0.036087	0.244895	0.276774	0.243301	1.358376	3412600.000000
2020-04-08	0.005904	0.218574	0.237547	0.203609	0.220940	1916600.000000
2020-04-07	-0.013164	0.243409	0.244463	0.205434	-0.499161	3004400.000000
2020-04-06	0.028863	0.258405	0.268987	0.241854	1.063786	3474500.000000
2020-04-03	-0.021082	0.230016	0.236656	0.184597	-0.793747	3410800.000000
2020-04-02	0.041657	0.256908	0.293152	0.239478	1.505672	2874700.000000
2020-04-01	-0.030509	0.208636	0.223657	0.179668	-1.137440	3913100.000000
2020-03-31	0.014473	0.238374	0.269123	0.225313	0.531895	3434400.000000
2020-03-30	0.030755	0.270571	0.289643	0.233267	1.096519	3321100.000000
2020-03-27	-0.040308	0.157446	0.200514	0.143718	-1.497486	2730500.000000
2020-03-26	0.027614	0.250815	0.275156	0.224814	0.998325	3325500.000000
2020-03-25	0.047664	0.235958	0.333617	0.226974	1.644779	4558700.000000
2020-03-24	0.157880	0.335126	0.424380	0.312309	4.705215	4076500.000000
2020-03-23	-0.004102	0.206342	0.243434	0.181279	-0.122740	4318800.000000
2020-03-20	-0.036618	0.240398	0.271303	0.173114	-1.137436	3702000.000000
2020-03-19	-0.001841	0.212729	0.244220	0.151032	-0.057283	3744400.000000
2020-03-18	-0.089974	0.125255	0.161515	0.078467	-3.076805	3420800.000000
2020-03-17	0.038003	0.228726	0.295808	0.216888	1.252003	2965500.000000
2020-03-16	-0.082916	0.088430	0.172498	0.080635	-2.978611	3482600.000000
2020-03-13	0.129696	0.324881	0.380543	0.259470	4.124228	4905700.000000
2020-03-12	-0.090143	0.119614	0.141074	0.062675	-3.150450	6720900.000000
2020-03-11	-0.067467	0.178022	0.190296	0.113718	-2.528542	5598100.000000
2020-03-10	0.095432	0.314702	0.342762	0.272613	3.265007	5030100.000000
2020-03-09	-0.094237	0.121975	0.155333	0.096295	-3.559601	6536000.000000
2020-03-06	-0.017036	0.201489	0.214241	0.188478	-0.654636	4163800.000000
2020-03-05	-0.042929	0.229610	0.248538	0.221640	-1.723648	4025300.000000
2020-03-04	0.055783	0.332911	0.354736	0.317397	2.121418	3222800.000000
2020-03-03	-0.000205	0.302930	0.331586	0.268753	-0.007801	6984400.000000
2020-03-02	0.039207	0.290084	0.335710	0.279975	1.435074	6370300.000000
2020-02-28	-0.006983	0.225459	0.277278	0.210809	-0.257378	7003300.000000
2020-02-27	-0.049286	0.233929	0.246567	0.212521	-1.910831	4810000.000000
2020-02-26	-0.014277	0.283941	0.288009	0.260805	-0.561554	2398100.000000
2020-02-25	-0.015616	0.291672	0.292422	0.255382	-0.623951	2730600.000000
2020-02-24	-0.062065	0.199767	0.208687	0.194837	-2.643970	2846500.000000
2020-02-21	0.007935	0.284764	0.294465	0.277193	0.335373	2570100.000000
2020-02-20	-0.002760	0.285229	0.292071	0.276498	-0.116993	1242200.000000
2020-02-19	-0.001470	0.283104	0.285931	0.277920	-0.062389	904800.000000
2020-02-18	-0.001468	0.276985	0.281691	0.273457	-0.062401	796700.000000
2020-02-14	-0.006743	0.283096	0.283797	0.269309	-0.288570	1369200.000000
2020-02-13	-0.007417	0.271028	0.277290	0.265925	-0.319778	1053700.000000
2020-02-12	0.026555	0.319781	0.321686	0.308590	1.115311	1620700.000000
2020-02-11	0.007861	0.303279	0.304238	0.286241	0.327568	1528100.000000
2020-02-10	-0.005583	0.277627	0.279298	0.266650	-0.233974	1190600.000000
2020-02-07	-0.029794	0.260167	0.265029	0.243034	-1.286896	1305900.000000
2020-02-06	-0.005388	0.282391	0.284694	0.271569	-0.233978	1229300.000000
2020-02-05	0.012916	0.301054	0.303154	0.287993	0.553757	1602400.000000
2020-02-04	0.034437	0.320766	0.327763	0.316906	1.427277	1809700.000000
2020-02-03	-0.005428	0.275682	0.285521	0.272082	-0.226185	1325100.000000
2020-01-31	-0.032416	0.254762	0.255691	0.235723	-1.396084	3023700.000000
2020-01-30	-0.000543	0.267773	0.282393	0.261043	-0.023396	1367600.000000
2020-01-29	-0.004684	0.286550	0.289091	0.272691	-0.202778	1067500.000000
2020-01-28	0.007441	0.285884	0.297054	0.284954	0.319771	1479400.000000
2020-01-27	-0.046053	0.226666	0.233103	0.220450	-2.074623	2357400.000000
2020-01-24	-0.019521	0.269538	0.272802	0.249949	-0.896927	1736400.000000
2020-01-23	-0.026281	0.242531	0.249524	0.225577	-1.240089	2689200.000000
2020-01-22	0.009174	0.301837	0.306970	0.289860	0.428959	2038900.000000
2020-01-21	-0.011867	0.269059	0.275187	0.262930	-0.561546	2107400.000000
2020-01-17	0.025697	0.321396	0.323346	0.311858	1.185497	1762100.000000
2020-01-16	0.002712	0.287378	0.290203	0.282813	0.124786	1003300.000000
2020-01-15	-0.004052	0.272853	0.284109	0.268523	-0.187180	1497100.000000
2020-01-14	0.001691	0.282812	0.289750	0.279342	0.077988	1148300.000000
2020-01-13	0.011634	0.283916	0.302562	0.282819	0.530357	1370200.000000
2020-01-10	0.002745	0.289200	0.297119	0.285021	0.124790	1104800.000000
2020-01-09	-0.010357	0.274542	0.276501	0.263876	-0.475761	1778800.000000
2020-01-08	0.008734	0.288529	0.302144	0.286992	0.397770	1420400.000000
2020-01-07	-0.001027	0.279748	0.287206	0.276458	-0.046799	1627600.000000
2020-01-06	-0.006628	0.273227	0.278675	0.269087	-0.304173	1492600.000000
2020-01-03	-0.017532	0.258612	0.268674	0.258398	-0.818932	1561700.000000
2020-01-02	0.008929	0.288857	0.296417	0.285185	0.413368	1814300.000000
