2022-12-30	0.004941	0.005908	0.014634	0.005551	0.277428	2068550.000000
2022-12-29	0.001945	0.015180	0.018035	0.011254	0.108982	3415063.000000
2022-12-28	-0.022637	0.010338	0.010338	-0.016521	-1.297935	4140448.000000
2022-12-27	0.001558	0.010514	0.013833	0.005973	0.089169	2395120.000000
2022-12-23	0.018329	0.016762	0.027791	0.013116	1.030426	2572147.000000
2022-12-22	-0.014931	0.006838	0.009291	-0.019270	-0.852081	3748871.000000
2022-12-21	0.026189	0.029251	0.038601	0.019900	1.456467	4917419.000000
2022-12-20	0.010987	0.017654	0.027652	0.014018	0.604385	4430725.000000
2022-12-19	0.010189	0.032798	0.034634	0.015352	0.554844	5096775.000000
2022-12-16	-0.021193	-0.012458	-0.006706	-0.022165	-1.179047	6956962.000000
2022-12-15	-0.010747	0.009291	0.011781	-0.008135	-0.604382	6087661.000000
2022-12-14	-0.010805	0.009291	0.011050	-0.005484	-0.614296	4325588.000000
2022-12-13	0.018098	0.027378	0.034094	0.023439	1.010612	5091499.000000
2022-12-12	0.013487	0.017459	0.026624	0.014192	0.743095	4491861.000000
2022-12-09	-0.017318	0.003584	0.012680	-0.008187	-0.970978	4283357.000000
2022-12-08	0.004259	0.024695	0.028725	0.009650	0.237793	4571387.000000
2022-12-07	-0.005822	0.014277	0.020688	0.003415	-0.326965	5444943.000000
2022-12-06	-0.012544	0.011401	0.020369	-0.006358	-0.713375	6428901.000000
2022-12-05	-0.005544	0.027652	0.031149	-0.001462	-0.317051	5917006.000000
2022-12-02	-0.005685	0.003554	0.012073	-0.000532	-0.326962	3510813.000000
2022-12-01	-0.007183	0.013089	0.014470	-0.000375	-0.416134	4084642.000000
2022-11-30	0.014752	0.024180	0.028910	0.013429	0.842175	5377406.000000
2022-11-29	0.020003	0.023227	0.036806	0.023227	1.119595	4289617.000000
2022-11-28	-0.005808	0.003430	0.013466	-0.000745	-0.326958	3806189.000000
2022-11-25	-0.000176	0.012311	0.021901	0.008403	-0.009911	1500910.000000
2022-11-23	0.000176	0.000410	0.012489	-0.003320	0.009911	3203577.000000
2022-11-22	0.038947	0.033467	0.050999	0.028300	2.110390	3419207.000000
2022-11-21	-0.022345	-0.012901	-0.010736	-0.034550	-1.238491	4371219.000000
2022-11-18	-0.013230	-0.005308	-0.000412	-0.018304	-0.743095	3367940.000000
2022-11-17	0.015586	0.007302	0.026107	0.003686	0.861988	4534539.000000
2022-11-16	-0.008173	0.015389	0.017361	-0.001668	-0.455761	4272507.000000
2022-11-15	0.029638	0.039020	0.046406	0.033111	1.605083	4948655.000000
2022-11-14	-0.019903	-0.005186	0.002776	-0.010797	-1.099781	3393581.000000
2022-11-11	0.035078	0.041323	0.048910	0.033550	1.872601	5480342.000000
2022-11-10	0.014498	0.035517	0.040268	0.017843	0.762913	5155983.000000
2022-11-09	-0.046670	-0.016253	-0.012268	-0.039171	-2.576065	5612875.000000
2022-11-08	-0.011432	0.005097	0.012261	0.000082	-0.638290	4022750.000000
2022-11-07	-0.003505	0.022276	0.025132	0.014423	-0.196396	4806178.000000
2022-11-04	0.023865	0.046673	0.053708	0.035344	1.306034	6535189.000000
2022-11-03	0.014934	0.015939	0.036154	0.012582	0.805225	3795150.000000
2022-11-02	-0.016655	0.020356	0.022088	0.000113	-0.913239	3919461.000000
2022-11-01	0.003775	0.041964	0.042513	0.021462	0.206211	4792770.000000
2022-10-31	-0.009790	-0.001227	0.014996	-0.005305	-0.540089	5838825.000000
2022-10-28	0.003035	0.026895	0.030532	0.015077	0.166939	5940751.000000
2022-10-27	0.050647	0.067252	0.083693	0.066870	2.651344	7316421.000000
2022-10-26	0.009468	0.014108	0.036283	0.014108	0.490993	5667610.000000
2022-10-25	-0.002456	0.014310	0.019696	0.009501	-0.127655	3074376.000000
2022-10-24	-0.000944	0.011047	0.027574	0.008741	-0.049103	3832212.000000
2022-10-21	0.018647	0.013260	0.037339	0.009932	0.952522	3219369.000000
2022-10-20	0.005412	0.030749	0.037835	0.018350	0.274952	4362973.000000
2022-10-19	0.005832	0.009639	0.027951	0.007264	0.294598	5001210.000000
2022-10-18	0.000584	0.022113	0.024094	0.006465	0.029461	3773047.000000
2022-10-17	0.017415	0.035279	0.046968	0.034070	0.864143	4588346.000000
2022-10-14	-0.031807	0.003520	0.006642	-0.015211	-1.630089	5436625.000000
2022-10-13	0.037162	0.018350	0.062366	0.018350	1.836304	9291623.000000
2022-10-12	0.002790	0.014900	0.029410	0.009100	0.137478	4001576.000000
2022-10-11	-0.019156	0.009791	0.020141	-0.003546	-0.962341	4254453.000000
2022-10-10	-0.015586	0.014823	0.019525	0.001694	-0.795410	3820625.000000
2022-10-07	0.005806	0.027613	0.037270	0.017759	0.294598	6085787.000000
2022-10-06	-0.043502	-0.037827	-0.019164	-0.040843	-2.307652	12213514.000000
2022-10-05	0.006334	0.012089	0.031155	0.004691	0.333870	8350326.000000
2022-10-04	0.025798	0.027691	0.049778	0.024772	1.325672	6284299.000000
2022-10-03	0.051648	0.052936	0.075653	0.051094	2.523697	5853257.000000
2022-09-30	-0.006390	0.010013	0.024958	0.006556	-0.314240	5161419.000000
2022-09-29	0.009474	0.005828	0.029024	-0.000946	0.461533	5373180.000000
2022-09-28	0.032037	0.017714	0.054999	0.015172	1.512253	4654751.000000
2022-09-27	0.027137	0.044461	0.066221	0.036084	1.247116	7080110.000000
2022-09-26	-0.027229	-0.000489	0.020678	-0.010628	-1.286400	6456265.000000
2022-09-23	-0.080818	-0.035739	-0.035155	-0.067259	-4.153778	9922917.000000
2022-09-22	0.000191	0.032361	0.038978	0.018544	0.009819	3480027.000000
2022-09-21	-0.009839	0.029911	0.032609	0.007752	-0.510624	5108911.000000
2022-09-20	0.006858	0.019126	0.025625	0.012821	0.353508	6354990.000000
2022-09-19	-0.000952	0.006720	0.025134	0.005557	-0.049099	4662563.000000
2022-09-16	-0.010546	0.005884	0.012788	-0.002842	-0.549908	4879017.000000
2022-09-15	-0.020476	0.000692	0.005858	-0.006447	-1.089996	5740218.000000
2022-09-14	0.019560	0.031374	0.043440	0.029075	1.021259	4348513.000000
2022-09-13	-0.014823	0.013255	0.022973	-0.000142	-0.785587	4747975.000000
2022-09-12	0.005965	0.029928	0.035718	0.022810	0.314236	4736263.000000
2022-09-09	0.028566	0.042559	0.049197	0.037971	1.463150	5154250.000000
2022-09-08	-0.000575	0.011130	0.022252	0.009764	-0.029457	6255961.000000
2022-09-07	-0.011553	0.003692	0.008899	-0.005952	-0.599010	5655508.000000
2022-09-06	-0.008078	0.022750	0.025237	0.008306	-0.422249	5131494.000000
2022-09-02	0.015840	0.045558	0.050222	0.031176	0.815041	5595494.000000
2022-09-01	-0.010947	0.014890	0.016043	0.001723	-0.569546	6334794.000000
2022-08-31	-0.026103	-0.017966	0.004591	-0.020025	-1.394413	6568531.000000
2022-08-30	-0.022637	-0.000129	0.000786	-0.011015	-1.237297	7494213.000000
2022-08-29	0.014213	0.018721	0.042473	0.018164	0.765945	4905028.000000
2022-08-26	0.002557	0.026535	0.033977	0.017922	0.137474	3475573.000000
2022-08-25	0.005511	0.027890	0.030696	0.020220	0.294598	3636080.000000
2022-08-24	-0.011081	0.001886	0.009563	-0.002369	-0.599010	6480483.000000
2022-08-23	0.041627	0.037426	0.062475	0.036462	2.160362	5418352.000000
2022-08-22	-0.000189	0.017965	0.024515	0.007080	-0.009823	4490994.000000
2022-08-19	-0.015459	0.010004	0.014367	0.001469	-0.815044	4321446.000000
2022-08-18	0.014742	0.015655	0.035383	0.015270	0.765945	8550633.000000
2022-08-17	0.003223	0.011978	0.025301	0.008309	0.166935	3311105.000000
2022-08-16	-0.005469	0.014125	0.020270	0.005676	-0.284775	3075603.000000
2022-08-15	-0.023209	-0.021791	-0.003597	-0.029107	-1.237293	4377917.000000
2022-08-12	0.006675	0.010608	0.025336	0.005887	0.353512	3993983.000000
2022-08-11	0.024701	0.043504	0.051244	0.041666	1.276573	5705225.000000
2022-08-10	0.011615	0.040747	0.043018	0.025382	0.593372	4137914.000000
2022-08-09	0.010583	0.052355	0.057498	0.036135	0.535007	4099243.000000
2022-08-08	0.001542	0.043874	0.047242	0.028817	0.077816	3552307.000000
2022-08-05	0.015659	0.023799	0.050058	0.022390	0.778198	5334488.000000
2022-08-04	-0.024255	0.023901	0.025079	-0.000052	-1.235382	5002827.000000
2022-08-03	-0.006829	0.044404	0.044794	0.015740	-0.350189	3641379.000000
2022-08-02	0.006876	0.040983	0.045597	0.029202	0.350189	4492498.000000
2022-08-01	-0.019108	0.016854	0.018877	0.004144	-0.992199	4318655.000000
2022-07-29	0.036706	0.036210	0.068155	0.035412	1.838478	6104532.000000
2022-07-28	0.001361	0.044818	0.048617	0.022626	0.068096	5117847.000000
2022-07-27	0.027167	0.042810	0.061395	0.033672	1.322922	4372980.000000
2022-07-26	-0.002590	0.036115	0.039290	0.022904	-0.126450	3320831.000000
2022-07-25	0.028694	0.034346	0.058577	0.028657	1.361832	3860029.000000
2022-07-22	-0.003879	0.024247	0.036630	0.016586	-0.184818	3076278.000000
2022-07-21	-0.006491	0.003001	0.021894	-0.004297	-0.311279	2829536.000000
2022-07-20	-0.004644	0.022213	0.026572	0.014741	-0.223728	3487714.000000
2022-07-19	0.019975	0.031412	0.049724	0.029718	0.943554	4083954.000000
2022-07-18	0.022962	0.065273	0.072532	0.048057	1.060287	3784553.000000
2022-07-15	0.028825	0.055652	0.062894	0.045403	1.293743	3387771.000000
2022-07-14	-0.034324	-0.024689	-0.006293	-0.033941	-1.595291	6488544.000000
2022-07-13	0.001887	0.013797	0.038156	0.013797	0.087547	3826933.000000
2022-07-12	-0.013446	0.005695	0.016966	0.000697	-0.632282	5053400.000000
2022-07-11	-0.014475	0.012515	0.020364	0.003084	-0.690643	3112642.000000
2022-07-08	0.002043	0.040415	0.045036	0.019099	0.097271	3199816.000000
2022-07-07	0.019579	0.046654	0.053827	0.041836	0.914379	6000652.000000
2022-07-06	-0.012140	0.017025	0.029505	-0.015569	-0.573917	8138051.000000
2022-07-05	-0.063584	-0.009610	-0.007626	-0.054178	-3.210045	9624618.000000
2022-07-01	-0.007458	0.013869	0.023109	-0.012672	-0.379364	5051171.000000
2022-06-30	-0.005893	-0.009506	-0.003802	-0.026236	-0.309998	6278638.000000
2022-06-29	-0.010348	0.018250	0.021637	-0.011195	-0.550003	5708927.000000
2022-06-28	0.025270	0.030864	0.035108	0.014660	1.310001	5403257.000000
2022-06-27	0.018268	0.014535	0.026321	0.009821	0.930000	4882931.000000
2022-06-24	0.035387	0.026439	0.044539	0.021761	1.740002	4831652.000000
2022-06-23	-0.032658	0.000197	0.001377	-0.043085	-1.660004	7500100.000000
2022-06-22	-0.030887	-0.033174	-0.019447	-0.039657	-1.619999	5231164.000000
2022-06-21	0.050471	0.052273	0.060483	0.046064	2.520000	5114772.000000
2022-06-17	-0.047137	-0.012023	-0.007824	-0.054943	-2.470001	10816456.000000
2022-06-16	-0.046579	-0.041485	-0.029305	-0.047944	-2.559998	8441172.000000
2022-06-15	0.000364	0.005279	0.010557	-0.020022	0.020000	4413440.000000
2022-06-14	-0.017525	-0.000179	0.008047	-0.028791	-0.980000	6042633.000000
2022-06-13	-0.035530	-0.034150	-0.018972	-0.050805	-2.060001	9485021.000000
2022-06-10	-0.026037	-0.026709	-0.021670	-0.034604	-1.549999	6548299.000000
2022-06-09	-0.028716	-0.008974	-0.007016	-0.029042	-1.760002	3478023.000000
2022-06-08	-0.004224	-0.011698	0.001950	-0.012998	-0.259998	5538815.000000
2022-06-07	0.023786	0.001331	0.025865	0.000832	1.430000	5188308.000000
2022-06-06	0.007710	0.012739	0.015421	0.003709	0.459999	4211713.000000
2022-06-03	0.007090	-0.005233	0.008103	-0.005233	0.419998	2645475.000000
2022-06-02	-0.008204	-0.015068	-0.001172	-0.017412	-0.489998	3395874.000000
2022-06-01	0.008612	0.006923	0.013509	-0.005132	0.509998	4058887.000000
2022-05-31	-0.013329	0.011996	0.013829	-0.014578	-0.799999	5117038.000000
2022-05-27	-0.001663	-0.006986	0.002412	-0.011144	-0.099998	3907640.000000
2022-05-26	-0.003976	0.001657	0.006296	-0.009858	-0.240002	6775039.000000
2022-05-25	0.007007	-0.001835	0.011985	-0.009176	0.420002	5567944.000000
2022-05-24	-0.001166	-0.014831	0.001167	-0.018997	-0.070000	5028530.000000
2022-05-23	0.028625	0.020055	0.031539	0.017484	1.669998	7815063.000000
2022-05-20	-0.003587	0.006832	0.012639	-0.019300	-0.209999	4415066.000000
2022-05-19	0.002225	-0.011982	0.013523	-0.013352	0.130001	6387759.000000
2022-05-18	-0.002050	0.015545	0.020142	-0.006833	-0.120003	7162156.000000
2022-05-17	0.008267	0.009817	0.013779	0.002411	0.480000	5860757.000000
2022-05-16	0.023986	0.002645	0.026984	0.000529	1.360001	5929102.000000
2022-05-13	0.026802	0.005614	0.028975	0.005614	1.480000	3838356.000000
2022-05-12	-0.011634	-0.013782	-0.010560	-0.026669	-0.649998	4931857.000000
2022-05-11	0.016928	0.025846	0.043502	0.014015	0.930000	4008574.000000
2022-05-10	0.010856	0.011224	0.025759	-0.005520	0.590000	5537659.000000
2022-05-09	-0.058059	-0.030156	-0.029463	-0.060659	-3.350002	6491645.000000
2022-05-06	0.013347	0.007025	0.013699	-0.009132	0.760002	4531795.000000
2022-05-05	-0.000527	0.007548	0.010356	-0.019484	-0.030003	5112479.000000
2022-05-04	0.023904	0.011143	0.025881	-0.002696	1.330002	4293698.000000
2022-05-03	0.035548	0.017681	0.037968	0.016006	1.910000	5157360.000000
2022-05-02	0.005615	-0.012165	0.006644	-0.020962	0.299999	5134073.000000
2022-04-29	-0.028015	-0.007095	-0.001637	-0.030835	-1.540001	4846395.000000
2022-04-28	0.021747	0.011710	0.023978	-0.001859	1.170002	3690420.000000
2022-04-27	0.014138	0.003959	0.018850	-0.004713	0.750000	4166169.000000
2022-04-26	-0.013574	-0.012086	0.005764	-0.017293	-0.730000	6852016.000000
2022-04-25	-0.030816	-0.032258	-0.025230	-0.058569	-1.710003	6266597.000000
2022-04-22	-0.021513	-0.002998	0.004761	-0.026186	-1.219997	4946514.000000
2022-04-21	-0.020045	0.000173	0.005333	-0.022291	-1.160000	4190512.000000
2022-04-20	-0.003787	-0.005853	-0.001721	-0.011362	-0.220001	3312228.000000
2022-04-19	0.013257	0.009768	0.023548	0.006977	0.759998	5836152.000000
2022-04-18	0.003852	0.002451	0.011557	-0.004903	0.220001	3278359.000000
2022-04-14	0.001227	0.000000	0.007626	-0.002809	0.070000	4069957.000000
2022-04-13	0.018753	0.018039	0.021790	0.010359	1.049999	5328023.000000
2022-04-12	0.012111	0.016631	0.025488	0.007231	0.670002	4915839.000000
2022-04-11	-0.013728	0.000000	0.000713	-0.018898	-0.770000	3854997.000000
2022-04-08	0.012090	0.003428	0.019036	0.003248	0.670002	5355716.000000
2022-04-07	0.002170	-0.005063	0.002713	-0.020072	0.119999	4027549.000000
2022-04-06	0.007103	0.014751	0.018758	0.000911	0.389999	4454857.000000
2022-04-05	-0.016302	-0.005912	0.000896	-0.018452	-0.910000	4109512.000000
2022-04-04	0.001795	0.001795	0.004846	-0.010230	0.099998	4195180.000000
2022-04-01	0.014382	0.000364	0.014564	-0.002185	0.790001	2749935.000000
2022-03-31	-0.012228	-0.003417	0.002697	-0.012408	-0.680000	4847557.000000
2022-03-30	0.040412	0.028812	0.041160	0.028064	2.160000	6248280.000000
2022-03-29	-0.009818	-0.011115	-0.007318	-0.023342	-0.529999	4367057.000000
2022-03-28	-0.028962	-0.017089	-0.015470	-0.031480	-1.610001	4470739.000000
2022-03-25	0.010360	-0.000909	0.016539	-0.001272	0.570000	3382397.000000
2022-03-24	0.005115	0.008403	0.013701	-0.000731	0.279999	3481585.000000
2022-03-23	0.031468	0.026569	0.039194	0.023586	1.670002	6422804.000000
2022-03-22	-0.006924	0.004678	0.004678	-0.008982	-0.369999	3774836.000000
2022-03-21	0.044566	0.030102	0.045934	0.029711	2.279999	6035040.000000
2022-03-18	-0.013688	-0.019279	-0.008290	-0.028726	-0.709999	4219642.000000
2022-03-17	0.032650	0.013339	0.033048	0.007963	1.639999	4129320.000000
2022-03-16	-0.002383	-0.002979	0.000794	-0.016286	-0.119999	4438390.000000
2022-03-15	0.007806	-0.005805	0.014211	-0.017614	0.389999	5137068.000000
2022-03-14	-0.019046	-0.006578	0.025133	-0.024936	-0.970001	4286894.000000
2022-03-11	-0.014703	-0.007158	0.000967	-0.017798	-0.759998	3223905.000000
2022-03-10	-0.000387	-0.001740	0.005028	-0.011990	-0.020000	4356648.000000
2022-03-09	-0.023234	-0.003589	0.001133	-0.027956	-1.230000	6690657.000000
2022-03-08	0.026765	0.028510	0.043444	-0.006206	1.379997	8842615.000000
2022-03-07	0.043936	0.056894	0.063171	0.026524	2.170002	8597885.000000
2022-03-04	-0.038169	-0.022395	-0.019085	-0.059980	-1.959999	8464598.000000
2022-03-03	-0.059868	-0.032406	-0.025998	-0.062931	-3.270000	6765820.000000
2022-03-02	0.055051	0.052540	0.064709	0.046166	2.849998	9763061.000000
2022-03-01	-0.011834	-0.003627	0.010689	-0.020935	-0.619999	10689738.000000
2022-02-28	-0.033573	-0.037631	-0.016233	-0.047593	-1.820000	8833744.000000
2022-02-25	0.050785	0.024617	0.053305	0.023066	2.619999	5797722.000000
2022-02-24	-0.019761	0.016341	0.020521	-0.037051	-1.040001	7017532.000000
2022-02-23	-0.000759	0.005506	0.009370	-0.005126	-0.039997	3805490.000000
2022-02-22	-0.010706	0.007701	0.012397	-0.021600	-0.570004	3382529.000000
2022-02-18	-0.007272	-0.007272	-0.002610	-0.014917	-0.389999	2874787.000000
2022-02-17	-0.007587	-0.004071	-0.000740	-0.016839	-0.410000	2709933.000000
2022-02-16	0.010660	0.018889	0.028988	0.009444	0.570000	4217901.000000
2022-02-15	-0.016734	-0.028503	-0.011953	-0.032917	-0.910000	3848897.000000
2022-02-14	-0.015033	-0.015033	-0.011411	-0.027169	-0.829998	4360596.000000
2022-02-11	0.031192	0.024468	0.040904	0.022150	1.669999	4016099.000000
2022-02-10	-0.004463	0.004835	0.027334	0.004649	-0.240000	5972711.000000
2022-02-09	0.004108	0.016057	0.031927	0.013443	0.220000	3097417.000000
2022-02-08	-0.021020	0.012246	0.013709	-0.013343	-1.150000	4771449.000000
2022-02-07	0.011089	0.029939	0.037331	0.022177	0.600000	4494406.000000
2022-02-04	0.021907	0.034372	0.044004	0.031728	1.160000	6047876.000000
2022-02-03	0.012428	0.015105	0.032314	0.007266	0.650000	5748489.000000
2022-02-02	0.010823	0.019714	0.029957	0.011596	0.560000	4255632.000000
2022-02-01	0.024960	0.021989	0.044572	0.019612	1.260000	2426093.000000
2022-01-31	-0.010972	-0.008621	0.007053	-0.014107	-0.560001	752914.000000
2022-01-28	-0.001370	-0.004109	0.001761	-0.015750	-0.070000	6757736.000000
2022-01-27	0.003929	0.017482	0.023178	-0.005107	0.200001	6007013.000000
2022-01-26	0.023522	0.030760	0.039204	0.016988	1.169998	6747433.000000
2022-01-25	0.036250	0.005000	0.041667	-0.006250	1.740002	5846684.000000
2022-01-24	-0.013361	-0.028777	-0.012539	-0.046865	-0.650002	6992372.000000
2022-01-21	-0.016973	-0.012326	-0.008689	-0.022631	-0.840000	6755567.000000
2022-01-20	-0.025787	-0.024606	-0.007677	-0.025984	-1.309998	5513072.000000
2022-01-19	-0.002944	0.004907	0.006477	-0.010991	-0.150002	4590968.000000
2022-01-18	0.017982	0.018981	0.024376	0.005295	0.900002	6091297.000000
2022-01-14	0.016450	0.003452	0.017669	0.002843	0.809998	5490115.000000
2022-01-13	-0.001217	0.003854	0.008519	-0.004361	-0.059998	4097965.000000
2022-01-12	0.016704	0.016704	0.021241	0.010930	0.809998	5405231.000000
2022-01-11	0.031483	0.007233	0.032121	0.003616	1.480003	5288449.000000
2022-01-10	-0.005500	0.003173	0.008039	-0.011953	-0.260002	4283586.000000
2022-01-07	0.011339	0.001712	0.012409	-0.005349	0.529999	4616054.000000
2022-01-06	0.016308	0.021961	0.023266	0.007502	0.750000	5412441.000000
2022-01-05	0.000435	0.016315	0.021209	0.000000	0.020000	5352739.000000
2022-01-04	0.029794	0.029346	0.036514	0.026546	1.330002	6062476.000000
2022-01-03	0.028571	0.014747	0.030645	0.012903	1.239998	7286049.000000
2021-12-31	0.000000	0.006912	0.009217	-0.003456	0.000000	2348383.000000
2021-12-30	-0.006410	0.005494	0.008929	-0.006639	-0.279999	3539821.000000
2021-12-29	-0.007724	-0.001136	0.004316	-0.007724	-0.340000	3319381.000000
2021-12-28	-0.006993	-0.003158	0.002707	-0.010828	-0.310001	3656423.000000
2021-12-27	0.011177	-0.004106	0.011405	-0.011975	0.490002	2860791.000000
2021-12-23	0.007353	0.011029	0.020910	0.005974	0.320000	3037950.000000
2021-12-22	0.010918	-0.001161	0.013473	-0.006736	0.470001	3264642.000000
2021-12-21	0.026711	0.010971	0.029692	0.010971	1.119999	4630759.000000
2021-12-20	-0.004275	-0.009974	-0.003800	-0.020898	-0.180000	4125955.000000
2021-12-17	-0.017499	-0.004200	-0.002567	-0.017849	-0.750000	5935715.000000
2021-12-16	0.000700	0.006537	0.016344	-0.000117	0.029999	4744518.000000
2021-12-15	0.003515	-0.002343	0.006678	-0.015112	0.150002	4013304.000000
2021-12-14	-0.003502	-0.003269	0.012024	-0.005604	-0.150002	4931628.000000
2021-12-13	-0.029898	-0.021065	-0.018233	-0.032843	-1.320000	4141180.000000
2021-12-10	0.002725	0.005678	0.007268	-0.006814	0.120003	4575450.000000
2021-12-09	-0.012780	-0.010538	-0.009417	-0.020179	-0.570000	3996704.000000
2021-12-08	0.003600	0.010239	0.015302	0.002475	0.160000	5591581.000000
2021-12-07	-0.001124	0.003821	0.013823	-0.004271	-0.050003	5092649.000000
2021-12-06	0.020881	0.028224	0.028683	0.019504	0.910000	4270646.000000
2021-12-03	-0.006610	0.008662	0.012537	-0.012651	-0.289997	5333061.000000
2021-12-02	0.054821	0.036788	0.059630	0.026689	2.279999	8238228.000000
2021-12-01	-0.010704	0.023311	0.025571	-0.011418	-0.450001	6006255.000000
2021-11-30	-0.009658	-0.012721	-0.003534	-0.020141	-0.410000	6551435.000000
2021-11-29	0.009033	0.027098	0.033753	0.007844	0.380001	4648172.000000
2021-11-26	-0.049051	-0.055832	-0.047242	-0.062839	-2.170002	7174453.000000
2021-11-24	0.003630	-0.010889	0.004730	-0.010889	0.160000	3031828.000000
2021-11-23	0.022026	0.007651	0.025272	0.006260	0.950001	4515299.000000
2021-11-22	-0.001851	-0.011109	0.008331	-0.011571	-0.079998	5072671.000000
2021-11-19	-0.041269	-0.031950	-0.026625	-0.045041	-1.860001	4642181.000000
2021-11-18	-0.005955	-0.013895	-0.004632	-0.019519	-0.270000	4410293.000000
2021-11-17	-0.005484	-0.008116	0.004168	-0.010748	-0.250000	4750703.000000
2021-11-16	0.006846	0.009276	0.014134	0.005632	0.310001	4814834.000000
2021-11-15	0.025130	0.016187	0.031130	0.008830	1.110001	5912843.000000
2021-11-12	-0.001808	-0.004520	0.001356	-0.006328	-0.080002	2812039.000000
2021-11-11	-0.004499	0.001125	0.009224	-0.004724	-0.200001	3845773.000000
2021-11-10	-0.034535	-0.013032	-0.009774	-0.038119	-1.590000	4319005.000000
2021-11-09	0.005460	0.004368	0.005678	-0.010810	0.250000	3490425.000000
2021-11-08	0.000656	0.002841	0.008960	-0.003715	0.030003	3702953.000000
2021-11-05	0.019835	0.018052	0.024070	0.009249	0.889999	3898494.000000
2021-11-04	0.001786	0.014512	0.016745	-0.003461	0.079998	6636011.000000
2021-11-03	-0.013436	-0.019163	-0.009471	-0.020925	-0.610001	6074660.000000
2021-11-02	-0.016464	-0.017548	-0.013215	-0.023072	-0.759998	4611937.000000
2021-11-01	0.005227	0.009800	0.012631	-0.000327	0.240002	4981495.000000
2021-10-29	-0.032040	-0.022976	-0.015388	-0.033832	-1.520000	7518569.000000
2021-10-28	-0.050630	-0.039424	-0.038207	-0.063210	-2.530003	14544797.000000
2021-10-27	0.022718	-0.005321	0.038682	-0.010029	1.110001	16960466.000000
2021-10-26	-0.004077	0.003057	0.005096	-0.008867	-0.200001	3395254.000000
2021-10-25	0.007599	0.008010	0.012117	0.001951	0.370003	4869868.000000
2021-10-22	-0.003275	-0.004299	0.000205	-0.013920	-0.160000	4391622.000000
2021-10-21	-0.011934	-0.004450	-0.000809	-0.019678	-0.590000	4566315.000000
2021-10-20	0.003043	-0.005072	0.009738	-0.008521	0.149998	6833117.000000
2021-10-19	0.014198	0.011523	0.015535	0.006790	0.690002	4475344.000000
2021-10-18	-0.002258	0.000000	0.004722	-0.004722	-0.110001	5068382.000000
2021-10-15	0.012892	0.012477	0.018715	0.009773	0.619999	5178507.000000
2021-10-14	0.013061	0.019802	0.020645	0.007584	0.619999	5560309.000000
2021-10-13	0.009785	-0.004467	0.014571	-0.008083	0.460003	7010357.000000
2021-10-12	-0.002334	0.002971	0.009126	-0.004032	-0.110001	5994923.000000
2021-10-11	0.011810	0.019111	0.022332	0.010165	0.549999	6026507.000000
2021-10-08	0.011731	0.012166	0.023898	0.011731	0.540001	8666390.000000
2021-10-07	0.012538	-0.000880	0.016828	-0.003740	0.570000	7115014.000000
2021-10-06	-0.022996	-0.021814	-0.015474	-0.031163	-1.070000	7143435.000000
2021-10-05	0.018608	0.013354	0.025175	0.006567	0.849998	6626148.000000
2021-10-04	0.006389	0.009914	0.024124	0.003966	0.290001	8077445.000000
2021-10-01	0.018398	0.011218	0.021292	0.004039	0.820000	5399585.000000
2021-09-30	0.000000	0.006955	0.013350	-0.003814	0.000000	6267877.000000
2021-09-29	0.002249	-0.002923	0.006874	-0.011581	0.099998	5864205.000000
2021-09-28	0.006792	0.026941	0.028073	0.005660	0.300003	9512505.000000
2021-09-27	0.052168	0.034778	0.055145	0.034064	2.189999	7267952.000000
2021-09-24	-0.007330	-0.010404	-0.001419	-0.011823	-0.310001	5378687.000000
2021-09-23	0.025461	0.012852	0.028128	0.008729	1.049999	8434533.000000
2021-09-22	0.006590	0.019771	0.024164	0.006224	0.270000	6229359.000000
2021-09-21	0.037478	0.048113	0.050646	0.029248	1.480000	10815922.000000
2021-09-20	-0.021556	-0.017839	-0.013132	-0.033449	-0.869999	5523782.000000
2021-09-17	-0.012237	-0.002447	0.000979	-0.018600	-0.500000	4509557.000000
2021-09-16	-0.015184	-0.002169	-0.002169	-0.021813	-0.630001	3981661.000000
2021-09-15	0.034405	0.017701	0.034904	0.017203	1.380001	5699571.000000
2021-09-14	-0.005208	0.017361	0.017733	-0.007316	-0.209999	5310356.000000
2021-09-13	0.021535	0.013428	0.029009	0.013428	0.849998	6071641.000000
2021-09-10	0.003050	0.009403	0.011944	0.002287	0.120003	3928830.000000
2021-09-09	-0.004554	-0.005059	0.005565	-0.009107	-0.180000	3886487.000000
2021-09-08	-0.013969	-0.000499	0.004989	-0.014717	-0.560001	3965063.000000
2021-09-07	-0.001494	-0.003736	0.007472	-0.005355	-0.060001	3110304.000000
2021-09-03	-0.003969	-0.000992	0.002729	-0.009179	-0.160000	3185750.000000
2021-09-02	0.017929	0.009849	0.027525	0.009091	0.710003	5691226.000000
2021-09-01	-0.004024	0.005282	0.007042	-0.007170	-0.160000	4072820.000000
2021-08-31	-0.004507	-0.002253	0.002754	-0.007261	-0.180000	3473380.000000
2021-08-30	-0.008933	-0.001489	-0.000124	-0.009057	-0.360001	3404506.000000
2021-08-27	0.022324	0.008118	0.027524	0.007610	0.880001	4245367.000000
2021-08-26	-0.007053	0.002267	0.005164	-0.007809	-0.280003	3058263.000000
2021-08-25	-0.000755	-0.003775	0.003020	-0.008558	-0.029999	4088650.000000
2021-08-24	0.006077	0.000000	0.008863	-0.002532	0.239998	3675550.000000
2021-08-23	0.034311	0.020168	0.034835	0.019906	1.310001	4420044.000000
2021-08-20	-0.004173	-0.006781	0.000913	-0.009781	-0.160000	4461573.000000
2021-08-19	-0.022687	-0.012745	-0.010961	-0.030844	-0.889999	6197730.000000
2021-08-18	-0.014074	0.000503	0.005026	-0.014325	-0.560001	4283798.000000
2021-08-17	0.002015	-0.001511	0.016620	-0.005918	0.080002	4722715.000000
2021-08-16	-0.018294	-0.015822	-0.015080	-0.026452	-0.740002	4457970.000000
2021-08-13	-0.015815	-0.007786	-0.004380	-0.016788	-0.649998	3133945.000000
2021-08-12	-0.018156	-0.016006	-0.014572	-0.026278	-0.760002	3899282.000000
2021-08-11	0.008675	0.001446	0.009157	-0.002892	0.360001	4311810.000000
2021-08-10	0.011209	-0.003046	0.012183	-0.006092	0.459999	4462006.000000
2021-08-09	-0.007497	-0.006530	-0.001814	-0.013059	-0.309998	4113970.000000
2021-08-06	0.003641	0.006311	0.009951	0.000243	0.149998	3848844.000000
2021-08-05	0.013032	0.018687	0.024342	0.011802	0.530003	4347757.000000
2021-08-04	-0.022826	-0.012494	-0.004805	-0.022826	-0.950001	4527447.000000
2021-08-03	0.025881	0.016022	0.027607	0.001972	1.049999	6500606.000000
2021-08-02	-0.001231	0.010340	0.022649	-0.002216	-0.049999	5048504.000000
2021-07-30	-0.008059	0.001954	0.003175	-0.013919	-0.330002	4895324.000000
2021-07-29	0.036447	0.049102	0.054417	0.033536	1.440002	7483553.000000
2021-07-28	0.005855	0.000000	0.008147	-0.006619	0.230000	4328139.000000
2021-07-27	0.000764	-0.007389	0.004841	-0.011975	0.029999	4434860.000000
2021-07-26	0.036440	0.017428	0.036969	0.016900	1.380001	4496757.000000
2021-07-23	-0.005776	0.001575	0.005776	-0.011027	-0.220001	3112848.000000
2021-07-22	-0.010135	-0.001040	-0.001040	-0.017672	-0.389999	4946128.000000
2021-07-21	0.035801	0.022611	0.040377	0.020996	1.329998	5126347.000000
2021-07-20	0.001888	-0.013215	0.005394	-0.020496	0.070000	5575205.000000
2021-07-19	-0.033872	-0.021105	-0.016024	-0.043512	-1.299999	6520785.000000
2021-07-16	-0.016906	0.007941	0.010502	-0.019467	-0.660000	6143016.000000
2021-07-15	-0.023267	-0.020265	-0.009757	-0.025769	-0.930000	4901509.000000
2021-07-14	-0.009172	0.014130	0.020575	-0.011899	-0.369999	3920482.000000
2021-07-13	-0.005424	0.005671	0.006903	-0.006903	-0.220001	4011844.000000
2021-07-12	-0.009524	-0.011722	0.000733	-0.016850	-0.389999	3318297.000000
2021-07-09	0.013865	0.004704	0.014236	-0.001238	0.560001	2878617.000000
2021-07-08	0.000991	-0.014622	0.007435	-0.016976	0.040001	5411285.000000
2021-07-07	-0.009816	-0.003926	0.008344	-0.019877	-0.400002	5659883.000000
2021-07-06	-0.014033	0.008226	0.008226	-0.023712	-0.580002	5337430.000000
2021-07-02	-0.002654	-0.006515	-0.001810	-0.014237	-0.109997	3473534.000000
2021-07-01	0.025743	0.023267	0.030446	0.018441	1.039997	4508802.000000
2021-06-30	0.007733	0.004739	0.014218	0.001497	0.310001	3475871.000000
2021-06-29	-0.006444	0.008178	0.013383	-0.006939	-0.259998	3492554.000000
2021-06-28	-0.036763	-0.014323	-0.014085	-0.040702	-1.540001	5031438.000000
2021-06-25	0.001913	0.006458	0.010045	-0.003468	0.079998	4145389.000000
2021-06-24	0.012839	0.011386	0.014293	0.003997	0.530003	3928077.000000
2021-06-23	0.006584	0.023165	0.031090	0.004755	0.270000	4725531.000000
2021-06-22	0.013093	0.004447	0.016057	-0.003582	0.529999	5647025.000000
2021-06-21	0.035824	0.012027	0.037487	0.010747	1.399998	5458991.000000
2021-06-18	-0.052606	-0.047515	-0.034788	-0.052606	-2.169998	10899505.000000
2021-06-17	-0.010079	0.006479	0.014399	-0.024718	-0.419998	11619902.000000
2021-06-16	-0.016289	-0.004485	-0.003305	-0.020184	-0.690002	5137964.000000
2021-06-15	0.026909	0.008242	0.027394	0.008000	1.110001	5044791.000000
2021-06-14	0.020534	0.017566	0.033647	0.014226	0.830002	4783174.000000
2021-06-11	0.007729	0.010721	0.011967	0.004488	0.309998	3424050.000000
2021-06-10	0.007283	0.014063	0.024108	0.002511	0.290001	4640452.000000
2021-06-09	0.002013	0.004278	0.011827	0.000881	0.079998	4725702.000000
2021-06-08	0.001512	-0.012097	0.004158	-0.020161	0.060001	5133435.000000
2021-06-07	-0.011706	-0.005230	-0.000747	-0.011955	-0.470001	2989744.000000
2021-06-04	-0.001244	0.001990	0.003731	-0.009453	-0.049999	3476309.000000
2021-06-03	-0.001986	-0.012165	0.002607	-0.016135	-0.079998	4860971.000000
2021-06-02	0.017429	0.003536	0.021975	-0.002778	0.689999	6649616.000000
2021-06-01	0.025382	0.018648	0.027065	0.016317	0.980000	7194877.000000
2021-05-28	-0.005153	-0.004638	0.001804	-0.009276	-0.200001	4117538.000000
2021-05-27	-0.008178	-0.007667	0.000000	-0.014439	-0.320000	4237716.000000
2021-05-26	0.003848	0.005387	0.009749	-0.000487	0.150002	4782109.000000
2021-05-25	-0.032994	-0.008931	-0.005954	-0.033863	-1.330002	6347769.000000
2021-05-24	0.011543	0.001255	0.011794	-0.003764	0.460003	4987432.000000
2021-05-21	0.003020	0.002769	0.009439	0.001007	0.119999	5368628.000000
2021-05-20	0.011456	0.002546	0.014511	-0.005855	0.450001	4598714.000000
2021-05-19	-0.024584	-0.017383	-0.012789	-0.031289	-0.990002	5238512.000000
2021-05-18	-0.017565	0.007563	0.011222	-0.018785	-0.720001	5073713.000000
2021-05-17	0.014604	-0.006931	0.014851	-0.007426	0.590000	4326617.000000
2021-05-14	0.034042	0.021244	0.035879	0.020988	1.330002	5988833.000000
2021-05-13	-0.013384	-0.016162	-0.002462	-0.027525	-0.529999	6223576.000000
2021-05-12	0.009174	0.003313	0.029307	0.002803	0.359997	7112830.000000
2021-05-11	-0.019735	-0.023482	-0.005995	-0.028479	-0.789997	9219405.000000
2021-05-10	-0.021032	0.001712	0.005869	-0.021766	-0.860001	5485097.000000
2021-05-07	0.018938	-0.006479	0.018938	-0.009469	0.759998	3580857.000000
2021-05-06	0.008798	0.002514	0.010055	-0.009804	0.350002	5053125.000000
2021-05-05	0.029237	0.010608	0.030787	0.020569	1.129997	3225346.000000
2021-05-04	-0.006427	0.003599	0.009512	-0.011568	-0.250000	6640561.000000
2021-05-03	0.023684	0.001053	0.024474	-0.000395	0.900002	5107671.000000
2021-04-30	-0.016818	-0.006468	-0.002846	-0.017594	-0.650002	4616750.000000
2021-04-29	-0.011003	0.009212	0.010747	-0.016121	-0.430000	6253321.000000
2021-04-28	0.014538	-0.001817	0.015706	-0.001817	0.560001	6477948.000000
2021-04-27	0.005482	-0.001827	0.006004	-0.008875	0.209999	3696840.000000
2021-04-26	0.007363	0.001841	0.014988	0.001841	0.280003	4538774.000000
2021-04-23	0.006884	0.002648	0.009002	-0.001033	0.259998	3842605.000000
2021-04-22	-0.022516	-0.011905	-0.008023	-0.023033	-0.869999	6303370.000000
2021-04-21	0.008351	-0.006263	0.009395	-0.009134	0.320000	4824136.000000
2021-04-20	-0.028151	-0.009130	-0.009130	-0.037535	-1.110001	4530226.000000
2021-04-19	0.001270	0.003809	0.009903	-0.003715	0.049999	3463741.000000
2021-04-16	-0.009308	-0.000503	0.001761	-0.013836	-0.369999	3766010.000000
2021-04-15	-0.005006	0.000250	0.002002	-0.009512	-0.200001	4735100.000000
2021-04-14	0.033635	0.014489	0.043726	0.012937	1.299999	5761395.000000
2021-04-13	-0.001550	-0.000258	0.004425	-0.003617	-0.059998	4212661.000000
2021-04-12	-0.005140	0.005397	0.013236	-0.009895	-0.200001	4705732.000000
2021-04-09	-0.004350	-0.005374	-0.001280	-0.009980	-0.170002	5300374.000000
2021-04-08	-0.032434	-0.023768	-0.023768	-0.038995	-1.309998	8390784.000000
2021-04-07	0.013297	-0.001505	0.016056	-0.001756	0.529999	7196085.000000
2021-04-06	0.001256	0.004521	0.019342	-0.007033	0.049999	6137537.000000
2021-04-05	-0.009455	0.000249	0.005225	-0.015924	-0.379997	3497821.000000
2021-04-01	0.024994	0.011222	0.025504	0.007141	0.980000	5062816.000000
2021-03-31	-0.022194	-0.011970	-0.008977	-0.022444	-0.889999	5638771.000000
2021-03-30	-0.010365	-0.013080	-0.004196	-0.014808	-0.420002	3263430.000000
2021-03-29	-0.006863	-0.010049	-0.002265	-0.015196	-0.279999	5271681.000000
2021-03-26	0.023326	0.017055	0.025583	0.011036	0.930000	4517021.000000
2021-03-25	-0.011896	-0.025031	-0.011648	-0.038662	-0.480000	5377251.000000
2021-03-24	0.025934	0.016018	0.036105	0.016018	1.019997	5508427.000000
2021-03-23	-0.049770	-0.030684	-0.024885	-0.053878	-2.059998	6750032.000000
2021-03-22	-0.013584	-0.006673	-0.003456	-0.014299	-0.570000	4425842.000000
2021-03-19	0.007443	-0.000240	0.014886	-0.011525	0.309998	4335357.000000
2021-03-18	-0.036326	-0.012263	-0.007404	-0.038640	-1.570000	4190146.000000
2021-03-17	0.009813	-0.012617	0.010981	-0.012617	0.420002	3359238.000000
2021-03-16	-0.019473	-0.017411	-0.015578	-0.030011	-0.850002	3554135.000000
2021-03-15	-0.015783	-0.006539	-0.003382	-0.025479	-0.699997	4258505.000000
2021-03-12	0.009561	0.006146	0.012975	0.001935	0.419998	2942390.000000
2021-03-11	-0.010140	-0.004281	0.002141	-0.013520	-0.450001	3722584.000000
2021-03-10	0.027315	0.013657	0.029630	0.007639	1.180000	4928426.000000
2021-03-09	-0.003460	0.007843	0.013841	-0.007382	-0.149998	5116723.000000
2021-03-08	-0.011403	-0.015963	-0.002508	-0.029418	-0.500000	6300974.000000
2021-03-05	0.033467	0.030403	0.040066	0.016262	1.419998	6868982.000000
2021-03-04	0.008797	0.009035	0.029006	-0.006776	0.369999	7670005.000000
2021-03-03	0.012762	0.003371	0.030099	0.002408	0.530003	5468191.000000
2021-03-02	0.012680	0.003414	0.025116	0.001707	0.520000	4066083.000000
2021-03-01	-0.000487	0.001219	0.015598	-0.003534	-0.020000	4974612.000000
2021-02-26	-0.028416	-0.022259	-0.021075	-0.040611	-1.200001	6386552.000000
2021-02-25	-0.003539	0.013686	0.019113	-0.008613	-0.150002	7190286.000000
2021-02-24	0.031897	0.005357	0.036280	0.001461	1.310001	7325540.000000
2021-02-23	0.016081	0.011875	0.019050	-0.012123	0.650002	5413532.000000
2021-02-22	0.021997	0.002529	0.036157	0.001264	0.869999	5382257.000000
2021-02-19	0.012027	0.002047	0.017656	0.000768	0.469997	3650577.000000
2021-02-18	-0.036489	-0.025395	-0.019477	-0.039201	-1.480000	3542728.000000
2021-02-17	0.010212	0.002491	0.011457	-0.008966	0.410000	3916612.000000
2021-02-16	0.042586	0.035316	0.050247	0.032719	1.640003	5631118.000000
2021-02-12	0.031886	-0.002947	0.032958	-0.003751	1.189999	4076934.000000
2021-02-11	-0.026604	-0.021909	-0.020344	-0.034168	-1.020000	4616931.000000
2021-02-10	0.002877	-0.008894	0.005493	-0.018310	0.110001	4077347.000000
2021-02-09	-0.007786	0.003893	0.003893	-0.013496	-0.299999	4530155.000000
2021-02-08	0.028015	0.005069	0.029883	0.005069	1.049999	6562795.000000
2021-02-05	0.024044	0.024590	0.032650	0.016120	0.880001	6950835.000000
2021-02-04	-0.007861	-0.015722	-0.005150	-0.029954	-0.290001	6991247.000000
2021-02-03	0.019906	-0.011612	0.026680	-0.012165	0.720001	7443705.000000
2021-02-02	-0.012288	0.008192	0.013108	-0.015838	-0.450001	8651487.000000
2021-02-01	-0.007319	0.000000	0.001898	-0.017484	-0.270000	5965508.000000
2021-01-29	-0.035303	-0.016213	-0.011637	-0.039749	-1.350002	4777888.000000
2021-01-28	0.006846	-0.001316	0.013776	-0.006846	0.260002	4479223.000000
2021-01-27	-0.010680	-0.009638	0.009898	-0.026569	-0.410000	4865827.000000
2021-01-26	0.004448	0.015699	0.021324	0.003663	0.169998	3597892.000000
2021-01-25	-0.026986	-0.028259	-0.024567	-0.041242	-1.059998	4152422.000000
2021-01-22	-0.011824	-0.021132	-0.008679	-0.026918	-0.470001	3795510.000000
2021-01-21	-0.024779	-0.002699	-0.001717	-0.033489	-1.009998	3495395.000000
2021-01-20	0.002706	0.001968	0.007134	-0.007872	0.109997	2696298.000000
2021-01-19	0.011446	0.006718	0.013063	-0.003981	0.460003	4130062.000000
2021-01-15	-0.035054	-0.021849	-0.018007	-0.043697	-1.460003	4973155.000000
2021-01-14	0.024348	0.001968	0.029267	0.001722	0.990002	4177860.000000
2021-01-13	-0.012867	-0.006555	-0.006069	-0.021364	-0.529999	3531505.000000
2021-01-12	0.023100	0.010929	0.026453	0.008694	0.930000	4737964.000000
2021-01-11	0.000497	-0.027087	0.001918	-0.029821	0.019997	5699062.000000
2021-01-08	-0.002479	0.000496	0.001983	-0.014130	-0.099998	5546750.000000
2021-01-07	0.001241	-0.007198	0.008315	-0.013527	0.049999	4829303.000000
2021-01-06	0.046222	0.036354	0.056349	0.027395	1.780003	9180332.000000
2021-01-05	0.068832	0.032195	0.082848	0.030114	2.480000	8518589.000000
2021-01-04	0.025327	0.031588	0.034718	0.010102	0.889999	6794599.000000
2020-12-31	-0.024702	-0.001665	-0.001665	-0.024979	-0.889999	3789069.000000
2020-12-30	-0.003044	0.000277	0.008301	-0.005119	-0.110001	3788926.000000
2020-12-29	0.006685	0.014763	0.017549	0.000000	0.239998	4728315.000000
2020-12-28	0.001954	0.016187	0.022048	-0.001535	0.070000	5201155.000000
2020-12-24	-0.003061	0.009460	0.010852	-0.013495	-0.109997	2081061.000000
2020-12-23	0.028620	0.026903	0.044934	0.026045	1.000000	5800646.000000
2020-12-22	-0.016882	-0.005346	-0.001970	-0.018571	-0.600002	4389565.000000
2020-12-21	-0.047185	-0.062735	-0.040483	-0.069437	-1.759998	7399731.000000
2020-12-18	-0.020997	-0.005774	-0.002362	-0.024672	-0.799999	3782223.000000
2020-12-17	0.007137	0.005815	0.013481	0.001057	0.269997	3410801.000000
2020-12-16	0.006652	0.000532	0.013172	-0.006919	0.250000	4279066.000000
2020-12-15	0.031851	0.013180	0.033361	0.005492	1.160004	5270395.000000
2020-12-14	-0.036763	-0.012431	-0.005157	-0.037821	-1.390003	4630008.000000
2020-12-11	-0.015877	-0.012233	-0.011713	-0.032795	-0.609997	4557049.000000
2020-12-10	0.022352	0.003725	0.034327	0.001064	0.839996	4965517.000000
2020-12-09	0.005082	0.020059	0.025007	-0.007489	0.190002	6450576.000000
2020-12-08	-0.000802	-0.003474	0.010422	-0.005612	-0.029999	4120911.000000
2020-12-07	-0.021188	-0.008109	-0.006016	-0.023411	-0.810001	4176276.000000
2020-12-04	0.041406	0.032689	0.044947	0.030782	1.520000	5367243.000000
2020-12-03	0.008794	0.007694	0.023770	0.000000	0.320000	4648399.000000
2020-12-02	0.037935	0.015687	0.049059	0.012835	1.329998	6286185.000000
2020-12-01	0.036052	0.041076	0.048907	0.031028	1.220001	5326353.000000
2020-11-30	-0.066998	-0.015991	-0.014337	-0.067549	-2.430000	7388264.000000
2020-11-27	-0.001926	-0.010732	0.000550	-0.011558	-0.070000	2598848.000000
2020-11-25	-0.020749	-0.020749	-0.013743	-0.035031	-0.770000	5255506.000000
2020-11-24	0.053962	0.046578	0.057228	0.043596	1.900002	7285970.000000
2020-11-23	0.046049	0.030006	0.046346	0.028520	1.549999	6213612.000000
2020-11-20	0.014467	0.006028	0.015973	-0.000452	0.480000	4869829.000000
2020-11-19	0.005759	-0.010003	0.007123	-0.015459	0.189999	4333768.000000
2020-11-18	-0.022518	0.003852	0.009778	-0.022518	-0.759998	4948519.000000
2020-11-17	0.016566	-0.006627	0.017169	-0.014910	0.549999	6099778.000000
2020-11-16	0.063762	0.058955	0.063762	0.038129	1.990002	7437126.000000
2020-11-13	0.018936	0.006203	0.020242	0.005550	0.580000	4762914.000000
2020-11-12	-0.024212	-0.018477	0.001274	-0.033132	-0.760000	5858630.000000
2020-11-11	-0.011650	0.008186	0.009761	-0.017632	-0.370001	6114795.000000
2020-11-10	0.050612	0.041350	0.051191	0.026613	1.530001	10317788.000000
2020-11-09	0.133483	0.141732	0.162730	0.123735	3.559999	11753169.000000
2020-11-06	-0.006334	0.002608	0.013785	-0.009687	-0.170000	5030635.000000
2020-11-05	-0.002230	0.003717	0.013383	-0.005576	-0.059999	5926139.000000
2020-11-04	0.001116	-0.002977	0.013956	-0.020097	0.029999	7404175.000000
2020-11-03	0.007499	0.021747	0.023622	0.000750	0.200001	7717461.000000
2020-11-02	0.043836	0.030528	0.051663	0.013699	1.120001	8077173.000000
2020-10-30	0.037353	0.024361	0.039383	0.017864	0.920000	9439823.000000
2020-10-29	0.066234	0.031602	0.071212	0.021212	1.529999	11682777.000000
2020-10-28	-0.045060	-0.031418	-0.019888	-0.046300	-1.090000	8483371.000000
2020-10-27	-0.025775	-0.015707	-0.013290	-0.026581	-0.639999	6143508.000000
2020-10-26	-0.030457	-0.016790	-0.014838	-0.036900	-0.780001	5347015.000000
2020-10-23	0.006287	0.017682	0.020629	-0.006090	0.160000	4235291.000000
2020-10-22	0.024970	-0.008055	0.026581	-0.010874	0.620001	5203197.000000
2020-10-21	-0.019352	-0.008294	-0.003357	-0.020537	-0.490000	4046687.000000
2020-10-20	0.011182	0.011581	0.022564	0.005192	0.279999	4062899.000000
2020-10-19	-0.009102	0.001187	0.018401	-0.009102	-0.230000	4627761.000000
2020-10-16	-0.003942	-0.007883	0.008672	-0.016949	-0.100000	4770070.000000
2020-10-15	-0.016285	-0.040713	-0.015122	-0.045366	-0.420000	5325005.000000
2020-10-14	-0.001162	-0.005035	0.014330	-0.006971	-0.029999	4767882.000000
2020-10-13	-0.018251	-0.006844	-0.005323	-0.025475	-0.480000	4736456.000000
2020-10-12	-0.013503	-0.009002	-0.008440	-0.024381	-0.360001	4889638.000000
2020-10-09	0.008321	0.024962	0.028555	0.005295	0.219999	10305656.000000
2020-10-08	0.033216	0.015631	0.034388	0.014068	0.850000	6181265.000000
2020-10-07	0.011462	0.005138	0.012253	-0.005336	0.290001	8851622.000000
2020-10-06	-0.004329	0.025974	0.036206	-0.005706	-0.110001	6744541.000000
2020-10-05	0.032927	0.021545	0.033740	0.010569	0.809999	6962014.000000
2020-10-02	0.014852	-0.017739	0.021040	-0.020627	0.360001	8151479.000000
2020-10-01	-0.036949	-0.021454	-0.016687	-0.042114	-0.930000	8728720.000000
2020-09-30	-0.018713	-0.004678	-0.001170	-0.022612	-0.480000	7345651.000000
2020-09-29	-0.016865	-0.006899	-0.006133	-0.025680	-0.440001	7121182.000000
2020-09-28	0.013598	0.017483	0.026030	0.013209	0.350000	8440087.000000
2020-09-25	-0.030143	-0.024491	-0.017521	-0.037302	-0.800001	9607179.000000
2020-09-24	0.016080	0.015697	0.029096	-0.002297	0.420000	9533087.000000
2020-09-23	-0.019519	0.017267	0.019050	-0.022147	-0.519999	8124938.000000
2020-09-22	0.012543	0.024325	0.034018	0.003421	0.330000	6777133.000000
2020-09-21	-0.024833	-0.025204	-0.021497	-0.039288	-0.670000	8348456.000000
2020-09-18	-0.022464	-0.013044	-0.011232	-0.026812	-0.620001	7042581.000000
2020-09-17	-0.016043	-0.014260	-0.007487	-0.024955	-0.449999	10235336.000000
2020-09-16	0.007543	-0.000359	0.019397	-0.006286	0.209999	11434155.000000
2020-09-15	0.004329	0.016234	0.024531	0.002165	0.120001	6545371.000000
2020-09-14	-0.012821	0.000000	0.000000	-0.015670	-0.360001	5963504.000000
2020-09-11	0.007535	0.010405	0.016146	-0.004665	0.209999	6880587.000000
2020-09-10	-0.022791	0.012973	0.014376	-0.023142	-0.650000	6583656.000000
2020-09-09	0.017481	0.031752	0.035676	0.014367	0.490000	5839572.000000
2020-09-08	-0.030439	-0.020408	-0.016603	-0.036838	-0.879999	6149304.000000
2020-09-04	-0.001037	0.018659	0.019810	-0.012267	-0.030001	7398020.000000
2020-09-03	-0.003444	0.000344	0.019628	-0.010503	-0.100000	6178531.000000
2020-09-02	-0.005479	0.000342	0.001712	-0.009247	-0.160000	5996161.000000
2020-09-01	-0.016172	-0.016172	-0.003032	-0.025438	-0.480000	6213614.000000
2020-08-31	-0.016893	0.005300	0.005300	-0.017224	-0.510000	4937139.000000
2020-08-28	0.013768	0.009738	0.017293	0.003358	0.410000	5251411.000000
2020-08-27	-0.008325	0.001332	0.004496	-0.016224	-0.250000	5544677.000000
2020-08-26	-0.000998	0.001331	0.006933	-0.005655	-0.029999	3992483.000000
2020-08-25	-0.015395	0.007861	0.009499	-0.023583	-0.470001	4149134.000000
2020-08-24	0.030375	0.026325	0.041006	0.018225	0.900002	5080002.000000
2020-08-21	-0.016268	-0.017928	-0.013612	-0.022244	-0.490002	4673192.000000
2020-08-20	-0.009862	-0.010519	-0.003287	-0.015450	-0.299999	4721167.000000
2020-08-19	-0.003929	0.002620	0.011460	-0.006221	-0.120001	3824757.000000
2020-08-18	-0.012928	0.000646	0.008242	-0.013251	-0.400000	6547315.000000
2020-08-17	-0.005464	0.002572	0.005143	-0.009820	-0.170000	4057804.000000
2020-08-14	-0.017682	-0.023050	-0.013893	-0.025576	-0.559999	3795139.000000
2020-08-13	-0.036507	-0.017645	-0.016885	-0.039507	-1.199999	3820813.000000
2020-08-12	0.032025	0.037363	0.042072	0.025118	1.019999	5308674.000000
2020-08-11	0.012719	0.033068	0.035294	0.009857	0.400000	5656384.000000
2020-08-10	0.019780	0.012646	0.020752	0.010097	0.610001	3528310.000000
2020-08-07	-0.013120	-0.018560	-0.012480	-0.025280	-0.410000	3951120.000000
2020-08-06	-0.008566	-0.012373	-0.003807	-0.014277	-0.270000	3633005.000000
2020-08-05	0.005423	0.019458	0.022488	0.001116	0.170000	4572046.000000
2020-08-04	0.034654	0.018152	0.039109	0.016832	1.050001	5737440.000000
2020-08-03	0.016437	0.005032	0.019121	-0.001006	0.490000	6443493.000000
2020-07-31	-0.033398	-0.000973	-0.000649	-0.041829	-1.030001	9047381.000000
2020-07-30	-0.048442	-0.036409	-0.031780	-0.069114	-1.570000	11839841.000000
2020-07-29	0.009657	0.008100	0.010125	0.001869	0.310001	6410516.000000
2020-07-28	-0.010786	-0.004623	0.003698	-0.013528	-0.350002	4301053.000000
2020-07-27	0.004955	0.004645	0.005574	-0.007433	0.160000	4390806.000000
2020-07-24	-0.003087	-0.002779	0.006483	-0.007718	-0.099998	4553120.000000
2020-07-23	-0.010992	-0.009160	-0.002595	-0.015420	-0.360001	5887832.000000
2020-07-22	-0.020341	-0.015256	-0.015256	-0.030063	-0.680000	5248364.000000
2020-07-21	0.031472	0.013576	0.045359	0.011725	1.020000	6851599.000000
2020-07-20	-0.015193	-0.003646	0.002431	-0.017320	-0.500000	4428253.000000
2020-07-17	-0.017025	-0.005078	0.000000	-0.019713	-0.570000	3616908.000000
2020-07-16	-0.014715	-0.011183	-0.006033	-0.020012	-0.500000	3481162.000000
2020-07-15	0.014026	0.010743	0.018502	0.002686	0.470001	6038259.000000
2020-07-14	0.033940	0.006171	0.035174	0.002468	1.099998	5614488.000000
2020-07-13	0.006209	0.017696	0.024371	0.004036	0.200001	7151276.000000
2020-07-10	0.029731	0.015345	0.030051	0.011189	0.929998	6243871.000000
2020-07-09	-0.044885	-0.007634	-0.007023	-0.044885	-1.469999	5623667.000000
2020-07-08	0.003678	-0.003065	0.011646	-0.007662	0.119999	3948239.000000
2020-07-07	-0.024514	-0.005680	-0.005680	-0.026457	-0.820000	3758024.000000
2020-07-06	0.016717	0.022188	0.027963	0.007903	0.549999	4481450.000000
2020-07-02	0.003967	0.014953	0.023802	-0.000305	0.130001	4228621.000000
2020-07-01	0.002447	0.003977	0.020832	0.002141	0.080002	5517942.000000
2020-06-30	-0.022428	-0.034689	-0.019139	-0.047099	-0.750000	8178244.000000
2020-06-29	0.016104	0.008204	0.022182	0.003950	0.529999	4972718.000000
2020-06-26	-0.028917	-0.005606	-0.004426	-0.033196	-0.980000	4920639.000000
2020-06-25	0.023249	0.001510	0.023551	-0.002415	0.770000	4840499.000000
2020-06-24	-0.049641	-0.018364	-0.017791	-0.051506	-1.730000	5215939.000000
2020-06-23	0.012787	0.023830	0.029788	0.011334	0.439999	4528754.000000
2020-06-22	0.013848	0.008545	0.015569	0.002652	0.470001	3623205.000000
2020-06-19	-0.010496	0.016618	0.017201	-0.014286	-0.360001	4253648.000000
2020-06-18	0.003217	-0.008189	0.007605	-0.012138	0.110001	4216635.000000
2020-06-17	-0.022305	-0.002002	0.000386	-0.024593	-0.780003	3497603.000000
2020-06-16	0.013036	0.030707	0.040122	0.004345	0.450001	6556507.000000
2020-06-15	0.002032	-0.036284	0.011321	-0.043803	0.070000	5433698.000000
2020-06-12	0.037963	0.049413	0.058150	0.015065	1.260002	6526126.000000
2020-06-11	-0.084414	-0.046897	-0.032828	-0.087448	-3.060001	6847059.000000
2020-06-10	-0.027107	-0.010467	-0.004831	-0.029388	-1.009998	4827046.000000
2020-06-09	-0.051667	-0.047086	-0.041741	-0.062102	-2.030003	8353103.000000
2020-06-08	0.040244	0.036802	0.041303	0.009399	1.520000	7255542.000000
2020-06-05	0.061850	0.054822	0.072674	0.054259	2.200001	8799758.000000
2020-06-04	-0.002244	-0.013184	0.004208	-0.022160	-0.080002	4767364.000000
2020-06-03	0.048529	0.036176	0.052647	0.033235	1.650002	6478724.000000
2020-06-02	0.024714	0.018385	0.028029	0.017438	0.820000	6139864.000000
2020-06-01	0.038498	0.006260	0.040689	0.000469	1.230000	5903335.000000
2020-05-29	-0.020239	-0.024839	-0.018399	-0.038638	-0.660000	6304469.000000
2020-05-28	-0.011219	0.011522	0.011522	-0.013978	-0.369999	4780582.000000
2020-05-27	0.008871	0.020190	0.024778	-0.011254	0.290001	4987757.000000
2020-05-26	0.013958	0.021712	0.026055	0.008995	0.449997	4024723.000000
2020-05-22	-0.006165	-0.000925	-0.000617	-0.026202	-0.199997	4179516.000000
2020-05-21	-0.030194	-0.008969	-0.000598	-0.037369	-1.010002	6044443.000000
2020-05-20	0.040112	0.027363	0.041045	0.025809	1.290001	5273274.000000
2020-05-19	-0.020110	0.002742	0.003047	-0.020110	-0.660000	6212994.000000
2020-05-18	0.089280	0.063724	0.093263	0.062064	2.690001	7927903.000000
2020-05-15	-0.001326	0.003977	0.018893	-0.008598	-0.040001	7620615.000000
2020-05-14	-0.028028	-0.045747	-0.021102	-0.066366	-0.870001	9756775.000000
2020-05-13	-0.036324	-0.001552	-0.001242	-0.044676	-1.169998	7790224.000000
2020-05-12	-0.016789	0.007326	0.010073	-0.016789	-0.549999	4359653.000000
2020-05-11	-0.033913	-0.022117	-0.019316	-0.035830	-1.150002	4216453.000000
2020-05-08	0.042422	0.020443	0.044574	0.016600	1.380001	6002634.000000
2020-05-07	0.014660	0.028696	0.041485	0.011606	0.469997	5311117.000000
2020-05-06	-0.030541	0.001210	0.005383	-0.031146	-1.009998	6073030.000000
2020-05-05	0.009771	0.046718	0.063206	0.006412	0.320000	13399929.000000
2020-05-04	0.046660	0.019815	0.049537	0.010866	1.459999	10794491.000000
2020-05-01	-0.055539	-0.038636	-0.031711	-0.060972	-1.840000	11541531.000000
2020-04-30	-0.128387	-0.112865	-0.103394	-0.141015	-4.879997	20540382.000000
2020-04-29	0.055833	0.033056	0.057500	0.030556	2.009998	5713906.000000
2020-04-28	0.005025	0.006142	0.015634	-0.010888	0.180000	6132156.000000
2020-04-27	0.022552	-0.011133	0.027976	-0.020839	0.790001	5313193.000000
2020-04-24	-0.003697	0.012514	0.016069	-0.020193	-0.130001	5907578.000000
2020-04-23	0.008606	0.007458	0.036119	0.001865	0.299999	6965352.000000
2020-04-22	0.058609	0.055876	0.064986	0.041907	1.930000	9121735.000000
2020-04-21	-0.016428	-0.036141	-0.008065	-0.045400	-0.549999	10284615.000000
2020-04-20	-0.056370	-0.041432	-0.021702	-0.066234	-2.000000	10342801.000000
2020-04-17	0.088344	0.046933	0.088650	0.044785	2.880001	8339049.000000
2020-04-16	-0.051222	-0.029104	-0.027939	-0.055297	-1.760002	9723313.000000
2020-04-15	-0.071602	-0.057282	-0.056741	-0.091056	-2.649998	11039676.000000
2020-04-14	-0.009633	-0.003479	0.008028	-0.022077	-0.360001	7802408.000000
2020-04-13	-0.014244	0.025323	0.029807	-0.023609	-0.540001	4907726.000000
2020-04-09	-0.004203	0.012346	0.030470	-0.031521	-0.160000	8286542.000000
2020-04-08	0.021739	0.005368	0.022276	-0.008052	0.810001	5421277.000000
2020-04-07	-0.001875	0.025181	0.040718	-0.006697	-0.070004	8946886.000000
2020-04-06	0.030077	0.012969	0.033388	-0.002759	1.090000	7266605.000000
2020-04-03	-0.069815	-0.036961	-0.028234	-0.087269	-2.719997	9524335.000000
2020-04-02	0.103370	0.094024	0.142736	0.057208	3.649998	14720705.000000
2020-04-01	0.012038	0.048438	0.056750	-0.002580	0.420002	11609999.000000
2020-03-31	0.043361	0.051136	0.071770	0.019288	1.450001	11044882.000000
2020-03-30	0.056890	0.039823	0.064156	0.015171	1.799999	11144204.000000
2020-03-27	-0.094188	-0.064128	-0.063269	-0.096479	-3.290001	9049543.000000
2020-03-26	0.017181	-0.019511	0.020676	-0.020676	0.590000	15115805.000000
2020-03-25	0.069449	0.048894	0.113360	0.006851	2.230000	14736153.000000
2020-03-24	0.196795	0.137533	0.222139	0.118524	5.280001	19496740.000000
2020-03-23	0.069777	0.062201	0.085805	0.033094	1.750000	21498957.000000
2020-03-20	0.043261	0.066972	0.099834	0.017055	1.039999	15077281.000000
2020-03-19	0.111933	0.071693	0.163506	0.031452	2.420000	14637882.000000
2020-03-18	-0.157443	-0.071707	-0.060016	-0.171668	-4.039999	14234703.000000
2020-03-17	0.013428	0.030411	0.052133	0.000000	0.340000	12393676.000000
2020-03-16	-0.158245	-0.119681	-0.104056	-0.158245	-4.760000	11075083.000000
2020-03-13	0.025571	0.079441	0.080280	-0.056935	0.750000	17684604.000000
2020-03-12	-0.149609	-0.076834	-0.075964	-0.170774	-5.160002	14541964.000000
2020-03-11	-0.066829	-0.042749	-0.032468	-0.077246	-2.469997	11959627.000000
2020-03-10	0.065744	0.089389	0.092272	0.009227	2.279999	13552987.000000
2020-03-09	-0.171722	-0.134225	-0.120373	-0.178290	-7.189999	19549452.000000
2020-03-06	-0.042534	-0.023554	-0.017837	-0.047222	-1.860001	10366558.000000
2020-03-05	-0.034658	-0.022737	-0.019426	-0.040397	-1.570000	7750334.000000
2020-03-04	0.030482	0.028435	0.031620	0.015469	1.340000	5387332.000000
2020-03-03	-0.019407	0.016730	0.026545	-0.024203	-0.870003	10110309.000000
2020-03-02	0.018169	0.000681	0.020213	-0.012719	0.800003	10208869.000000
2020-02-28	0.002048	-0.023441	0.002162	-0.041648	0.090000	12390357.000000
2020-02-27	-0.039563	-0.020109	-0.009399	-0.039563	-1.810001	10497830.000000
2020-02-26	-0.003268	0.005229	0.014815	-0.003486	-0.150002	5938633.000000
2020-02-25	-0.029188	-0.004653	0.000000	-0.033841	-1.379997	6950741.000000
2020-02-24	-0.038438	-0.046370	-0.031320	-0.046370	-1.889999	8707360.000000
2020-02-21	-0.009069	-0.011286	-0.006247	-0.017265	-0.450001	5516414.000000
2020-02-20	-0.011947	-0.002987	-0.000299	-0.013939	-0.600002	6081295.000000
2020-02-19	0.000199	0.000996	0.004182	-0.001295	0.010002	4629098.000000
2020-02-18	-0.005546	-0.009309	-0.003565	-0.010695	-0.280003	3781807.000000
2020-02-14	-0.009806	-0.001373	0.000000	-0.014905	-0.500000	4830422.000000
2020-02-13	-0.031529	-0.028300	-0.024501	-0.035518	-1.660000	5050422.000000
2020-02-12	0.012695	0.011348	0.015484	0.005963	0.660000	4404959.000000
2020-02-11	0.011675	0.008562	0.012551	0.004670	0.600002	4447370.000000
2020-02-10	-0.007724	-0.009075	-0.006372	-0.011971	-0.400002	4003569.000000
2020-02-07	-0.006713	-0.007863	-0.002301	-0.009781	-0.349998	3842225.000000
2020-02-06	-0.015297	-0.006799	-0.005666	-0.017564	-0.810001	4213752.000000
2020-02-05	0.025169	0.025750	0.027880	0.020910	1.299999	5310501.000000
2020-02-04	0.008002	0.014442	0.018897	0.006733	0.410000	5738316.000000
2020-02-03	-0.017450	-0.014765	-0.009068	-0.021189	-0.910000	9736379.000000
2020-01-31	-0.031389	-0.019688	-0.016995	-0.037333	-1.689999	8655216.000000
2020-01-30	-0.033914	-0.031940	-0.030863	-0.050242	-1.889999	13944094.000000
2020-01-29	-0.003398	-0.004113	-0.001967	-0.008405	-0.189999	4032600.000000
2020-01-28	-0.003031	-0.005170	-0.000535	-0.006240	-0.170002	3307906.000000
2020-01-27	-0.018891	-0.017841	-0.013818	-0.022389	-1.079998	3308707.000000
2020-01-24	-0.004007	-0.001045	-0.000436	-0.009059	-0.230003	3016837.000000
2020-01-23	-0.000696	-0.006267	-0.000261	-0.011490	-0.039997	2773075.000000
2020-01-22	-0.000348	0.005569	0.005569	-0.001827	-0.020000	3301252.000000
2020-01-21	-0.018449	-0.011274	-0.010762	-0.018449	-1.080002	2944677.000000
2020-01-17	-0.003914	0.000170	0.000681	-0.005445	-0.230000	2478701.000000
2020-01-16	-0.000850	0.006120	0.007055	-0.002550	-0.049999	2736435.000000
2020-01-15	-0.001697	-0.002037	0.000849	-0.005601	-0.099998	3500380.000000
2020-01-14	-0.000678	-0.002714	-0.000170	-0.006106	-0.040001	2261293.000000
2020-01-13	-0.000847	-0.003559	0.001525	-0.007287	-0.049999	2981132.000000
2020-01-10	-0.011227	-0.005865	-0.005613	-0.011562	-0.670002	2622597.000000
2020-01-09	-0.000168	-0.004021	0.001005	-0.011476	-0.009998	2835464.000000
2020-01-08	-0.011755	-0.009768	-0.007781	-0.016556	-0.710003	2966175.000000
2020-01-07	-0.009186	-0.010007	-0.008694	-0.018537	-0.559998	2683199.000000
2020-01-06	0.012456	0.012456	0.015944	0.007972	0.750000	3250736.000000
2020-01-03	0.007867	0.002343	0.010211	0.002343	0.469997	3713515.000000
2020-01-02	0.012886	0.008138	0.013394	0.004408	0.760002	3085246.000000
