2022-12-30	-0.016534	-0.004344	0.000808	-0.023084	-3.979172	877700.000000
2022-12-29	0.016170	0.010447	0.022227	0.009138	3.829590	605200.000000
2022-12-28	-0.008103	0.005149	0.014656	-0.006620	-1.934738	861100.000000
2022-12-27	-0.013393	-0.000751	0.002802	-0.012114	-3.241196	653300.000000
2022-12-23	0.005678	0.000185	0.014895	-0.007503	1.366287	605000.000000
2022-12-22	-0.003757	-0.009824	-0.000095	-0.015868	-0.907532	934200.000000
2022-12-21	0.015215	0.006502	0.018396	0.002468	3.620148	1046500.000000
2022-12-20	0.001974	-0.001576	0.012742	-0.004397	0.468735	952800.000000
2022-12-19	-0.009814	-0.000616	0.007473	-0.011124	-2.353607	1026100.000000
2022-12-16	-0.015234	-0.006232	0.000051	-0.020604	-3.709900	2295300.000000
2022-12-15	-0.018055	-0.008046	-0.008046	-0.027320	-4.477814	1324600.000000
2022-12-14	-0.039326	-0.016106	0.002991	-0.036868	-10.152390	1742900.000000
2022-12-13	0.019616	0.034316	0.049167	0.007262	4.966476	1312700.000000
2022-12-12	0.003954	0.009857	0.009857	-0.012546	0.997284	1402700.000000
2022-12-09	-0.006170	0.001695	0.005754	-0.007132	-1.565735	972700.000000
2022-12-08	0.013261	0.004317	0.016536	-0.002231	3.320984	1153900.000000
2022-12-07	-0.009232	0.002324	0.010632	-0.011008	-2.333679	1285700.000000
2022-12-06	-0.000513	0.005962	0.010470	-0.013927	-0.129623	1150600.000000
2022-12-05	-0.016140	-0.012841	-0.002143	-0.016070	-4.148712	1431600.000000
2022-12-02	0.024403	-0.010152	0.034920	-0.016927	6.123337	1769300.000000
2022-12-01	0.009752	0.019339	0.019339	0.001553	2.423416	1061000.000000
2022-11-30	0.031502	-0.014133	0.036009	-0.017785	7.589340	2873600.000000
2022-11-29	-0.016249	0.000433	0.008396	-0.021576	-3.979172	1239100.000000
2022-11-28	-0.015870	-0.005920	0.003845	-0.015002	-3.949265	817000.000000
2022-11-25	-0.001920	-0.005302	0.002198	-0.009554	-0.478699	403900.000000
2022-11-23	0.026905	0.003296	0.029945	-0.004735	6.532242	1380500.000000
2022-11-22	0.017512	0.005989	0.020825	-0.012535	4.178635	2046800.000000
2022-11-21	-0.003249	0.004641	0.019137	-0.002711	-0.777878	1583000.000000
2022-11-18	0.012357	0.014941	0.035621	0.004792	2.922043	1394800.000000
2022-11-17	-0.012905	-0.005963	-0.003667	-0.032929	-3.091583	1521100.000000
2022-11-16	0.000914	0.002718	0.016004	-0.000959	0.218857	1539900.000000
2022-11-15	0.027811	0.026353	0.045935	0.021500	6.476166	1799200.000000
2022-11-14	-0.013320	0.003106	0.006834	-0.012063	-3.143585	2775900.000000
2022-11-11	-0.007364	-0.001000	0.019440	-0.006847	-1.750854	1913100.000000
2022-11-10	0.076577	0.060104	0.108735	0.049327	16.911652	2699300.000000
2022-11-09	-0.015172	0.000007	0.007766	-0.012524	-3.402222	988200.000000
2022-11-08	0.018295	0.015033	0.036602	0.006950	4.028946	1273800.000000
2022-11-07	0.023771	0.011547	0.032234	0.002807	5.113297	1343100.000000
2022-11-04	-0.004420	0.020683	0.023182	-0.014122	-0.955017	1774000.000000
2022-11-03	0.006768	-0.010292	0.024888	-0.012762	1.452423	1767600.000000
2022-11-02	-0.040262	0.006208	0.008086	-0.036589	-9.002975	1777100.000000
2022-11-01	-0.001111	0.014203	0.016660	-0.010857	-0.248703	2148900.000000
2022-10-31	-0.005304	0.000648	0.014467	-0.003840	-1.193756	1666000.000000
2022-10-28	0.019743	0.005134	0.031323	0.004137	4.357224	1469300.000000
2022-10-27	0.004391	0.011232	0.021790	0.007136	0.964951	1755000.000000
2022-10-26	0.003088	0.001801	0.015541	-0.016779	0.676483	2100300.000000
2022-10-25	0.036089	0.063732	0.081090	0.036488	7.630142	2812500.000000
2022-10-24	0.022664	0.011319	0.039712	0.003677	4.685516	2003700.000000
2022-10-21	0.032800	-0.003318	0.038745	-0.005816	6.565689	2082600.000000
2022-10-20	-0.029048	0.000810	0.012791	-0.030912	-5.988708	1704800.000000
2022-10-19	-0.025349	-0.007115	-0.001063	-0.029334	-5.361984	1046500.000000
2022-10-18	0.016785	0.033633	0.051948	0.015800	3.491760	1270700.000000
2022-10-17	0.036787	0.024761	0.047387	0.024761	7.381439	1304500.000000
2022-10-14	-0.019350	0.010356	0.022623	-0.015400	-3.959320	1181000.000000
2022-10-13	0.020694	-0.011637	0.033060	-0.026053	4.148331	1797200.000000
2022-10-12	-0.014669	0.012794	0.014318	-0.011635	-2.984406	1399100.000000
2022-10-11	-0.006268	-0.002640	0.018657	-0.011529	-1.283295	1228300.000000
2022-10-10	0.000973	0.003024	0.014416	-0.020982	0.198944	1621700.000000
2022-10-07	-0.051529	-0.008966	-0.003911	-0.053762	-11.111938	1198900.000000
2022-10-06	-0.002760	0.004901	0.019653	-0.001805	-0.596878	1178100.000000
2022-10-05	-0.009749	-0.008147	0.006140	-0.008147	-2.128876	1363200.000000
2022-10-04	0.023929	0.018729	0.038141	0.016009	5.103333	1704400.000000
2022-10-03	0.047033	0.015485	0.060751	0.014552	9.579956	1606400.000000
2022-09-30	-0.014867	0.007981	0.019299	-0.010591	-3.073944	1512200.000000
2022-09-29	-0.024546	-0.003409	-0.001475	-0.026621	-5.202820	1100800.000000
2022-09-28	0.021624	0.020262	0.032360	0.003393	4.486557	1579500.000000
2022-09-27	-0.002105	0.016816	0.023068	-0.009012	-0.437714	1538200.000000
2022-09-26	-0.010510	0.004415	0.010459	-0.015621	-2.208466	1783300.000000
2022-09-23	0.015237	-0.002410	0.028851	-0.002748	3.153534	1610600.000000
2022-09-22	-0.027076	-0.004741	-0.001075	-0.023733	-5.759903	2213900.000000
2022-09-21	-0.022803	0.011012	0.015882	-0.018525	-4.964066	1197100.000000
2022-09-20	-0.019491	-0.009099	-0.006756	-0.022296	-4.327393	1188000.000000
2022-09-19	0.007312	0.002048	0.014072	0.000733	1.611572	1159800.000000
2022-09-16	-0.010318	-0.013500	0.002081	-0.013500	-2.297989	2410700.000000
2022-09-15	-0.008767	0.005848	0.023072	-0.005102	-1.969711	1100000.000000
2022-09-14	-0.021701	0.001741	0.003265	-0.025212	-4.983963	1360900.000000
2022-09-13	-0.049842	-0.023074	-0.020551	-0.047360	-12.047058	1084200.000000
2022-09-12	0.010901	0.011832	0.023919	0.007943	2.606369	1477800.000000
2022-09-09	-0.001786	0.006978	0.011821	-0.000078	-0.427750	1318300.000000
2022-09-08	0.008925	-0.002779	0.015670	-0.008086	2.118927	1179700.000000
2022-09-07	0.044969	0.010594	0.050692	0.004608	10.216614	1434500.000000
2022-09-06	-0.014797	0.008216	0.009301	-0.011861	-3.412170	1303000.000000
2022-09-02	-0.002238	0.017858	0.022228	-0.001179	-0.517303	1199100.000000
2022-09-01	0.000991	0.000850	0.010898	-0.003524	0.228821	1575000.000000
2022-08-31	-0.012340	0.017715	0.018014	-0.007352	-2.884933	1742500.000000
2022-08-30	0.004231	0.013515	0.023094	0.006943	0.984863	1343600.000000
2022-08-29	-0.007170	-0.002751	0.008082	-0.012091	-1.681213	1255700.000000
2022-08-26	-0.036110	0.007156	0.007156	-0.031773	-8.784119	1184000.000000
2022-08-25	0.020874	0.012736	0.026627	0.007449	4.974014	825300.000000
2022-08-24	0.006090	0.005984	0.024689	0.001171	1.442459	1464200.000000
2022-08-23	-0.013916	-0.003436	0.002768	-0.013470	-3.342529	1241300.000000
2022-08-22	-0.012838	-0.007476	0.005019	-0.011832	-3.123688	1065400.000000
2022-08-19	-0.017633	0.001268	0.004821	-0.014277	-4.367188	939900.000000
2022-08-18	-0.007574	0.004984	0.009592	-0.008519	-1.890121	1262600.000000
2022-08-17	-0.018730	-0.007745	-0.000746	-0.016828	-4.763641	1419500.000000
2022-08-16	-0.004158	-0.000163	0.013815	-0.001064	-1.061920	1369200.000000
2022-08-15	0.022773	0.009791	0.034300	0.006547	5.686630	1333600.000000
2022-08-12	0.031231	0.012254	0.039965	0.010396	7.562302	1479100.000000
2022-08-11	0.001026	0.017964	0.022511	0.000890	0.248108	1624800.000000
2022-08-10	0.048976	0.031566	0.072069	0.028487	11.293854	2464800.000000
2022-08-09	-0.033806	0.003355	0.006413	-0.027190	-8.068466	2056700.000000
2022-08-08	0.014383	0.019189	0.032407	0.014599	3.384186	1518600.000000
2022-08-05	-0.024723	-0.005138	-0.001781	-0.022879	-5.964493	1955100.000000
2022-08-04	0.015753	0.008681	0.030533	0.008681	3.741440	1016700.000000
2022-08-03	-0.017610	0.004237	0.006057	-0.016320	-4.257507	1887400.000000
2022-08-02	0.002139	0.011774	0.017079	-0.007460	0.516068	1980000.000000
2022-08-01	0.004753	0.001132	0.015125	-0.005324	1.141296	2162200.000000
2022-07-29	-0.004526	0.007463	0.020066	0.001161	-1.091675	1974000.000000
2022-07-28	0.047722	0.002677	0.066878	0.001287	10.986176	2498400.000000
2022-07-27	-0.087774	-0.103718	-0.075624	-0.125314	-22.151001	7253600.000000
2022-07-26	-0.018223	-0.000191	0.000898	-0.017542	-4.684280	1366300.000000
2022-07-25	0.000000	0.002960	0.010857	-0.004976	0.000000	1194600.000000
2022-07-22	0.009431	0.015718	0.033743	0.008689	2.401688	1496900.000000
2022-07-21	0.028293	0.011384	0.038157	0.008396	7.006546	1087000.000000
2022-07-20	0.008284	0.010764	0.020006	0.002336	2.034500	1062800.000000
2022-07-19	0.017389	0.019890	0.027346	0.006800	4.197968	1034900.000000
2022-07-18	-0.009447	0.009844	0.013865	-0.006733	-2.302444	1269600.000000
2022-07-15	0.004623	0.024859	0.026673	0.005032	1.121445	1109600.000000
2022-07-14	-0.005209	-0.006519	0.005332	-0.013449	-1.270309	1098300.000000
2022-07-13	-0.003407	-0.019181	0.007669	-0.027885	-0.833633	1308500.000000
2022-07-12	0.019011	0.020622	0.050189	0.014500	4.565155	1691000.000000
2022-07-11	0.015402	-0.001040	0.030378	-0.002013	3.642242	1214200.000000
2022-07-08	-0.005011	0.003463	0.008344	-0.006382	-1.190933	923500.000000
2022-07-07	-0.013389	-0.000466	0.020165	-0.007025	-3.225388	1528300.000000
2022-07-06	0.002105	0.010166	0.027637	-0.000109	0.506134	1817700.000000
2022-07-05	0.029758	-0.001924	0.039456	-0.010620	6.947006	2331100.000000
2022-07-01	0.050556	0.012534	0.059740	0.009744	11.234299	2295800.000000
2022-06-30	-0.006655	-0.006255	0.000843	-0.030167	-1.500000	1548400.000000
2022-06-29	0.009404	-0.004433	0.013479	-0.009941	2.100006	1266800.000000
2022-06-28	-0.016948	0.008496	0.018533	-0.019150	-3.850006	1143300.000000
2022-06-27	-0.017686	-0.003849	-0.000173	-0.021924	-4.089996	1633400.000000
2022-06-24	0.028280	0.009382	0.030104	0.004936	6.360001	2744300.000000
2022-06-23	0.016682	0.003888	0.018626	-0.003210	3.690002	2481900.000000
2022-06-22	0.004769	-0.022803	0.015444	-0.023348	1.050003	2370500.000000
2022-06-21	-0.011850	-0.004892	0.006149	-0.024956	-2.639999	2509400.000000
2022-06-17	0.017538	-0.001781	0.033478	-0.021603	3.839996	2627900.000000
2022-06-16	-0.043845	-0.024892	-0.022577	-0.056203	-10.040009	1553000.000000
2022-06-15	-0.002135	0.009761	0.017561	-0.022137	-0.489990	1580200.000000
2022-06-14	-0.035231	-0.003952	0.005634	-0.045909	-8.380005	1539000.000000
2022-06-13	-0.038639	-0.024129	-0.008771	-0.043610	-9.559998	1635600.000000
2022-06-10	-0.055613	-0.014733	-0.014085	-0.056376	-14.569992	1513800.000000
2022-06-09	-0.022717	-0.002910	0.021523	-0.023165	-6.089996	1593100.000000
2022-06-08	-0.033005	-0.007972	-0.005266	-0.037153	-9.150024	1154600.000000
2022-06-07	0.007999	-0.010544	0.011926	-0.013017	2.200012	1293200.000000
2022-06-06	0.022873	0.000409	0.026071	-0.002603	6.149994	1220000.000000
2022-06-03	-0.002263	-0.009982	0.014620	-0.011429	-0.609985	1395800.000000
2022-06-02	0.015947	0.004863	0.017002	-0.000716	4.229980	2271600.000000
2022-06-01	-0.010372	0.007760	0.007760	-0.017199	-2.779999	1202100.000000
2022-05-31	-0.030071	-0.013172	-0.013172	-0.041071	-8.309998	4118300.000000
2022-05-27	0.016105	0.007832	0.016215	0.001986	4.380005	1180100.000000
2022-05-26	0.025837	0.019425	0.034513	0.004828	6.850006	1363900.000000
2022-05-25	0.028993	-0.001708	0.030312	-0.007336	7.470001	1420800.000000
2022-05-24	-0.006248	0.000463	0.002893	-0.019555	-1.619995	1450700.000000
2022-05-23	0.005117	0.010312	0.014925	-0.002249	1.319977	1290300.000000
2022-05-20	-0.005475	0.004395	0.011335	-0.035432	-1.419983	2576100.000000
2022-05-19	0.001197	-0.005095	0.016444	-0.015054	0.309998	1690300.000000
2022-05-18	-0.035653	-0.008330	-0.002449	-0.039376	-9.577820	1526900.000000
2022-05-17	-0.007775	0.016832	0.021079	-0.015081	-2.105133	1603800.000000
2022-05-16	-0.007171	-0.007622	0.007377	-0.027057	-1.955444	1278700.000000
2022-05-13	-0.004408	0.006405	0.014620	-0.012470	-1.207245	1501600.000000
2022-05-12	0.037292	-0.006205	0.041853	-0.011582	9.847198	2637500.000000
2022-05-11	-0.006382	-0.001484	0.021507	-0.007430	-1.696045	1376500.000000
2022-05-10	-0.038271	0.008468	0.013281	-0.040350	-10.575531	2208700.000000
2022-05-09	0.013132	-0.010113	0.029667	-0.011836	3.581696	2280300.000000
2022-05-06	-0.012890	-0.001955	-0.001955	-0.029568	-3.561737	1758600.000000
2022-05-05	-0.019750	-0.006269	0.001003	-0.029329	-5.567108	2130000.000000
2022-05-04	0.048855	0.006298	0.053591	0.005442	13.129608	2059100.000000
2022-05-03	0.002195	0.001235	0.010893	-0.008349	0.588623	2007000.000000
2022-05-02	-0.022476	-0.001913	0.014127	-0.030674	-6.165710	2870700.000000
2022-04-29	-0.022573	-0.002245	0.015464	-0.024086	-6.335327	3099500.000000
2022-04-28	0.006908	0.015303	0.021402	-0.008877	1.925537	2367100.000000
2022-04-27	0.029517	0.007376	0.048928	0.006305	7.991486	3950200.000000
2022-04-26	0.094146	0.086213	0.115148	0.076271	23.296051	5011900.000000
2022-04-25	0.012657	0.003175	0.016353	-0.014954	3.092834	1738500.000000
2022-04-22	-0.026589	0.000484	0.000484	-0.025450	-6.674545	1426500.000000
2022-04-21	-0.005848	0.015385	0.023464	-0.004654	-1.476578	1408400.000000
2022-04-20	0.003330	0.013362	0.027826	-0.002571	0.838058	1705500.000000
2022-04-19	0.024698	0.004270	0.033586	0.004270	6.065948	1275500.000000
2022-04-18	-0.026611	-0.010129	0.001048	-0.027488	-6.714432	1389300.000000
2022-04-14	-0.021285	0.007902	0.013410	-0.019600	-5.487305	1246800.000000
2022-04-13	0.005643	-0.002404	0.013121	-0.008294	1.446625	1282300.000000
2022-04-12	-0.015894	0.009571	0.018055	-0.017876	-4.140381	857600.000000
2022-04-11	-0.010085	-0.004068	0.004976	-0.009198	-2.653870	995900.000000
2022-04-08	-0.000265	0.006761	0.013485	-0.003117	-0.069824	1131300.000000
2022-04-07	0.004569	-0.002912	0.008346	-0.014095	1.197235	1559400.000000
2022-04-06	0.018064	-0.005688	0.024385	-0.011943	4.649231	1671300.000000
2022-04-05	-0.004131	-0.000625	0.014969	-0.006545	-1.067535	1603300.000000
2022-04-04	0.015007	-0.003143	0.017515	-0.009034	3.821136	1587500.000000
2022-04-01	0.022394	0.009303	0.025404	0.002396	5.577103	1378300.000000
2022-03-31	-0.013399	0.004059	0.012180	-0.011114	-3.382172	1816700.000000
2022-03-30	-0.024446	-0.006766	-0.002476	-0.025355	-6.325363	1157500.000000
2022-03-29	0.034999	0.036196	0.057716	0.025276	8.749741	1904000.000000
2022-03-28	0.021900	0.003665	0.024430	-0.002180	5.357590	1282100.000000
2022-03-25	-0.018885	-0.000251	0.005765	-0.019621	-4.709076	1143300.000000
2022-03-24	0.009247	0.005635	0.011909	-0.001893	2.284698	1369800.000000
2022-03-23	-0.010113	-0.004695	0.000673	-0.011186	-2.524155	1276500.000000
2022-03-22	0.017696	0.025435	0.028126	0.013447	4.339935	1400300.000000
2022-03-21	-0.022701	0.001001	0.003711	-0.027132	-5.696793	1135900.000000
2022-03-18	0.016201	0.004786	0.023009	-0.008374	4.000732	2068300.000000
2022-03-17	0.012849	-0.005354	0.015236	-0.009537	3.132736	1409000.000000
2022-03-16	0.008002	0.012817	0.031918	-0.009177	1.935532	1651100.000000
2022-03-15	0.020242	0.011174	0.031209	0.009234	4.798874	1757500.000000
2022-03-14	0.017295	0.007766	0.028405	0.001544	4.030670	1340700.000000
2022-03-11	-0.016670	0.004257	0.008983	-0.015532	-3.950851	1269900.000000
2022-03-10	-0.017211	-0.011493	-0.007097	-0.021984	-4.150391	1672300.000000
2022-03-09	0.007755	0.011217	0.021915	-0.005373	1.855698	1887100.000000
2022-03-08	-0.012760	0.000253	0.023480	-0.025532	-3.092819	2049100.000000
2022-03-07	-0.060118	-0.001717	0.002355	-0.058135	-15.504089	2197700.000000
2022-03-04	0.001744	-0.007706	0.005074	-0.015241	0.448944	1643700.000000
2022-03-03	-0.008378	0.012331	0.016606	-0.013091	-2.174957	997900.000000
2022-03-02	0.018354	0.004356	0.024478	0.002512	4.679169	1449300.000000
2022-03-01	-0.028883	-0.003817	0.003573	-0.032653	-7.582458	2311200.000000
2022-02-28	-0.015490	-0.007209	0.000553	-0.021835	-4.130402	2315000.000000
2022-02-25	0.034567	0.007011	0.037429	0.005497	8.909332	1423800.000000
2022-02-24	-0.001773	-0.018129	0.005341	-0.026224	-0.457855	2010200.000000
2022-02-23	-0.008334	0.009714	0.014322	-0.004689	-2.169922	2101400.000000
2022-02-22	-0.024210	-0.003639	-0.000416	-0.028860	-6.460022	2088600.000000
2022-02-18	0.003181	0.006411	0.020697	0.001411	0.846100	1317400.000000
2022-02-17	-0.019844	-0.000441	0.006228	-0.018093	-5.385010	946100.000000
2022-02-16	0.003903	0.005717	0.010119	-0.012706	1.055084	924000.000000
2022-02-15	0.004030	0.020467	0.021618	0.003752	1.084961	1166900.000000
2022-02-14	-0.009594	0.006263	0.010346	-0.009777	-2.607880	1074700.000000
2022-02-11	-0.024399	0.001091	0.004644	-0.023098	-6.798431	1265100.000000
2022-02-10	-0.023341	-0.007414	0.000438	-0.023783	-6.659058	1215200.000000
2022-02-09	0.024851	0.016606	0.036364	0.016462	6.917877	1086400.000000
2022-02-08	0.001612	0.007810	0.011049	0.000182	0.447937	1125900.000000
2022-02-07	-0.008909	0.006142	0.008032	-0.004307	-2.498413	1474900.000000
2022-02-04	-0.021193	-0.001674	-0.001394	-0.020557	-6.071777	1459700.000000
2022-02-03	-0.022051	-0.004948	0.003825	-0.018977	-6.460052	998800.000000
2022-02-02	0.004197	0.006735	0.013762	-0.005365	1.224335	1190100.000000
2022-02-01	0.022966	0.012428	0.031959	-0.001738	6.549591	2221000.000000
2022-01-31	-0.004136	0.002200	0.008834	-0.011070	-1.184509	2498700.000000
2022-01-28	0.015997	0.001841	0.021248	-0.028670	4.509064	2316800.000000
2022-01-27	-0.032724	-0.003833	0.012159	-0.039763	-9.535736	3374500.000000
2022-01-26	-0.005132	0.007170	0.024207	-0.004028	-1.503021	3524100.000000
2022-01-25	-0.014270	-0.008851	0.006091	-0.022279	-4.240265	2908000.000000
2022-01-24	0.019361	-0.014567	0.027938	-0.022629	5.643768	2987300.000000
2022-01-21	-0.016159	0.004644	0.018786	-0.011894	-4.787781	2124900.000000
2022-01-20	-0.020178	0.009704	0.017145	-0.018638	-6.101654	1501300.000000
2022-01-19	-0.007935	0.006088	0.014421	-0.004050	-2.418762	1859800.000000
2022-01-18	-0.007262	-0.020597	-0.000274	-0.030140	-2.229614	2738200.000000
2022-01-14	-0.028136	-0.017988	-0.007827	-0.037740	-8.888763	2622700.000000
2022-01-13	-0.013060	0.006675	0.013735	-0.010820	-4.180573	1064300.000000
2022-01-12	-0.008968	0.007276	0.009319	-0.011455	-2.896545	1191400.000000
2022-01-11	0.003712	0.005017	0.008901	-0.011608	1.194458	1063600.000000
2022-01-10	0.000247	0.001784	0.005390	-0.014472	0.079620	1603700.000000
2022-01-07	-0.030999	0.002957	0.003499	-0.028095	-10.292206	1325500.000000
2022-01-06	-0.008295	0.003180	0.007989	-0.005810	-2.777130	947100.000000
2022-01-05	0.001877	0.007068	0.025143	-0.000533	0.627136	1182500.000000
2022-01-04	-0.010026	-0.009576	0.000378	-0.015264	-3.384308	1707700.000000
2022-01-03	-0.037029	-0.005854	-0.000406	-0.043283	-12.979736	1484100.000000
2021-12-31	0.005138	0.002379	0.012988	0.001432	1.791718	852100.000000
2021-12-30	-0.002846	0.006617	0.012621	0.000098	-0.995392	410700.000000
2021-12-29	0.008496	0.002827	0.016092	0.002770	2.946320	484700.000000
2021-12-28	0.008248	0.010895	0.016622	0.006185	2.836823	601200.000000
2021-12-27	0.021189	0.007257	0.028841	0.007257	7.136841	842000.000000
2021-12-23	-0.001004	0.004051	0.014758	0.001797	-0.338409	785600.000000
2021-12-22	0.012646	0.003172	0.018821	0.002181	4.210449	454100.000000
2021-12-21	-0.003575	0.007906	0.015448	-0.004783	-1.194489	1045100.000000
2021-12-20	-0.013952	-0.003708	-0.002557	-0.029116	-4.728027	1153600.000000
2021-12-17	-0.022426	0.000057	0.000057	-0.022964	-7.773895	2325600.000000
2021-12-16	0.007551	0.009934	0.016503	0.004353	2.597931	944500.000000
2021-12-15	0.008402	-0.006992	0.013261	-0.009015	2.866699	1413500.000000
2021-12-14	-0.009364	0.005660	0.005660	-0.012603	-3.225037	918800.000000
2021-12-13	-0.001328	0.005543	0.010704	-0.004838	-0.457855	1007900.000000
2021-12-10	0.007532	0.012065	0.017061	0.004410	2.578033	659700.000000
2021-12-09	0.004821	0.009547	0.019586	0.007286	1.642365	668300.000000
2021-12-08	0.001317	0.006790	0.011434	-0.003263	0.447937	841200.000000
2021-12-07	0.001876	0.014922	0.018456	0.004526	0.636993	1261500.000000
2021-12-06	-0.003709	0.013153	0.013417	-0.002867	-1.264099	1123600.000000
2021-12-03	0.008037	0.006093	0.026442	-0.003578	2.717377	1794700.000000
2021-12-02	0.026348	0.007012	0.040980	0.004067	8.679657	1482400.000000
2021-12-01	-0.000875	0.011195	0.030212	0.003400	-0.288635	1813400.000000
2021-11-30	-0.009094	0.000617	0.014411	-0.010022	-3.025940	2644800.000000
2021-11-29	0.033962	0.010983	0.041809	0.005607	10.929260	1629500.000000
2021-11-26	-0.014389	-0.007913	0.006819	-0.010731	-4.698181	1030600.000000
2021-11-24	0.001618	0.003141	0.007926	0.000809	0.527527	907200.000000
2021-11-23	-0.007034	0.002177	0.009030	-0.006688	-2.309265	1024700.000000
2021-11-22	-0.007344	0.005974	0.014501	-0.002855	-2.428711	971800.000000
2021-11-19	0.004566	0.008228	0.016885	0.000331	1.503021	1355800.000000
2021-11-18	-0.005622	0.006970	0.013343	-0.002092	-1.861359	1126100.000000
2021-11-17	-0.016182	0.004493	0.011684	-0.010574	-5.445679	1131600.000000
2021-11-16	0.017395	0.007908	0.028133	0.006396	5.753723	1334500.000000
2021-11-15	0.004375	0.002904	0.011164	-0.004444	1.440948	852200.000000
2021-11-12	0.016564	0.009546	0.023283	0.006305	5.366119	1212700.000000
2021-11-11	0.004282	0.004259	0.010955	0.001314	1.381287	620600.000000
2021-11-10	0.001728	0.004007	0.011367	0.004007	0.556519	973200.000000
2021-11-09	0.010131	0.005741	0.018351	0.001788	3.229645	781000.000000
2021-11-08	0.005548	0.010374	0.017187	0.007535	1.758881	765200.000000
2021-11-05	0.001381	0.007348	0.018119	0.002262	0.437286	1098500.000000
2021-11-04	0.013778	0.002271	0.021195	0.002110	4.302856	1040900.000000
2021-11-03	0.004699	0.010906	0.013190	-0.001802	1.460724	1281600.000000
2021-11-02	0.008707	0.010329	0.019611	0.008999	2.683136	994800.000000
2021-11-01	-0.020593	0.006337	0.010819	-0.014545	-6.479126	1284000.000000
2021-10-29	-0.014965	0.005961	0.012817	-0.015047	-4.779907	1524700.000000
2021-10-28	0.012729	0.004086	0.026724	-0.002826	4.014709	1152000.000000
2021-10-27	0.004304	0.011337	0.024297	0.007229	1.351501	1365400.000000
2021-10-26	0.020341	0.006273	0.035969	-0.018713	6.260498	1931600.000000
2021-10-25	0.010110	0.010834	0.019860	0.006699	3.080566	1052900.000000
2021-10-22	-0.000522	0.006305	0.011783	0.004534	-0.158997	653600.000000
2021-10-21	0.016232	0.006339	0.023172	0.001938	4.869293	970600.000000
2021-10-20	0.012069	0.009814	0.018619	0.003168	3.577454	847100.000000
2021-10-19	0.003128	0.011415	0.011415	0.001838	0.924164	656900.000000
2021-10-18	0.003239	0.000941	0.009700	-0.000927	0.953979	757200.000000
2021-10-15	0.014270	0.012573	0.023592	0.005203	4.143890	1058700.000000
2021-10-14	0.007864	0.002175	0.014704	-0.010736	2.265686	1079300.000000
2021-10-13	-0.006578	0.011960	0.011960	-0.011865	-1.907898	838100.000000
2021-10-12	0.012383	0.009482	0.023898	0.006270	3.547577	1237700.000000
2021-10-11	-0.005862	0.002870	0.014946	0.000337	-1.689331	855200.000000
2021-10-08	-0.012800	0.006305	0.010108	-0.013256	-3.736450	1171400.000000
2021-10-07	-0.000374	0.014695	0.026612	0.003292	-0.109283	1426300.000000
2021-10-06	0.008650	0.000710	0.015528	-0.005370	2.504181	1409100.000000
2021-10-05	0.021206	0.009268	0.033113	0.005423	6.012085	1571300.000000
2021-10-04	0.000877	0.006093	0.020286	0.001610	0.248444	1483500.000000
2021-10-01	0.018982	0.010082	0.042171	0.008140	5.276703	1797800.000000
2021-09-30	-0.008963	0.010013	0.013222	-0.006137	-2.514099	1670800.000000
2021-09-29	0.009441	-0.015864	0.027322	-0.021082	2.623444	2580900.000000
2021-09-28	-0.027781	-0.000272	0.002282	-0.024869	-7.939911	1619700.000000
2021-09-27	-0.014359	-0.000006	0.004788	-0.008696	-4.163757	783700.000000
2021-09-24	-0.008326	0.001928	0.004903	-0.004570	-2.434662	746700.000000
2021-09-23	0.007740	0.010958	0.018850	0.007477	2.245850	854100.000000
2021-09-22	0.005614	0.011504	0.019960	0.006721	1.619781	812600.000000
2021-09-21	-0.004833	0.012203	0.013134	-0.000972	-1.401154	802700.000000
2021-09-20	-0.006707	-0.009865	0.004935	-0.012879	-1.957672	1101600.000000
2021-09-17	-0.014362	0.000869	0.002996	-0.010578	-4.253204	1862100.000000
2021-09-16	-0.004642	0.004625	0.005767	-0.004047	-1.381287	643400.000000
2021-09-15	0.001840	0.011625	0.012231	-0.000766	0.546600	606500.000000
2021-09-14	-0.010627	0.006272	0.007771	-0.007686	-3.189911	1067200.000000
2021-09-13	0.004756	0.016113	0.020397	0.006506	1.421021	1190200.000000
2021-09-10	0.011235	0.006170	0.029254	0.001939	3.319092	1200200.000000
2021-09-09	0.002056	-0.002174	0.015226	-0.005023	0.606171	1708800.000000
2021-09-08	-0.020308	-0.007518	-0.005192	-0.022737	-6.111481	1688300.000000
2021-09-07	-0.014930	-0.010323	-0.001452	-0.017688	-4.561218	938600.000000
2021-09-03	-0.004114	0.000796	0.011945	-0.003246	-1.262054	786800.000000
2021-09-02	0.009120	0.008707	0.015779	0.005154	2.772522	824600.000000
2021-09-01	0.007376	0.002826	0.016578	0.000837	2.225952	681900.000000
2021-08-31	-0.005372	0.005283	0.006305	-0.002594	-1.629700	963100.000000
2021-08-30	0.008056	0.011987	0.021689	0.009594	2.424683	615100.000000
2021-08-27	0.001985	0.010234	0.014928	0.007138	0.596283	682200.000000
2021-08-26	-0.001520	0.008499	0.008499	-0.004764	-0.457123	673000.000000
2021-08-25	-0.001254	-0.000833	0.007932	-0.005447	-0.377625	920900.000000
2021-08-24	-0.005284	0.007329	0.007362	-0.000696	-1.599945	555900.000000
2021-08-23	-0.007621	0.007616	0.015875	-0.001822	-2.325317	686800.000000
2021-08-20	0.014605	0.009364	0.025990	0.008101	4.392303	860200.000000
2021-08-19	0.006920	0.000145	0.016383	-0.002467	2.066986	707500.000000
2021-08-18	-0.012495	0.008147	0.010428	-0.005211	-3.779236	850300.000000
2021-08-17	-0.009228	0.002480	0.003888	-0.009084	-2.817047	869900.000000
2021-08-16	0.006870	0.007091	0.018569	0.001385	2.083038	853700.000000
2021-08-13	0.006421	0.008147	0.020163	0.008147	1.934235	911100.000000
2021-08-12	0.004565	0.005579	0.014849	-0.001124	1.368835	1325300.000000
2021-08-11	0.021144	0.012437	0.031846	0.011586	6.209412	1151500.000000
2021-08-10	-0.004506	0.009163	0.010485	0.002655	-1.329193	622900.000000
2021-08-09	0.001549	0.008792	0.011202	0.003903	0.456329	862000.000000
2021-08-06	0.004363	0.007771	0.017046	0.007771	1.279541	709500.000000
2021-08-05	-0.001924	0.011754	0.017540	0.002463	-0.565369	956700.000000
2021-08-04	0.000845	0.005762	0.014039	0.003310	0.247955	920900.000000
2021-08-03	0.015125	0.007663	0.023775	0.006210	4.374390	863000.000000
2021-08-02	0.001856	0.012858	0.015629	0.006726	0.535645	879600.000000
2021-07-30	0.005667	0.008634	0.016124	0.006300	1.626740	1219300.000000
2021-07-29	0.006434	0.013651	0.015895	0.006674	1.835052	964400.000000
2021-07-28	-0.000626	0.008322	0.013823	0.002575	-0.178589	1103100.000000
2021-07-27	0.007847	-0.000647	0.019412	-0.013218	2.221954	1709200.000000
2021-07-26	-0.001714	0.007406	0.010861	-0.001019	-0.486053	1344200.000000
2021-07-23	0.015699	0.011047	0.025656	0.009830	4.384277	1092900.000000
2021-07-22	-0.000993	0.008147	0.015373	0.005643	-0.277710	716300.000000
2021-07-21	0.002098	0.011696	0.013811	0.000117	0.585236	1203500.000000
2021-07-20	-0.005973	-0.014836	0.007826	-0.016974	-1.676361	1661000.000000
2021-07-19	0.001841	0.002899	0.014465	-0.006311	0.515778	2059700.000000
2021-07-16	0.011787	0.012048	0.025303	0.011145	3.263428	1032800.000000
2021-07-15	0.007908	0.006436	0.019250	0.006436	2.172272	824000.000000
2021-07-14	-0.004028	0.010830	0.013839	-0.002368	-1.110901	681200.000000
2021-07-13	0.000288	0.003722	0.010432	0.002743	0.079315	1217900.000000
2021-07-12	0.006336	0.009534	0.018841	0.004168	1.735870	731600.000000
2021-07-09	0.011461	0.017893	0.021547	0.009476	3.104706	698300.000000
2021-07-08	-0.015573	-0.001702	-0.000103	-0.014603	-4.285065	1166500.000000
2021-07-07	0.014296	0.006267	0.023481	0.005013	3.878387	674400.000000
2021-07-06	-0.006249	0.007341	0.008147	-0.012403	-1.706085	686100.000000
2021-07-02	-0.000436	0.009209	0.010417	0.003094	-0.119049	549200.000000
2021-07-01	0.010607	0.012698	0.019544	0.002041	2.866638	790300.000000
2021-06-30	-0.001210	0.007777	0.010216	0.002049	-0.327301	971900.000000
2021-06-29	0.001064	0.010958	0.019579	0.006926	0.287628	647700.000000
2021-06-28	-0.005475	0.007227	0.007227	-0.005651	-1.487854	936400.000000
2021-06-25	0.014477	0.007101	0.023003	0.007064	3.878387	1840600.000000
2021-06-24	-0.004754	0.014908	0.014908	-0.000026	-1.279572	892900.000000
2021-06-23	-0.007643	0.008294	0.012202	-0.000111	-2.073090	591300.000000
2021-06-22	0.001318	0.009365	0.015788	0.004049	0.357056	672600.000000
2021-06-21	0.018422	0.015064	0.031982	0.011906	4.900085	1041800.000000
2021-06-18	-0.003974	-0.000728	0.011142	-0.003536	-1.061371	2048600.000000
2021-06-17	0.002793	0.012502	0.013892	-0.002217	0.743927	1302400.000000
2021-06-16	-0.011560	0.010485	0.012415	-0.007108	-3.114563	1251600.000000
2021-06-15	-0.007817	0.012419	0.012419	-0.001575	-2.122742	1325600.000000
2021-06-14	-0.010768	0.005633	0.009823	-0.010942	-2.955902	1150000.000000
2021-06-11	-0.004031	0.008147	0.011557	-0.002049	-1.110931	1151900.000000
2021-06-10	0.003250	0.026311	0.028167	0.006181	0.892731	1206800.000000
2021-06-09	-0.014377	0.002801	0.006209	-0.009397	-4.007416	1879800.000000
2021-06-08	0.000677	0.012204	0.013101	0.000715	0.188507	926100.000000
2021-06-07	-0.008439	0.007506	0.011707	-0.001678	-2.370697	849500.000000
2021-06-04	0.002230	0.011964	0.014426	0.004079	0.624908	1049100.000000
2021-06-03	0.000566	0.002292	0.010253	-0.007132	0.158691	1008100.000000
2021-06-02	-0.001520	0.015846	0.017877	0.003335	-0.426514	1304100.000000
2021-06-01	-0.002434	0.016574	0.026316	0.005053	-0.684418	1201600.000000
2021-05-28	-0.007838	0.011110	0.012063	-0.000285	-2.221893	1444600.000000
2021-05-27	0.000455	0.009982	0.017782	0.007935	0.128906	2675800.000000
2021-05-26	0.000175	0.009770	0.013442	0.006487	0.049591	960900.000000
2021-05-25	0.002176	0.010022	0.014196	0.006732	0.615021	835200.000000
2021-05-24	0.006499	0.010675	0.017262	0.006616	1.825134	923300.000000
2021-05-21	0.001911	0.012999	0.025128	0.009039	0.535645	1438400.000000
2021-05-20	0.006662	0.006926	0.025169	0.005597	1.854919	1029100.000000
2021-05-19	-0.006710	0.000990	0.006590	-0.011139	-1.881012	1035600.000000
2021-05-18	-0.003729	0.010122	0.018083	0.005182	-1.049377	1034700.000000
2021-05-17	-0.006501	0.011322	0.015383	-0.001247	-1.841339	1268700.000000
2021-05-14	0.000980	0.015565	0.022421	0.009344	0.277191	980400.000000
2021-05-13	0.021334	0.014454	0.036039	0.011349	5.910187	1059300.000000
2021-05-12	-0.020991	0.005387	0.013656	-0.011399	-5.939880	1869900.000000
2021-05-11	-0.009735	0.005608	0.007812	-0.008985	-2.781860	1244300.000000
2021-05-10	0.004944	0.015327	0.030590	0.013041	1.405792	1497500.000000
2021-05-07	0.006447	0.007821	0.018546	0.001698	1.821533	887800.000000
2021-05-06	0.007448	0.012368	0.021069	0.011192	2.088867	1065400.000000
2021-05-05	-0.000776	0.014896	0.016393	-0.000745	-0.217804	1059200.000000
2021-05-04	0.020114	0.005033	0.030803	0.003325	5.533966	1644400.000000
2021-05-03	0.014752	0.014290	0.030740	0.012667	3.999573	1094300.000000
2021-04-30	0.001572	0.007056	0.014518	0.002992	0.425659	1279200.000000
2021-04-29	0.016657	0.017032	0.029727	0.014291	4.435150	1686000.000000
2021-04-28	-0.001967	0.013795	0.017618	0.004912	-0.524719	1290000.000000
2021-04-27	-0.000186	-0.005093	0.013232	-0.014837	-0.049500	1538800.000000
2021-04-26	-0.015990	0.011339	0.014104	-0.008021	-4.336151	1230400.000000
2021-04-23	0.015534	0.015177	0.027761	0.007837	4.148041	1108900.000000
2021-04-22	-0.004539	0.009935	0.014856	-0.000913	-1.217682	1053700.000000
2021-04-21	0.013920	0.015414	0.026526	0.014280	3.682770	1168400.000000
2021-04-20	0.006175	0.012632	0.025943	0.008410	1.623535	1056900.000000
2021-04-19	-0.004945	0.005808	0.013755	-0.005583	-1.306793	1157300.000000
2021-04-16	0.038034	0.016604	0.057969	0.015779	9.682022	2133400.000000
2021-04-15	0.008194	0.013369	0.023073	0.013251	2.069061	1181200.000000
2021-04-14	-0.009168	0.008513	0.010632	-0.000199	-2.336380	890600.000000
2021-04-13	-0.000738	0.010122	0.013063	0.004867	-0.188080	694000.000000
2021-04-12	0.009048	0.011863	0.025514	0.009133	2.286835	1016500.000000
2021-04-09	0.007141	0.012991	0.017733	0.007213	1.791870	1554200.000000
2021-04-08	0.007072	0.010202	0.023245	0.007754	1.762177	1235900.000000
2021-04-07	-0.027998	0.010005	0.013008	-0.023386	-7.177368	1742700.000000
2021-04-06	0.011919	0.006846	0.024648	0.003925	3.019455	1908800.000000
2021-04-05	0.024625	0.017968	0.037422	0.011982	6.088379	1371100.000000
2021-04-01	0.015230	0.011504	0.029735	0.004647	3.709122	1474800.000000
2021-03-31	-0.011002	0.010149	0.014805	-0.001046	-2.709244	1321500.000000
2021-03-30	-0.013341	0.006289	0.006863	-0.008763	-3.329636	1084500.000000
2021-03-29	-0.003570	0.010095	0.022073	0.000008	-0.894287	1092600.000000
2021-03-26	0.026799	0.010313	0.038531	0.007334	6.537170	1691400.000000
2021-03-25	0.020797	0.008950	0.033947	0.004528	4.969696	1431000.000000
2021-03-24	-0.002466	0.004208	0.019417	0.004208	-0.590668	1266600.000000
2021-03-23	0.007914	0.012660	0.035310	0.011931	1.880936	1797600.000000
2021-03-22	0.019809	0.010308	0.032505	0.008820	4.616623	1058400.000000
2021-03-19	-0.005464	0.007817	0.015655	0.003963	-1.280396	2829900.000000
2021-03-18	-0.003130	0.005130	0.015709	-0.009106	-0.735886	1385100.000000
2021-03-17	-0.006541	0.011136	0.012390	-0.001810	-1.547653	1074600.000000
2021-03-16	0.000112	0.010883	0.015518	0.001993	0.026382	1269600.000000
2021-03-15	0.012484	0.010122	0.022732	0.004872	2.917160	818100.000000
2021-03-12	0.005866	0.007109	0.019649	0.004497	1.362869	1228200.000000
2021-03-11	-0.002974	0.009264	0.018634	0.006116	-0.692993	1447200.000000
2021-03-10	0.000085	0.015916	0.029579	0.008305	0.019806	1690800.000000
2021-03-09	0.026057	0.017961	0.046116	0.016552	5.916763	2317800.000000
2021-03-08	0.018381	0.014024	0.050515	0.012095	4.098511	1971600.000000
2021-03-05	0.024456	0.016141	0.036678	0.006538	5.322815	2087100.000000
2021-03-04	-0.020276	0.006986	0.014518	-0.018417	-4.504425	2100900.000000
2021-03-03	-0.023881	0.011938	0.016346	-0.014557	-5.434982	1626900.000000
2021-03-02	-0.005995	0.006293	0.014388	-0.003621	-1.372742	1482600.000000
2021-03-01	0.019843	0.017041	0.044790	0.017041	4.454865	1862400.000000
2021-02-26	0.013135	0.016395	0.039169	0.016184	2.910568	2456100.000000
2021-02-25	-0.012991	0.007541	0.015944	-0.004441	-2.916611	2021100.000000
2021-02-24	-0.020902	0.013360	0.014712	-0.011236	-4.792908	2742000.000000
2021-02-23	-0.016991	0.008345	0.008345	-0.012517	-3.963379	2318400.000000
2021-02-22	-0.011550	0.007886	0.009906	-0.008837	-2.725647	1414200.000000
2021-02-19	-0.013553	0.015934	0.016310	-0.006485	-3.242447	1486200.000000
2021-02-18	0.007430	0.008309	0.025518	0.003677	1.764435	1444200.000000
2021-02-17	0.019762	0.006277	0.036122	0.000465	4.601974	1719600.000000
2021-02-16	-0.018903	0.013938	0.014486	-0.007352	-4.486801	1562700.000000
2021-02-12	0.002447	0.009816	0.023880	0.009760	0.579376	1308600.000000
2021-02-11	0.009785	0.015404	0.025654	0.013585	2.294403	1203000.000000
2021-02-10	-0.000968	0.016268	0.019080	0.005489	-0.227127	1541400.000000
2021-02-09	-0.015193	0.012800	0.014324	-0.003173	-3.621033	1220400.000000
2021-02-08	0.010369	0.021619	0.030748	0.019373	2.445847	1424700.000000
2021-02-05	0.008813	0.017294	0.035056	0.016353	2.060699	1947300.000000
2021-02-04	0.012804	0.015520	0.043198	0.014943	2.956070	1771500.000000
2021-02-03	-0.012948	0.026670	0.036703	-0.001434	-3.028473	1769400.000000
2021-02-02	0.017820	0.014809	0.037248	0.014809	4.095047	1223100.000000
2021-02-01	0.009107	0.016732	0.024123	-0.002341	2.073868	1426500.000000
2021-01-29	-0.028439	0.003901	0.003901	-0.024655	-6.666000	2347800.000000
2021-01-28	-0.007651	0.008822	0.020860	-0.023777	-1.807205	2002800.000000
2021-01-27	-0.008430	0.005187	0.011344	-0.012738	-2.008026	1682100.000000
2021-01-26	-0.014490	0.016796	0.016796	-0.005627	-3.502533	1313400.000000
2021-01-25	0.002882	0.016614	0.025327	0.012064	0.694550	1200600.000000
2021-01-22	-0.005677	0.007598	0.014144	0.001011	-1.375992	924900.000000
2021-01-21	0.000177	0.013677	0.028765	0.009358	0.042831	909600.000000
2021-01-20	0.014622	0.015395	0.028499	0.009101	3.492645	1271700.000000
2021-01-19	0.000083	0.018103	0.029463	0.012436	0.019745	1353300.000000
2021-01-15	0.009419	0.011364	0.026396	0.003179	2.228561	2126400.000000
2021-01-14	-0.012855	0.010198	0.012562	-0.003598	-3.081161	1224300.000000
2021-01-13	-0.014909	0.015467	0.015467	-0.004260	-3.627625	1207800.000000
2021-01-12	0.005742	0.011364	0.020747	0.005260	1.389175	926700.000000
2021-01-11	0.008466	0.008352	0.026276	-0.000805	2.031067	781800.000000
2021-01-08	-0.008651	0.010372	0.011708	-0.006598	-2.093597	1203600.000000
2021-01-07	0.017692	0.015912	0.037374	0.014903	4.206970	1507200.000000
2021-01-06	0.003459	0.005767	0.021255	0.003728	0.819656	1648800.000000
2021-01-05	-0.004990	0.008433	0.019056	0.004514	-1.188354	1171800.000000
2021-01-04	-0.015566	0.012714	0.015373	-0.015270	-3.765839	1224900.000000
2020-12-31	0.010699	0.014428	0.024733	0.007869	2.561020	920400.000000
2020-12-30	-0.004736	0.014614	0.019964	0.007490	-1.138947	642000.000000
2020-12-29	0.001714	0.019046	0.019879	0.007967	0.411484	586800.000000
2020-12-28	-0.006213	0.018399	0.018399	0.005622	-1.501099	513300.000000
2020-12-24	0.013044	0.016573	0.027644	0.014952	3.110794	326100.000000
2020-12-23	-0.017122	0.013222	0.017453	-0.004748	-4.154312	800700.000000
2020-12-22	0.010834	0.013756	0.027630	0.008160	2.600555	1004700.000000
2020-12-21	0.001291	0.001049	0.014620	-0.010618	0.309418	1051200.000000
2020-12-18	0.002727	0.013301	0.017066	0.001938	0.651825	2662800.000000
2020-12-17	0.005204	0.019051	0.022162	0.014118	1.237717	1515900.000000
2020-12-16	0.000208	0.018814	0.021884	0.009043	0.049362	1149600.000000
2020-12-15	0.004855	0.019647	0.023112	0.010294	1.148880	957600.000000
2020-12-14	0.000334	0.020269	0.028654	0.012857	0.078979	1545300.000000
2020-12-11	-0.001681	0.010831	0.016444	0.003474	-0.398300	1086900.000000
2020-12-10	-0.001138	0.006829	0.018618	0.001601	-0.269958	1383300.000000
2020-12-09	0.001919	0.016250	0.026105	0.003988	0.454315	1691400.000000
2020-12-08	0.012928	0.014529	0.028447	0.013631	3.021881	1317600.000000
2020-12-07	0.005907	0.014942	0.023090	0.013464	1.372711	1911900.000000
2020-12-04	-0.003022	0.019082	0.021113	0.005539	-0.704468	2087100.000000
2020-12-03	-0.010620	0.012618	0.018589	-0.000003	-2.501801	1362900.000000
2020-12-02	-0.037147	0.012917	0.016786	-0.027287	-9.088760	1773600.000000
2020-12-01	-0.005845	0.015814	0.022586	0.002161	-1.438553	1743300.000000
2020-11-30	0.016064	0.009962	0.030219	0.008090	3.890961	2643000.000000
2020-11-27	0.006236	0.013615	0.026798	0.011413	1.501083	418200.000000
2020-11-25	-0.005494	0.017410	0.021817	0.002179	-1.329895	1005300.000000
2020-11-24	0.001580	0.019997	0.029487	0.011431	0.381851	1643700.000000
2020-11-23	0.013670	0.017050	0.029843	0.015680	3.258926	1046700.000000
2020-11-20	-0.006175	0.014369	0.018093	0.005517	-1.481323	968700.000000
2020-11-19	0.007076	0.012604	0.029144	0.001912	1.685394	1563600.000000
2020-11-18	-0.010218	0.015803	0.022479	0.002243	-2.459000	1462800.000000
2020-11-17	-0.000847	0.003332	0.016437	-0.004487	-0.204071	1476600.000000
2020-11-16	0.007463	0.015169	0.023813	0.007306	1.784164	1522200.000000
2020-11-13	0.012505	0.020834	0.028471	0.016698	2.952789	979200.000000
2020-11-12	-0.012160	0.010651	0.015672	-0.006515	-2.906708	1688700.000000
2020-11-11	0.007018	0.019949	0.025749	0.011846	1.665909	1159500.000000
2020-11-10	0.045819	0.017131	0.063437	0.017131	10.399490	2378400.000000
2020-11-09	-0.061595	0.027427	0.044654	-0.048138	-14.897736	3004500.000000
2020-11-06	0.008605	0.018726	0.024731	0.008690	2.063492	1279500.000000
2020-11-05	0.008053	0.022894	0.037929	0.020792	1.915604	1110600.000000
2020-11-04	0.019575	0.015244	0.041945	0.015244	4.567200	1410600.000000
2020-11-03	0.001114	0.015359	0.027988	0.008694	0.259598	1396800.000000
2020-11-02	0.030989	0.027567	0.054964	0.024824	7.005280	1852800.000000
2020-10-30	-0.005939	0.005912	0.018753	-0.001344	-1.350464	2064900.000000
2020-10-29	0.019789	0.013366	0.038943	0.008359	4.412811	1851900.000000
2020-10-28	0.007706	0.015602	0.033347	0.003115	1.705307	2416800.000000
2020-10-27	0.004609	0.024732	0.032526	0.010508	1.015305	1791600.000000
2020-10-26	-0.018923	0.005268	0.009321	-0.013869	-4.248505	1461300.000000
2020-10-23	0.007832	0.019171	0.025021	0.008068	1.744751	1108800.000000
2020-10-22	0.005830	0.017738	0.024345	0.006797	1.291306	859800.000000
2020-10-21	-0.001274	0.014578	0.028857	0.011752	-0.282562	1533000.000000
2020-10-20	-0.010120	0.022909	0.024649	0.002227	-2.267197	1578900.000000
2020-10-19	-0.019401	0.015990	0.019958	-0.008580	-4.432526	1038600.000000
2020-10-16	0.010640	0.019840	0.034762	0.018395	2.405212	1140600.000000
2020-10-15	-0.008631	0.006213	0.012733	-0.001607	-1.968185	1275300.000000
2020-10-14	-0.004576	0.016815	0.016815	0.004869	-1.048172	1297500.000000
2020-10-13	-0.007403	0.014805	0.020206	0.004030	-1.708603	1303800.000000
2020-10-12	0.005699	0.019702	0.029492	0.015620	1.307739	943200.000000
2020-10-09	0.014703	0.018997	0.030184	0.017008	3.325211	1356600.000000
2020-10-08	-0.005088	0.018608	0.023506	0.005190	-1.156601	1477200.000000
2020-10-07	0.013805	0.022441	0.031242	0.018828	3.095200	1350900.000000
2020-10-06	-0.010470	0.017827	0.024726	0.001777	-2.372314	1562400.000000
2020-10-05	0.000900	0.021157	0.032834	0.011204	0.203705	1940100.000000
2020-10-02	-0.002635	0.008466	0.023431	-0.000257	-0.598007	1234500.000000
2020-10-01	-0.008525	0.026470	0.033095	0.002722	-1.951767	1557000.000000
2020-09-30	-0.012655	0.020697	0.027885	-0.005309	-2.934174	2412900.000000
2020-09-29	-0.001966	0.019365	0.026352	0.012421	-0.456726	871200.000000
2020-09-28	0.013779	0.026502	0.035883	0.020931	3.157639	1284600.000000
2020-09-25	0.016839	0.012860	0.032709	0.008364	3.795059	856500.000000
2020-09-24	0.012668	0.020479	0.034887	0.017423	2.819214	902400.000000
2020-09-23	-0.027286	0.008149	0.010247	-0.015380	-6.242996	1137600.000000
2020-09-22	0.019756	0.016627	0.037991	0.015334	4.432510	1332900.000000
2020-09-21	-0.018203	0.003387	0.006202	-0.016611	-4.159790	1043700.000000
2020-09-18	-0.023942	0.008308	0.015768	-0.014742	-5.605530	2295900.000000
2020-09-17	-0.003594	0.007209	0.012316	-0.003047	-0.844452	1413300.000000
2020-09-16	-0.001578	0.017985	0.022178	0.009898	-0.371292	1212300.000000
2020-09-15	-0.001881	0.018940	0.026220	0.009171	-0.443588	1062000.000000
2020-09-14	0.012501	0.022001	0.032035	0.017707	2.911209	1336200.000000
2020-09-11	0.008653	0.018298	0.029358	0.011195	1.997742	1420800.000000
2020-09-10	0.011851	0.018095	0.036254	0.012383	2.704208	2507400.000000
2020-09-09	0.037547	0.040998	0.057231	0.033919	8.257156	1585200.000000
2020-09-08	-0.015185	0.001352	0.005039	-0.012277	-3.390915	1951800.000000
2020-09-04	0.001149	0.017342	0.022976	-0.012069	0.256271	1858500.000000
2020-09-03	-0.029063	0.011338	0.011338	-0.026039	-6.676697	1576800.000000
2020-09-02	0.019124	0.012269	0.034835	0.010716	4.310928	1393500.000000
2020-09-01	0.022338	0.012129	0.037134	0.009771	4.925400	1512600.000000
2020-08-31	-0.007190	0.015148	0.015148	0.005092	-1.596878	1129800.000000
2020-08-28	0.006118	0.017749	0.021389	0.011271	1.350449	1015200.000000
2020-08-27	-0.007256	0.019779	0.019779	0.006002	-1.613297	800400.000000
2020-08-26	0.009578	0.013928	0.027504	0.009675	2.109467	917100.000000
2020-08-25	-0.001668	0.019443	0.025351	0.006842	-0.368027	810000.000000
2020-08-24	-0.006525	0.020747	0.023149	0.002989	-1.449020	786300.000000
2020-08-21	0.012389	0.014959	0.030262	0.009837	2.717346	1068600.000000
2020-08-20	0.005725	0.013830	0.024636	0.013830	1.248550	957900.000000
2020-08-19	-0.007299	0.020177	0.020814	0.007220	-1.603470	949800.000000
2020-08-18	-0.001520	0.022580	0.024141	0.012991	-0.334488	887400.000000
2020-08-17	0.006661	0.022895	0.028126	0.015163	1.455963	1032900.000000
2020-08-14	-0.003990	0.017963	0.023720	0.007528	-0.875534	678900.000000
2020-08-13	-0.003959	0.010121	0.020545	0.006565	-0.872269	834600.000000
2020-08-12	0.029874	0.022473	0.052887	0.019824	6.391113	1722300.000000
2020-08-11	0.001766	0.022374	0.032098	0.014663	0.377090	1179300.000000
2020-08-10	-0.008329	0.015406	0.020344	0.004958	-1.793701	1049100.000000
2020-08-07	0.003284	0.015728	0.021164	0.013461	0.704987	1127700.000000
2020-08-06	0.005901	0.015817	0.029283	0.014396	1.259201	1289100.000000
2020-08-05	-0.000277	0.019941	0.028998	0.016239	-0.059021	1410600.000000
2020-08-04	0.015238	0.016108	0.043014	0.016108	3.203735	1848600.000000
2020-08-03	-0.010464	0.017729	0.023941	0.005491	-2.223236	1411500.000000
2020-07-31	0.000448	0.014088	0.019456	0.004937	0.095062	1772100.000000
2020-07-30	0.000000	0.006632	0.020539	0.003399	0.000000	1373100.000000
2020-07-29	0.022224	0.018895	0.044487	0.018077	4.617065	2015400.000000
2020-07-28	0.012837	0.056303	0.072342	0.010101	2.633179	3127500.000000
2020-07-27	0.008871	0.026685	0.035965	0.022275	1.803528	2471700.000000
2020-07-24	0.002458	0.014910	0.022010	0.008977	0.498428	1344600.000000
2020-07-23	-0.011823	0.011567	0.020646	-0.004641	-2.426559	1140600.000000
2020-07-22	0.020378	0.013040	0.037269	0.013040	4.098953	1146900.000000
2020-07-21	0.008749	0.028089	0.028122	0.016387	1.744507	1511100.000000
2020-07-20	-0.003295	0.014221	0.020919	0.010572	-0.659134	970800.000000
2020-07-17	0.018906	0.018609	0.040899	0.016826	3.712036	1822200.000000
2020-07-16	0.002226	0.012080	0.026848	0.009494	0.436127	1049700.000000
2020-07-15	0.018306	0.022238	0.036168	0.016902	3.521820	1210200.000000
2020-07-14	0.018506	0.015126	0.036091	0.015126	3.495560	1150500.000000
2020-07-13	-0.013292	0.025122	0.028430	0.002243	-2.544617	1142100.000000
2020-07-10	0.007090	0.021027	0.028673	0.004140	1.347748	820800.000000
2020-07-09	-0.010970	0.018220	0.019330	-0.007968	-2.108505	1049400.000000
2020-07-08	-0.004450	0.018696	0.028434	-0.006512	-0.859131	1419000.000000
2020-07-07	-0.005776	0.005070	0.015525	0.002684	-1.121506	1329900.000000
2020-07-06	0.015764	0.028779	0.033539	0.017898	3.013580	1644600.000000
2020-07-02	0.009367	0.025831	0.032378	0.021149	1.774002	1351500.000000
2020-07-01	-0.000502	0.016380	0.023715	0.005332	-0.095108	1906800.000000
2020-06-30	0.020936	0.019394	0.041449	0.012426	3.885818	1443300.000000
2020-06-29	0.015192	0.023011	0.038892	0.008279	2.777451	1030800.000000
2020-06-26	-0.027355	0.015811	0.017709	-0.014248	-5.141724	1648500.000000
2020-06-25	0.011577	0.018278	0.030244	0.000160	2.151123	985500.000000
2020-06-24	-0.016796	0.014122	0.014510	-0.001523	-3.174194	1248300.000000
2020-06-23	-0.010541	0.029103	0.029103	0.001983	-2.013428	1479600.000000
2020-06-22	-0.003763	0.033524	0.033524	-0.001822	-0.721405	1333200.000000
2020-06-19	0.005106	0.033943	0.034135	0.011523	0.973907	2114100.000000
2020-06-18	-0.000516	0.009534	0.021830	0.008748	-0.098389	834900.000000
2020-06-17	0.009786	0.023417	0.037050	0.016873	1.849457	1228800.000000
2020-06-16	0.011140	0.045821	0.049209	0.009512	2.082260	1303800.000000
2020-06-15	0.040886	-0.005049	0.061776	-0.005105	7.342056	2628300.000000
2020-06-12	0.002379	0.042347	0.044375	0.003217	0.426270	2205600.000000
2020-06-11	-0.059625	0.004640	0.008157	-0.048254	-11.358994	2883300.000000
2020-06-10	-0.001392	0.018740	0.023527	0.008815	-0.265610	1123200.000000
2020-06-09	0.011774	0.008936	0.035755	0.008123	2.219971	1523700.000000
2020-06-08	-0.017581	0.013290	0.014749	-0.009166	-3.374237	2092500.000000
2020-06-05	0.017613	0.030447	0.044427	0.000932	3.321808	2654400.000000
2020-06-04	-0.031978	0.010379	0.014536	-0.021683	-6.230423	1907700.000000
2020-06-03	-0.004941	0.020266	0.027160	0.009677	-0.967361	1545900.000000
2020-06-02	0.025152	0.012838	0.045701	0.010814	4.803970	1582200.000000
2020-06-01	-0.019180	0.015784	0.018369	-0.007119	-3.734955	1040700.000000
2020-05-29	0.006508	0.013523	0.027357	0.008268	1.259186	1315500.000000
2020-05-28	0.012267	0.028973	0.039297	0.021770	2.344604	1647900.000000
2020-05-27	-0.000463	0.019780	0.020652	-0.001923	-0.088531	1355100.000000
2020-05-26	0.010099	0.030079	0.031646	0.020165	1.911758	1377900.000000
2020-05-22	0.012807	0.019534	0.029593	0.012847	2.393768	837600.000000
2020-05-21	0.011912	0.021086	0.030885	0.015997	2.200317	1605300.000000
2020-05-20	0.001579	0.031699	0.040393	0.019969	0.291153	1890000.000000
2020-05-19	-0.014871	0.016535	0.024993	0.001596	-2.783936	1665000.000000
2020-05-18	0.006809	0.039770	0.050741	0.025249	1.266022	1856700.000000
2020-05-15	0.041848	0.009488	0.061579	0.007265	7.468536	2658900.000000
2020-05-14	-0.005052	0.004072	0.013921	-0.018469	-0.906158	1631100.000000
2020-05-13	-0.009287	0.013379	0.021221	-0.006394	-1.681503	1466700.000000
2020-05-12	-0.009627	0.015748	0.027909	0.009129	-1.759995	1867800.000000
2020-05-11	0.016664	0.006945	0.045057	0.006185	2.996597	2395800.000000
2020-05-08	0.039958	0.039180	0.067172	0.030775	6.909180	1477200.000000
2020-05-07	0.008663	0.030100	0.036983	0.023197	1.485153	1172700.000000
2020-05-06	-0.016276	0.023357	0.026418	0.001245	-2.836258	1025700.000000
2020-05-05	0.007280	0.028804	0.039940	0.020268	1.259506	1121700.000000
2020-05-04	0.004559	0.014623	0.025578	0.000590	0.785110	1184400.000000
2020-05-01	-0.018513	-0.001445	0.006363	-0.012026	-3.248474	1241100.000000
2020-04-30	-0.004621	-0.001842	0.027940	-0.009860	-0.814575	2059200.000000
2020-04-29	0.059226	0.073558	0.120887	0.049483	9.856674	2886600.000000
2020-04-28	-0.005338	0.033960	0.035713	0.006188	-0.893112	1564500.000000
2020-04-27	0.010671	0.014710	0.036617	0.001281	1.766541	1401000.000000
2020-04-24	0.014758	0.024843	0.035366	0.010541	2.407700	807300.000000
2020-04-23	-0.003178	0.019244	0.036006	0.013521	-0.520111	915300.000000
2020-04-22	0.031739	0.039469	0.061932	0.039469	5.034653	1117200.000000
2020-04-21	-0.022123	0.003568	0.012815	-0.014453	-3.588699	984600.000000
2020-04-20	-0.040406	-0.000641	0.015311	-0.028030	-6.830643	1747200.000000
2020-04-17	0.065398	0.045219	0.088327	0.045219	10.376801	1824300.000000
2020-04-16	-0.015527	0.033436	0.038193	-0.015351	-2.502594	2226000.000000
2020-04-15	-0.023216	-0.008596	0.010030	-0.018535	-3.830811	1869900.000000
2020-04-14	0.031051	0.041434	0.063616	0.020626	4.969238	2263200.000000
2020-04-13	-0.005994	-0.001434	0.019477	-0.020958	-0.965057	2571900.000000
2020-04-09	0.007864	0.039680	0.081247	0.017562	1.256241	3194100.000000
2020-04-08	0.053868	0.034112	0.081876	0.016080	8.165344	1770900.000000
2020-04-07	0.010313	0.056131	0.077482	0.026515	1.547333	2435700.000000
2020-04-06	0.091875	0.074152	0.123130	0.062799	12.624283	2193300.000000
2020-04-03	-0.038635	0.014484	0.032185	-0.029267	-5.522095	2051400.000000
2020-04-02	0.028072	0.007478	0.054879	-0.012158	3.902771	3257700.000000
2020-04-01	-0.075166	-0.024545	-0.014322	-0.065589	-11.299377	3430500.000000
2020-03-31	-0.046303	0.007646	0.018769	-0.032407	-7.298431	3840600.000000
2020-03-30	0.048232	0.045517	0.078391	0.026099	7.252686	2259600.000000
2020-03-27	-0.013902	-0.014156	0.030633	-0.016342	-2.119873	1990500.000000
2020-03-26	0.032060	0.049101	0.067691	0.024218	4.736954	2562900.000000
2020-03-25	-0.005198	0.015011	0.065642	0.003745	-0.772079	2766900.000000
2020-03-24	0.144492	0.075087	0.182580	0.069667	18.751541	3735300.000000
2020-03-23	-0.038769	0.014297	0.043900	-0.035205	-5.234177	2876700.000000
2020-03-20	-0.072834	0.037481	0.046202	-0.070658	-10.605804	3788400.000000
2020-03-19	0.104900	0.008771	0.135538	-0.018393	13.824829	3081600.000000
2020-03-18	-0.041677	-0.057631	-0.005760	-0.211206	-5.731461	5138100.000000
2020-03-17	0.035240	0.041597	0.089499	-0.052249	4.681335	5943600.000000
2020-03-16	-0.186770	-0.083765	-0.080378	-0.172654	-30.508850	4736700.000000
2020-03-13	0.034581	0.061014	0.067116	-0.022799	5.459930	4273800.000000
2020-03-12	-0.072096	-0.046628	-0.002179	-0.077306	-12.267685	3269100.000000
2020-03-11	-0.047397	-0.005358	-0.002279	-0.052851	-8.466309	3127800.000000
2020-03-10	0.035777	0.048145	0.056243	-0.003753	6.169830	2829300.000000
2020-03-09	-0.025582	-0.055740	0.013929	-0.057340	-4.527603	3484500.000000
2020-03-06	-0.025067	-0.003372	-0.000140	-0.027738	-4.550507	1971900.000000
2020-03-05	-0.034570	-0.005419	0.003445	-0.026302	-6.500214	1775700.000000
2020-03-04	0.063265	0.042858	0.083553	0.027835	11.188095	2210100.000000
2020-03-03	0.004198	0.023103	0.045608	0.004345	0.739365	2212800.000000
2020-03-02	0.041742	0.029330	0.061471	0.011584	7.056351	2520900.000000
2020-02-28	-0.013874	-0.011920	0.004802	-0.032298	-2.378296	4074900.000000
2020-02-27	-0.045858	0.006238	0.017351	-0.026155	-8.239136	2345100.000000
2020-02-26	-0.000635	0.029332	0.047817	0.017632	-0.114227	2172300.000000
2020-02-25	-0.028461	0.026390	0.028209	-0.008809	-5.266556	2530500.000000
2020-02-24	-0.010883	0.000199	0.019103	-0.007552	-2.036102	1697400.000000
2020-02-21	-0.018388	0.014951	0.019988	0.001099	-3.504501	1149600.000000
2020-02-20	-0.008437	0.015856	0.025412	0.005849	-1.621750	1021800.000000
2020-02-19	0.012496	0.027198	0.040174	0.027093	2.372253	1479000.000000
2020-02-18	-0.006269	0.017479	0.018805	0.005404	-1.197540	1239300.000000
2020-02-14	0.009814	0.022619	0.031570	0.020505	1.856674	916200.000000
2020-02-13	-0.000655	0.016420	0.025823	0.014430	-0.124008	838500.000000
2020-02-12	0.005372	0.021739	0.030307	0.019083	1.011536	1109400.000000
2020-02-11	0.008318	0.023276	0.037378	0.022240	1.553207	1223700.000000
2020-02-10	-0.000472	0.018975	0.025487	0.014960	-0.088120	1518600.000000
2020-02-07	-0.016068	0.020526	0.020526	0.003515	-3.050903	1704600.000000
2020-02-06	-0.000927	0.024386	0.027052	0.016037	-0.176193	1985400.000000
2020-02-05	-0.007718	0.021527	0.022432	-0.006371	-1.478180	2439900.000000
2020-02-04	0.020977	0.028527	0.048340	0.024192	3.935211	1922400.000000
2020-02-03	0.032173	0.025818	0.060224	0.023140	5.847351	2517900.000000
2020-01-31	-0.020935	0.006227	0.012746	-0.010239	-3.886261	2703600.000000
2020-01-30	-0.036187	-0.026672	-0.012187	-0.038614	-6.969849	3222900.000000
2020-01-29	-0.001337	0.024915	0.033556	0.020179	-0.257767	1906500.000000
2020-01-28	0.011604	0.021946	0.036738	0.021946	2.212357	1189500.000000
2020-01-27	-0.017770	0.009609	0.013146	0.000438	-3.449066	1233300.000000
2020-01-24	-0.002850	0.025757	0.027384	0.013650	-0.554718	1400400.000000
2020-01-23	0.006089	0.023663	0.027919	0.015549	1.177994	1297200.000000
2020-01-22	-0.000219	0.026746	0.027659	0.017806	-0.042450	1093800.000000
2020-01-21	-0.002372	0.021510	0.028040	0.014465	-0.460037	1596000.000000
2020-01-17	0.016223	0.023919	0.039164	0.019536	3.096588	2143500.000000
2020-01-16	0.000718	0.030736	0.030736	0.016703	0.137009	1494900.000000
2020-01-15	0.017564	0.024496	0.045230	0.020637	3.292404	1460400.000000
2020-01-14	-0.000678	0.021331	0.028848	0.017457	-0.127228	1810200.000000
2020-01-13	0.013701	0.022229	0.036243	0.020175	2.535370	1306500.000000
2020-01-10	0.002581	0.025554	0.031586	0.022682	0.476395	1002000.000000
2020-01-09	-0.006412	0.025725	0.028471	0.009844	-1.190994	2245200.000000
2020-01-08	0.015918	0.024607	0.039720	0.022711	2.910629	1886400.000000
2020-01-07	-0.005413	0.025696	0.026494	0.014256	-0.995209	1803600.000000
2020-01-06	-0.001843	0.017526	0.023843	0.015156	-0.339386	1926600.000000
2020-01-03	-0.012940	0.009915	0.020973	0.008039	-2.414642	1635600.000000
2020-01-02	-0.020033	0.024188	0.024310	-0.004365	-3.814484	1945800.000000
