2022-12-30	-0.010805	0.010293	0.011552	-0.008883	-0.771942	2910900.000000
2022-12-29	0.007537	0.014663	0.022138	0.013817	0.534424	2367300.000000
2022-12-28	-0.008579	0.012530	0.018262	-0.000752	-0.613594	2282600.000000
2022-12-27	0.007388	0.010574	0.020151	0.005644	0.524529	3682900.000000
2022-12-23	0.013849	0.008719	0.024570	0.008719	0.969872	2981700.000000
2022-12-22	0.000424	0.009147	0.012718	-0.004425	0.029694	3546000.000000
2022-12-21	0.018137	0.015378	0.035450	0.012469	1.246994	6730000.000000
2022-12-20	0.008126	0.009553	0.026415	0.003981	0.554214	4940700.000000
2022-12-19	-0.007490	0.006649	0.010869	-0.003102	-0.514633	4358400.000000
2022-12-16	-0.013358	0.004546	0.008422	-0.017854	-0.930290	18469900.000000
2022-12-15	-0.010406	0.003896	0.014127	-0.002782	-0.732361	6068900.000000
2022-12-14	-0.001404	0.013554	0.022352	0.000358	-0.098969	5043500.000000
2022-12-13	0.002534	0.022524	0.029779	0.002466	0.178146	4377400.000000
2022-12-12	0.039058	0.030978	0.051081	0.024179	2.642426	5793900.000000
2022-12-09	-0.004659	0.005136	0.011315	0.000870	-0.316689	3466000.000000
2022-12-08	0.002628	0.008220	0.019873	0.004680	0.178139	3668000.000000
2022-12-07	0.000292	0.008514	0.022089	0.006891	0.019791	4855000.000000
2022-12-06	0.014819	0.015973	0.025856	0.014925	0.989677	6586400.000000
2022-12-05	0.002079	0.002180	0.016885	0.000680	0.138557	4281000.000000
2022-12-02	-0.005611	0.001480	0.007747	-0.003593	-0.376083	4003500.000000
2022-12-01	0.001183	0.014914	0.024176	0.003262	0.079178	4807100.000000
2022-11-30	0.029058	0.008742	0.042715	0.006436	1.890274	8262100.000000
2022-11-29	-0.001671	0.004601	0.009205	-0.001998	-0.108856	4408600.000000
2022-11-28	-0.015992	0.002882	0.008318	-0.009652	-1.058960	4907700.000000
2022-11-25	0.008288	0.014544	0.023071	0.013021	0.544327	1435600.000000
2022-11-23	0.006217	0.008441	0.017021	0.005070	0.405769	3900000.000000
2022-11-22	0.003347	0.014429	0.021347	0.007666	0.217720	3760800.000000
2022-11-21	0.002440	0.007505	0.015826	0.003344	0.158356	4837600.000000
2022-11-18	0.020704	0.017668	0.032296	0.013107	1.316269	5202900.000000
2022-11-17	-0.013824	0.013062	0.019732	0.002204	-0.891182	4464500.000000
2022-11-16	-0.000910	0.022833	0.029962	0.014775	-0.058746	5338500.000000
2022-11-15	0.020917	0.032995	0.043279	0.023027	1.322063	5905900.000000
2022-11-14	-0.008450	0.027090	0.032894	0.012186	-0.538620	5160600.000000
2022-11-11	-0.009435	0.023304	0.023926	0.002636	-0.607166	4638900.000000
2022-11-10	0.035782	0.046238	0.059115	0.029337	2.223026	5143100.000000
2022-11-09	-0.007975	0.019851	0.027835	0.010909	-0.499447	3404700.000000
2022-11-08	0.009312	0.024190	0.037406	0.021612	0.577789	3346800.000000
2022-11-07	-0.023879	0.019712	0.019712	-0.018043	-1.517933	5010800.000000
2022-11-04	0.000925	0.023490	0.028057	0.006957	0.058765	3542500.000000
2022-11-03	0.000771	0.012619	0.031214	0.006631	0.048958	4163200.000000
2022-11-02	-0.011140	0.018168	0.038425	0.009286	-0.714882	4289200.000000
2022-11-01	0.000763	0.025651	0.030173	0.013331	0.048958	3196200.000000
2022-10-31	-0.012963	0.015741	0.020205	0.002812	-0.842201	5054800.000000
2022-10-28	0.017953	0.026456	0.051682	0.026456	1.145786	4509800.000000
2022-10-27	-0.007160	0.033885	0.040574	0.011483	-0.460270	7106500.000000
2022-10-26	-0.001217	0.025479	0.032315	0.011806	-0.078354	4312800.000000
2022-10-25	0.017495	0.022709	0.040100	0.022551	1.106628	3752900.000000
2022-10-24	0.001395	0.023028	0.029677	0.010205	0.088135	4327100.000000
2022-10-21	0.015748	0.022093	0.042033	0.018877	0.979305	5225600.000000
2022-10-20	-0.018395	0.026653	0.026653	0.000608	-1.165379	4098700.000000
2022-10-19	-0.010705	0.008011	0.016912	0.002233	-0.685516	3158900.000000
2022-10-18	0.017268	0.035267	0.046228	0.029707	1.087036	3841500.000000
2022-10-17	0.012124	0.030293	0.047497	0.030293	0.754070	4018700.000000
2022-10-14	-0.008431	0.030694	0.048550	0.007577	-0.528831	5079900.000000
2022-10-13	0.041463	0.012162	0.064962	0.008011	2.497238	5246700.000000
2022-10-12	-0.033627	0.019684	0.023535	-0.013530	-2.095718	5066300.000000
2022-10-11	-0.005470	0.015703	0.030065	0.011235	-0.342758	3906900.000000
2022-10-10	-0.002027	0.023358	0.034824	0.018262	-0.127312	2943500.000000
2022-10-07	-0.024494	0.022682	0.025168	-0.009010	-1.576687	4889300.000000
2022-10-06	-0.043649	0.017711	0.018900	-0.024334	-2.937927	6649900.000000
2022-10-05	-0.027727	0.010728	0.010728	-0.017585	-1.919441	4030500.000000
2022-10-04	0.013767	0.023032	0.041337	0.015271	0.940132	4521500.000000
2022-10-03	0.025441	0.040199	0.055366	0.028937	1.694206	4279600.000000
2022-09-30	-0.019890	0.027163	0.031725	-0.001390	-1.351448	7156100.000000
2022-09-29	-0.043298	0.020143	0.023240	-0.024634	-3.075027	3994400.000000
2022-09-28	0.011154	0.033658	0.038641	0.020559	0.783447	4003600.000000
2022-09-27	-0.019549	0.027410	0.027410	-0.002463	-1.400414	3975500.000000
2022-09-26	-0.024537	0.020448	0.020584	-0.016726	-1.801926	4095300.000000
2022-09-23	-0.012510	0.012523	0.015481	-0.001731	-0.930344	3283500.000000
2022-09-22	-0.002496	0.021128	0.026628	0.013349	-0.186066	2831100.000000
2022-09-21	-0.014116	0.026550	0.034352	0.006582	-1.067451	2458700.000000
2022-09-20	-0.013415	0.015258	0.016432	-0.003138	-1.028275	2999100.000000
2022-09-19	0.013204	0.018220	0.035536	0.013726	0.998894	3977700.000000
2022-09-16	-0.000517	0.020864	0.028263	0.016108	-0.039169	8144500.000000
2022-09-15	-0.026942	0.017529	0.017529	-0.007154	-2.095718	3976900.000000
2022-09-14	0.015339	0.022695	0.040838	0.022695	1.175163	2905800.000000
2022-09-13	-0.023955	0.012465	0.016414	-0.007665	-1.880272	3211600.000000
2022-09-12	0.007923	0.022156	0.031401	0.019588	0.616974	3368300.000000
2022-09-09	0.001385	0.025115	0.029744	0.018299	0.107712	3240400.000000
2022-09-08	-0.004263	0.018440	0.024585	0.012037	-0.332962	2684100.000000
2022-09-07	0.025328	0.026117	0.049355	0.025986	1.929245	5148100.000000
2022-09-06	-0.001156	0.025456	0.035553	0.017457	-0.088142	4134200.000000
2022-09-02	-0.011426	0.022943	0.032536	0.006221	-0.881371	3128300.000000
2022-09-01	0.022058	0.023513	0.045375	0.022453	1.664818	3740300.000000
2022-08-31	-0.006574	0.020339	0.027841	0.014152	-0.499451	4301400.000000
2022-08-30	-0.013981	0.020220	0.022556	0.002699	-1.077240	3087000.000000
2022-08-29	0.006138	0.015644	0.034709	0.012119	0.470078	2714300.000000
2022-08-26	-0.011628	0.021903	0.025775	0.008480	-0.900970	3091400.000000
2022-08-25	0.003170	0.022941	0.024883	0.013231	0.244827	2471000.000000
2022-08-24	0.001015	0.024109	0.025794	0.014908	0.078346	2508000.000000
2022-08-23	-0.004045	0.022806	0.022806	0.013384	-0.313377	2234100.000000
2022-08-22	-0.013099	0.016925	0.019600	0.005078	-1.028282	2593600.000000
2022-08-19	0.005519	0.023434	0.032016	0.019463	0.430901	3483400.000000
2022-08-18	0.005931	0.021257	0.030277	0.020613	0.460281	2867300.000000
2022-08-17	0.002276	0.019321	0.027198	0.018158	0.176277	3602600.000000
2022-08-16	0.008932	0.020998	0.034288	0.019044	0.685509	4122900.000000
2022-08-15	0.003200	0.021259	0.028056	0.018906	0.244820	5578300.000000
2022-08-12	0.011655	0.026550	0.033691	0.024567	0.881386	3152400.000000
2022-08-11	-0.004981	0.029989	0.037094	0.022226	-0.378593	3619600.000000
2022-08-10	0.000511	0.033017	0.034991	0.025776	0.038834	3140900.000000
2022-08-09	0.013732	0.034658	0.046402	0.033857	1.029007	3149600.000000
2022-08-08	-0.001035	0.037853	0.041852	0.025321	-0.077667	4259600.000000
2022-08-05	-0.008978	0.024439	0.028799	0.009642	-0.679535	4136200.000000
2022-08-04	0.009190	0.033321	0.050387	0.032787	0.689247	5241900.000000
2022-08-03	0.017516	0.029578	0.050064	0.014112	1.291107	4436900.000000
2022-08-02	-0.009781	0.034151	0.041136	0.019105	-0.728073	4795000.000000
2022-08-01	-0.002731	0.027173	0.035211	0.020072	-0.203857	4324600.000000
2022-07-29	0.013845	0.030120	0.054162	0.027540	1.019302	7830100.000000
2022-07-28	0.035217	0.039541	0.068648	0.030120	2.504555	5841000.000000
2022-07-27	-0.003401	0.025076	0.029280	0.016948	-0.242691	6341700.000000
2022-07-26	0.011281	0.030404	0.043725	0.028420	0.796021	2717500.000000
2022-07-25	0.010426	0.027973	0.041003	0.025252	0.728081	3227600.000000
2022-07-22	0.015385	0.036809	0.046259	0.034337	1.058128	3437400.000000
2022-07-21	-0.001269	0.029975	0.032153	0.021553	-0.087372	3434200.000000
2022-07-20	-0.011289	0.030695	0.033566	0.015907	-0.786316	4217100.000000
2022-07-19	0.000837	0.035581	0.038742	0.028540	0.058243	5626800.000000
2022-07-18	-0.008848	0.027984	0.029693	0.016733	-0.621292	3699800.000000
2022-07-15	0.006541	0.038292	0.039152	0.024100	0.456268	4975700.000000
2022-07-14	0.009270	0.012035	0.041116	0.011601	0.640701	3119600.000000
2022-07-13	-0.010836	0.022106	0.032983	0.018672	-0.757195	3727100.000000
2022-07-12	0.002926	0.027106	0.041029	0.023949	0.203865	3887100.000000
2022-07-11	0.008147	0.027371	0.038803	0.025924	0.563034	4028200.000000
2022-07-08	-0.001403	0.030120	0.033588	0.023329	-0.097076	3294700.000000
2022-07-07	-0.002519	0.032571	0.038913	0.024932	-0.174736	2622600.000000
2022-07-06	0.009178	0.033757	0.050484	0.027502	0.630997	4338900.000000
2022-07-05	-0.031720	0.027022	0.028571	-0.016217	-2.252159	5903000.000000
2022-07-01	0.025662	0.036477	0.058001	0.031998	1.776482	5053400.000000
2022-06-30	0.009056	-0.004811	0.014575	-0.007075	0.639999	5389200.000000
2022-06-29	0.000708	0.003398	0.009771	-0.003965	0.049995	2910400.000000
2022-06-28	0.003553	0.004832	0.015063	0.002700	0.250000	3788700.000000
2022-06-27	0.007733	-0.006301	0.012172	-0.007733	0.540001	3679500.000000
2022-06-24	0.007939	0.006062	0.010970	-0.000433	0.550003	4607600.000000
2022-06-23	0.023489	0.006352	0.025705	0.002955	1.589996	5067600.000000
2022-06-22	0.008042	-0.006701	0.016232	-0.007446	0.540001	5613500.000000
2022-06-21	0.026915	0.005505	0.031197	0.002906	1.760002	6334900.000000
2022-06-17	-0.013428	0.001811	0.004979	-0.022480	-0.889999	9042000.000000
2022-06-16	-0.004356	-0.011266	-0.004206	-0.024485	-0.290001	7006200.000000
2022-06-15	-0.003145	0.002695	0.010183	-0.016322	-0.209999	6543300.000000
2022-06-14	-0.028655	0.000873	0.001891	-0.038400	-1.970001	6889000.000000
2022-06-13	-0.046992	-0.011367	-0.007763	-0.052121	-3.389999	6507600.000000
2022-06-10	-0.010289	-0.004665	-0.001509	-0.017423	-0.750000	4967400.000000
2022-06-09	-0.023315	0.002948	0.010318	-0.023985	-1.739998	4184800.000000
2022-06-08	-0.014005	-0.003699	-0.001057	-0.015194	-1.060005	2981600.000000
2022-06-07	0.004512	0.000133	0.004910	-0.007299	0.340004	3471200.000000
2022-06-06	0.001196	0.003056	0.009434	0.000133	0.089996	4674500.000000
2022-06-03	-0.009085	-0.003555	-0.000263	-0.010928	-0.689995	2686200.000000
2022-06-02	0.005294	0.007809	0.009133	-0.018928	0.399994	4732900.000000
2022-06-01	-0.001454	0.001850	0.003436	-0.011895	-0.110001	4902600.000000
2022-05-31	-0.005390	-0.009728	-0.001052	-0.014460	-0.409996	8118800.000000
2022-05-27	0.010360	-0.002391	0.010891	-0.003055	0.779999	3773800.000000
2022-05-26	-0.005285	0.007399	0.008059	-0.005945	-0.400002	3561800.000000
2022-05-25	0.000000	0.001453	0.005285	-0.007267	0.000000	3859800.000000
2022-05-24	0.020769	0.003641	0.024545	-0.001753	1.540001	7298300.000000
2022-05-23	0.010080	0.009535	0.017572	-0.000409	0.739998	3927300.000000
2022-05-20	0.001091	-0.000682	0.006000	-0.012137	0.080002	5758200.000000
2022-05-19	-0.006638	-0.001490	0.000406	-0.017610	-0.489998	5814900.000000
2022-05-18	-0.004450	0.006069	0.008496	-0.006743	-0.330002	5498700.000000
2022-05-17	-0.001347	0.003367	0.004848	-0.018182	-0.099998	4527900.000000
2022-05-16	0.008147	0.003530	0.013035	-0.000815	0.599998	4537900.000000
2022-05-13	-0.005805	-0.002430	-0.000675	-0.019034	-0.430000	5018100.000000
2022-05-12	0.001352	0.000000	0.004461	-0.019330	0.099998	6631400.000000
2022-05-11	0.010656	0.002869	0.024454	0.000000	0.780006	5758900.000000
2022-05-10	-0.013876	0.000943	0.015358	-0.022632	-1.030006	5314100.000000
2022-05-09	-0.005893	-0.004955	0.004419	-0.018347	-0.439995	6063500.000000
2022-05-06	0.008237	-0.002565	0.010937	-0.007291	0.610001	5242400.000000
2022-05-05	-0.006839	-0.004291	0.007644	-0.015288	-0.510002	4969700.000000
2022-05-04	0.019830	0.005881	0.022702	0.001231	1.449997	5712500.000000
2022-05-03	-0.001229	-0.000410	0.018030	-0.004781	-0.089996	4747600.000000
2022-05-02	-0.002453	0.008857	0.011991	-0.017169	-0.180000	6371900.000000
2022-04-29	-0.028976	-0.003837	-0.002779	-0.030564	-2.190002	8189500.000000
2022-04-28	0.028579	0.015787	0.036200	0.005716	2.099998	5702100.000000
2022-04-27	-0.003526	0.002170	0.010578	-0.012069	-0.259995	6407600.000000
2022-04-26	-0.016407	-0.002935	0.006002	-0.016673	-1.230003	6880500.000000
2022-04-25	-0.012383	0.003030	0.005401	-0.025952	-0.940002	7424100.000000
2022-04-22	-0.007193	0.000523	0.004316	-0.008370	-0.549995	4861700.000000
2022-04-21	-0.000523	-0.002876	0.009673	-0.005229	-0.040001	4898800.000000
2022-04-20	0.003016	0.008391	0.010620	0.001705	0.230003	4583000.000000
2022-04-19	0.005802	0.005143	0.008044	-0.005275	0.439995	3759200.000000
2022-04-18	-0.002105	0.000132	0.007633	-0.006975	-0.159996	3716600.000000
2022-04-14	0.008360	0.000664	0.012208	-0.005042	0.629997	5925800.000000
2022-04-13	-0.002383	0.000132	0.001324	-0.012973	-0.180000	4667200.000000
2022-04-12	0.014232	-0.000269	0.019468	-0.006579	1.059998	6069500.000000
2022-04-11	-0.026278	0.000000	0.004968	-0.027847	-2.009995	8172500.000000
2022-04-08	0.009636	0.003036	0.012276	-0.001584	0.729996	3731200.000000
2022-04-07	-0.009803	-0.006012	-0.003268	-0.019213	-0.750000	6436300.000000
2022-04-06	0.029052	0.004438	0.029321	0.000807	2.160004	6877400.000000
2022-04-05	0.016822	0.004103	0.027626	0.002735	1.229996	6729800.000000
2022-04-04	-0.013492	-0.009039	-0.006746	-0.022126	-1.000000	4660800.000000
2022-04-01	0.022204	-0.002482	0.023169	-0.007447	1.610001	6034300.000000
2022-03-31	0.000138	-0.000138	0.009379	-0.001655	0.010002	5688300.000000
2022-03-30	0.006106	-0.000833	0.006106	-0.004024	0.440002	3956900.000000
2022-03-29	0.014930	0.000000	0.015070	-0.003944	1.059998	5422300.000000
2022-03-28	0.000987	0.000846	0.003384	-0.008882	0.070000	3276800.000000
2022-03-25	0.023521	0.002886	0.023521	0.001154	1.629997	5845600.000000
2022-03-24	0.007414	-0.000436	0.011484	-0.000872	0.510002	3889000.000000
2022-03-23	-0.000436	-0.000291	0.006103	-0.006394	-0.029999	3724000.000000
2022-03-22	-0.001016	0.001016	0.002032	-0.009726	-0.070000	3441000.000000
2022-03-21	0.012641	0.003234	0.017639	0.001911	0.860001	4730600.000000
2022-03-18	-0.005555	0.002193	0.005993	-0.011694	-0.380005	8192100.000000
2022-03-17	-0.001605	0.000876	0.008319	-0.004086	-0.109993	5035900.000000
2022-03-16	-0.002039	-0.003204	0.000291	-0.017186	-0.140007	5351500.000000
2022-03-15	0.000000	0.010632	0.012234	-0.004661	0.000000	4836700.000000
2022-03-14	-0.000437	0.003640	0.011064	-0.005969	-0.029999	4530200.000000
2022-03-11	0.001166	-0.004081	0.007871	-0.004081	0.080002	4415500.000000
2022-03-10	0.022199	-0.001639	0.024285	-0.004023	1.489998	5693500.000000
2022-03-09	-0.010321	0.006635	0.009289	-0.011059	-0.699997	5795800.000000
2022-03-08	-0.020367	-0.004478	0.003756	-0.021667	-1.410004	7528900.000000
2022-03-07	0.024416	0.003255	0.030482	-0.010062	1.650002	9994900.000000
2022-03-04	0.017771	-0.007078	0.018223	-0.011145	1.180000	6514700.000000
2022-03-03	0.028341	0.004491	0.033607	0.004181	1.830002	6799700.000000
2022-03-02	0.007332	0.000624	0.011700	-0.002028	0.470001	4959200.000000
2022-03-01	-0.010344	-0.000617	0.004477	-0.027791	-0.669998	7192400.000000
2022-02-28	-0.004151	-0.006765	-0.000922	-0.014453	-0.270004	8132900.000000
2022-02-25	0.034351	0.010178	0.034987	0.006838	2.160000	8768800.000000
2022-02-24	0.000637	-0.005411	0.002069	-0.017027	0.040001	8625500.000000
2022-02-23	-0.022554	0.000156	0.004666	-0.024265	-1.450001	5992500.000000
2022-02-22	0.008154	0.001725	0.012075	-0.009409	0.520000	7425800.000000
2022-02-18	-0.005614	-0.005146	0.002807	-0.011227	-0.360004	9113100.000000
2022-02-17	-0.001233	-0.005127	0.013718	-0.011824	-0.079185	7046400.000000
2022-02-16	-0.002307	0.011068	0.017284	-0.000741	-0.148468	7320400.000000
2022-02-15	-0.012604	0.016889	0.019804	-0.007966	-0.821541	6117700.000000
2022-02-14	-0.014074	0.011956	0.014376	-0.014062	-0.930428	7365500.000000
2022-02-11	0.012737	0.014581	0.028828	0.013509	0.831444	8139100.000000
2022-02-10	-0.031287	0.006136	0.006136	-0.023246	-2.108307	7823100.000000
2022-02-09	0.002799	0.016839	0.017732	0.007613	0.188065	4001200.000000
2022-02-08	0.003548	0.018207	0.019551	0.010142	0.237556	4136900.000000
2022-02-07	-0.015140	-0.001328	0.001761	-0.011476	-1.029404	7758700.000000
2022-02-04	-0.008087	0.001538	0.010729	-0.005902	-0.554298	6456000.000000
2022-02-03	0.006395	0.013081	0.018807	0.004419	0.435524	5654100.000000
2022-02-02	0.012061	0.011183	0.024408	0.004348	0.811646	6443600.000000
2022-02-01	-0.021586	0.006512	0.007238	-0.019513	-1.484718	6632600.000000
2022-01-31	0.007101	0.001946	0.021566	-0.000104	0.485001	14481900.000000
2022-01-28	0.014258	0.009846	0.025142	0.004500	0.960121	6140300.000000
2022-01-27	0.015070	0.017527	0.035466	0.017226	0.999718	6318100.000000
2022-01-26	-0.003420	0.009390	0.022160	-0.001877	-0.227661	6076000.000000
2022-01-25	-0.001781	0.003843	0.016740	0.000394	-0.118782	8001100.000000
2022-01-24	-0.006489	0.009696	0.014612	-0.025615	-0.435509	8840400.000000
2022-01-21	-0.001031	0.019966	0.022645	0.007017	-0.069290	5959000.000000
2022-01-20	-0.006586	0.011770	0.019311	0.002307	-0.445419	4225100.000000
2022-01-19	0.004705	0.011926	0.023958	0.006429	0.316742	3728000.000000
2022-01-18	-0.009467	0.004847	0.007790	-0.009426	-0.643379	4240300.000000
2022-01-14	0.004536	0.011031	0.016056	0.003936	0.306847	5700600.000000
2022-01-13	0.008410	0.011633	0.021471	0.006714	0.564194	3617800.000000
2022-01-12	0.001922	0.005214	0.014622	0.003273	0.128670	3043500.000000
2022-01-11	-0.012841	0.010292	0.012503	-0.009021	-0.871033	4071900.000000
2022-01-10	-0.001603	0.009556	0.018976	0.006318	-0.108879	5599200.000000
2022-01-07	0.006894	0.005994	0.024667	-0.000083	0.465210	4380300.000000
2022-01-06	-0.001172	0.011476	0.016953	0.003778	-0.079185	4015300.000000
2022-01-05	0.001174	0.002585	0.022148	0.002585	0.079185	4542900.000000
2022-01-04	0.000000	0.008068	0.024371	0.006735	0.000000	5259900.000000
2022-01-03	-0.005978	0.009113	0.009702	-0.007681	-0.405823	3616600.000000
2021-12-31	0.003218	0.008814	0.017977	0.007336	0.217758	3609700.000000
2021-12-30	0.004260	0.012518	0.015635	0.005839	0.287048	3203800.000000
2021-12-29	0.005020	0.010590	0.016109	0.009247	0.336533	2321300.000000
2021-12-28	0.011499	0.013158	0.022060	0.010895	0.762161	2152800.000000
2021-12-27	0.006312	0.012721	0.016972	0.007710	0.415718	1888800.000000
2021-12-23	-0.001650	0.012565	0.016355	0.008321	-0.108879	2126500.000000
2021-12-22	0.003916	0.008313	0.015618	0.008313	0.257355	2349700.000000
2021-12-21	-0.010876	0.013753	0.016011	-0.002503	-0.722572	6802800.000000
2021-12-20	0.004189	-0.000289	0.016489	-0.006486	0.277153	4457300.000000
2021-12-17	-0.010511	0.009544	0.020163	-0.001673	-0.702774	10776000.000000
2021-12-16	0.011985	0.009989	0.024065	0.007416	0.791855	4740400.000000
2021-12-15	0.011824	0.005085	0.026372	0.005085	0.772057	5217700.000000
2021-12-14	-0.003173	0.010139	0.014566	0.002506	-0.207863	4289700.000000
2021-12-13	0.016902	0.009826	0.033267	0.009050	1.088799	8051400.000000
2021-12-10	0.007898	0.015298	0.023904	0.010292	0.504803	4207500.000000
2021-12-09	-0.002780	0.010604	0.012788	-0.000318	-0.178165	4872800.000000
2021-12-08	0.004343	0.011075	0.017187	0.007001	0.277145	4511100.000000
2021-12-07	-0.002938	0.006229	0.013573	-0.001271	-0.188065	4280400.000000
2021-12-06	0.029126	0.027979	0.059817	0.023477	1.811359	8959500.000000
2021-12-03	0.013224	0.017786	0.024140	0.007359	0.811649	5959400.000000
2021-12-02	0.014230	0.013762	0.036730	0.013101	0.861137	5742000.000000
2021-12-01	0.000655	0.016079	0.035756	0.010292	0.039593	5750300.000000
2021-11-30	-0.027380	0.008040	0.008040	-0.019139	-1.702480	6875800.000000
2021-11-29	0.012573	0.014363	0.025925	0.009640	0.772053	6722200.000000
2021-11-26	-0.016799	0.004528	0.010292	-0.008121	-1.049198	2353900.000000
2021-11-24	0.001428	0.011895	0.013979	0.005802	0.089081	2793800.000000
2021-11-23	-0.001743	0.012372	0.017654	0.005170	-0.108879	3391400.000000
2021-11-22	0.007180	0.009002	0.019319	0.004004	0.445415	3622900.000000
2021-11-19	0.016875	0.012423	0.028324	0.008324	1.029404	5363700.000000
2021-11-18	-0.008686	0.007367	0.008179	-0.000921	-0.534496	3160400.000000
2021-11-17	0.002742	0.010292	0.015017	0.002470	0.168266	3727000.000000
2021-11-16	-0.003215	0.012728	0.017601	0.006556	-0.197964	4492500.000000
2021-11-15	0.005009	0.013883	0.018454	0.008333	0.306843	3473700.000000
2021-11-12	-0.008014	0.007053	0.010939	-0.002015	-0.494904	4157600.000000
2021-11-11	-0.012684	0.017462	0.020180	0.002753	-0.793358	3772600.000000
2021-11-10	0.008050	0.016950	0.030649	0.014855	0.499519	3753300.000000
2021-11-09	0.011658	0.021631	0.036468	0.019186	0.715004	5442700.000000
2021-11-08	-0.007607	0.024862	0.025186	0.007064	-0.470139	4727100.000000
2021-11-05	0.009600	0.024736	0.035028	0.021959	0.587669	3611600.000000
2021-11-04	-0.000799	0.021958	0.024080	0.008247	-0.048969	3797400.000000
2021-11-03	0.000960	0.017875	0.024410	0.011503	0.058765	4064100.000000
2021-11-02	0.000160	0.024247	0.025554	0.014443	0.009792	3806200.000000
2021-11-01	0.002567	0.022290	0.028024	0.018685	0.156715	3469600.000000
2021-10-29	-0.006694	0.020491	0.026675	0.009913	-0.411373	3718700.000000
2021-10-28	0.001596	0.019023	0.024239	0.014785	0.097946	2714600.000000
2021-10-27	-0.010114	0.020172	0.023561	0.009685	-0.626850	2854400.000000
2021-10-26	0.007483	0.022930	0.038047	0.021629	0.460342	3686000.000000
2021-10-25	-0.002224	0.018546	0.025196	0.015627	-0.137123	2632300.000000
2021-10-22	-0.018859	0.021138	0.022411	0.000929	-1.185139	5067200.000000
2021-10-21	0.007063	0.023223	0.028511	0.021780	0.440758	2895000.000000
2021-10-20	0.011752	0.024870	0.037193	0.024870	0.724792	2688200.000000
2021-10-19	0.008327	0.023922	0.032423	0.022450	0.509315	2661200.000000
2021-10-18	-0.010771	0.013054	0.014833	0.002866	-0.666027	4180200.000000
2021-10-15	-0.002055	0.020818	0.028080	0.016944	-0.127327	2895900.000000
2021-10-14	0.011998	0.025062	0.034536	0.021306	0.734589	2853900.000000
2021-10-13	0.006602	0.020157	0.028542	0.011279	0.401573	3200100.000000
2021-10-12	0.002907	0.021474	0.029223	0.018341	0.176304	2600900.000000
2021-10-11	-0.010230	0.018041	0.019673	0.007760	-0.626850	3238300.000000
2021-10-08	-0.001755	0.020653	0.025704	0.016255	-0.107738	2624000.000000
2021-10-07	-0.000957	0.025374	0.033186	0.017236	-0.058769	2863400.000000
2021-10-06	0.010796	0.017031	0.032824	0.011108	0.656231	3386900.000000
2021-10-05	-0.005927	0.024740	0.027848	0.012638	-0.362396	4266400.000000
2021-10-04	0.011012	0.017838	0.035529	0.016846	0.666031	6268900.000000
2021-10-01	-0.003550	0.027240	0.027734	0.014718	-0.215485	4654900.000000
2021-09-30	-0.010696	0.023750	0.025380	0.009407	-0.656231	4987400.000000
2021-09-29	0.011301	0.021474	0.040594	0.018836	0.685619	3889600.000000
2021-09-28	-0.008008	0.021470	0.023922	0.006590	-0.489727	5101000.000000
2021-09-27	-0.011400	0.020817	0.029870	0.008694	-0.705208	3375400.000000
2021-09-24	-0.003786	0.019691	0.026454	0.014699	-0.235069	3449600.000000
2021-09-23	-0.003301	0.021140	0.028523	0.016324	-0.205681	2802500.000000
2021-09-22	-0.003134	0.024179	0.026739	0.015699	-0.195892	3500100.000000
2021-09-21	-0.002345	0.024012	0.032472	0.018425	-0.146919	3381600.000000
2021-09-20	-0.002806	0.019546	0.026710	0.007449	-0.176300	4444100.000000
2021-09-17	-0.018966	0.015201	0.020979	0.000678	-1.214516	9457600.000000
2021-09-16	-0.009544	0.022835	0.026083	0.008605	-0.617065	4049400.000000
2021-09-15	0.000606	0.017729	0.026705	0.012467	0.039185	3037000.000000
2021-09-14	-0.005427	0.022057	0.025751	0.012359	-0.352600	3252700.000000
2021-09-13	0.001812	0.027610	0.031157	0.018203	0.117531	3243700.000000
2021-09-10	-0.014439	0.018851	0.019915	0.004717	-0.950073	3818800.000000
2021-09-09	-0.001931	0.020221	0.024468	0.017642	-0.127319	4789800.000000
2021-09-08	0.016921	0.021442	0.040569	0.018203	1.096985	4759600.000000
2021-09-07	-0.001207	0.030069	0.033920	0.017898	-0.078362	6416900.000000
2021-09-03	-0.008676	0.020063	0.020063	0.010899	-0.568077	2891300.000000
2021-09-02	0.005566	0.022822	0.028658	0.021747	0.362396	3544200.000000
2021-09-01	0.011410	0.024707	0.036978	0.022843	0.734581	3574900.000000
2021-08-31	-0.000304	0.019426	0.024240	0.015389	-0.019585	4581500.000000
2021-08-30	-0.003637	0.018968	0.020979	0.015719	-0.235062	3221100.000000
2021-08-27	-0.002268	0.022986	0.025301	0.016194	-0.146919	3579600.000000
2021-08-26	0.004099	0.021134	0.027179	0.017879	0.264442	3378600.000000
2021-08-25	0.002130	0.019270	0.027658	0.015853	0.137123	3037100.000000
2021-08-24	-0.014099	0.020060	0.020060	0.002143	-0.920677	5062700.000000
2021-08-23	-0.009655	0.018249	0.020979	0.010211	-0.636650	4798200.000000
2021-08-20	0.014161	0.020825	0.037590	0.014519	0.920692	4319000.000000
2021-08-19	0.005605	0.021752	0.031806	0.020515	0.362389	4005800.000000
2021-08-18	-0.006621	0.020826	0.022055	0.010685	-0.430946	3545700.000000
2021-08-17	0.001054	0.020672	0.024517	0.013442	0.068558	5004300.000000
2021-08-16	0.012971	0.022537	0.041701	0.021446	0.832527	5504500.000000
2021-08-13	0.007224	0.022391	0.030081	0.019567	0.460342	3635200.000000
2021-08-12	0.001371	0.031651	0.036679	0.029608	0.087273	5412400.000000
2021-08-11	0.006441	0.031969	0.043831	0.031336	0.407238	3452600.000000
2021-08-10	0.005551	0.032450	0.040560	0.027361	0.349060	3484600.000000
2021-08-09	0.002318	0.033568	0.034684	0.026554	0.145443	2906600.000000
2021-08-06	-0.001235	0.032132	0.036431	0.027038	-0.077568	3327000.000000
2021-08-05	0.011713	0.033108	0.043900	0.030209	0.727211	3792300.000000
2021-08-04	-0.001559	0.029246	0.031819	0.015415	-0.096962	4537700.000000
2021-08-03	0.000780	0.031658	0.038901	0.025059	0.048477	4137500.000000
2021-08-02	0.003288	0.033274	0.040217	0.029399	0.203625	3616700.000000
2021-07-30	-0.009153	0.027016	0.037896	0.019337	-0.572079	5192100.000000
2021-07-29	0.007345	0.028113	0.042618	0.026340	0.455719	4512500.000000
2021-07-28	-0.008522	0.034053	0.034053	0.015516	-0.533287	5104800.000000
2021-07-27	0.012710	0.028909	0.049138	0.023407	0.785389	5830100.000000
2021-07-26	-0.002036	0.031982	0.035697	0.025522	-0.126049	3960800.000000
2021-07-23	0.013973	0.032810	0.047712	0.031664	0.853264	2823600.000000
2021-07-22	0.002547	0.032486	0.040858	0.031336	0.155136	4387500.000000
2021-07-21	-0.002065	0.032811	0.042149	0.028060	-0.126049	3966100.000000
2021-07-20	0.002548	0.034786	0.050390	0.031501	0.155140	4566500.000000
2021-07-19	-0.005071	0.028395	0.039834	0.010092	-0.310280	6866700.000000
2021-07-16	0.007021	0.032488	0.044008	0.029691	0.426632	3651400.000000
2021-07-15	0.012603	0.025837	0.045167	0.025837	0.756298	3600700.000000
2021-07-14	0.008966	0.031000	0.044787	0.026629	0.533291	2969500.000000
2021-07-13	-0.007443	0.030001	0.032004	0.019988	-0.446022	2426200.000000
2021-07-12	0.005368	0.029155	0.038383	0.025967	0.319969	3121400.000000
2021-07-09	-0.001300	0.033180	0.035190	0.023126	-0.077564	3688600.000000
2021-07-08	-0.002269	0.026488	0.033844	0.024649	-0.135750	3480100.000000
2021-07-07	0.000811	0.028994	0.033512	0.023807	0.048485	3001400.000000
2021-07-06	0.001788	0.031169	0.033683	0.018430	0.106655	3030600.000000
2021-07-02	0.000813	0.031840	0.033517	0.027478	0.048481	2940600.000000
2021-07-01	0.016030	0.036279	0.050767	0.032870	0.940525	3635500.000000
2021-06-30	0.000827	0.031166	0.035260	0.025537	0.048485	4155200.000000
2021-06-29	-0.016751	0.026808	0.034355	0.011042	-0.998711	4097100.000000
2021-06-28	-0.000650	0.035024	0.037873	0.028152	-0.038780	2363300.000000
2021-06-25	0.009019	0.031167	0.041822	0.024740	0.533287	4703900.000000
2021-06-24	-0.007971	0.032511	0.033182	0.022276	-0.475113	4963900.000000
2021-06-23	-0.009826	0.030173	0.031004	0.017215	-0.591461	4500900.000000
2021-06-22	-0.006720	0.029026	0.035297	0.023746	-0.407242	3626200.000000
2021-06-21	0.017087	0.035868	0.056008	0.032847	1.018101	4303000.000000
2021-06-18	-0.029992	0.026290	0.027104	-0.000735	-1.842274	6549300.000000
2021-06-17	0.005875	0.031828	0.042144	0.027242	0.358761	4425800.000000
2021-06-16	-0.020833	0.032138	0.035505	0.009530	-1.299282	4200200.000000
2021-06-15	0.008308	0.033115	0.045726	0.031821	0.513889	3155700.000000
2021-06-14	-0.000940	0.030044	0.036021	0.026329	-0.058174	3300900.000000
2021-06-11	-0.000470	0.029399	0.032789	0.025040	-0.029087	3123400.000000
2021-06-10	0.003929	0.033119	0.036361	0.028905	0.242401	3162600.000000
2021-06-09	0.002995	0.031011	0.035888	0.025321	0.184227	4454800.000000
2021-06-08	-0.019020	0.033410	0.033410	0.011083	-1.192623	4757400.000000
2021-06-07	0.004973	0.033740	0.040632	0.030375	0.310276	5518800.000000
2021-06-04	-0.001707	0.033896	0.036296	0.028936	-0.106663	2950200.000000
2021-06-03	0.008764	0.032143	0.043925	0.026010	0.542984	3245100.000000
2021-06-02	0.007410	0.035239	0.046783	0.029385	0.455723	3012600.000000
2021-06-01	-0.007666	0.034725	0.035531	0.021494	-0.475113	4008900.000000
2021-05-28	0.004084	0.036845	0.039113	0.032470	0.252102	3754600.000000
2021-05-27	-0.000942	0.034897	0.035383	0.028261	-0.058182	5675000.000000
2021-05-26	-0.005618	0.029888	0.031014	0.023611	-0.349060	2895300.000000
2021-05-25	-0.005278	0.031016	0.031497	0.020290	-0.329662	3634500.000000
2021-05-24	0.000621	0.035341	0.037744	0.028773	0.038784	2566200.000000
2021-05-21	0.004995	0.034556	0.039869	0.027955	0.310276	6245500.000000
2021-05-20	0.001250	0.031659	0.040847	0.028274	0.077568	3520000.000000
2021-05-19	-0.002806	0.024264	0.028764	0.013011	-0.174538	4758900.000000
2021-05-18	-0.004345	0.031496	0.036778	0.025895	-0.271492	4955800.000000
2021-05-17	-0.010290	0.031336	0.040207	0.020090	-0.649635	4449900.000000
2021-05-14	0.000615	0.032763	0.039103	0.031019	0.038773	3859600.000000
2021-05-13	0.021287	0.044225	0.070934	0.042445	1.315044	3533700.000000
2021-05-12	-0.021885	0.039422	0.040689	0.018206	-1.382233	3781500.000000
2021-05-11	-0.007691	0.041640	0.044154	0.027972	-0.489525	4057700.000000
2021-05-10	0.000754	0.044784	0.052331	0.042269	0.047985	3753400.000000
2021-05-07	0.003179	0.039747	0.049053	0.037854	0.201572	3608800.000000
2021-05-06	0.009167	0.044026	0.053258	0.038295	0.575935	3333600.000000
2021-05-05	-0.014604	0.038503	0.039915	0.017485	-0.931087	4259400.000000
2021-05-04	0.005602	0.044478	0.052207	0.038642	0.355152	3815300.000000
2021-05-03	-0.001813	0.041955	0.050142	0.036444	-0.115181	3764600.000000
2021-04-30	0.015500	0.045155	0.058904	0.039399	0.969467	5414000.000000
2021-04-29	0.012745	0.039368	0.057989	0.037911	0.787113	5034800.000000
2021-04-28	0.000155	0.042769	0.046655	0.037910	0.009594	3610200.000000
2021-04-27	-0.005104	0.040508	0.041636	0.034063	-0.316761	2967900.000000
2021-04-26	-0.010256	0.043870	0.043870	0.028880	-0.643120	3924700.000000
2021-04-23	0.003533	0.043077	0.050439	0.040997	0.220776	3885800.000000
2021-04-22	-0.009585	0.040212	0.045125	0.031019	-0.604733	3975400.000000
2021-04-21	-0.005447	0.043216	0.046684	0.030763	-0.345543	3331700.000000
2021-04-20	0.018022	0.041637	0.065547	0.040192	1.123055	4870900.000000
2021-04-19	-0.001384	0.041957	0.043880	0.032022	-0.086391	3555000.000000
2021-04-16	0.008063	0.050036	0.054236	0.043090	0.499142	5307800.000000
2021-04-15	0.009391	0.042286	0.053538	0.038373	0.575924	4773900.000000
2021-04-14	0.005192	0.038847	0.047862	0.036880	0.316761	3455000.000000
2021-04-13	0.010654	0.035337	0.057866	0.035337	0.643124	4413500.000000
2021-04-12	0.002551	0.043292	0.049935	0.040136	0.153580	3240900.000000
2021-04-09	-0.002068	0.043620	0.046438	0.038814	-0.124786	2641800.000000
2021-04-08	0.000955	0.044120	0.050589	0.039806	0.057594	3717500.000000
2021-04-07	-0.004912	0.042292	0.045924	0.033378	-0.297569	2311400.000000
2021-04-06	0.007182	0.038306	0.049944	0.035147	0.431950	2879900.000000
2021-04-05	0.005294	0.039624	0.052494	0.039624	0.316757	3104000.000000
2021-04-01	0.002735	0.043305	0.044646	0.032076	0.163181	3396300.000000
2021-03-31	0.010075	0.043321	0.054324	0.041120	0.595127	4346900.000000
2021-03-30	-0.012516	0.036782	0.036949	0.022238	-0.748707	3008300.000000
2021-03-29	0.010704	0.041797	0.057679	0.040445	0.633522	4505600.000000
2021-03-26	0.004562	0.041118	0.047907	0.033141	0.268764	2929100.000000
2021-03-25	0.011369	0.047119	0.061023	0.042312	0.662323	4303700.000000
2021-03-24	0.000990	0.035783	0.053138	0.034237	0.057590	3485600.000000
2021-03-23	0.015748	0.043019	0.064138	0.038830	0.902290	3601400.000000
2021-03-22	-0.000168	0.038307	0.045113	0.034468	-0.009605	3026900.000000
2021-03-19	-0.011589	0.031448	0.039727	0.009543	-0.671913	8891400.000000
2021-03-18	-0.004942	0.041969	0.045401	0.026694	-0.287968	4042900.000000
2021-03-17	-0.008980	0.041797	0.042307	0.031932	-0.527935	3850300.000000
2021-03-16	0.004428	0.038380	0.049827	0.035647	0.259171	4410500.000000
2021-03-15	0.019051	0.044583	0.064256	0.042145	1.094265	3470200.000000
2021-03-12	0.009447	0.047069	0.058317	0.042676	0.537529	4062400.000000
2021-03-11	-0.008364	0.038137	0.048245	0.032561	-0.479939	3351000.000000
2021-03-10	0.006228	0.041797	0.055650	0.039693	0.355156	4075700.000000
2021-03-09	-0.003355	0.043370	0.047914	0.035331	-0.191975	4703100.000000
2021-03-08	0.021594	0.056081	0.068936	0.046439	1.209446	7440100.000000
2021-03-05	0.016373	0.044701	0.064117	0.035446	0.902287	4435200.000000
2021-03-04	-0.003125	0.045777	0.061696	0.031486	-0.172775	4843400.000000
2021-03-03	-0.004150	0.035852	0.040896	0.027926	-0.230370	3859400.000000
2021-03-02	0.000865	0.042338	0.051714	0.029717	0.047993	3574200.000000
2021-03-01	0.018688	0.051899	0.075960	0.051899	1.017471	3210700.000000
2021-02-26	-0.018006	0.047028	0.052258	0.022498	-0.998276	6092400.000000
2021-02-25	-0.010620	0.040013	0.046615	0.028235	-0.595123	4064300.000000
2021-02-24	-0.009165	0.039145	0.041974	0.028006	-0.518333	5076900.000000
2021-02-23	-0.006241	0.040567	0.059368	0.035120	-0.355160	3990600.000000
2021-02-22	-0.000337	0.041973	0.046364	0.026515	-0.019196	4076100.000000
2021-02-19	-0.009022	0.040231	0.042145	0.028394	-0.518330	3194800.000000
2021-02-18	0.009786	0.042676	0.060605	0.041446	0.556721	4530700.000000
2021-02-17	-0.000506	0.043027	0.044081	0.035297	-0.028790	2933200.000000
2021-02-16	-0.013311	0.040237	0.041797	0.027756	-0.767906	3039600.000000
2021-02-12	-0.009069	0.038362	0.042656	0.022215	-0.527943	4867000.000000
2021-02-11	0.005909	0.053654	0.062985	0.047088	0.341953	4502600.000000
2021-02-10	0.004782	0.057652	0.062860	0.051749	0.275459	3022400.000000
2021-02-09	-0.001482	0.054524	0.055564	0.047243	-0.085487	2077400.000000
2021-02-08	-0.002464	0.053828	0.059708	0.048467	-0.142479	3550200.000000
2021-02-05	0.008949	0.057850	0.068493	0.052790	0.512920	3087200.000000
2021-02-04	0.014971	0.054561	0.070853	0.052790	0.845371	3223600.000000
2021-02-03	-0.003186	0.052084	0.057204	0.046965	-0.180470	3165000.000000
2021-02-02	0.008966	0.056175	0.081110	0.049763	0.503426	3391700.000000
2021-02-01	0.003225	0.059402	0.067978	0.047609	0.180470	3257200.000000
2021-01-29	-0.002033	0.047798	0.056892	0.037990	-0.113983	3464500.000000
2021-01-28	0.008541	0.056567	0.083903	0.054769	0.474930	2764400.000000
2021-01-27	-0.019266	0.049439	0.052614	0.025276	-1.092327	5062700.000000
2021-01-26	-0.021796	0.050548	0.051410	0.029844	-1.263317	3222800.000000
2021-01-25	0.014633	0.048064	0.068546	0.042987	0.835876	4013100.000000
2021-01-22	0.004342	0.049977	0.064394	0.048395	0.246960	3079400.000000
2021-01-21	-0.012696	0.041507	0.051749	0.034738	-0.731388	3530400.000000
2021-01-20	-0.006715	0.047963	0.053997	0.037273	-0.389446	5151000.000000
2021-01-19	0.023466	0.064261	0.078907	0.056849	1.329807	6270300.000000
2021-01-15	0.010501	0.047619	0.067234	0.042448	0.588905	4107900.000000
2021-01-14	-0.011221	0.050498	0.052438	0.039919	-0.636402	3776700.000000
2021-01-13	0.015131	0.053506	0.073553	0.053327	0.845371	3949500.000000
2021-01-12	-0.039046	0.050039	0.051759	0.006179	-2.270153	7012200.000000
2021-01-11	-0.005847	0.046293	0.055355	0.038769	-0.341949	2873300.000000
2021-01-08	0.007033	0.051585	0.062606	0.046419	0.408440	3965800.000000
2021-01-07	-0.001144	0.055714	0.058638	0.045911	-0.066490	4690300.000000
2021-01-06	0.024435	0.058253	0.085387	0.054553	1.386791	4102500.000000
2021-01-05	0.006570	0.055806	0.063609	0.051194	0.370441	3905200.000000
2021-01-04	-0.033697	0.051934	0.053819	0.010288	-1.966202	4774300.000000
2020-12-31	0.013529	0.052269	0.067902	0.050011	0.778881	2417300.000000
2020-12-30	0.008990	0.052791	0.066811	0.052089	0.512924	1963800.000000
2020-12-29	0.001333	0.053141	0.061741	0.051562	0.075985	1746700.000000
2020-12-28	0.003177	0.056664	0.065466	0.051206	0.180473	2293800.000000
2020-12-24	0.007073	0.056336	0.061123	0.051372	0.398941	858000.000000
2020-12-23	-0.005693	0.057903	0.064249	0.046444	-0.322948	2462400.000000
2020-12-22	-0.004667	0.051562	0.053668	0.046123	-0.265968	2714800.000000
2020-12-21	-0.002328	0.045438	0.051565	0.033709	-0.132973	4059200.000000
2020-12-18	-0.015228	0.052791	0.056066	0.031069	-0.883366	7612100.000000
2020-12-17	0.010591	0.059411	0.070386	0.058366	0.607910	2991500.000000
2020-12-16	-0.007065	0.056077	0.064726	0.042238	-0.408443	2670800.000000
2020-12-15	0.020114	0.065320	0.080496	0.055085	1.139832	3116300.000000
2020-12-14	-0.012579	0.064291	0.066730	0.039025	-0.721889	3017500.000000
2020-12-11	-0.001322	0.048788	0.054879	0.047396	-0.075993	2139800.000000
2020-12-10	-0.004443	0.055562	0.060067	0.047074	-0.256458	3206000.000000
2020-12-09	-0.003771	0.052790	0.057450	0.043643	-0.218472	2691400.000000
2020-12-08	-0.011826	0.046651	0.048868	0.033860	-0.693394	3677400.000000
2020-12-07	0.003413	0.048854	0.063400	0.046801	0.199467	4111000.000000
2020-12-04	-0.005818	0.053811	0.058235	0.038669	-0.341946	2928600.000000
2020-12-03	0.000000	0.049048	0.058405	0.044284	0.000000	4171400.000000
2020-12-02	0.021628	0.051748	0.076429	0.046186	1.244312	3892400.000000
2020-12-01	0.012030	0.065632	0.087971	0.056133	0.683899	5216800.000000
2020-11-30	-0.013190	0.046021	0.049666	0.032134	-0.759888	6823000.000000
2020-11-27	-0.003942	0.051061	0.051234	0.041206	-0.227970	1694800.000000
2020-11-25	-0.004903	0.050726	0.057264	0.039198	-0.284950	2849800.000000
2020-11-24	0.012241	0.062195	0.070555	0.053661	0.702888	3353100.000000
2020-11-23	-0.007063	0.054001	0.055039	0.043971	-0.408436	3324400.000000
2020-11-20	-0.003111	0.051239	0.059686	0.045378	-0.180470	3967300.000000
2020-11-19	-0.011492	0.051939	0.051939	0.029615	-0.674397	3394000.000000
2020-11-18	-0.009301	0.058868	0.064946	0.041986	-0.550919	3990500.000000
2020-11-17	-0.027449	0.045073	0.047372	0.021923	-1.671757	3770800.000000
2020-11-16	0.003443	0.067619	0.069760	0.049331	0.208973	4014000.000000
2020-11-13	0.016221	0.054800	0.074054	0.053963	0.968857	3654500.000000
2020-11-12	-0.006258	0.057350	0.073323	0.047700	-0.376110	4189700.000000
2020-11-11	-0.003896	0.064666	0.070301	0.056214	-0.235077	3459900.000000
2020-11-10	0.029686	0.068626	0.103609	0.067090	1.739532	5515400.000000
2020-11-09	0.039360	0.103059	0.143854	0.090821	2.219074	6353000.000000
2020-11-06	-0.003490	0.065273	0.074464	0.053961	-0.197464	2971200.000000
2020-11-05	0.006861	0.066531	0.092336	0.066531	0.385521	2758600.000000
2020-11-04	-0.001671	0.057465	0.083049	0.053557	-0.094028	4100000.000000
2020-11-03	0.014404	0.074680	0.092522	0.072697	0.799244	3121200.000000
2020-11-02	0.027154	0.074058	0.096827	0.069615	1.466843	3659400.000000
2020-10-30	-0.013056	0.062958	0.070449	0.039937	-0.714615	4145200.000000
2020-10-29	-0.002570	0.055670	0.079178	0.038722	-0.141045	3758900.000000
2020-10-28	-0.030726	0.050965	0.060680	0.027649	-1.739532	4240300.000000
2020-10-27	-0.006599	0.066313	0.072104	0.056487	-0.376110	3484200.000000
2020-10-26	-0.003944	0.053369	0.063331	0.045504	-0.225670	3949400.000000
2020-10-23	0.004789	0.067018	0.075799	0.062277	0.272678	4395200.000000
2020-10-22	0.028707	0.063145	0.095120	0.060435	1.589092	4964000.000000
2020-10-21	0.004607	0.056610	0.073851	0.055521	0.253876	3900500.000000
2020-10-20	0.009648	0.067537	0.077249	0.062590	0.526554	3384500.000000
2020-10-19	-0.005313	0.064964	0.076264	0.057309	-0.291489	3989500.000000
2020-10-16	0.005688	0.068272	0.073221	0.059840	0.310299	3241600.000000
2020-10-15	0.000345	0.056355	0.067357	0.052138	0.018810	3356700.000000
2020-10-14	-0.005828	0.060042	0.065511	0.053844	-0.319698	2596600.000000
2020-10-13	-0.008835	0.056098	0.060615	0.038029	-0.488960	3590500.000000
2020-10-12	0.002043	0.062601	0.071653	0.058074	0.112843	3807100.000000
2020-10-09	0.000511	0.068759	0.072382	0.057528	0.028206	3920600.000000
2020-10-08	0.015744	0.067186	0.084850	0.065346	0.855663	3003000.000000
2020-10-07	-0.000519	0.069942	0.077850	0.060747	-0.028210	3224300.000000
2020-10-06	0.011545	0.061088	0.094386	0.058855	0.620590	4779300.000000
2020-10-05	0.016175	0.064640	0.084300	0.063695	0.855663	5229100.000000
2020-10-02	0.030026	0.057470	0.101474	0.053186	1.542068	6696900.000000
2020-10-01	0.007377	0.065075	0.073706	0.058798	0.376114	5565800.000000
2020-09-30	0.009683	0.069051	0.079349	0.067071	0.488941	4659900.000000
2020-09-29	-0.000186	0.068258	0.072812	0.053804	-0.009396	2951300.000000
2020-09-28	-0.001858	0.067261	0.081096	0.059553	-0.094032	4436000.000000
2020-09-25	0.014326	0.056489	0.079544	0.053081	0.714619	3061900.000000
2020-09-24	0.009899	0.063506	0.076868	0.052978	0.488956	3146300.000000
2020-09-23	-0.011107	0.067110	0.067110	0.050693	-0.554775	2786700.000000
2020-09-22	0.001697	0.061701	0.076341	0.056888	0.084629	4047500.000000
2020-09-21	0.004166	0.061693	0.070353	0.051423	0.206860	4813100.000000
2020-09-18	-0.013266	0.056153	0.062910	0.047410	-0.667610	6289200.000000
2020-09-17	0.004316	0.057319	0.068695	0.048937	0.216270	3841900.000000
2020-09-16	0.005282	0.059293	0.079756	0.059293	0.263283	2842000.000000
2020-09-15	0.002838	0.068737	0.082418	0.061092	0.141045	3519000.000000
2020-09-14	0.021252	0.068232	0.092888	0.068232	1.034309	3705700.000000
2020-09-11	0.003879	0.062887	0.071757	0.056493	0.188061	3803000.000000
2020-09-10	-0.024409	0.047609	0.048615	0.034328	-1.212963	6263300.000000
2020-09-09	0.000000	0.069744	0.082824	0.059884	0.000000	4665400.000000
2020-09-08	0.010709	0.066353	0.084455	0.054964	0.526554	6763200.000000
2020-09-04	-0.005894	0.065730	0.068965	0.041670	-0.291489	3475700.000000
2020-09-03	-0.011464	0.067503	0.078096	0.043119	-0.573570	4326000.000000
2020-09-02	0.027022	0.062685	0.097991	0.059400	1.316395	4046900.000000
2020-09-01	-0.007091	0.060245	0.066359	0.051481	-0.347904	3214200.000000
2020-08-31	-0.004578	0.057217	0.068172	0.055797	-0.225662	3863500.000000
2020-08-28	0.004214	0.065543	0.069822	0.056579	0.206852	2867000.000000
2020-08-27	0.009281	0.064123	0.076666	0.062067	0.451344	3543000.000000
2020-08-26	-0.013165	0.055389	0.059650	0.044228	-0.648800	3015300.000000
2020-08-25	-0.008513	0.066926	0.067530	0.050026	-0.423126	2409100.000000
2020-08-24	0.009356	0.063912	0.075284	0.055383	0.460735	3386100.000000
2020-08-21	0.002297	0.067780	0.069612	0.055568	0.112839	3536900.000000
2020-08-20	-0.017672	0.056708	0.062106	0.041312	-0.883865	3309500.000000
2020-08-19	0.002639	0.069921	0.072126	0.061301	0.131634	2594200.000000
2020-08-18	-0.010076	0.063308	0.066284	0.048424	-0.507751	6647500.000000
2020-08-17	0.000560	0.063506	0.072838	0.057350	0.028206	2725500.000000
2020-08-14	-0.014898	0.059203	0.061159	0.044923	-0.761635	3122000.000000
2020-08-13	0.002734	0.071317	0.079751	0.067983	0.139408	3926100.000000
2020-08-12	0.012364	0.082577	0.099852	0.077216	0.622658	4673200.000000
2020-08-11	-0.015980	0.079933	0.082082	0.055704	-0.817822	5215700.000000
2020-08-10	0.006948	0.078976	0.089404	0.073860	0.353149	2255500.000000
2020-08-07	0.014845	0.069436	0.096790	0.069436	0.743477	3145000.000000
2020-08-06	0.009176	0.074010	0.089525	0.069375	0.455379	2713500.000000
2020-08-05	-0.019104	0.079187	0.079978	0.053097	-0.966518	4043300.000000
2020-08-04	0.007961	0.073435	0.090369	0.071841	0.399616	3803600.000000
2020-08-03	-0.010987	0.075236	0.076025	0.061641	-0.557613	3927600.000000
2020-07-31	-0.011405	0.068817	0.070960	0.047390	-0.585480	5643600.000000
2020-07-30	-0.002708	0.074471	0.078744	0.054267	-0.139404	4483900.000000
2020-07-29	0.001990	0.080307	0.082643	0.065319	0.102226	3248400.000000
2020-07-28	0.018798	0.072852	0.103391	0.072852	0.947937	2702900.000000
2020-07-27	-0.010757	0.074455	0.075829	0.058369	-0.548309	3341400.000000
2020-07-24	-0.012779	0.081447	0.090356	0.058401	-0.659843	2741800.000000
2020-07-23	-0.003944	0.072359	0.081233	0.064257	-0.204456	3690900.000000
2020-07-22	0.016585	0.073083	0.103479	0.058179	0.845707	3870400.000000
2020-07-21	0.011242	0.075430	0.098434	0.075231	0.566902	3954700.000000
2020-07-20	-0.005863	0.071293	0.077405	0.065773	-0.297394	3044100.000000
2020-07-17	0.015631	0.083233	0.096248	0.079829	0.780655	3806100.000000
2020-07-16	0.013580	0.078866	0.094087	0.076633	0.669125	3201100.000000
2020-07-15	-0.012295	0.090858	0.094065	0.060590	-0.613369	4380200.000000
2020-07-14	0.009402	0.073597	0.096258	0.073394	0.464676	6023600.000000
2020-07-13	-0.000939	0.077642	0.089164	0.068747	-0.046467	3562200.000000
2020-07-10	0.024836	0.077268	0.106478	0.077268	1.198860	4034500.000000
2020-07-09	-0.021108	0.069332	0.070144	0.042766	-1.040871	3700500.000000
2020-07-08	0.006449	0.071943	0.088271	0.070514	0.315975	3346100.000000
2020-07-07	0.002091	0.063548	0.081547	0.056390	0.102230	3520800.000000
2020-07-06	-0.003410	0.080101	0.090293	0.061145	-0.167282	3318800.000000
2020-07-02	-0.001513	0.084573	0.087422	0.071954	-0.074341	3413100.000000
2020-07-01	0.019672	0.076232	0.101135	0.072082	0.947926	3873300.000000
2020-06-30	0.005625	0.077903	0.088546	0.067051	0.269512	5075800.000000
2020-06-29	0.012569	0.085534	0.089549	0.069685	0.594780	3956200.000000
2020-06-26	-0.006439	0.074345	0.089252	0.058178	-0.306683	6730000.000000
2020-06-25	-0.021573	0.070273	0.073354	0.041924	-1.050163	6995100.000000
2020-06-24	-0.016707	0.068147	0.071581	0.044514	-0.827114	6370300.000000
2020-06-23	-0.025608	0.088228	0.091180	0.048273	-1.301083	6071100.000000
2020-06-22	0.019772	0.082849	0.100311	0.070605	0.985104	4692700.000000
2020-06-19	-0.044555	0.090983	0.095010	0.028082	-2.323368	10434600.000000
2020-06-18	0.001249	0.069688	0.079097	0.060088	0.065052	3770300.000000
2020-06-17	-0.003202	0.081001	0.081766	0.058416	-0.167286	4593200.000000
2020-06-16	-0.003545	0.099674	0.106730	0.065535	-0.185863	5000900.000000
2020-06-15	0.004451	0.059359	0.091158	0.044416	0.232342	4628200.000000
2020-06-12	0.001426	0.099621	0.102115	0.062788	0.074341	4533700.000000
2020-06-11	-0.052534	0.054213	0.057667	0.014589	-2.890270	5447600.000000
2020-06-10	-0.002695	0.074212	0.092702	0.068049	-0.148693	5150100.000000
2020-06-09	-0.015099	0.059599	0.065670	0.040139	-0.845707	7344200.000000
2020-06-08	0.031138	0.073263	0.113212	0.070134	1.691414	5035800.000000
2020-06-05	0.008628	0.083452	0.114461	0.081781	0.464668	4681600.000000
2020-06-04	-0.012945	0.070526	0.075108	0.046334	-0.706299	3346300.000000
2020-06-03	0.012241	0.082332	0.100514	0.077880	0.659840	3717700.000000
2020-06-02	0.005199	0.080500	0.082365	0.064276	0.278801	4098400.000000
2020-06-01	0.011039	0.076590	0.095822	0.065655	0.585487	3119300.000000
2020-05-29	0.002811	0.068840	0.091151	0.062222	0.148697	6581700.000000
2020-05-28	0.034539	0.089326	0.115928	0.086000	1.765755	4551000.000000
2020-05-27	0.006403	0.095514	0.095514	0.070709	0.325275	4483100.000000
2020-05-26	0.001466	0.094162	0.100668	0.075236	0.074345	6801200.000000
2020-05-22	0.013933	0.073826	0.091816	0.071027	0.697010	4437800.000000
2020-05-21	-0.018238	0.074062	0.081323	0.053653	-0.929340	3198500.000000
2020-05-20	0.023521	0.088478	0.111176	0.079640	1.170975	6340900.000000
2020-05-19	-0.015619	0.069500	0.075036	0.059020	-0.789948	3199300.000000
2020-05-18	0.035782	0.105106	0.123129	0.100806	1.747169	4266000.000000
2020-05-15	-0.029015	0.065883	0.068269	0.033867	-1.459076	7756200.000000
2020-05-14	0.017847	0.077417	0.109397	0.066689	0.881748	5028800.000000
2020-05-13	-0.031160	0.081888	0.087575	0.045609	-1.588982	7166300.000000
2020-05-12	-0.005196	0.093239	0.109430	0.077437	-0.266350	8897900.000000
2020-05-11	0.007219	0.078141	0.100345	0.061440	0.367393	6946800.000000
2020-05-08	0.021759	0.100396	0.117060	0.095176	1.083805	4349200.000000
2020-05-07	0.010999	0.101742	0.111282	0.093420	0.541901	4697700.000000
2020-05-06	-0.035772	0.094623	0.094623	0.047065	-1.827778	3796700.000000
2020-05-05	0.012928	0.095095	0.115316	0.093509	0.652126	4002700.000000
2020-05-04	0.009373	0.089952	0.102759	0.073944	0.468422	4480200.000000
2020-05-01	-0.040895	0.078196	0.080883	0.038085	-2.130878	4758700.000000
2020-04-30	-0.011156	0.090080	0.090270	0.056490	-0.587826	8494300.000000
2020-04-29	-0.011884	0.110504	0.112004	0.073937	-0.633755	4590300.000000
2020-04-28	-0.007182	0.102342	0.114816	0.075347	-0.385769	3713900.000000
2020-04-27	0.012992	0.097427	0.117041	0.093278	0.688866	4661900.000000
2020-04-24	0.016373	0.090860	0.115395	0.078976	0.854191	4860100.000000
2020-04-23	-0.004382	0.087988	0.097340	0.070622	-0.229618	4653200.000000
2020-04-22	0.027928	0.107976	0.130536	0.103072	1.423645	3662900.000000
2020-04-21	-0.000540	0.076596	0.094438	0.066596	-0.027550	5497900.000000
2020-04-20	-0.033757	0.075301	0.075301	0.046126	-1.781864	4436400.000000
2020-04-17	0.038865	0.111975	0.138544	0.102331	1.974739	4648100.000000
2020-04-16	-0.010199	0.095180	0.099661	0.071804	-0.523533	5003600.000000
2020-04-15	-0.052712	0.069929	0.070114	0.023796	-2.856483	5571900.000000
2020-04-14	0.022176	0.114216	0.124025	0.094788	1.175655	4522300.000000
2020-04-13	-0.043262	0.082796	0.086947	0.031544	-2.397240	4771400.000000
2020-04-09	0.036954	0.102412	0.157617	0.100541	1.974739	7529500.000000
2020-04-08	0.055515	0.091912	0.157885	0.082431	2.810562	5636100.000000
2020-04-07	-0.005054	0.127271	0.130022	0.078532	-0.257179	6086000.000000
2020-04-06	0.102049	0.137699	0.217184	0.131201	4.711823	6795800.000000
2020-04-03	-0.040649	0.071921	0.097478	0.037638	-1.956379	6180300.000000
2020-04-02	0.045074	0.072900	0.147597	0.070729	2.075775	5471100.000000
2020-04-01	-0.073882	0.043705	0.054364	-0.009385	-3.673931	6932900.000000
2020-03-31	-0.066391	0.070164	0.075609	0.006142	-3.536160	9803300.000000
2020-03-30	0.035351	0.102553	0.134627	0.093611	1.818600	7222600.000000
2020-03-27	0.015778	0.050841	0.150357	0.046497	0.799076	10065000.000000
2020-03-26	0.099721	0.085712	0.211654	0.083540	4.592415	8647300.000000
2020-03-25	0.022431	0.085865	0.154467	0.048345	1.010338	8206500.000000
2020-03-24	0.134397	0.147685	0.243892	0.126026	5.336388	8055000.000000
2020-03-23	-0.067515	0.072782	0.076539	-0.014581	-2.874859	10346000.000000
2020-03-20	-0.089194	0.091104	0.095596	-0.012851	-4.169910	11839200.000000
2020-03-19	-0.089771	0.088752	0.090699	-0.016580	-4.610786	6855400.000000
2020-03-18	-0.011315	0.020416	0.080859	-0.027130	-0.587833	8141700.000000
2020-03-17	0.187736	0.120532	0.293607	0.118703	8.211246	10298100.000000
2020-03-16	-0.117658	-0.013124	0.061719	-0.045199	-5.832371	10451100.000000
2020-03-13	0.034106	0.149875	0.151336	0.063927	1.634907	9862400.000000
2020-03-12	-0.102956	0.007161	0.060681	-0.063763	-5.501720	10790400.000000
2020-03-11	-0.061915	0.061015	0.066281	0.002206	-3.526974	7726600.000000
2020-03-10	-0.002252	0.105041	0.110120	0.032878	-0.128593	10316600.000000
2020-03-09	-0.070435	0.023462	0.060096	0.004576	-4.326054	8520000.000000
2020-03-06	-0.010360	0.055559	0.082145	0.023172	-0.642937	9790800.000000
2020-03-05	-0.003392	0.075905	0.100956	0.064825	-0.211254	7867000.000000
2020-03-04	0.061033	0.101360	0.155883	0.101190	3.582088	6517200.000000
2020-03-03	-0.000469	0.102376	0.124004	0.083302	-0.027557	9656500.000000
2020-03-02	0.059145	0.094163	0.157114	0.087128	3.278984	7744600.000000
2020-02-28	-0.040076	0.068320	0.071091	0.022782	-2.314575	15567600.000000
2020-02-27	-0.050008	0.082008	0.090232	0.034141	-3.040176	8529100.000000
2020-02-26	-0.010021	0.087449	0.099988	0.077190	-0.615391	5026400.000000
2020-02-25	-0.013864	0.090357	0.094051	0.069321	-0.863373	5246600.000000
2020-02-24	-0.017249	0.084806	0.096327	0.068394	-1.092991	5644300.000000
2020-02-21	-0.011746	0.085944	0.097485	0.075495	-0.753155	5386400.000000
2020-02-20	0.017490	0.071931	0.109540	0.071614	1.102188	5046500.000000
2020-02-19	-0.011384	0.088438	0.089222	0.076201	-0.725616	4894000.000000
2020-02-18	0.005506	0.091118	0.097112	0.090802	0.349041	5167500.000000
2020-02-14	0.001451	0.091911	0.093649	0.086224	0.091839	5032000.000000
2020-02-13	0.013407	0.098226	0.115356	0.097265	0.837471	4513500.000000
2020-02-12	0.000437	0.094542	0.103511	0.091819	0.027309	3545000.000000
2020-02-11	0.002192	0.100632	0.104003	0.095817	0.136532	3341900.000000
2020-02-10	0.000878	0.101116	0.102080	0.093887	0.054630	3659800.000000
2020-02-07	-0.006682	0.101578	0.103333	0.090088	-0.418736	3732400.000000
2020-02-06	-0.002752	0.094090	0.104912	0.091067	-0.172947	5625700.000000
2020-02-05	-0.007334	0.096334	0.098704	0.083696	-0.464260	6441600.000000
2020-02-04	-0.016407	0.094661	0.099478	0.078502	-1.055939	5504400.000000
2020-02-03	0.004261	0.102759	0.104476	0.095269	0.273087	3144600.000000
2020-01-31	-0.006351	0.098701	0.102422	0.087072	-0.409630	5469000.000000
2020-01-30	0.010699	0.097919	0.111083	0.092748	0.682716	3755400.000000
2020-01-29	0.000714	0.098546	0.102937	0.092273	0.045509	3252100.000000
2020-01-28	0.004445	0.098704	0.109573	0.095081	0.282204	4714600.000000
2020-01-27	0.004320	0.098071	0.108513	0.096964	0.273079	4412300.000000
2020-01-24	0.006961	0.099183	0.107467	0.096953	0.436947	5048900.000000
2020-01-23	0.009663	0.093238	0.109644	0.092112	0.600777	3481200.000000
2020-01-22	0.002643	0.100642	0.105964	0.098707	0.163860	3369800.000000
2020-01-21	0.012786	0.099852	0.115532	0.098546	0.782848	4546600.000000
2020-01-17	0.016780	0.101701	0.118142	0.099708	1.010433	6072600.000000
2020-01-16	0.008692	0.100389	0.108764	0.099048	0.518867	3145900.000000
2020-01-15	0.010166	0.099900	0.111745	0.098715	0.600800	3772400.000000
2020-01-14	0.005888	0.098716	0.105014	0.096333	0.345909	5153300.000000
2020-01-13	0.013823	0.100099	0.118563	0.099409	0.801060	5262100.000000
2020-01-10	0.006323	0.101324	0.108097	0.099414	0.364117	4427800.000000
2020-01-09	0.010543	0.100301	0.110479	0.097669	0.600800	3114700.000000
2020-01-08	-0.000319	0.099949	0.102405	0.094336	-0.018208	3413600.000000
2020-01-07	-0.003025	0.094173	0.097147	0.088577	-0.172962	3191700.000000
2020-01-06	0.003996	0.098546	0.106272	0.097668	0.227577	3507600.000000
2020-01-03	-0.000958	0.096967	0.103633	0.095213	-0.054615	3531800.000000
2020-01-02	-0.016955	0.097684	0.098029	0.076472	-0.983120	4675900.000000
