2022-12-30	-0.006040	-0.003857	-0.000073	-0.010261	-0.830002	168700.000000
2022-12-29	0.024454	0.013494	0.025050	0.013271	3.279999	249400.000000
2022-12-28	-0.014909	-0.001175	0.004480	-0.016598	-2.029999	236900.000000
2022-12-27	-0.007146	-0.007438	-0.001240	-0.009479	-0.979996	137600.000000
2022-12-23	0.001022	0.000292	0.005547	-0.005912	0.139999	149400.000000
2022-12-22	-0.003346	0.005965	0.007056	-0.011494	-0.460007	211600.000000
2022-12-21	-0.009868	-0.012389	-0.007347	-0.015415	-1.369995	238600.000000
2022-12-20	-0.005587	-0.005157	0.004513	-0.006017	-0.779999	178300.000000
2022-12-19	-0.005839	-0.003062	0.002635	-0.011180	-0.819992	191500.000000
2022-12-16	-0.008683	-0.009742	-0.001059	-0.011436	-1.230011	170200.000000
2022-12-15	-0.020671	-0.009886	-0.005738	-0.024819	-2.989990	151300.000000
2022-12-14	0.001038	0.010450	0.012941	-0.004844	0.149994	170400.000000
2022-12-13	0.002637	0.018873	0.022343	0.001457	0.380005	167100.000000
2022-12-12	0.005442	0.001953	0.006070	-0.004116	0.779999	130800.000000
2022-12-09	0.007450	0.001476	0.013565	0.001476	1.059998	127900.000000
2022-12-08	0.002961	0.000987	0.003666	-0.001692	0.419998	141000.000000
2022-12-07	0.005458	0.004678	0.013750	0.001843	0.770004	208200.000000
2022-12-06	-0.014666	-0.002165	-0.002165	-0.020881	-2.100006	242600.000000
2022-12-05	-0.022794	-0.012079	-0.011806	-0.026479	-3.339996	223400.000000
2022-12-02	-0.007653	-0.014222	-0.007111	-0.018082	-1.130005	164900.000000
2022-12-01	-0.000203	-0.003182	0.003724	-0.007516	-0.029999	199500.000000
2022-11-30	0.015750	0.000275	0.016988	-0.003783	2.290009	171400.000000
2022-11-29	-0.007576	-0.008532	-0.002252	-0.011194	-1.110001	170200.000000
2022-11-28	-0.011870	-0.009645	-0.003844	-0.013152	-1.760010	140700.000000
2022-11-25	0.010633	0.001977	0.013223	0.001568	1.559998	95600.000000
2022-11-23	0.009496	0.005023	0.009496	-0.000550	1.380005	198900.000000
2022-11-22	0.022299	0.017375	0.023495	0.015053	3.169998	179900.000000
2022-11-21	-0.007193	-0.002863	-0.001816	-0.008660	-1.029999	161000.000000
2022-11-18	0.001819	0.001050	0.004058	-0.002099	0.260010	130300.000000
2022-11-17	0.005699	-0.006403	0.005911	-0.007177	0.809998	129800.000000
2022-11-16	-0.011339	-0.004174	-0.003548	-0.013426	-1.630005	122200.000000
2022-11-15	0.011469	0.018013	0.020054	0.005699	1.630005	183400.000000
2022-11-14	-0.007958	-0.006841	0.000977	-0.010959	-1.139999	191500.000000
2022-11-11	0.019499	0.011742	0.020922	0.007045	2.739990	144300.000000
2022-11-10	0.044525	0.022746	0.044897	0.022523	5.990005	211300.000000
2022-11-09	-0.021600	-0.010909	-0.010182	-0.024727	-2.970001	194900.000000
2022-11-08	0.001749	0.000729	0.010127	-0.004444	0.240005	183800.000000
2022-11-07	-0.000655	-0.003786	0.001310	-0.010557	-0.090012	216500.000000
2022-11-04	0.015527	0.005545	0.017967	0.002588	2.100006	210000.000000
2022-11-03	-0.001034	-0.001477	0.006574	-0.008568	-0.139999	212200.000000
2022-11-02	0.001702	0.011024	0.022492	0.000666	0.229996	215900.000000
2022-11-01	-0.026295	-0.005835	-0.005835	-0.031266	-3.649994	251000.000000
2022-10-31	-0.005089	-0.006737	-0.001433	-0.013976	-0.710007	216800.000000
2022-10-28	0.022349	0.008866	0.024328	0.007914	3.050003	207800.000000
2022-10-27	-0.010585	-0.006380	-0.001305	-0.011165	-1.459991	194400.000000
2022-10-26	0.006274	-0.001313	0.013278	-0.001751	0.859985	185600.000000
2022-10-25	0.017293	0.008461	0.023527	0.007719	2.330002	193100.000000
2022-10-24	0.007327	-0.000972	0.010018	-0.004635	0.980011	188300.000000
2022-10-21	0.003903	-0.011633	0.005104	-0.014260	0.519989	313600.000000
2022-10-20	0.002031	0.005039	0.013763	-0.001278	0.270004	172000.000000
2022-10-19	-0.009608	-0.005065	-0.002756	-0.016163	-1.289993	176100.000000
2022-10-18	-0.013954	-0.006610	-0.006243	-0.021592	-1.900009	350600.000000
2022-10-17	0.015286	0.012974	0.020058	0.012974	2.050003	206500.000000
2022-10-14	-0.016645	0.000147	0.000147	-0.017158	-2.270004	303500.000000
2022-10-13	0.010222	-0.012815	0.013333	-0.018519	1.380005	294000.000000
2022-10-12	-0.000444	0.003628	0.009255	-0.000444	-0.059998	214900.000000
2022-10-11	0.001483	-0.005487	0.014756	-0.005487	0.199997	282400.000000
2022-10-10	-0.007287	-0.000663	-0.000663	-0.011704	-0.990005	294200.000000
2022-10-07	-0.002350	0.001175	0.004920	-0.007050	-0.319992	292300.000000
2022-10-06	-0.013904	-0.012600	-0.007024	-0.015063	-1.919998	246200.000000
2022-10-05	-0.012585	-0.016518	-0.009510	-0.024884	-1.760010	193100.000000
2022-10-04	0.031418	0.020356	0.033852	0.019766	4.260010	325400.000000
2022-10-03	0.040679	0.029626	0.045360	0.026940	5.300003	368800.000000
2022-09-30	-0.025942	0.003364	0.005009	-0.027587	-3.470001	424900.000000
2022-09-29	-0.022865	-0.013003	-0.012711	-0.031777	-3.130005	421100.000000
2022-09-28	0.008472	-0.007220	0.012524	-0.010240	1.149994	213000.000000
2022-09-27	0.000885	0.009364	0.011871	-0.005751	0.120010	303400.000000
2022-09-26	-0.012092	-0.008377	0.000947	-0.015880	-1.660004	265800.000000
2022-09-23	-0.012729	-0.010428	-0.010356	-0.023085	-1.770004	475700.000000
2022-09-22	0.010685	0.022823	0.028492	0.003925	1.470001	388300.000000
2022-09-21	-0.022383	-0.008740	-0.005187	-0.022454	-3.149994	238100.000000
2022-09-20	-0.005090	0.001061	0.004949	-0.008837	-0.720001	276900.000000
2022-09-19	0.005045	-0.004405	0.006679	-0.005258	0.709991	238500.000000
2022-09-16	0.002065	-0.000926	0.005767	-0.001851	0.290009	212500.000000
2022-09-15	-0.007210	-0.002191	0.006291	-0.008694	-1.020004	239900.000000
2022-09-14	0.008843	0.009342	0.017685	0.004207	1.240005	199500.000000
2022-09-13	-0.033163	-0.017581	-0.014410	-0.033370	-4.809998	265700.000000
2022-09-12	-0.003778	-0.006388	0.002061	-0.006388	-0.550003	228600.000000
2022-09-09	0.010130	0.013183	0.013183	0.007424	1.459991	159300.000000
2022-09-08	0.005511	-0.005093	0.006418	-0.006069	0.790009	264500.000000
2022-09-07	-0.004168	-0.013547	-0.002987	-0.020703	-0.600006	311200.000000
2022-09-06	-0.011129	-0.003847	-0.001580	-0.015664	-1.619995	232300.000000
2022-09-02	-0.008447	0.005109	0.007289	-0.011717	-1.240005	189700.000000
2022-09-01	-0.017206	-0.011783	-0.010042	-0.025172	-2.569992	268600.000000
2022-08-31	-0.005327	0.002530	0.005793	-0.005660	-0.800003	293400.000000
2022-08-30	-0.010542	0.005798	0.006589	-0.014627	-1.600006	290800.000000
2022-08-29	0.000000	-0.003624	0.004678	-0.003756	0.000000	173800.000000
2022-08-26	-0.027115	-0.005449	-0.003205	-0.027372	-4.229996	207300.000000
2022-08-25	0.009709	0.003236	0.009709	0.000194	1.500000	112900.000000
2022-08-24	0.006646	-0.000521	0.010881	-0.001759	1.020004	220600.000000
2022-08-23	-0.005443	-0.003758	0.006221	-0.005443	-0.840012	185600.000000
2022-08-22	-0.013678	-0.005497	-0.003260	-0.016043	-2.139999	206000.000000
2022-08-19	-0.016779	-0.009175	-0.007290	-0.018915	-2.669998	184200.000000
2022-08-18	-0.010201	-0.008024	-0.006220	-0.012378	-1.639999	163400.000000
2022-08-17	0.008468	0.004140	0.014176	0.002446	1.350006	148100.000000
2022-08-16	-0.006481	-0.007229	-0.003303	-0.011716	-1.040009	191500.000000
2022-08-15	-0.005269	-0.002542	-0.002542	-0.011717	-0.849991	142200.000000
2022-08-12	0.017087	0.009142	0.018979	0.004035	2.709991	203700.000000
2022-08-11	0.004497	0.006270	0.011654	0.002470	0.710007	124600.000000
2022-08-10	0.032366	0.020008	0.035373	0.014581	4.949997	243100.000000
2022-08-09	-0.020871	-0.007682	-0.001280	-0.023944	-3.259995	289200.000000
2022-08-08	-0.007056	-0.001971	-0.000127	-0.008073	-1.110001	259900.000000
2022-08-05	0.004149	0.006064	0.008681	-0.002617	0.649994	233100.000000
2022-08-04	-0.039662	-0.036045	-0.030283	-0.039846	-6.470001	398500.000000
2022-08-03	-0.003238	-0.005010	0.001344	-0.014726	-0.529999	190900.000000
2022-08-02	-0.018648	-0.014811	-0.009414	-0.019488	-3.110001	215900.000000
2022-08-01	0.025709	0.018390	0.027369	0.018390	4.180008	248600.000000
2022-07-29	0.019309	0.002758	0.020500	-0.001066	3.080002	293700.000000
2022-07-28	-0.003374	-0.008435	-0.001562	-0.014683	-0.540009	176700.000000
2022-07-27	0.012590	0.005504	0.014804	-0.000380	1.990005	129300.000000
2022-07-26	-0.008531	-0.003826	-0.002195	-0.009346	-1.360001	154500.000000
2022-07-25	-0.005490	-0.001560	-0.001560	-0.008858	-0.880005	111700.000000
2022-07-22	0.007036	0.008858	0.012502	0.003392	1.120010	133400.000000
2022-07-21	0.008106	0.003990	0.009626	0.001203	1.279999	199200.000000
2022-07-20	-0.015709	-0.005112	-0.004613	-0.018826	-2.520004	255100.000000
2022-07-19	0.023413	0.015439	0.024179	0.012759	3.669998	321300.000000
2022-07-18	0.000319	0.001915	0.009126	-0.002042	0.050003	228000.000000
2022-07-15	0.023247	0.016651	0.024226	0.011689	3.559998	204300.000000
2022-07-14	-0.014797	-0.006562	-0.006562	-0.020973	-2.300003	248600.000000
2022-07-13	0.000064	-0.008879	0.003474	-0.009779	0.010010	120400.000000
2022-07-12	0.001676	-0.003287	0.008249	-0.004125	0.259995	179400.000000
2022-07-11	-0.010143	-0.001021	-0.000893	-0.011036	-1.589996	159700.000000
2022-07-08	-0.002482	-0.004645	0.001145	-0.006045	-0.389999	159100.000000
2022-07-07	0.028267	0.014919	0.028398	0.014330	4.319992	241700.000000
2022-07-06	-0.011896	-0.006853	-0.006853	-0.016357	-1.839996	223500.000000
2022-07-05	-0.005146	-0.014923	-0.004888	-0.018460	-0.800003	208500.000000
2022-07-01	0.008432	-0.008303	0.009211	-0.008757	1.300003	178300.000000
2022-06-30	-0.009636	-0.012912	-0.006681	-0.021006	-1.500000	147300.000000
2022-06-29	-0.009166	-0.004519	-0.004328	-0.012030	-1.440002	108300.000000
2022-06-28	0.003705	0.017441	0.027407	0.003130	0.580002	225700.000000
2022-06-27	-0.016030	-0.008738	-0.007166	-0.017161	-2.550003	208000.000000
2022-06-24	0.009903	0.002285	0.009903	-0.001397	1.559998	178800.000000
2022-06-23	-0.010180	-0.008106	-0.003330	-0.017972	-1.619995	176300.000000
2022-06-22	0.000314	-0.013577	0.005720	-0.013577	0.050003	166700.000000
2022-06-21	0.033387	0.021890	0.036895	0.021890	5.139999	319700.000000
2022-06-17	-0.003302	-0.002007	-0.000130	-0.013402	-0.510010	397900.000000
2022-06-16	-0.014609	-0.001978	-0.000319	-0.020606	-2.289993	461500.000000
2022-06-15	0.010247	-0.000451	0.014630	-0.005478	1.589996	211000.000000
2022-06-14	-0.002186	0.000000	0.004373	-0.008810	-0.339996	265900.000000
2022-06-13	-0.035958	-0.022939	-0.022071	-0.038190	-5.800003	339400.000000
2022-06-10	-0.019512	-0.012218	-0.009422	-0.019573	-3.209991	241400.000000
2022-06-09	-0.005080	0.004112	0.009918	-0.005080	-0.840012	126900.000000
2022-06-08	-0.005413	0.001203	0.002586	-0.007579	-0.899994	179600.000000
2022-06-07	0.004046	-0.004650	0.005073	-0.005435	0.669998	192000.000000
2022-06-06	0.004672	0.014987	0.015776	0.003095	0.770004	157600.000000
2022-06-03	-0.031896	-0.024201	-0.024201	-0.036008	-5.430008	261800.000000
2022-06-02	0.009129	0.002727	0.009899	-0.003142	1.540009	148300.000000
2022-06-01	0.014005	0.019835	0.021037	0.006612	2.330002	194100.000000
2022-05-31	-0.002757	0.002278	0.002278	-0.007972	-0.460007	253400.000000
2022-05-27	0.007854	-0.000665	0.008095	-0.001752	1.300003	229400.000000
2022-05-26	0.027945	0.018444	0.031485	0.016581	4.500000	233300.000000
2022-05-25	0.002677	-0.005915	0.007970	-0.005915	0.429993	256000.000000
2022-05-24	-0.004648	-0.005640	-0.001364	-0.010350	-0.750000	221600.000000
2022-05-23	0.016955	0.012038	0.022753	0.010210	2.690002	250000.000000
2022-05-20	0.017769	0.021169	0.026557	0.001860	2.770004	422600.000000
2022-05-19	0.002637	-0.001415	0.010548	-0.001479	0.410004	492700.000000
2022-05-18	-0.028129	-0.009626	-0.007626	-0.029441	-4.500000	341900.000000
2022-05-17	0.004836	-0.000502	0.006344	-0.001822	0.769989	273500.000000
2022-05-16	-0.013141	-0.011777	-0.008120	-0.020951	-2.119995	201500.000000
2022-05-13	0.017598	0.008894	0.022644	0.006875	2.790009	246200.000000
2022-05-12	0.009423	0.000891	0.016809	-0.000637	1.479996	517100.000000
2022-05-11	-0.056413	-0.030039	-0.025113	-0.056473	-9.389999	464200.000000
2022-05-10	-0.011990	0.002256	0.007301	-0.019351	-2.020004	317400.000000
2022-05-09	-0.027871	-0.016215	-0.010964	-0.029140	-4.830002	366300.000000
2022-05-06	0.019832	0.018537	0.025775	0.009004	3.370010	293400.000000
2022-05-05	-0.028138	-0.007835	-0.005834	-0.034029	-4.920013	331700.000000
2022-05-04	0.016215	-0.000232	0.017901	-0.007904	2.790009	204700.000000
2022-05-03	0.008026	0.000059	0.012010	0.000059	1.369995	163600.000000
2022-05-02	-0.001813	-0.003684	0.000000	-0.015556	-0.309998	178500.000000
2022-04-29	-0.011389	-0.000463	0.010117	-0.012719	-1.970001	139200.000000
2022-04-28	0.029338	0.015532	0.034397	0.006784	4.930008	298200.000000
2022-04-27	0.007313	0.004076	0.018463	0.004076	1.219986	204300.000000
2022-04-26	-0.031018	-0.015102	-0.008887	-0.031018	-5.339996	293200.000000
2022-04-25	0.015514	0.002654	0.016044	-0.000295	2.630005	185800.000000
2022-04-22	-0.023838	-0.006910	-0.006276	-0.024875	-4.139999	185600.000000
2022-04-21	-0.010145	0.009347	0.011285	-0.011000	-1.779999	189500.000000
2022-04-20	0.023330	0.024730	0.031671	0.020531	4.000000	253600.000000
2022-04-19	0.006930	-0.001586	0.008105	-0.003289	1.179993	195400.000000
2022-04-18	0.017996	0.013273	0.021703	0.012197	3.010010	281400.000000
2022-04-14	-0.007006	0.005106	0.012230	-0.007896	-1.180008	196300.000000
2022-04-13	0.016352	0.006517	0.018765	0.006517	2.710007	264400.000000
2022-04-12	-0.023049	-0.016034	-0.008960	-0.026586	-3.910004	452300.000000
2022-04-11	-0.006675	-0.006090	0.003982	-0.011594	-1.139999	313400.000000
2022-04-08	-0.021262	-0.025732	-0.014098	-0.028139	-3.710007	366400.000000
2022-04-07	-0.011500	-0.011387	-0.005495	-0.021244	-2.029999	257500.000000
2022-04-06	-0.006417	-0.007655	0.000169	-0.012102	-1.139999	227800.000000
2022-04-05	-0.026947	-0.005915	-0.004984	-0.027823	-4.919998	242400.000000
2022-04-04	0.012253	0.003493	0.015302	0.000222	2.210007	261100.000000
2022-04-01	0.000666	0.000333	0.003828	-0.008433	0.119995	148500.000000
2022-03-31	-0.002048	0.006644	0.009523	-0.002104	-0.369995	230300.000000
2022-03-30	-0.022672	-0.013852	-0.011363	-0.025486	-4.190002	179500.000000
2022-03-29	0.039134	0.033118	0.045825	0.033118	6.959991	393600.000000
2022-03-28	-0.003250	-0.000897	0.004315	-0.007286	-0.579987	240100.000000
2022-03-25	-0.010207	-0.002219	0.000721	-0.014700	-1.840012	231900.000000
2022-03-24	0.025543	0.024462	0.027022	0.016953	4.490005	299900.000000
2022-03-23	0.017128	0.024071	0.033503	0.017128	2.959991	419500.000000
2022-03-22	0.005937	0.000000	0.011001	-0.002561	1.020004	229100.000000
2022-03-21	0.000582	0.001165	0.007338	-0.002796	0.100006	233400.000000
2022-03-18	-0.000233	-0.004484	0.000000	-0.010772	-0.040009	179000.000000
2022-03-17	-0.000873	-0.010704	0.001454	-0.019606	-0.149994	300300.000000
2022-03-16	0.035919	0.023805	0.036522	0.017116	5.960007	384300.000000
2022-03-15	0.030045	0.025514	0.032466	0.019678	4.839996	388200.000000
2022-03-14	0.017818	0.026726	0.032097	0.014785	2.819992	389500.000000
2022-03-11	-0.037463	-0.022441	-0.017089	-0.038071	-6.159988	355800.000000
2022-03-10	0.002316	0.008107	0.008107	-0.009326	0.379990	392700.000000
2022-03-09	0.049316	0.050339	0.059422	0.041320	7.710007	438800.000000
2022-03-08	-0.023912	-0.007242	-0.001124	-0.031966	-3.830002	739600.000000
2022-03-07	-0.061962	-0.040937	-0.035900	-0.062958	-10.580002	569800.000000
2022-03-04	-0.030325	-0.029814	-0.028451	-0.039752	-5.339996	335200.000000
2022-03-03	-0.017081	-0.005191	-0.003740	-0.024170	-3.059998	289500.000000
2022-03-02	-0.014088	-0.025535	-0.010731	-0.025535	-2.560013	342100.000000
2022-03-01	-0.006778	0.004810	0.011752	-0.011478	-1.239990	305600.000000
2022-02-28	-0.013108	-0.004909	-0.002697	-0.020121	-2.430008	322000.000000
2022-02-25	0.017286	0.009164	0.019206	0.005652	3.150009	228200.000000
2022-02-24	-0.008758	-0.037097	-0.007017	-0.038947	-1.610001	363100.000000
2022-02-23	-0.009696	0.011258	0.015891	-0.010612	-1.800003	242200.000000
2022-02-22	-0.017622	-0.010213	-0.007938	-0.024184	-3.330002	202300.000000
2022-02-18	0.013027	0.012491	0.014742	0.005200	2.430008	183000.000000
2022-02-17	-0.019758	-0.012086	-0.009301	-0.021913	-3.760010	192200.000000
2022-02-16	0.004752	0.003749	0.007920	-0.001003	0.900009	207000.000000
2022-02-15	0.002275	0.001429	0.005768	-0.002805	0.429993	227300.000000
2022-02-14	-0.019407	-0.014063	-0.011468	-0.025323	-3.740005	259600.000000
2022-02-11	-0.008744	0.000206	0.009207	-0.012859	-1.699997	230000.000000
2022-02-10	-0.034563	-0.031633	-0.020212	-0.035358	-6.959991	420900.000000
2022-02-09	0.005242	0.008986	0.018121	0.000349	1.049988	342500.000000
2022-02-08	0.015616	0.013993	0.017694	0.003904	3.080002	288500.000000
2022-02-07	0.001829	0.006451	0.007771	-0.001778	0.360001	178000.000000
2022-02-04	-0.013281	-0.007367	-0.006465	-0.023856	-2.649994	267500.000000
2022-02-03	-0.000651	0.001603	0.009015	-0.002104	-0.130005	299100.000000
2022-02-02	0.016444	0.012778	0.017818	0.007331	3.230011	243600.000000
2022-02-01	-0.010179	-0.016125	-0.008667	-0.018896	-2.020004	333800.000000
2022-01-31	0.027546	0.014860	0.028944	0.009268	5.319992	418800.000000
2022-01-28	0.016688	0.010739	0.017898	-0.009265	3.169998	274700.000000
2022-01-27	-0.021682	-0.008755	-0.003245	-0.025133	-4.209991	336900.000000
2022-01-26	-0.014415	0.007462	0.007665	-0.021217	-2.839996	537200.000000
2022-01-25	-0.003490	-0.013657	0.005412	-0.025392	-0.690002	433100.000000
2022-01-24	-0.010362	-0.021875	-0.009311	-0.034189	-2.070007	546500.000000
2022-01-21	-0.008438	-0.011366	-0.002581	-0.014444	-1.699997	363700.000000
2022-01-20	-0.004693	0.005681	0.011807	-0.005879	-0.949997	283000.000000
2022-01-19	-0.024341	-0.004145	-0.003711	-0.025883	-5.050003	562200.000000
2022-01-18	-0.015283	-0.007547	-0.005696	-0.016612	-3.220001	379600.000000
2022-01-14	-0.003217	-0.003406	-0.000615	-0.010456	-0.679993	267700.000000
2022-01-13	0.023039	0.021248	0.034509	0.018199	4.759995	547000.000000
2022-01-12	0.023328	0.015354	0.028529	0.013621	4.710007	511400.000000
2022-01-11	0.007736	0.004742	0.008086	-0.003993	1.549988	255500.000000
2022-01-10	-0.000449	0.002694	0.003492	-0.013820	-0.089996	380000.000000
2022-01-07	0.003454	0.004656	0.011214	-0.005156	0.690002	371000.000000
2022-01-06	0.014217	0.018685	0.019548	-0.003910	2.800003	422800.000000
2022-01-05	-0.011246	0.003062	0.010794	-0.011748	-2.240005	555700.000000
2022-01-04	0.069247	0.036449	0.081271	0.032369	12.900009	1057300.000000
2022-01-03	0.005343	0.008149	0.011657	-0.000756	0.989990	352900.000000
2021-12-31	0.006628	0.002010	0.011245	0.001412	1.220001	189900.000000
2021-12-30	0.002178	0.003212	0.005716	0.000163	0.400009	123200.000000
2021-12-29	-0.005792	-0.002652	-0.000812	-0.010284	-1.070007	117800.000000
2021-12-28	-0.006186	0.000054	0.002528	-0.006778	-1.149994	113600.000000
2021-12-27	0.011536	0.001251	0.013603	0.001251	2.119995	196900.000000
2021-12-23	0.013344	0.009484	0.016266	0.008547	2.419998	167800.000000
2021-12-22	-0.007986	-0.015097	-0.006947	-0.015097	-1.460007	165900.000000
2021-12-21	0.004782	0.004672	0.009783	0.000769	0.870010	180100.000000
2021-12-20	-0.011356	-0.013475	-0.010052	-0.021354	-2.089996	251500.000000
2021-12-17	-0.017615	-0.009341	-0.008541	-0.018362	-3.300003	382600.000000
2021-12-16	0.003159	0.005997	0.011780	0.002088	0.589996	384300.000000
2021-12-15	0.033024	0.026164	0.034406	0.019858	5.970001	479100.000000
2021-12-14	0.026459	0.027708	0.035714	0.017602	4.660004	440500.000000
2021-12-13	-0.034165	-0.028407	-0.026488	-0.036633	-6.230011	583700.000000
2021-12-10	0.008740	0.007025	0.008740	-0.000996	1.580002	125500.000000
2021-12-09	-0.009371	-0.008110	-0.006905	-0.013591	-1.709991	186600.000000
2021-12-08	-0.026462	-0.021287	-0.021020	-0.030036	-4.960007	265500.000000
2021-12-07	0.015440	0.010456	0.017932	0.007097	2.850006	245100.000000
2021-12-06	0.011674	0.004330	0.013976	-0.000384	2.129990	189600.000000
2021-12-03	-0.003822	0.002839	0.006770	-0.009336	-0.699997	194000.000000
2021-12-02	0.027315	0.007684	0.029895	0.006338	4.870010	238100.000000
2021-12-01	0.002474	0.016587	0.027720	0.002249	0.439987	246700.000000
2021-11-30	0.002141	0.003155	0.004846	-0.010143	0.380005	331300.000000
2021-11-29	-0.013124	-0.006228	-0.004449	-0.015626	-2.360001	222000.000000
2021-11-26	-0.026947	-0.022023	-0.019804	-0.032574	-4.979996	171400.000000
2021-11-24	-0.001351	-0.000865	0.000324	-0.008376	-0.250000	255500.000000
2021-11-23	-0.000162	0.000000	0.002647	-0.004917	-0.029999	182700.000000
2021-11-22	-0.004678	0.000860	0.002581	-0.007529	-0.870010	264200.000000
2021-11-19	0.007095	0.003845	0.008936	0.003304	1.310013	197400.000000
2021-11-18	-0.008378	-0.000322	-0.000322	-0.012620	-1.560013	271700.000000
2021-11-17	-0.006509	-0.007629	-0.004748	-0.014405	-1.219986	204200.000000
2021-11-16	0.016487	0.014155	0.020554	0.013612	3.039993	228700.000000
2021-11-15	-0.000054	0.003362	0.005748	-0.000325	-0.009995	177100.000000
2021-11-12	0.029995	0.016031	0.031950	0.013797	5.369995	291100.000000
2021-11-11	0.009416	0.006258	0.011107	0.004680	1.669998	122500.000000
2021-11-10	0.005898	0.006409	0.016844	0.002269	1.039993	203000.000000
2021-11-09	-0.023050	-0.012356	-0.010971	-0.026817	-4.159988	222500.000000
2021-11-08	0.006693	0.001339	0.007140	-0.000725	1.199997	204300.000000
2021-11-05	-0.012123	-0.003141	-0.001653	-0.016421	-2.199997	176500.000000
2021-11-04	0.002264	0.005136	0.009775	-0.002596	0.409988	171300.000000
2021-11-03	0.008129	0.001615	0.009743	-0.002338	1.460007	163000.000000
2021-11-02	-0.002056	0.000111	0.000111	-0.012446	-0.369995	166500.000000
2021-11-01	0.019312	0.008835	0.019312	0.008835	3.409988	219100.000000
2021-10-29	0.000510	-0.001587	0.001190	-0.004873	0.090012	164800.000000
2021-10-28	0.013729	0.006893	0.013729	0.006893	2.389999	181400.000000
2021-10-27	0.005139	0.009296	0.012067	0.004677	0.889999	205500.000000
2021-10-26	0.005632	0.008129	0.014864	0.003368	0.970001	145400.000000
2021-10-25	-0.006747	-0.003403	-0.003403	-0.008766	-1.169998	247100.000000
2021-10-22	-0.003563	0.005632	0.007585	-0.007126	-0.620010	206700.000000
2021-10-21	-0.020985	-0.021097	-0.014346	-0.022222	-3.729996	218700.000000
2021-10-20	-0.005149	0.000000	0.000000	-0.009235	-0.919998	161000.000000
2021-10-19	0.000672	0.001456	0.001680	-0.002576	0.119995	197800.000000
2021-10-18	0.012935	0.009814	0.015488	0.008566	2.279999	207300.000000
2021-10-15	0.004330	0.000000	0.005356	-0.004102	0.760010	203800.000000
2021-10-14	-0.001479	-0.006656	-0.001024	-0.007339	-0.260010	157800.000000
2021-10-13	-0.007678	-0.006662	-0.003613	-0.013945	-1.360001	325600.000000
2021-10-12	0.011305	0.009820	0.013817	0.003083	1.980011	250700.000000
2021-10-11	0.018492	0.019829	0.028377	0.016863	3.179993	209100.000000
2021-10-08	0.014752	0.011447	0.017643	0.010090	2.500000	153400.000000
2021-10-07	0.014973	0.012757	0.018147	0.009463	2.500000	212800.000000
2021-10-06	-0.030034	-0.032532	-0.027129	-0.039561	-5.169998	462600.000000
2021-10-05	0.001921	0.000524	0.006577	-0.004132	0.330002	184900.000000
2021-10-04	-0.032710	-0.013850	-0.011710	-0.036313	-5.809998	381700.000000
2021-10-01	-0.000731	0.002025	0.002869	-0.007482	-0.130005	241800.000000
2021-09-30	-0.041521	-0.025721	-0.021084	-0.041521	-7.699997	403400.000000
2021-09-29	0.003246	0.001515	0.014065	-0.005789	0.599991	238600.000000
2021-09-28	-0.008953	-0.002305	-0.000643	-0.012706	-1.669998	197600.000000
2021-09-27	0.021636	0.013748	0.023498	0.013365	3.949997	221600.000000
2021-09-24	-0.001203	-0.000602	0.002407	-0.004322	-0.219986	128700.000000
2021-09-23	0.006608	0.001817	0.007710	-0.000330	1.199997	206200.000000
2021-09-22	-0.001704	-0.001099	0.005443	-0.006322	-0.309998	248400.000000
2021-09-21	0.029370	0.020882	0.032313	0.020372	5.189987	295400.000000
2021-09-20	-0.023432	-0.012600	-0.012600	-0.032606	-4.239990	363500.000000
2021-09-17	-0.005441	-0.002363	-0.001044	-0.007585	-0.990005	155100.000000
2021-09-16	0.001266	-0.003522	0.003302	-0.006604	0.229996	161600.000000
2021-09-15	0.012933	0.003010	0.013936	0.002508	2.320007	257900.000000
2021-09-14	0.005211	0.009862	0.013560	0.001121	0.929993	175800.000000
2021-09-13	0.012252	0.006636	0.012876	0.005559	2.160004	173700.000000
2021-09-10	-0.020936	-0.000222	0.001833	-0.021936	-3.770004	278200.000000
2021-09-09	0.000389	-0.002556	0.005222	-0.002556	0.070007	173300.000000
2021-09-08	-0.009029	-0.000771	-0.000771	-0.013543	-1.639999	219900.000000
2021-09-07	0.013220	0.009650	0.013778	0.007754	2.369995	224300.000000
2021-09-03	0.017192	0.006752	0.017249	0.003348	3.029999	279400.000000
2021-09-02	0.000170	0.000567	0.003689	-0.004200	0.029999	198800.000000
2021-09-01	0.011364	0.004706	0.015726	0.004534	1.980011	204100.000000
2021-08-31	0.007925	0.004339	0.012438	0.004339	1.369995	184400.000000
2021-08-30	-0.005866	-0.000863	-0.000863	-0.008052	-1.020004	134400.000000
2021-08-27	0.013346	0.002623	0.013754	0.002098	2.290009	140300.000000
2021-08-26	-0.012432	-0.001324	0.000173	-0.015309	-2.160004	175200.000000
2021-08-25	0.015963	0.008069	0.018068	0.006198	2.729996	263300.000000
2021-08-24	0.013512	0.006282	0.016831	0.004978	2.279999	308100.000000
2021-08-23	0.024778	0.013422	0.026175	0.009838	4.080002	329900.000000
2021-08-20	-0.023079	-0.017028	-0.016612	-0.027529	-3.889999	448000.000000
2021-08-19	-0.040858	-0.031753	-0.024583	-0.045411	-7.179993	650600.000000
2021-08-18	-0.013695	-0.003760	-0.001066	-0.014817	-2.440002	227300.000000
2021-08-17	-0.013455	-0.005814	-0.005814	-0.016833	-2.430008	213900.000000
2021-08-16	-0.004081	-0.009761	-0.003584	-0.019466	-0.739990	129800.000000
2021-08-13	0.002211	0.001603	0.002376	-0.000774	0.399994	93100.000000
2021-08-12	-0.002426	-0.002040	-0.001489	-0.006506	-0.440002	105600.000000
2021-08-11	0.008227	0.006893	0.008727	0.002779	1.480011	133400.000000
2021-08-10	-0.003711	-0.005649	-0.002492	-0.012904	-0.670013	220400.000000
2021-08-09	-0.000830	0.002213	0.003818	-0.002601	-0.149994	163300.000000
2021-08-06	-0.011703	-0.009406	-0.007383	-0.015422	-2.139999	183400.000000
2021-08-05	0.003733	0.001866	0.007136	-0.000494	0.680008	128800.000000
2021-08-04	-0.020274	-0.017478	-0.011831	-0.025437	-3.770004	194600.000000
2021-08-03	0.022377	0.009017	0.022597	0.006488	4.069992	246900.000000
2021-08-02	0.011343	0.012011	0.016181	0.007229	2.040009	167500.000000
2021-07-30	-0.008709	-0.004465	-0.001874	-0.010197	-1.580002	147200.000000
2021-07-29	0.008617	0.005393	0.011064	0.003447	1.550003	157400.000000
2021-07-28	0.008014	0.000000	0.010087	-0.000841	1.429993	143600.000000
2021-07-27	-0.005905	-0.002451	-0.002451	-0.009972	-1.059998	152700.000000
2021-07-26	-0.001946	-0.003447	-0.000389	-0.005616	-0.350006	155700.000000
2021-07-23	0.010450	0.006461	0.013765	0.003764	1.860001	195900.000000
2021-07-22	-0.009406	0.001725	0.002838	-0.009684	-1.689987	321200.000000
2021-07-21	0.008758	0.000337	0.010162	0.000337	1.559998	183200.000000
2021-07-20	0.010323	-0.000908	0.011741	-0.002893	1.819992	152000.000000
2021-07-19	-0.010273	-0.008140	-0.006400	-0.023017	-1.830002	261100.000000
2021-07-16	-0.004471	0.001956	0.001956	-0.008663	-0.799988	195700.000000
2021-07-15	-0.005944	-0.007167	-0.003722	-0.009667	-1.070007	177800.000000
2021-07-14	0.004576	0.006641	0.010102	0.002121	0.820007	230700.000000
2021-07-13	0.001565	0.000503	0.003130	-0.003130	0.279999	281900.000000
2021-07-12	0.006243	0.000000	0.009112	-0.004218	1.110001	176000.000000
2021-07-09	0.020433	0.019687	0.025828	0.019629	3.559998	320700.000000
2021-07-08	-0.008084	-0.014119	-0.005807	-0.014802	-1.419998	189500.000000
2021-07-07	0.004116	0.004802	0.005374	-0.002058	0.720001	128300.000000
2021-07-06	-0.006249	0.000227	0.002500	-0.014941	-1.100006	288100.000000
2021-07-02	0.003134	0.005186	0.007750	0.002052	0.550003	210300.000000
2021-07-01	0.003660	-0.000743	0.004232	-0.002803	0.639999	181500.000000
2021-06-30	-0.010694	-0.007073	-0.002716	-0.011939	-1.889999	313200.000000
2021-06-29	-0.001920	-0.003784	0.001694	-0.003784	-0.340012	166900.000000
2021-06-28	-0.005783	-0.002527	-0.001684	-0.007524	-1.029999	209100.000000
2021-06-25	0.002420	0.001801	0.006360	0.000675	0.430008	156100.000000
2021-06-24	-0.000225	0.003770	0.003770	-0.000900	-0.040009	164800.000000
2021-06-23	-0.009365	-0.016835	-0.006355	-0.018117	-1.679993	611500.000000
2021-06-22	0.002851	0.006597	0.006597	-0.000280	0.509995	237900.000000
2021-06-21	0.010450	-0.000169	0.013444	-0.002994	1.850006	284400.000000
2021-06-18	-0.044114	-0.039471	-0.036825	-0.048002	-8.169998	735000.000000
2021-06-17	0.007398	0.006310	0.008377	0.000870	1.360001	277400.000000
2021-06-16	0.007619	0.008112	0.013319	0.003563	1.389999	326000.000000
2021-06-15	0.010300	0.010576	0.012127	0.006036	1.860001	180900.000000
2021-06-14	-0.004849	-0.002590	-0.002590	-0.010966	-0.880005	189900.000000
2021-06-11	0.007160	0.003108	0.007160	0.001832	1.290009	164500.000000
2021-06-10	-0.001994	0.000277	0.001219	-0.003988	-0.360001	194400.000000
2021-06-09	0.005178	0.002338	0.006625	0.001448	0.929993	207400.000000
2021-06-08	-0.006582	0.000608	0.001106	-0.007799	-1.190002	307100.000000
2021-06-07	-0.008826	-0.002083	-0.000877	-0.012609	-1.610001	384400.000000
2021-06-04	0.015250	0.011187	0.016642	0.007458	2.740005	386900.000000
2021-06-03	0.017211	0.003793	0.019759	0.002265	3.039993	478800.000000
2021-06-02	0.024893	0.019786	0.026111	0.018278	4.290009	630300.000000
2021-06-01	0.038318	0.033076	0.040788	0.030425	6.360001	596500.000000
2021-05-28	0.002597	0.004470	0.007430	0.000966	0.429993	160000.000000
2021-05-27	0.009328	0.005975	0.014937	0.005426	1.529999	248600.000000
2021-05-26	0.010971	0.003637	0.013437	0.003328	1.779999	231900.000000
2021-05-25	-0.003317	0.001352	0.006266	-0.007065	-0.539993	199500.000000
2021-05-24	0.010052	0.006329	0.011293	0.006081	1.619995	236400.000000
2021-05-21	0.005867	0.004868	0.006803	0.001061	0.940002	211200.000000
2021-05-20	0.005838	0.000188	0.008098	-0.000502	0.930008	209300.000000
2021-05-19	-0.008527	-0.012635	-0.006909	-0.015810	-1.370010	250200.000000
2021-05-18	0.012478	0.011218	0.020356	0.010335	1.980011	322500.000000
2021-05-17	0.018158	0.011870	0.020212	0.010138	2.829987	436100.000000
2021-05-14	0.003994	0.004960	0.008181	0.002770	0.620010	315500.000000
2021-05-13	0.011139	0.002215	0.012181	-0.002606	1.709991	342600.000000
2021-05-12	0.008408	0.021414	0.022530	0.005977	1.279999	627500.000000
2021-05-11	-0.018186	-0.015542	-0.015542	-0.025152	-2.819992	431200.000000
2021-05-10	0.009177	0.010934	0.013472	0.006899	1.410004	264100.000000
2021-05-07	0.004511	0.002484	0.004969	0.000523	0.689987	162500.000000
2021-05-06	0.010170	0.012020	0.012416	0.002972	1.540009	194200.000000
2021-05-05	0.005512	0.009961	0.011289	0.003453	0.830002	250800.000000
2021-05-04	-0.010773	-0.004730	-0.003941	-0.013007	-1.639999	266700.000000
2021-05-03	0.009684	0.004709	0.013199	0.003781	1.459991	230900.000000
2021-04-30	-0.010890	-0.015351	-0.005445	-0.016598	-1.659988	394000.000000
2021-04-29	-0.005416	0.001566	0.003328	-0.010244	-0.830002	377600.000000
2021-04-28	0.002945	0.002552	0.006544	0.000131	0.449997	236100.000000
2021-04-27	-0.004754	-0.006187	-0.002410	-0.008271	-0.729996	490100.000000
2021-04-26	-0.009356	-0.004387	-0.004387	-0.009678	-1.450012	249600.000000
2021-04-23	0.001357	-0.005104	0.005233	-0.005556	0.210007	233700.000000
2021-04-22	-0.002320	0.002320	0.002836	-0.004705	-0.360001	227400.000000
2021-04-21	0.006749	-0.003894	0.009604	-0.003894	1.039993	322400.000000
2021-04-20	-0.014769	-0.010677	-0.010230	-0.022441	-2.309998	317900.000000
2021-04-19	-0.007362	0.002475	0.002602	-0.010408	-1.160004	242300.000000
2021-04-16	0.001653	0.003115	0.003751	-0.001335	0.260010	162700.000000
2021-04-15	0.006977	0.004865	0.007745	0.001792	1.089996	179000.000000
2021-04-14	0.002889	0.003081	0.007126	0.000642	0.449997	172900.000000
2021-04-13	0.010903	0.005906	0.011032	0.001493	1.680008	220300.000000
2021-04-12	-0.001232	0.004084	0.004084	-0.002463	-0.190002	246300.000000
2021-04-09	0.005868	0.004433	0.006976	0.000848	0.899994	181400.000000
2021-04-08	-0.008533	-0.002262	0.000000	-0.011700	-1.319992	233700.000000
2021-04-07	0.006834	0.007745	0.013602	0.005858	1.050003	216500.000000
2021-04-06	-0.011134	-0.014674	-0.007015	-0.015060	-1.730011	400300.000000
2021-04-05	0.007914	0.000000	0.010898	-0.002465	1.220001	300600.000000
2021-04-01	-0.012175	-0.015763	-0.011726	-0.019352	-1.899994	274500.000000
2021-03-31	0.014233	0.015273	0.016897	0.012608	2.190002	289200.000000
2021-03-30	0.009314	0.007739	0.014364	0.006100	1.419861	476000.000000
2021-03-29	0.009976	0.020244	0.028856	0.017130	1.505814	317200.000000
2021-03-26	0.015225	0.029051	0.031808	0.022930	2.263611	312200.000000
2021-03-25	0.002655	0.011552	0.020049	0.005617	0.393677	273800.000000
2021-03-24	-0.004427	0.013720	0.016339	0.009759	-0.659409	344200.000000
2021-03-23	-0.020326	0.006664	0.006927	-0.006161	-3.090332	386900.000000
2021-03-22	-0.025854	-0.005587	-0.005587	-0.012058	-4.035156	451100.000000
2021-03-19	0.005516	0.022513	0.023543	0.012204	0.856232	425100.000000
2021-03-18	0.026491	0.041134	0.055155	0.038291	4.005630	824300.000000
2021-03-17	0.010125	0.020412	0.030032	0.015870	1.515640	319100.000000
2021-03-16	-0.005232	0.010089	0.014542	0.007963	-0.787338	284800.000000
2021-03-15	0.015744	0.032742	0.037197	0.027747	2.332520	394000.000000
2021-03-12	0.001131	0.012083	0.018435	0.010732	0.167313	295500.000000
2021-03-11	-0.010008	0.004496	0.012123	-0.003197	-1.495972	498400.000000
2021-03-10	0.002244	0.012919	0.020294	0.007421	0.334641	472100.000000
2021-03-09	0.022330	0.034098	0.044997	0.032041	3.257645	349700.000000
2021-03-08	-0.001953	0.016412	0.028932	0.012444	-0.285416	474500.000000
2021-03-05	0.011372	0.024373	0.030738	0.009843	1.643585	313600.000000
2021-03-04	-0.013304	0.014773	0.019142	-0.006323	-1.948685	353400.000000
2021-03-03	-0.002547	0.021450	0.022743	0.012461	-0.373993	377900.000000
2021-03-02	-0.000871	0.017431	0.021785	0.012124	-0.127945	337100.000000
2021-03-01	0.009532	0.024862	0.030082	0.019642	1.387711	347900.000000
2021-02-26	-0.008911	0.021924	0.023354	-0.000676	-1.308960	592900.000000
2021-02-25	-0.020925	0.014870	0.014870	-0.010390	-3.139557	446200.000000
2021-02-24	-0.001833	0.004494	0.017334	0.002764	-0.275574	419300.000000
2021-02-23	0.001902	0.009805	0.021069	-0.001260	0.285416	304000.000000
2021-02-22	-0.007229	0.016070	0.018518	0.006674	-1.092453	291300.000000
2021-02-19	0.000652	0.017792	0.021102	0.014084	0.098434	231800.000000
2021-02-18	-0.019677	-0.005935	-0.001716	-0.011453	-3.031296	490500.000000
2021-02-17	0.000320	0.014317	0.018083	0.008862	0.049210	279400.000000
2021-02-16	-0.024986	0.004737	0.008283	-0.011280	-3.946579	468500.000000
2021-02-12	0.009752	0.020673	0.031221	0.020673	1.525482	418000.000000
2021-02-11	-0.016217	0.022548	0.022548	-0.004747	-2.578552	466600.000000
2021-02-10	0.049091	0.029266	0.077892	0.026693	7.440430	1415500.000000
2021-02-09	0.006997	0.019392	0.025903	0.015605	1.053085	326800.000000
2021-02-08	0.013721	0.025701	0.030281	0.024960	2.037247	309400.000000
2021-02-05	0.019187	0.029455	0.037761	0.024582	2.795074	329800.000000
2021-02-04	-0.000338	0.017031	0.021628	0.012158	-0.049210	250800.000000
2021-02-03	0.034586	0.045817	0.054691	0.042551	4.871719	462000.000000
2021-02-02	0.019301	0.032352	0.037490	0.025550	2.667145	447900.000000
2021-02-01	-0.000783	0.013467	0.017588	0.007176	-0.108261	362900.000000
2021-01-29	-0.019400	0.008199	0.008199	-0.007045	-2.736038	342600.000000
2021-01-28	0.004627	0.017352	0.025686	0.014004	0.649567	275100.000000
2021-01-27	-0.022880	0.007091	0.008553	-0.009962	-3.287170	407500.000000
2021-01-26	-0.005044	0.011084	0.014616	0.007967	-0.728302	285800.000000
2021-01-25	-0.008314	0.016070	0.016070	-0.002473	-1.210541	369500.000000
2021-01-22	-0.022400	-0.005011	-0.002393	-0.008973	-3.336395	393400.000000
2021-01-21	0.009068	0.024538	0.034565	0.018915	1.338501	469100.000000
2021-01-20	0.012489	0.020185	0.029171	0.016276	1.820724	256000.000000
2021-01-19	-0.001887	0.016344	0.018329	0.009497	-0.275558	368800.000000
2021-01-15	-0.019360	-0.001923	0.001367	-0.010450	-2.883667	390600.000000
2021-01-14	0.004580	0.021668	0.026996	0.019982	0.679092	314900.000000
2021-01-13	-0.007249	0.010245	0.011048	0.004553	-1.082611	387500.000000
2021-01-12	-0.010692	0.007392	0.007392	-0.002080	-1.614059	618700.000000
2021-01-11	0.003533	0.018397	0.025111	0.009223	0.531464	335500.000000
2021-01-08	0.001179	0.022259	0.025321	0.012343	0.177155	418100.000000
2021-01-07	-0.005602	0.003694	0.010577	0.002701	-0.846405	345000.000000
2021-01-06	0.000848	0.011500	0.021170	0.009976	0.127960	296100.000000
2021-01-05	0.000718	0.006923	0.016799	0.005862	0.108261	231800.000000
2021-01-04	-0.008281	0.024221	0.024221	-0.000693	-1.259781	315600.000000
2020-12-31	0.003115	0.018180	0.021015	0.015279	0.472427	160000.000000
2020-12-30	0.004891	0.023823	0.028461	0.020708	0.738144	193500.000000
2020-12-29	0.004849	0.032050	0.033382	0.018067	0.728287	265100.000000
2020-12-28	0.014156	0.033829	0.035990	0.027955	2.096313	215600.000000
2020-12-24	-0.004565	0.009483	0.015868	0.009483	-0.679092	150200.000000
2020-12-23	0.002587	0.015194	0.019979	0.012229	0.383835	317900.000000
2020-12-22	-0.006589	0.013928	0.015936	0.005693	-0.984192	181800.000000
2020-12-21	-0.013006	-0.006198	0.002854	-0.012872	-1.968369	257100.000000
2020-12-18	-0.005626	0.010222	0.012325	0.004243	-0.856232	327300.000000
2020-12-17	-0.002902	0.022818	0.023997	0.012467	-0.442886	222100.000000
2020-12-16	0.014655	0.024778	0.033553	0.017067	2.204575	266100.000000
2020-12-15	-0.004753	0.015342	0.015342	0.004955	-0.718460	285300.000000
2020-12-14	0.017086	0.036257	0.042313	0.032690	2.539200	494700.000000
2020-12-11	0.055427	0.062587	0.077644	0.058468	7.804581	708800.000000
2020-12-10	0.015545	0.029629	0.032730	0.023426	2.155365	319900.000000
2020-12-09	0.015425	0.032182	0.043607	0.022881	2.106155	190300.000000
2020-12-08	0.004271	0.017320	0.022174	0.015702	0.580673	130700.000000
2020-12-07	-0.000940	0.018421	0.020038	0.011808	-0.127945	150100.000000
2020-12-04	0.010449	0.023866	0.030919	0.022752	1.407379	137800.000000
2020-12-03	0.003741	0.026727	0.029634	0.019126	0.501938	171500.000000
2020-12-02	0.001469	0.015398	0.020324	0.013309	0.196838	197900.000000
2020-12-01	0.012494	0.024685	0.031183	0.021511	1.653412	289200.000000
2020-11-30	-0.040668	-0.014667	0.004036	-0.025324	-5.609848	355200.000000
2020-11-27	-0.008138	0.007370	0.014991	0.006938	-1.131805	77300.000000
2020-11-25	-0.017589	-0.004203	-0.000177	-0.010843	-2.489975	231400.000000
2020-11-24	0.004049	0.020609	0.025077	0.015503	0.570831	188300.000000
2020-11-23	0.007950	0.027651	0.029152	0.023862	1.112106	238000.000000
2020-11-20	0.008586	0.026020	0.031356	0.024362	1.190872	113000.000000
2020-11-19	-0.006416	0.007975	0.010697	0.003891	-0.895615	140000.000000
2020-11-18	-0.006375	0.009735	0.019060	0.005606	-0.895599	228600.000000
2020-11-17	-0.009507	0.006975	0.011628	0.001616	-1.348328	150100.000000
2020-11-16	0.017582	0.028769	0.037809	0.028626	2.450623	130200.000000
2020-11-13	0.013816	0.020434	0.031781	0.019343	1.899460	136200.000000
2020-11-12	-0.019582	0.007869	0.007869	-0.004468	-2.745865	99500.000000
2020-11-11	0.018151	0.036182	0.040611	0.031898	2.499817	176000.000000
2020-11-10	0.002148	0.016506	0.029458	0.016070	0.295258	217800.000000
2020-11-09	0.017784	0.039028	0.049470	0.034140	2.401413	245600.000000
2020-11-06	0.000948	0.013327	0.024446	0.008954	0.127945	165100.000000
2020-11-05	0.021690	0.028945	0.040608	0.026597	2.863968	155900.000000
2020-11-04	-0.012585	0.007545	0.008891	0.002160	-1.682938	185100.000000
2020-11-03	0.019739	0.025374	0.043371	0.025374	2.588394	147600.000000
2020-11-02	0.014853	0.029768	0.034334	0.026673	1.919174	146200.000000
2020-10-30	-0.000457	0.012434	0.017385	0.009804	-0.059067	116000.000000
2020-10-29	0.009841	0.030600	0.033881	0.018726	1.259750	140600.000000
2020-10-28	-0.018043	0.005868	0.006481	-0.008323	-2.352203	229500.000000
2020-10-27	-0.002936	0.017523	0.017523	0.011557	-0.383820	144800.000000
2020-10-26	-0.003226	0.014850	0.016680	0.009056	-0.423203	142000.000000
2020-10-23	-0.001049	0.019116	0.019116	0.011348	-0.137787	59900.000000
2020-10-22	0.002103	0.017978	0.019275	0.012330	0.275574	70800.000000
2020-10-21	0.013936	0.029147	0.035260	0.028064	1.801056	162900.000000
2020-10-20	0.003285	0.016070	0.023057	0.014362	0.423203	138300.000000
2020-10-19	0.001837	0.025014	0.025014	0.015914	0.236206	106800.000000
2020-10-16	-0.004041	0.012042	0.020253	0.011577	-0.521622	144400.000000
2020-10-15	-0.002737	0.009195	0.013675	0.007186	-0.354309	123000.000000
2020-10-14	-0.008443	0.008334	0.010861	0.005806	-1.102280	105100.000000
2020-10-13	0.006449	0.024087	0.026323	0.020850	0.836548	104600.000000
2020-10-12	-0.002120	0.015454	0.017147	0.012531	-0.275574	144400.000000
2020-10-09	-0.006544	0.010491	0.011561	0.008580	-0.856232	107800.000000
2020-10-08	0.003927	0.019906	0.021517	0.016377	0.511780	99300.000000
2020-10-07	0.008914	0.027062	0.027062	0.021876	1.151489	115900.000000
2020-10-06	-0.006359	0.014762	0.020147	0.008840	-0.826721	256600.000000
2020-10-05	0.002809	0.014142	0.019541	0.012368	0.364166	236200.000000
2020-10-02	-0.005286	0.004945	0.013768	0.004178	-0.688934	98800.000000
2020-10-01	-0.000076	0.017528	0.019062	0.012848	-0.009842	130800.000000
2020-09-30	-0.013482	0.003960	0.008577	-0.000051	-1.781372	155900.000000
2020-09-29	0.001903	0.024222	0.029378	0.017549	0.250961	136500.000000
2020-09-28	0.022862	0.047405	0.057255	0.047405	2.947586	219000.000000
2020-09-25	0.008495	0.037216	0.041284	0.032523	1.085960	189300.000000
2020-09-24	-0.010803	0.016571	0.026707	0.012934	-1.396217	199500.000000
2020-09-23	0.007864	0.049052	0.054043	0.038680	1.008377	199100.000000
2020-09-22	0.007849	0.032843	0.039838	0.030956	0.998688	144600.000000
2020-09-21	-0.022570	0.016369	0.016369	0.000313	-2.937897	306300.000000
2020-09-18	-0.005556	0.027377	0.033718	0.025620	-0.727203	128000.000000
2020-09-17	0.007237	0.029580	0.042045	0.027733	0.940506	132400.000000
2020-09-16	0.000000	0.035351	0.036967	0.031195	0.000000	125800.000000
2020-09-15	0.001944	0.036823	0.039136	0.032429	0.252106	100900.000000
2020-09-14	0.018502	0.051452	0.054986	0.047761	2.356133	193000.000000
2020-09-11	0.008911	0.038876	0.042599	0.034202	1.124748	155800.000000
2020-09-10	-0.007245	0.026080	0.033080	0.022855	-0.921143	133700.000000
2020-09-09	-0.000762	0.024198	0.033236	0.024198	-0.096939	179900.000000
2020-09-08	-0.014568	0.014544	0.023063	0.011446	-1.881042	227300.000000
2020-09-04	0.024779	0.055556	0.061508	0.039127	3.122131	203000.000000
2020-09-03	-0.019393	0.024345	0.026913	0.008546	-2.491882	173300.000000
2020-09-02	0.001663	0.026594	0.033844	0.025659	0.213303	123000.000000
2020-09-01	-0.000981	0.026443	0.031583	0.020914	-0.126022	143900.000000
2020-08-31	-0.011126	0.025188	0.025188	0.014869	-1.444733	183300.000000
2020-08-28	0.002696	0.034979	0.036987	0.031427	0.349075	100300.000000
2020-08-27	-0.009860	0.025844	0.026303	0.018199	-1.289581	165000.000000
2020-08-26	0.000742	0.028365	0.033492	0.025228	0.096970	138300.000000
2020-08-25	0.000223	0.033186	0.034717	0.026604	0.029083	126800.000000
2020-08-24	0.006949	0.037669	0.043834	0.035511	0.901718	154300.000000
2020-08-21	-0.001939	0.024658	0.029965	0.023812	-0.252090	122600.000000
2020-08-20	-0.008284	0.020060	0.024027	0.019069	-1.085968	118000.000000
2020-08-19	-0.006393	0.032486	0.034533	0.024225	-0.843536	111900.000000
2020-08-18	0.004058	0.036600	0.039340	0.033937	0.533279	121200.000000
2020-08-17	0.009760	0.036959	0.041646	0.034039	1.270172	158800.000000
2020-08-14	-0.010469	0.016370	0.022605	0.015838	-1.376831	110700.000000
2020-08-13	-0.005863	0.029913	0.030593	0.022581	-0.775696	158100.000000
2020-08-12	0.020112	0.055408	0.055716	0.049933	2.608246	251600.000000
2020-08-11	0.024355	0.066341	0.067684	0.054967	3.083336	287700.000000
2020-08-10	0.004694	0.031667	0.036746	0.031350	0.591461	174000.000000
2020-08-07	0.012623	0.044689	0.044689	0.038341	1.570755	214900.000000
2020-08-06	0.028201	0.062417	0.070019	0.054320	3.413002	248000.000000
2020-08-05	0.015540	0.054509	0.055851	0.045195	1.851944	172600.000000
2020-08-04	0.016289	0.048320	0.053607	0.042265	1.910118	162400.000000
2020-08-03	0.013407	0.033769	0.046819	0.032819	1.551376	240700.000000
2020-07-31	-0.025478	0.010632	0.012484	-0.000654	-3.025169	271900.000000
2020-07-30	-0.012340	0.014797	0.020286	0.008225	-1.483498	186100.000000
2020-07-29	-0.011717	0.014251	0.020992	0.011538	-1.425316	224800.000000
2020-07-28	-0.016540	0.018657	0.018818	0.012351	-2.045860	161800.000000
2020-07-27	0.018848	0.044776	0.054742	0.042964	2.288261	149600.000000
2020-07-24	-0.005165	0.027334	0.033726	0.024712	-0.630249	124000.000000
2020-07-23	-0.003168	0.028981	0.036986	0.026775	-0.387840	138800.000000
2020-07-22	-0.000079	0.027184	0.032330	0.024979	-0.009682	104800.000000
2020-07-21	-0.007935	0.030944	0.031836	0.022355	-0.979309	153000.000000
2020-07-20	0.001732	0.032324	0.036057	0.030213	0.213318	145600.000000
2020-07-17	0.004506	0.036160	0.038198	0.031757	0.552673	137000.000000
2020-07-16	-0.006597	0.030782	0.030782	0.021225	-0.814468	212400.000000
2020-07-15	0.007119	0.042688	0.045380	0.035428	0.872643	201500.000000
2020-07-14	0.011036	0.032174	0.044380	0.032174	1.338051	191900.000000
2020-07-13	0.000640	0.045297	0.045297	0.030112	0.077568	218200.000000
2020-07-10	0.009206	0.032349	0.041511	0.029184	1.105354	198700.000000
2020-07-09	-0.012599	0.028553	0.028553	0.010708	-1.531982	168200.000000
2020-07-08	0.003601	0.035724	0.035724	0.028956	0.436325	179700.000000
2020-07-07	-0.015908	0.023471	0.026963	0.014943	-1.958603	184200.000000
2020-07-06	0.004668	0.037633	0.039591	0.030860	0.572075	285700.000000
2020-07-02	0.018125	0.056772	0.059513	0.047965	2.181610	326500.000000
2020-07-01	-0.011860	0.024207	0.026506	0.018214	-1.444710	255100.000000
2020-06-30	-0.009930	0.020133	0.025091	0.014931	-1.221703	222100.000000
2020-06-29	0.005786	0.033884	0.038216	0.029469	0.707802	242500.000000
2020-06-26	-0.012601	0.032480	0.032480	0.016255	-1.561058	229700.000000
2020-06-25	-0.000235	0.020455	0.031349	0.016904	-0.029091	192000.000000
2020-06-24	-0.009993	0.033826	0.033986	0.014652	-1.250778	433600.000000
2020-06-23	0.007492	0.047770	0.048897	0.038111	0.930801	244800.000000
2020-06-22	0.002661	0.032479	0.035708	0.026426	0.329674	124600.000000
2020-06-19	-0.010300	0.030391	0.031110	0.018410	-1.289566	138800.000000
2020-06-18	0.001862	0.031349	0.033270	0.028148	0.232697	114200.000000
2020-06-17	-0.005556	0.031986	0.034453	0.025301	-0.698112	157300.000000
2020-06-16	0.017268	0.058064	0.062679	0.040740	2.133133	169000.000000
2020-06-15	-0.003286	0.018036	0.034577	0.010613	-0.407242	188000.000000
2020-06-12	0.027162	0.062098	0.063838	0.048340	3.277260	241600.000000
2020-06-11	-0.050149	0.002773	0.006788	-0.025174	-6.370285	266800.000000
2020-06-10	0.003216	0.035772	0.040984	0.030086	0.407227	158400.000000
2020-06-09	-0.011206	0.015184	0.023696	0.012217	-1.435020	195800.000000
2020-06-08	0.007399	0.037328	0.039452	0.028911	0.940514	189500.000000
2020-06-05	0.022940	0.047122	0.062251	0.047122	2.850647	238900.000000
2020-06-04	-0.004428	0.021575	0.034154	0.021575	-0.552666	196900.000000
2020-06-03	0.017789	0.044152	0.053937	0.040319	2.181595	237000.000000
2020-06-02	0.000237	0.030860	0.036814	0.027271	0.029091	237900.000000
2020-06-01	0.003492	0.022264	0.038143	0.021037	0.426628	233500.000000
2020-05-29	-0.018308	0.011905	0.014396	0.002022	-2.278572	269100.000000
2020-05-28	0.012223	0.050706	0.051763	0.041922	1.502892	341700.000000
2020-05-27	0.021755	0.050462	0.055116	0.037416	2.617920	330200.000000
2020-05-26	0.055716	0.079513	0.091006	0.076530	6.350906	378700.000000
2020-05-22	-0.003306	0.031699	0.032311	0.024092	-0.378136	131800.000000
2020-05-21	-0.015607	0.023172	0.025410	0.011552	-1.813164	132300.000000
2020-05-20	0.013534	0.045482	0.049757	0.040510	1.551361	162600.000000
2020-05-19	-0.010463	0.029796	0.033162	0.020559	-1.212006	220600.000000
2020-05-18	0.022072	0.045202	0.056584	0.042026	2.501579	236300.000000
2020-05-15	-0.000513	0.024735	0.034877	0.023942	-0.058167	179100.000000
2020-05-14	-0.006878	0.015935	0.025219	0.008841	-0.785385	255300.000000
2020-05-13	-0.020055	0.028431	0.028431	0.004229	-2.336746	340500.000000
2020-05-12	-0.027908	0.013996	0.021171	0.001565	-3.345131	355200.000000
2020-05-11	0.004224	0.032355	0.037801	0.030177	0.504196	179100.000000
2020-05-08	0.013002	0.035254	0.048578	0.035084	1.531975	216200.000000
2020-05-07	-0.000494	0.030247	0.036609	0.028380	-0.058189	146700.000000
2020-05-06	-0.003116	0.043949	0.043949	0.026867	-0.368446	131400.000000
2020-05-05	0.010439	0.046986	0.049977	0.040578	1.221710	124900.000000
2020-05-04	-0.003468	0.023941	0.029817	0.020280	-0.407242	189500.000000
2020-05-01	-0.019985	0.015077	0.020000	0.009820	-2.394920	183200.000000
2020-04-30	-0.033396	0.007473	0.008845	-0.008094	-4.140205	265300.000000
2020-04-29	0.018886	0.049184	0.058471	0.044910	2.297966	171100.000000
2020-04-28	0.010386	0.048206	0.054019	0.041895	1.250786	195700.000000
2020-04-27	0.013381	0.041363	0.047001	0.037156	1.590149	160300.000000
2020-04-24	0.007232	0.040419	0.040758	0.031434	0.853256	114100.000000
2020-04-23	0.002059	0.039333	0.046977	0.033388	0.242393	156100.000000
2020-04-22	0.006298	0.043913	0.043913	0.035110	0.736900	181700.000000
2020-04-21	-0.008545	0.029146	0.033637	0.020334	-1.008385	221700.000000
2020-04-20	-0.023273	0.015376	0.019431	0.006768	-2.811852	176700.000000
2020-04-17	0.022819	0.057846	0.057846	0.045656	2.695496	180900.000000
2020-04-16	-0.009432	0.023048	0.023886	0.010553	-1.124741	195400.000000
2020-04-15	-0.013238	0.026550	0.026550	0.014717	-1.599846	302200.000000
2020-04-14	0.027874	0.061203	0.065285	0.052102	3.277260	297800.000000
2020-04-13	-0.017422	0.017477	0.017895	0.004356	-2.084648	154300.000000
2020-04-09	-0.001052	0.036943	0.042202	0.027593	-0.126053	216300.000000
2020-04-08	0.013454	0.042094	0.048440	0.030080	1.590157	238900.000000
2020-04-07	-0.004166	0.057974	0.058816	0.027052	-0.494507	239600.000000
2020-04-06	0.064435	0.076191	0.101391	0.070810	7.184769	328200.000000
2020-04-03	-0.023935	0.005001	0.012704	-0.002264	-2.734283	337100.000000
2020-04-02	0.009511	0.024280	0.043809	0.022601	1.076263	292600.000000
2020-04-01	-0.027011	0.014583	0.026019	0.001686	-3.141518	398100.000000
2020-03-31	-0.042086	-0.009997	0.006146	-0.015350	-5.109810	356600.000000
2020-03-30	0.001641	0.026442	0.033619	0.014727	0.198875	274400.000000
2020-03-27	0.007124	0.039404	0.073884	0.038656	0.857391	329700.000000
2020-03-26	0.041636	0.056024	0.095315	0.056024	4.810860	377300.000000
2020-03-25	0.042458	0.097432	0.111507	0.068743	4.706093	486900.000000
2020-03-24	0.047255	0.077390	0.105168	0.063123	5.001389	407400.000000
2020-03-23	-0.046024	0.025009	0.031229	-0.021049	-5.106194	487900.000000
2020-03-20	-0.014971	0.065421	0.081846	0.033991	-1.686188	317000.000000
2020-03-19	0.018610	0.068246	0.088956	0.057755	2.057724	481000.000000
2020-03-18	-0.023719	0.023042	0.053150	-0.010774	-2.686470	579800.000000
2020-03-17	0.095760	0.118493	0.158160	0.100015	9.898010	743300.000000
2020-03-16	-0.066506	-0.006559	0.016110	-0.024531	-7.363960	409400.000000
2020-03-13	0.035918	0.096297	0.097139	0.043999	3.839165	448700.000000
2020-03-12	-0.086245	0.015425	0.015425	-0.046981	-10.088539	536300.000000
2020-03-11	-0.033073	0.034579	0.043424	0.013501	-4.001106	565500.000000
2020-03-10	0.034205	0.079627	0.085697	0.053553	4.001106	462100.000000
2020-03-09	-0.033986	0.012462	0.037980	0.009489	-4.115425	435200.000000
2020-03-06	-0.016177	0.035244	0.038982	0.025332	-1.991043	292200.000000
2020-03-05	-0.020099	0.030997	0.033624	0.025424	-2.524513	401900.000000
2020-03-04	0.006873	0.038083	0.058043	0.034075	0.857391	244600.000000
2020-03-03	-0.013262	0.047650	0.059831	0.028429	-1.676666	289000.000000
2020-03-02	0.014990	0.051713	0.067609	0.044809	1.867195	264200.000000
2020-02-28	-0.004947	0.029335	0.044913	0.022545	-0.619217	367900.000000
2020-02-27	-0.027603	0.034403	0.038831	0.019410	-3.553391	304700.000000
2020-02-26	0.008207	0.058869	0.067328	0.054327	1.047913	316800.000000
2020-02-25	-0.003420	0.063521	0.063521	0.040418	-0.438217	317700.000000
2020-02-24	-0.032724	0.020112	0.021546	0.011731	-4.334534	398800.000000
2020-02-21	-0.000503	0.051140	0.054988	0.046160	-0.066696	150600.000000
2020-02-20	0.009214	0.055722	0.061662	0.052752	1.209869	241000.000000
2020-02-19	-0.011049	0.036527	0.044434	0.035698	-1.467072	315200.000000
2020-02-18	-0.005494	0.041542	0.048583	0.037947	-0.733551	275800.000000
2020-02-14	-0.006733	0.045987	0.048888	0.039737	-0.905014	139200.000000
2020-02-13	-0.009338	0.039167	0.042557	0.037546	-1.267014	135900.000000
2020-02-12	0.002252	0.048894	0.053769	0.048524	0.304840	99100.000000
2020-02-11	0.005875	0.054982	0.057582	0.052827	0.790695	151200.000000
2020-02-10	-0.007447	0.039308	0.046461	0.037686	-1.009811	135800.000000
2020-02-07	-0.010497	0.043431	0.044671	0.038104	-1.438492	98000.000000
2020-02-06	0.015030	0.066594	0.069483	0.059631	2.029129	204600.000000
2020-02-05	0.005463	0.059015	0.059015	0.053504	0.733551	104100.000000
2020-02-04	0.014613	0.063458	0.070183	0.061872	1.933868	208100.000000
2020-02-03	0.000576	0.048496	0.057569	0.047514	0.076218	160600.000000
2020-01-31	-0.015878	0.042042	0.046135	0.030584	-2.133942	281600.000000
2020-01-30	-0.003320	0.041920	0.047036	0.036209	-0.447739	111400.000000
2020-01-29	-0.007224	0.049706	0.049706	0.042123	-0.981232	116900.000000
2020-01-28	0.010776	0.054246	0.061092	0.054246	1.448044	234500.000000
2020-01-27	-0.011908	0.040000	0.040736	0.034412	-1.619507	186800.000000
2020-01-24	-0.002097	0.052862	0.054843	0.043690	-0.285782	204900.000000
2020-01-23	0.010596	0.056306	0.061126	0.053710	1.428955	169400.000000
2020-01-22	-0.005759	0.046388	0.048600	0.041154	-0.781174	170800.000000
2020-01-21	0.016710	0.062524	0.071594	0.059900	2.229202	166200.000000
2020-01-17	-0.000428	0.046559	0.049407	0.044986	-0.057159	91100.000000
2020-01-16	0.005310	0.050309	0.055280	0.049781	0.704956	104000.000000
2020-01-15	-0.007195	0.044023	0.045593	0.041555	-0.962173	138200.000000
2020-01-14	-0.001352	0.048661	0.050826	0.045674	-0.181000	109400.000000
2020-01-13	0.005940	0.052937	0.056618	0.049631	0.790695	114100.000000
2020-01-10	-0.005551	0.045896	0.047092	0.041937	-0.743057	172000.000000
2020-01-09	-0.004605	0.049706	0.049706	0.041898	-0.619232	116200.000000
2020-01-08	-0.002473	0.045256	0.050226	0.042956	-0.333405	117700.000000
2020-01-07	0.005257	0.059848	0.062084	0.054106	0.704926	123500.000000
2020-01-06	0.000142	0.040086	0.050750	0.040086	0.019073	150200.000000
2020-01-03	-0.010475	0.042252	0.043655	0.035389	-1.419464	174900.000000
2020-01-02	0.012096	0.060611	0.063225	0.057101	1.619507	118100.000000
