2022-12-30	0.011164	-0.015351	0.021836	-0.016992	1.360001	157777300.000000
2022-12-29	0.080827	0.068139	0.096353	0.042498	9.110001	221923300.000000
2022-12-28	0.033089	0.011457	0.065720	-0.007883	3.610001	221070500.000000
2022-12-27	-0.114089	-0.045879	-0.028258	-0.116849	-14.050003	208643400.000000
2022-12-23	-0.017551	0.008137	0.026087	-0.034543	-2.199997	166989700.000000
2022-12-22	-0.088828	-0.011412	-0.006833	-0.111289	-12.220009	210090300.000000
2022-12-21	-0.001669	0.011176	0.025109	-0.013861	-0.229996	145417400.000000
2022-12-20	-0.080536	-0.025489	-0.009341	-0.081471	-12.069992	159563300.000000
2022-12-19	-0.002396	0.025095	0.033415	-0.029355	-0.360001	139390600.000000
2022-12-16	-0.047187	0.012494	0.021057	-0.048392	-7.440002	139032200.000000
2022-12-15	0.005548	-0.021429	0.026339	-0.022449	0.869995	122334500.000000
2022-12-14	-0.025784	-0.010562	0.004163	-0.035042	-4.149994	140682300.000000
2022-12-13	-0.040937	0.042009	0.043082	-0.065010	-6.870010	175862700.000000
2022-12-12	-0.062720	-0.016476	-0.009383	-0.064395	-11.229996	109794500.000000
2022-12-09	0.032345	0.002306	0.052237	-0.000461	5.610001	104872300.000000
2022-12-08	-0.003447	-0.010572	0.006665	-0.028614	-0.599991	97624500.000000
2022-12-07	-0.032143	-0.026638	-0.002447	-0.042265	-5.780014	84213300.000000
2022-12-06	-0.014415	-0.006742	0.006577	-0.039024	-2.629990	92150800.000000
2022-12-05	-0.063687	-0.027815	-0.018423	-0.073437	-12.410004	93122700.000000
2022-12-02	0.000822	-0.014997	0.007961	-0.018439	0.160004	73645900.000000
2022-12-01	0.000000	0.012224	0.021674	-0.014895	0.000000	80046200.000000
2022-11-30	0.076702	0.008848	0.077034	-0.001106	13.869995	109186400.000000
2022-11-29	-0.011426	0.011316	0.018915	-0.022797	-2.089996	83357100.000000
2022-11-28	0.000328	-0.015859	0.030843	-0.021109	0.059998	92905200.000000
2022-11-25	-0.001856	0.010153	0.010917	-0.014028	-0.339996	50672700.000000
2022-11-23	0.078218	0.021541	0.080690	0.015243	13.289993	109536700.000000
2022-11-22	0.012152	0.004527	0.018169	-0.010008	2.040009	78452300.000000
2022-11-21	-0.068372	-0.024086	-0.018980	-0.070204	-12.320007	92882700.000000
2022-11-18	-0.016269	0.010264	0.011028	-0.036141	-2.979996	76048900.000000
2022-11-17	-0.020062	-0.015836	-0.004066	-0.032206	-3.750000	64336000.000000
2022-11-16	-0.038576	-0.014968	-0.009515	-0.045057	-7.500000	66567600.000000
2022-11-15	0.018172	0.025818	0.051689	0.005813	3.470001	91293800.000000
2022-11-14	-0.025616	-0.016329	-0.001225	-0.049140	-5.020004	92226600.000000
2022-11-11	0.027527	-0.024748	0.030411	-0.042628	5.250000	114403600.000000
2022-11-10	0.073934	0.069317	0.075511	0.013740	13.130005	132703000.000000
2022-11-09	-0.071668	-0.002718	0.023994	-0.074124	-13.710007	127062700.000000
2022-11-08	-0.029328	-0.015527	-0.009539	-0.052415	-5.779999	128803400.000000
2022-11-07	-0.050080	0.005688	0.006893	-0.052104	-10.389999	93916500.000000
2022-11-04	-0.036413	0.033858	0.039432	-0.056802	-7.839996	98622200.000000
2022-11-03	0.001535	-0.016839	0.028933	-0.022514	0.330002	56538800.000000
2022-11-02	-0.056360	-0.007813	0.000219	-0.057063	-12.840012	63070300.000000
2022-11-01	0.001231	0.028610	0.043333	-0.001143	0.280014	62688800.000000
2022-10-31	-0.004289	-0.010196	0.005820	-0.028794	-0.980011	61554300.000000
2022-10-28	0.015238	0.001377	0.016749	-0.038829	3.430008	69152400.000000
2022-10-27	0.002003	0.022837	0.040821	-0.007968	0.449997	61638800.000000
2022-10-26	0.009981	-0.013578	0.036777	-0.018973	2.220001	85012500.000000
2022-10-25	0.052876	-0.005444	0.062012	-0.005917	11.169998	96507900.000000
2022-10-24	-0.014876	-0.040198	-0.004384	-0.073913	-3.190002	100446800.000000
2022-10-21	0.034543	-0.004149	0.035604	-0.016789	7.160004	75713800.000000
2022-10-20	-0.066474	-0.061971	-0.029229	-0.090254	-14.759995	117798100.000000
2022-10-19	0.008402	-0.001771	0.012444	-0.010945	1.849991	66571500.000000
2022-10-18	0.003829	0.046273	0.047732	-0.009574	0.839996	75891900.000000
2022-10-17	0.070052	0.024635	0.082297	0.021757	14.360001	79428800.000000
2022-10-14	-0.075456	0.010328	0.020476	-0.079199	-16.729996	94124500.000000
2022-10-13	0.020622	-0.041153	0.026468	-0.050727	4.479996	91483000.000000
2022-10-12	0.003418	-0.005404	0.012933	-0.023049	0.740005	66860700.000000
2022-10-11	-0.028974	-0.009015	0.012513	-0.035702	-6.460007	77013200.000000
2022-10-10	-0.000493	0.003855	0.017573	-0.021114	-0.110001	67925000.000000
2022-10-07	-0.063243	-0.017595	-0.014950	-0.067652	-15.059998	83916800.000000
2022-10-06	-0.011129	-0.005689	0.015656	-0.022673	-2.679993	69298400.000000
2022-10-05	-0.034598	-0.017760	-0.011105	-0.064825	-8.630005	86982700.000000
2022-10-04	0.029043	0.033498	0.062294	-0.001609	7.040009	109578500.000000
2022-10-03	-0.086145	-0.040528	-0.038040	-0.091386	-22.850006	98363500.000000
2022-09-30	-0.011036	-0.007681	0.027441	-0.021401	-2.959991	67726600.000000
2022-09-29	-0.068101	-0.017546	-0.014454	-0.076544	-19.600006	77620600.000000
2022-09-28	0.017212	0.000495	0.021418	-0.018979	4.869995	54664800.000000
2022-09-27	0.025108	0.028368	0.045868	0.005435	6.929993	61925200.000000
2022-09-26	0.002470	-0.012712	0.031816	-0.018233	0.680023	58076900.000000
2022-09-23	-0.045948	-0.019058	-0.014172	-0.054645	-13.260010	63748400.000000
2022-09-22	-0.040592	-0.003125	0.001629	-0.049800	-12.209991	70545400.000000
2022-09-21	-0.025686	-0.001425	0.016422	-0.026237	-7.930023	62555700.000000
2022-09-20	-0.001100	-0.006989	0.013783	-0.011292	-0.339996	61642800.000000
2022-09-19	0.018856	-0.010747	0.021394	-0.018296	5.720001	60231200.000000
2022-09-16	-0.001317	-0.013630	-0.000132	-0.026831	-0.399994	87087800.000000
2022-09-15	0.003767	-0.002578	0.021513	-0.006246	1.140015	64795500.000000
2022-09-14	0.035874	0.000376	0.047479	-0.001677	10.479980	72628700.000000
2022-09-13	-0.040372	-0.037843	-0.023060	-0.046055	-12.290009	68229600.000000
2022-09-12	0.015817	0.003470	0.019387	0.002403	4.740021	48674600.000000
2022-09-09	0.036023	0.008332	0.036611	0.006880	10.419983	54338100.000000
2022-09-08	0.019598	-0.008460	0.020444	-0.013888	5.559998	53713100.000000
2022-09-07	0.033817	-0.004810	0.034327	-0.007835	9.279999	50028900.000000
2022-09-06	0.015581	0.009141	0.021391	-0.016543	4.210022	55860000.000000
2022-09-02	-0.025076	0.014107	0.018726	-0.029153	-6.950012	50890100.000000
2022-09-01	0.005624	-0.010994	0.007148	-0.034324	1.550018	54287000.000000
2022-08-31	-0.007526	0.010515	0.012784	-0.021210	-2.090027	52107300.000000
2022-08-30	-0.024998	0.010708	0.012850	-0.042729	-7.119995	50541800.000000
2022-08-29	-0.011351	-0.018258	-0.001215	-0.025652	-3.269989	41864700.000000
2022-08-26	-0.026953	0.004593	0.020029	-0.029047	-7.980011	57163900.000000
2022-08-25	-0.003456	0.017716	0.019735	-0.018501	-1.026672	53230000.000000
2022-08-24	0.002170	0.003744	0.024265	0.000157	0.643341	57259800.000000
2022-08-23	0.022558	0.005312	0.030745	-0.006864	6.540009	63984900.000000
2022-08-22	-0.022764	-0.016022	-0.014382	-0.034955	-6.753326	55843200.000000
2022-08-19	-0.020482	-0.012778	-0.008287	-0.034239	-6.203339	61395300.000000
2022-08-18	-0.003706	0.006590	0.008235	-0.007051	-1.126678	47500500.000000
2022-08-17	-0.008372	-0.010330	0.010090	-0.021301	-2.566650	68766000.000000
2022-08-16	-0.008912	0.007586	0.017285	-0.020809	-2.756683	88136400.000000
2022-08-15	0.030964	0.005855	0.043673	0.004000	9.290009	89359200.000000
2022-08-12	0.046750	0.009722	0.047204	-0.005571	13.399994	79657200.000000
2022-08-11	-0.026249	0.007327	0.013181	-0.028956	-7.726654	70155000.000000
2022-08-10	0.038906	0.048471	0.050035	0.000129	11.023315	94918800.000000
2022-08-09	-0.024413	-0.000448	0.006795	-0.038117	-7.089996	86244600.000000
2022-08-08	0.007819	0.023701	0.059097	0.003181	2.253326	98994000.000000
2022-08-05	-0.066303	-0.019322	-0.013047	-0.074814	-20.463318	113172900.000000
2022-08-04	0.004023	0.011722	0.020202	-0.007797	1.236664	72256200.000000
2022-08-03	0.022656	0.014682	0.029819	0.001874	6.809998	80091000.000000
2022-08-02	0.011134	-0.011011	0.035511	-0.015507	3.309998	95577600.000000
2022-08-01	0.000426	0.013888	0.049560	-0.007235	0.126678	117042900.000000
2022-07-29	0.057850	-0.000712	0.062015	-0.006408	16.250000	95313000.000000
2022-07-28	0.022124	0.019091	0.030856	-0.007350	6.079987	84723000.000000
2022-07-27	0.061655	0.019122	0.065930	0.011319	15.960022	88110000.000000
2022-07-26	-0.035664	-0.007153	-0.004185	-0.045337	-9.573334	66820800.000000
2022-07-25	-0.013995	-0.000098	0.006991	-0.017791	-3.810028	64073400.000000
2022-07-22	0.001975	0.016611	0.033418	-0.003656	0.536682	103472700.000000
2022-07-21	0.097805	0.030734	0.104108	0.029764	24.206665	142032300.000000
2022-07-20	0.008023	0.005105	0.020907	-0.008336	1.970001	88864200.000000
2022-07-19	0.020717	0.018513	0.027410	-0.014841	4.983337	80890200.000000
2022-07-18	0.001999	0.020286	0.043530	-0.001930	0.479996	82537500.000000
2022-07-15	0.007357	0.007077	0.022282	-0.005973	1.753326	69683100.000000
2022-07-14	0.005372	-0.009042	0.006806	-0.032512	1.273346	78557400.000000
2022-07-13	0.017033	-0.032480	0.038572	-0.034482	3.969986	97954500.000000
2022-07-12	-0.005434	0.010682	0.023171	-0.025490	-1.273331	87930900.000000
2022-07-11	-0.065480	0.005344	0.009172	-0.068338	-16.419998	99241200.000000
2022-07-08	0.025435	-0.009037	0.042678	-0.013835	6.220001	101854200.000000
2022-07-07	0.055279	0.009436	0.058818	0.002057	12.809998	81930600.000000
2022-07-06	-0.005721	-0.009811	0.006422	-0.025229	-1.333328	71853600.000000
2022-07-05	0.025536	-0.018759	0.025888	-0.048827	5.803329	84581100.000000
2022-07-01	0.012429	0.011256	0.025645	-0.010484	2.790009	74460300.000000
2022-06-30	-0.017579	-0.017419	0.004231	-0.042132	-12.049988	31533500.000000
2022-06-29	-0.017937	-0.009298	-0.006404	-0.044657	-12.520020	27632400.000000
2022-06-28	-0.050044	-0.001783	0.020619	-0.051350	-36.770020	30130400.000000
2022-06-27	-0.003202	0.014896	0.025898	-0.012779	-2.359985	29726100.000000
2022-06-24	0.045249	0.010210	0.046780	0.004325	31.909973	31866500.000000
2022-06-23	-0.004306	0.007709	0.013681	-0.031556	-3.049988	34734200.000000
2022-06-22	-0.004008	-0.010687	0.041330	-0.013542	-2.849976	33702500.000000
2022-06-21	0.093544	0.036184	0.123716	0.034939	60.829956	40931000.000000
2022-06-17	0.017175	0.001564	0.036931	0.000454	10.980042	30810900.000000
2022-06-16	-0.085408	-0.044049	-0.033619	-0.104320	-59.700012	35796900.000000
2022-06-15	0.054824	0.000121	0.066881	-0.012404	36.330017	39710600.000000
2022-06-14	0.023887	0.011820	0.049103	-0.018541	15.459961	32662900.000000
2022-06-13	-0.071022	-0.039027	-0.024100	-0.075557	-49.479980	34255800.000000
2022-06-10	-0.031191	-0.018982	-0.000862	-0.049199	-22.429993	32512200.000000
2022-06-09	-0.008931	0.030899	0.056560	-0.010502	-6.479980	32163800.000000
2022-06-08	0.012475	0.005023	0.046368	0.001214	8.940002	25403500.000000
2022-06-07	0.002546	-0.017962	0.007204	-0.034357	1.819946	24269500.000000
2022-06-06	0.016047	0.041944	0.044133	-0.000711	11.290039	28068200.000000
2022-06-03	-0.092194	-0.058477	-0.040787	-0.096452	-71.450012	37348100.000000
2022-06-02	0.046774	-0.010670	0.070586	-0.019139	34.630005	31157700.000000
2022-06-01	-0.023594	-0.004088	0.018094	-0.036056	-17.890015	25749300.000000
2022-05-31	-0.001804	0.018707	0.025236	-0.033437	-1.369995	33971500.000000
2022-05-27	0.073333	0.021929	0.073573	0.018086	51.900024	29765000.000000
2022-05-26	0.074271	0.003977	0.090877	-0.007802	48.929993	35334400.000000
2022-05-25	0.048777	-0.006861	0.065525	-0.008198	30.640015	30713100.000000
2022-05-24	-0.069255	-0.031664	-0.031086	-0.080501	-46.740051	29697500.000000
2022-05-23	0.016569	-0.013376	0.024190	-0.038922	11.000000	29634500.000000
2022-05-20	-0.064165	0.006442	0.017141	-0.107722	-45.519958	48324400.000000
2022-05-19	-0.000549	-0.003959	0.034080	-0.022119	-0.390015	30098900.000000
2022-05-18	-0.068014	-0.022439	-0.001457	-0.079831	-51.799988	29270600.000000
2022-05-17	0.051410	0.031738	0.055372	0.006185	37.239990	26745400.000000
2022-05-16	-0.058759	-0.003158	0.000221	-0.065619	-45.220032	28699500.000000
2022-05-13	0.057129	0.062473	0.081525	0.032376	41.590027	30716900.000000
2022-05-12	-0.008174	-0.044959	0.034959	-0.073569	-6.000000	46771000.000000
2022-05-11	-0.082546	-0.006300	0.012162	-0.091045	-66.039978	32408200.000000
2022-05-10	0.016427	0.040909	0.048595	-0.016338	12.929993	28133900.000000
2022-05-09	-0.090730	-0.033732	-0.023127	-0.097615	-78.540039	30270100.000000
2022-05-06	-0.008737	0.015711	0.016856	-0.034548	-7.630005	24301000.000000
2022-05-05	-0.083286	-0.014276	-0.007369	-0.099641	-79.339966	30839700.000000
2022-05-04	0.047699	-0.005840	0.050866	-0.026362	43.369995	27214600.000000
2022-05-03	0.006988	0.000266	0.023412	-0.015893	6.309998	21236500.000000
2022-05-02	0.036956	-0.011473	0.040884	-0.026104	32.179993	25260500.000000
2022-04-29	-0.007692	0.028193	0.064831	-0.008558	-6.750000	29377700.000000
2022-04-28	-0.004538	0.020953	0.020975	-0.067849	-4.000000	41649500.000000
2022-04-27	0.005808	0.025285	0.047443	0.001073	5.090027	25652100.000000
2022-04-26	-0.121841	-0.002595	0.001984	-0.123264	-121.600037	45377900.000000
2022-04-25	-0.006995	-0.025949	0.003552	-0.029601	-7.029968	22780400.000000
2022-04-22	-0.003698	0.006077	0.025843	-0.014651	-3.730042	23232200.000000
2022-04-21	0.032317	0.099806	0.117704	0.019668	31.580017	35138800.000000
2022-04-20	-0.049555	0.001799	0.005690	-0.051452	-50.950012	23570400.000000
2022-04-19	0.023758	0.000767	0.030519	-0.008922	23.860046	16615900.000000
2022-04-18	0.019584	0.004091	0.030376	-0.011767	19.289978	17238400.000000
2022-04-14	-0.036552	-0.022575	-0.009449	-0.039301	-37.369995	19474100.000000
2022-04-13	0.035888	-0.005948	0.039809	-0.014033	35.419983	18373700.000000
2022-04-12	0.011292	0.022245	0.046376	0.000687	11.020020	21992000.000000
2022-04-11	-0.048328	-0.043969	-0.016597	-0.049586	-49.559998	19785700.000000
2022-04-08	-0.030049	-0.013289	-0.008342	-0.032934	-31.770020	18337900.000000
2022-04-07	0.010997	0.006340	0.029481	-0.023160	11.500000	26482400.000000
2022-04-06	-0.041695	-0.016302	-0.011235	-0.058245	-45.500000	29782800.000000
2022-04-05	-0.047309	-0.007988	0.006478	-0.050766	-54.189941	26691700.000000
2022-04-04	0.056113	0.004416	0.060226	-0.011119	60.859985	27345300.000000
2022-04-01	0.006487	0.003294	0.015915	-0.010171	6.989990	18087700.000000
2022-03-31	-0.014982	0.000530	0.008364	-0.015859	-16.390015	16330900.000000
2022-03-30	-0.005075	-0.007639	0.013078	-0.014160	-5.579956	19955000.000000
2022-03-29	0.007080	0.014792	0.021001	-0.017155	7.729980	24538300.000000
2022-03-28	0.080345	0.053887	0.086322	0.042508	81.199951	34168700.000000
2022-03-25	-0.003235	-0.005839	0.007772	-0.016372	-3.279968	20677200.000000
2022-03-24	0.014823	0.010629	0.025403	-0.010319	14.809998	22973600.000000
2022-03-23	0.005161	-0.014125	0.047003	-0.017686	5.130005	40225400.000000
2022-03-22	0.079053	0.009597	0.083265	0.000641	72.820007	35289500.000000
2022-03-21	0.017418	0.010592	0.041374	0.001878	15.769958	27327200.000000
2022-03-18	0.038768	0.003316	0.041590	-0.004830	33.790039	33471400.000000
2022-03-17	0.037335	-0.010997	0.041382	-0.017269	31.369995	22194300.000000
2022-03-16	0.047812	0.008867	0.050019	0.000461	38.339966	28009600.000000
2022-03-15	0.046348	0.011613	0.051150	-0.012788	35.520020	22280400.000000
2022-03-14	-0.036437	-0.018533	0.006727	-0.049425	-28.979980	23717400.000000
2022-03-11	-0.051235	0.002267	0.006561	-0.053119	-42.950012	22345700.000000
2022-03-10	-0.024064	-0.008755	-0.005262	-0.056591	-20.669983	19549500.000000
2022-03-09	0.041933	0.018292	0.043862	0.009231	34.569946	19728000.000000
2022-03-08	0.024634	-0.011248	0.056439	-0.027853	19.820007	26799700.000000
2022-03-07	-0.040213	0.021484	0.033222	-0.040225	-33.709961	24164700.000000
2022-03-04	-0.001191	0.011688	0.019493	-0.016836	-1.000000	22333200.000000
2022-03-03	-0.046142	-0.001273	0.007444	-0.053745	-40.600037	20541200.000000
2022-03-02	0.017955	0.008978	0.025579	-0.023254	15.520020	24881100.000000
2022-03-01	-0.006962	-0.000862	0.022345	-0.019128	-6.059998	24922300.000000
2022-02-28	0.074777	0.006347	0.082717	0.005976	60.559998	33002300.000000
2022-02-25	0.011364	0.010565	0.023390	-0.022940	9.099976	25355900.000000
2022-02-24	0.048073	-0.083307	0.050312	-0.083818	36.730042	45107400.000000
2022-02-23	-0.069979	0.010833	0.016761	-0.074215	-57.490051	31752300.000000
2022-02-22	-0.041366	-0.026663	-0.000292	-0.065206	-35.449951	27762700.000000
2022-02-18	-0.022103	0.011012	0.012004	-0.044206	-19.369995	22833900.000000
2022-02-17	-0.050943	-0.010970	-0.005296	-0.053379	-47.040039	18392800.000000
2022-02-16	0.001041	-0.009085	0.004336	-0.023004	0.960022	17098100.000000
2022-02-15	0.053291	0.027679	0.053942	0.020120	46.669983	19095400.000000
2022-02-14	0.018326	0.001826	0.045209	-0.007965	15.760010	22585500.000000
2022-02-11	-0.049251	0.005616	0.012614	-0.059532	-44.549988	26548600.000000
2022-02-10	-0.029453	-0.025354	0.012672	-0.037876	-27.450012	22042300.000000
2022-02-09	0.010846	0.014100	0.026323	-0.002169	10.000000	17419800.000000
2022-02-08	0.016157	-0.001995	0.020885	-0.013821	14.659973	16909700.000000
2022-02-07	-0.017307	0.000509	0.026481	-0.022322	-15.979980	20331500.000000
2022-02-04	0.036111	0.006823	0.050901	-0.011188	32.179993	24541800.000000
2022-02-03	-0.016032	-0.026125	0.034605	-0.027759	-14.519958	26285200.000000
2022-02-02	-0.027479	-0.003297	0.000268	-0.044929	-25.590027	22264300.000000
2022-02-01	-0.005839	-0.001612	0.007452	-0.033863	-5.469971	24379400.000000
2022-01-31	0.106776	0.031146	0.108277	0.018550	90.369995	34812000.000000
2022-01-28	0.020806	0.002967	0.034254	-0.044735	17.250000	44929700.000000
2022-01-27	-0.115542	-0.004320	-0.002155	-0.115648	-108.309998	49036500.000000
2022-01-26	0.020699	0.037054	0.075446	-0.013502	19.009949	34955800.000000
2022-01-25	-0.012473	-0.016989	0.022860	-0.028806	-11.599976	28865300.000000
2022-01-24	-0.014726	-0.041466	-0.011008	-0.097924	-13.900024	50521900.000000
2022-01-21	-0.052566	0.000070	0.008311	-0.055979	-52.369995	34472000.000000
2022-01-20	0.000623	0.014141	0.046211	-0.001657	0.619995	23496200.000000
2022-01-19	-0.033828	0.010868	0.023445	-0.034459	-34.859985	25147500.000000
2022-01-18	-0.018197	-0.021913	0.020179	-0.031964	-19.099976	22247800.000000
2022-01-14	0.017498	-0.011323	0.019815	-0.017624	18.049927	24308100.000000
2022-01-13	-0.067491	0.002576	0.008479	-0.072029	-74.659912	32403300.000000
2022-01-12	0.039290	0.013576	0.047388	0.007694	41.819946	27913000.000000
2022-01-11	0.005935	-0.004206	0.016756	-0.018240	6.280029	22021100.000000
2022-01-10	0.030342	-0.026252	0.031296	-0.045727	31.160034	30605000.000000
2022-01-07	-0.035447	0.014718	0.015244	-0.051376	-37.739990	28054900.000000
2022-01-06	-0.021523	-0.010219	-0.000110	-0.062144	-23.420044	30112200.000000
2022-01-05	-0.053471	-0.002557	0.018050	-0.059656	-61.469971	26706600.000000
2022-01-04	-0.041833	-0.008527	0.006851	-0.063953	-50.190063	33416100.000000
2022-01-03	0.135317	0.086082	0.136537	0.075001	143.000000	34643800.000000
2021-12-31	-0.012669	0.002896	0.010894	-0.014715	-13.559937	13577900.000000
2021-12-30	-0.014592	-0.022887	0.008617	-0.030418	-15.849976	15680300.000000
2021-12-29	-0.002095	0.009343	0.014268	-0.022352	-2.280029	18718000.000000
2021-12-28	-0.005000	0.014215	0.022908	-0.014187	-5.469971	20108000.000000
2021-12-27	0.025248	0.006251	0.046860	0.003486	26.939941	23715300.000000
2021-12-23	0.057619	-0.002052	0.063546	-0.011211	58.130005	30904400.000000
2021-12-22	0.074947	0.028907	0.082182	0.019733	70.339966	31211400.000000
2021-12-21	0.042881	0.018812	0.043958	-0.015357	38.590027	23839300.000000
2021-12-20	-0.034989	-0.023451	-0.011667	-0.042013	-32.630005	18826700.000000
2021-12-17	0.006095	-0.013108	0.036400	-0.019290	5.650024	33479100.000000
2021-12-16	-0.050277	0.018965	0.019457	-0.055472	-49.070007	27590500.000000
2021-12-15	0.018237	-0.005529	0.021116	-0.031570	17.479980	25056400.000000
2021-12-14	-0.008175	-0.022154	0.000000	-0.037675	-7.899963	23602100.000000
2021-12-13	-0.049772	-0.015673	-0.011829	-0.064511	-50.620056	26198500.000000
2021-12-10	0.013180	0.004931	0.017115	-0.021189	13.230042	19888100.000000
2021-12-09	-0.060956	-0.007783	-0.006053	-0.062304	-65.159973	19812800.000000
2021-12-08	0.016363	0.000913	0.019615	-0.017827	17.209961	13968800.000000
2021-12-07	0.042358	0.034876	0.048226	0.017641	42.739990	18694900.000000
2021-12-06	-0.005872	-0.013261	0.006572	-0.063519	-5.959961	27221000.000000
2021-12-03	-0.064199	0.000175	0.005514	-0.077807	-69.630005	30774000.000000
2021-12-02	-0.009498	0.003708	0.016438	-0.035023	-10.400024	24371600.000000
2021-12-01	-0.043468	0.013924	0.024529	-0.047171	-49.760010	22816800.000000
2021-11-30	0.006834	0.006491	0.027274	-0.016702	7.770020	27092000.000000
2021-11-29	0.050900	0.017626	0.056150	0.016887	55.069946	19464500.000000
2021-11-26	-0.030538	-0.014812	-0.006470	-0.031362	-34.079956	11680900.000000
2021-11-24	0.006285	-0.025824	0.021406	-0.042406	6.969971	22560200.000000
2021-11-23	-0.041353	0.009197	0.020426	-0.081401	-47.839966	36171700.000000
2021-11-22	0.017422	0.022224	0.057068	-0.004072	19.809937	33072500.000000
2021-11-19	0.037104	0.002271	0.038618	-0.003357	40.680054	21642300.000000
2021-11-18	0.006768	0.016106	0.021111	-0.012847	7.369995	20898900.000000
2021-11-17	0.032501	0.008324	0.061542	0.000730	34.280029	31445400.000000
2021-11-16	0.040794	-0.009947	0.043231	-0.011062	41.339966	26542400.000000
2021-11-15	-0.019382	-0.015279	-0.001393	-0.053047	-20.030029	34775600.000000
2021-11-12	-0.028293	-0.015054	-0.008472	-0.041664	-30.089966	25573100.000000
2021-11-11	-0.004157	0.032605	0.034665	-0.012426	-4.439941	22396600.000000
2021-11-10	0.043429	-0.012789	0.053346	-0.035359	44.449951	42802700.000000
2021-11-09	-0.119903	0.009166	0.009940	-0.130204	-139.439941	59105800.000000
2021-11-08	-0.048401	-0.059161	-0.020530	-0.072900	-59.150024	33445700.000000
2021-11-05	-0.006358	-0.001553	0.008098	-0.017814	-7.820068	21628800.000000
2021-11-04	0.013222	0.016930	0.024410	0.002587	16.050049	25397400.000000
2021-11-03	0.035717	0.004548	0.037022	-0.016536	41.859985	34628500.000000
2021-11-02	-0.030275	-0.040733	0.000000	-0.051788	-36.589966	42737800.000000
2021-11-01	0.084910	0.027828	0.085952	0.004183	94.589966	56048700.000000
2021-10-29	0.034316	0.004475	0.035440	-0.003556	36.959961	29918400.000000
2021-10-28	0.037751	0.029339	0.041566	0.015744	39.180054	27213200.000000
2021-10-27	0.019078	0.020846	0.051501	0.012127	19.429993	38526500.000000
2021-10-26	-0.006274	-0.000166	0.068380	-0.022852	-6.429993	62415000.000000
2021-10-25	0.126616	0.044906	0.148778	0.037947	115.179993	62852100.000000
2021-10-22	0.017539	0.001678	0.017897	-0.003400	15.679993	22880800.000000
2021-10-21	0.032571	-0.011319	0.039501	-0.011896	28.200012	31481500.000000
2021-10-20	0.001770	0.001250	0.006040	-0.007972	1.529968	14032100.000000
2021-10-19	-0.006712	0.008528	0.009010	-0.008734	-5.839966	17381100.000000
2021-10-18	0.032122	0.010391	0.038231	0.010011	27.079956	24207200.000000
2021-10-15	0.030196	0.006623	0.030416	0.004925	24.710022	18924600.000000
2021-10-14	0.008926	0.005437	0.011306	0.002799	7.239990	12247200.000000
2021-10-13	0.006652	0.005895	0.012027	0.000075	5.360046	14120100.000000
2021-10-12	0.017400	0.011352	0.025734	0.005846	13.779968	22020000.000000
2021-10-11	0.008211	0.002750	0.020051	0.000013	6.450012	14200300.000000
2021-10-08	-0.010232	0.003276	0.003490	-0.016003	-8.119995	16738600.000000
2021-10-07	0.013874	0.003462	0.028425	0.000805	10.859985	19195800.000000
2021-10-06	0.002767	-0.005624	0.007776	-0.009442	2.159973	14632800.000000
2021-10-05	-0.001203	0.004184	0.020191	-0.009379	-0.940002	18432600.000000
2021-10-04	0.008140	0.027450	0.040956	0.001161	6.310059	30483300.000000
2021-10-01	-0.000335	0.003765	0.006835	-0.015332	-0.260010	17031400.000000
2021-09-30	-0.007462	-0.000397	0.010009	-0.008076	-5.830017	17956000.000000
2021-09-29	0.004823	0.002881	0.020500	-0.008848	3.750000	20942900.000000
2021-09-28	-0.017438	-0.005257	0.005408	-0.031819	-13.799988	25381400.000000
2021-09-27	0.021914	-0.001640	0.031780	-0.006560	16.969971	28070700.000000
2021-09-24	0.027533	-0.010283	0.028077	-0.012048	20.750000	21373000.000000
2021-09-23	0.002261	0.004069	0.008325	-0.005346	1.700012	11947500.000000
2021-09-22	0.016987	0.005613	0.019327	-0.000352	12.559998	15126300.000000
2021-09-21	0.012614	0.006327	0.019954	0.000370	9.210022	16330700.000000
2021-09-20	-0.038605	-0.032825	-0.023029	-0.053812	-29.320007	24757700.000000
2021-09-17	0.003303	0.000211	0.005350	-0.009234	2.500000	28204200.000000
2021-09-16	0.001535	-0.003969	0.004075	-0.010876	1.159973	13923400.000000
2021-09-15	0.015232	0.000685	0.016615	-0.008234	11.340027	15357700.000000
2021-09-14	0.002005	-0.000579	0.015437	-0.008883	1.489990	18524900.000000
2021-09-13	0.009141	0.005351	0.011558	-0.037242	6.729980	22952500.000000
2021-09-10	-0.024627	0.006279	0.010267	-0.026945	-18.589966	15184200.000000
2021-09-09	0.001313	-0.000610	0.010917	-0.002971	0.989990	14077700.000000
2021-09-08	0.001262	0.011502	0.015314	-0.016137	0.950012	18793000.000000
2021-09-07	0.026378	0.008765	0.036302	0.007757	19.349976	20039800.000000
2021-09-03	0.001611	-0.000191	0.002198	-0.011183	1.179993	15246100.000000
2021-09-02	-0.002316	0.000558	0.009372	-0.004836	-1.700012	12777300.000000
2021-09-01	-0.002215	-0.002229	0.008522	-0.006048	-1.629944	13204300.000000
2021-08-31	0.006581	0.002859	0.012970	-0.006116	4.809998	20855400.000000
2021-08-30	0.026674	0.003933	0.026801	0.001138	18.989990	18604200.000000
2021-08-27	0.015346	0.005477	0.019739	0.001341	10.760010	13833800.000000
2021-08-26	-0.014117	-0.004064	0.005906	-0.019095	-10.040039	13214300.000000
2021-08-25	0.003825	-0.002061	0.011969	-0.006337	2.710022	12645600.000000
2021-08-24	0.003101	0.006201	0.012629	-0.005182	2.190002	13083100.000000
2021-08-23	0.038279	0.007615	0.046850	0.000720	26.039978	20264900.000000
2021-08-20	0.010082	0.013928	0.027707	0.000342	6.790039	14841900.000000
2021-08-19	-0.022526	-0.015646	-0.003541	-0.031060	-15.520020	14313500.000000
2021-08-18	0.034970	0.006069	0.045155	0.005468	23.279968	20349400.000000
2021-08-17	-0.029818	-0.019689	-0.016891	-0.054403	-20.459961	23721300.000000
2021-08-16	-0.043225	-0.016872	-0.010695	-0.056848	-31.000000	22677400.000000
2021-08-13	-0.007034	0.002021	0.010592	-0.010952	-5.080017	16731500.000000
2021-08-12	0.020387	-0.002091	0.021164	-0.011896	14.429993	17459100.000000
2021-08-11	-0.003056	0.003831	0.007310	-0.008141	-2.169983	9800600.000000
2021-08-10	-0.005282	0.000322	0.003965	-0.016644	-3.770020	13432300.000000
2021-08-09	0.020970	0.015835	0.028508	0.008625	14.660034	14715300.000000
2021-08-06	-0.021732	-0.003820	0.002379	-0.023789	-15.530029	15623000.000000
2021-08-05	0.005219	0.007146	0.014109	0.000689	3.710022	12919600.000000
2021-08-04	0.001663	0.001775	0.021360	-0.001141	1.179993	17002600.000000
2021-08-03	0.000099	0.013147	0.018290	-0.012203	0.070007	21620300.000000
2021-08-02	0.032698	0.018626	0.057829	0.016298	22.469971	33615800.000000
2021-07-30	0.014542	-0.008253	0.029793	-0.012327	9.850037	29656400.000000
2021-07-29	0.046941	0.004343	0.056741	0.002813	30.369995	30394600.000000
2021-07-28	0.003412	0.003443	0.015804	-0.008344	2.199951	16006600.000000
2021-07-27	-0.019525	0.008789	0.013503	-0.046197	-12.839966	32813300.000000
2021-07-26	0.022133	0.011797	0.038578	0.005797	14.239990	25336600.000000
2021-07-23	-0.009056	-0.004467	-0.000709	-0.018421	-5.880005	14604900.000000
2021-07-22	-0.009202	0.001755	0.010499	-0.016313	-6.029968	15105700.000000
2021-07-21	-0.007888	-0.001347	0.006601	-0.015458	-5.210022	13953300.000000
2021-07-20	0.022098	0.008929	0.025023	-0.008851	14.280029	15487100.000000
2021-07-19	0.003105	-0.022244	0.004626	-0.035593	2.000000	21297100.000000
2021-07-16	-0.009806	0.006271	0.009376	-0.012911	-6.380005	16371000.000000
2021-07-15	-0.004255	0.007668	0.019529	-0.023723	-2.780029	20209600.000000
2021-07-14	-0.022676	0.003306	0.015063	-0.023484	-15.159973	21641200.000000
2021-07-13	-0.025026	0.000904	0.011054	-0.028292	-17.160034	20966100.000000
2021-07-12	0.043763	0.007991	0.046107	0.007931	28.750000	25927000.000000
2021-07-09	0.006342	0.000567	0.009344	-0.012439	4.140015	18140500.000000
2021-07-08	0.012658	-0.025254	0.015171	-0.037524	8.159973	22773300.000000
2021-07-07	-0.022636	0.007111	0.009279	-0.032233	-14.929993	18792000.000000
2021-07-06	-0.028458	0.004139	0.007512	-0.040507	-19.320007	23284500.000000
2021-07-02	0.001446	0.001564	0.032570	-0.006874	0.980042	27054500.000000
2021-07-01	-0.002619	0.006209	0.012197	-0.010152	-1.780029	18634500.000000
2021-06-30	-0.001557	-0.001454	0.017701	-0.003849	-1.059998	18924900.000000
2021-06-29	-0.011558	-0.005909	-0.001757	-0.018629	-7.959961	17381300.000000
2021-06-28	0.025079	-0.000342	0.033980	-0.002307	16.849976	21628200.000000
2021-06-25	-0.011694	0.014357	0.020579	-0.016357	-7.950012	32496700.000000
2021-06-24	0.035411	0.028055	0.062522	0.016815	23.250000	45982400.000000
2021-06-23	0.052685	0.013291	0.053695	0.010149	32.859985	31099200.000000
2021-06-22	0.004639	-0.004156	0.012467	-0.008585	2.880005	19158900.000000
2021-06-21	-0.003979	0.001877	0.012963	-0.023151	-2.479980	24812700.000000
2021-06-18	0.010882	-0.005238	0.019056	-0.007785	6.710022	24560900.000000
2021-06-17	0.019393	-0.004927	0.027444	-0.005836	11.729980	22701400.000000
2021-06-16	0.009193	-0.003037	0.015250	-0.009777	5.510010	22144100.000000
2021-06-15	-0.029675	-0.001619	-0.001457	-0.031505	-18.330017	17764100.000000
2021-06-14	0.012789	0.003837	0.025578	-0.001164	7.799988	20424000.000000
2021-06-11	-0.000377	0.000180	0.003999	-0.014096	-0.229980	16205300.000000
2021-06-10	0.018938	0.008517	0.029744	0.002872	11.339966	23919600.000000
2021-06-09	-0.007969	-0.002353	0.013585	-0.009874	-4.809998	16584600.000000
2021-06-08	-0.002545	0.029547	0.029680	-0.015914	-1.539978	26053400.000000
2021-06-07	0.010149	-0.012052	0.018279	-0.026993	6.080017	22543700.000000
2021-06-04	0.045754	0.011993	0.048478	0.007611	26.209961	24036900.000000
2021-06-03	-0.053345	-0.005487	-0.000942	-0.056022	-32.279968	30111900.000000
2021-06-02	-0.030101	-0.006043	-0.000866	-0.039686	-18.780029	23302800.000000
2021-06-01	-0.002111	0.004127	0.013723	-0.007469	-1.319946	18084900.000000
2021-05-28	-0.008924	-0.003725	0.007514	-0.013426	-5.630005	22737000.000000
2021-05-27	0.018930	0.001793	0.019382	-0.004716	11.719971	26370600.000000
2021-05-26	0.023880	0.004746	0.035522	-0.005275	14.440002	28639300.000000
2021-05-25	-0.002886	0.001435	0.012450	-0.017693	-1.750000	28005900.000000
2021-05-24	0.044002	0.001239	0.057843	-0.012447	25.559998	34558100.000000
2021-05-21	-0.010055	0.015900	0.016872	-0.011555	-5.900024	26030600.000000
2021-05-20	0.041387	0.020481	0.045061	0.013506	23.320007	30821100.000000
2021-05-19	-0.024936	-0.043816	-0.020178	-0.053455	-14.409973	39578400.000000
2021-05-18	0.001803	-0.015308	0.033667	-0.023317	1.039978	36830600.000000
2021-05-17	-0.021891	-0.024061	-0.000017	-0.048394	-12.909973	32390400.000000
2021-05-14	0.031573	0.020501	0.037048	-0.002151	18.049988	33370900.000000
2021-05-13	-0.030853	0.019749	0.028090	-0.051264	-18.200012	44184900.000000
2021-05-12	-0.044248	-0.023833	0.005201	-0.049303	-27.309998	33823600.000000
2021-05-11	-0.018822	-0.047374	-0.003084	-0.053160	-11.839966	46503900.000000
2021-05-10	-0.064444	-0.011110	-0.010887	-0.066571	-43.330017	31392400.000000
2021-05-07	0.013307	0.003406	0.039877	-0.005003	8.830017	23469200.000000
2021-05-06	-0.011029	0.014636	0.015024	-0.031210	-7.400024	27784600.000000
2021-05-05	-0.003949	0.011075	0.017369	-0.009293	-2.659973	21901900.000000
2021-05-04	-0.016499	-0.008702	-0.002117	-0.039714	-11.300049	29739300.000000
2021-05-03	-0.034591	-0.007950	-0.004849	-0.040793	-24.539978	27043100.000000
2021-04-30	0.047917	-0.013900	0.056824	-0.016041	32.440002	40758700.000000
2021-04-29	-0.025058	0.007359	0.011305	-0.037298	-17.400024	28845400.000000
2021-04-28	-0.014672	-0.011820	0.005335	-0.015807	-10.339966	22271000.000000
2021-04-27	-0.045326	-0.027418	-0.019236	-0.047209	-33.460022	29437000.000000
2021-04-26	0.012065	0.015903	0.027283	0.004401	8.799988	31038500.000000
2021-04-23	0.013492	0.000153	0.024552	-0.005878	9.710022	28370000.000000
2021-04-22	-0.032831	-0.003521	0.012968	-0.035048	-24.429993	35590300.000000
2021-04-21	0.034952	-0.019778	0.035953	-0.029194	25.130005	31215500.000000
2021-04-20	0.006101	0.003904	0.031653	-0.005513	4.359985	35609000.000000
2021-04-19	-0.033997	-0.027278	-0.019438	-0.064857	-25.150024	39686200.000000
2021-04-16	0.001259	-0.013805	0.014292	-0.019287	0.930054	27979500.000000
2021-04-15	0.009041	0.014845	0.015651	-0.014913	6.619995	27848900.000000
2021-04-14	-0.039472	0.010993	0.024229	-0.044981	-30.090027	49017400.000000
2021-04-13	0.085957	0.015271	0.086926	0.012365	60.340027	44652800.000000
2021-04-12	0.036867	0.012821	0.041033	0.007489	24.959961	29135700.000000
2021-04-09	-0.009915	-0.008818	-0.004139	-0.021015	-6.779968	21437100.000000
2021-04-08	0.019122	0.009553	0.027691	0.001014	12.830017	23924300.000000
2021-04-07	-0.029857	-0.006680	-0.000347	-0.034383	-20.650024	26309400.000000
2021-04-06	0.000825	-0.001085	0.007959	-0.014008	0.570007	28271800.000000
2021-04-05	0.044277	0.069452	0.070132	0.034681	29.299988	41842800.000000
2021-04-01	-0.009252	0.030602	0.036666	-0.012741	-6.179993	35298400.000000
2021-03-31	0.050832	0.017306	0.057235	0.008637	32.309998	33337300.000000
2021-03-30	0.039801	-0.015606	0.043138	-0.033176	24.330017	39432400.000000
2021-03-29	-0.011993	-0.004962	-0.003604	-0.036673	-7.420044	28637000.000000
2021-03-26	-0.033854	0.002311	0.005356	-0.063243	-21.679993	33852800.000000
2021-03-25	0.016057	-0.027401	0.024164	-0.032954	10.119995	39224900.000000
2021-03-24	-0.048160	0.008684	0.008850	-0.048402	-31.889954	33795200.000000
2021-03-23	-0.011702	0.008612	0.011642	-0.018642	-7.840027	30491900.000000
2021-03-22	0.023104	0.045383	0.068334	0.021195	15.130005	39512200.000000
2021-03-19	0.002618	-0.010043	0.006231	-0.043695	1.710022	42894000.000000
2021-03-18	-0.069321	-0.024964	-0.017925	-0.070974	-48.650024	33224800.000000
2021-03-17	0.036831	-0.029562	0.039667	-0.038219	24.929993	40372500.000000
2021-03-16	-0.043874	-0.006484	-0.000028	-0.052180	-31.059998	32195700.000000
2021-03-15	0.020484	0.000519	0.028037	-0.013968	14.210022	29335600.000000
2021-03-12	-0.008391	-0.042310	-0.006747	-0.047827	-5.869995	33583800.000000
2021-03-11	0.047211	0.046912	0.051552	0.013651	31.539978	36253900.000000
2021-03-10	-0.008195	0.039669	0.065723	-0.027495	-5.520020	60605700.000000
2021-03-09	0.196412	0.080249	0.204423	0.057211	110.580017	67523300.000000
2021-03-08	-0.058450	0.004348	0.037093	-0.065490	-34.950012	51787000.000000
2021-03-05	-0.037799	0.007434	0.010299	-0.131871	-23.489990	89396500.000000
2021-03-04	-0.048622	0.003980	0.023347	-0.081445	-31.760010	65919500.000000
2021-03-03	-0.048424	0.002258	0.020774	-0.050594	-33.239990	30208000.000000
2021-03-02	-0.044528	-0.000209	0.003730	-0.046532	-31.989990	23732200.000000
2021-03-01	0.063553	0.021628	0.064397	0.014138	42.929993	27136200.000000
2021-02-26	-0.009850	0.026062	0.035883	-0.033288	-6.719971	41089200.000000
2021-02-25	-0.080591	-0.021388	-0.006482	-0.096278	-59.800049	39023900.000000
2021-02-24	0.061788	0.018616	0.066052	-0.006683	43.179993	36767000.000000
2021-02-23	-0.021917	-0.073296	-0.001246	-0.133660	-15.659973	66606900.000000
2021-02-22	-0.085499	-0.023883	-0.016383	-0.091002	-66.799988	37269700.000000
2021-02-19	-0.007722	0.009678	0.011951	-0.012713	-6.080017	18958300.000000
2021-02-18	-0.013494	-0.021612	-0.004335	-0.027413	-10.770020	17957100.000000
2021-02-17	0.002424	-0.021514	0.004547	-0.042965	1.930054	25996500.000000
2021-02-16	-0.024384	0.002304	0.005980	-0.029015	-19.900024	19802300.000000
2021-02-12	0.005495	-0.012813	0.006986	-0.032440	4.460022	23768300.000000
2021-02-11	0.008499	0.009468	0.031137	-0.003839	6.839966	21622800.000000
2021-02-10	-0.052551	-0.006851	-0.005462	-0.058202	-44.640015	36216100.000000
2021-02-09	-0.016168	-0.009613	-0.004193	-0.025098	-13.959961	15157700.000000
2021-02-08	0.013130	0.020464	0.029968	0.002957	11.190002	20161700.000000
2021-02-05	0.002635	-0.005871	0.017388	-0.012965	2.239990	18566600.000000
2021-02-04	-0.005499	0.000363	0.002118	-0.024886	-4.700012	15812700.000000
2021-02-03	-0.020738	0.004847	0.006061	-0.022606	-18.099976	18343500.000000
2021-02-02	0.039271	0.005799	0.048451	0.002846	32.979980	24346200.000000
2021-02-01	0.058322	0.026162	0.061081	0.002558	46.279968	25391400.000000
2021-01-29	-0.050154	-0.006500	0.008355	-0.066229	-41.899963	34990800.000000
2021-01-28	-0.033246	-0.051102	-0.018700	-0.073088	-28.729980	26378000.000000
2021-01-27	-0.021436	-0.014427	0.009523	-0.027664	-18.930054	27334000.000000
2021-01-26	0.002600	0.012012	0.017144	-0.010445	2.290039	23131600.000000
2021-01-25	0.040348	0.009874	0.063498	-0.009237	34.159973	41173400.000000
2021-01-22	0.001953	-0.012639	0.003562	-0.019373	1.650024	20066500.000000
2021-01-21	-0.006420	0.005350	0.006197	-0.010618	-5.460022	20521100.000000
2021-01-20	0.006986	0.016802	0.017702	-0.008608	5.900024	25665900.000000
2021-01-19	0.022260	0.014089	0.028856	0.008279	18.390015	25367000.000000
2021-01-15	-0.022296	0.008284	0.017633	-0.030651	-18.840027	38777600.000000
2021-01-14	-0.011013	-0.012898	0.010054	-0.018328	-9.409973	31266300.000000
2021-01-13	0.005851	0.003908	0.012985	-0.020531	4.969971	33312500.000000
2021-01-12	0.047153	0.024421	0.070033	0.019909	38.250000	46270700.000000
2021-01-11	-0.078214	-0.034795	-0.029079	-0.086816	-68.830017	59301600.000000
2021-01-08	0.078403	0.048968	0.083881	0.027388	63.980042	75055500.000000
2021-01-07	0.079447	0.028638	0.080703	0.025424	60.059998	51498900.000000
2021-01-06	0.028390	0.031805	0.052904	0.019031	20.869995	44700000.000000
2021-01-05	0.007317	-0.008373	0.015169	-0.014484	5.339966	32245200.000000
2021-01-04	0.034152	0.019542	0.055012	0.016325	24.100037	48638200.000000
2020-12-31	0.015674	0.007499	0.034457	-0.005268	10.889954	49649900.000000
2020-12-30	0.043229	0.009024	0.045962	0.003559	28.790039	42846000.000000
2020-12-29	0.003465	-0.004053	0.009357	-0.013093	2.299988	22910800.000000
2020-12-28	0.002901	0.019251	0.029663	-0.001466	1.919983	32278600.000000
2020-12-24	0.024444	-0.004629	0.031131	-0.007709	15.790039	22865600.000000
2020-12-23	0.008808	-0.012712	0.017428	-0.027751	5.639954	33173000.000000
2020-12-22	-0.014649	-0.002862	0.000031	-0.054827	-9.519958	51716000.000000
2020-12-21	-0.064950	-0.041381	-0.038129	-0.070403	-45.140015	58045300.000000
2020-12-18	0.059613	0.019820	0.059613	-0.041714	39.099976	222126200.000000
2020-12-17	0.053198	0.008703	0.057887	-0.005251	33.130005	56270100.000000
2020-12-16	-0.016550	-0.007927	-0.001184	-0.044611	-10.479980	42095800.000000
2020-12-15	-0.010284	0.005392	0.011050	-0.025054	-6.580017	45071500.000000
2020-12-14	0.048919	0.014771	0.053706	0.000344	29.840027	52040600.000000
2020-12-11	-0.027238	-0.019232	-0.004896	-0.048272	-17.080017	46475000.000000
2020-12-10	0.037371	-0.049811	0.038496	-0.063095	22.590027	67083200.000000
2020-12-09	-0.069859	0.005863	0.006832	-0.095218	-45.400024	71291200.000000
2020-12-08	0.012653	-0.025321	0.014834	-0.036244	8.119995	64265000.000000
2020-12-07	0.071314	0.009816	0.083050	0.006694	42.720032	56309700.000000
2020-12-04	0.009539	-0.003994	0.009539	-0.013280	5.659973	29401300.000000
2020-12-03	0.043177	0.037270	0.053004	0.023927	24.559998	42552000.000000
2020-12-02	-0.027259	-0.048430	-0.022608	-0.074475	-15.940002	47775700.000000
2020-12-01	0.030233	0.052837	0.053295	0.007840	17.160034	40103500.000000
2020-11-30	-0.031003	0.028083	0.037626	-0.053349	-18.160034	63003100.000000
2020-11-27	0.020488	0.012474	0.043171	0.007753	11.760010	37561100.000000
2020-11-25	0.033527	-0.009579	0.033527	-0.018024	18.619995	48930200.000000
2020-11-24	0.064252	0.035547	0.073086	0.008336	33.530029	53648500.000000
2020-11-23	0.065848	0.028370	0.074324	0.024877	32.239990	50260300.000000
2020-11-20	-0.019348	-0.002564	0.006469	-0.020450	-9.660004	32911900.000000
2020-11-19	0.025953	0.011014	0.045146	0.001911	12.629974	62475300.000000
2020-11-18	0.101968	0.015262	0.123163	0.004280	45.030029	78044000.000000
2020-11-17	0.082139	0.127619	0.132103	0.061065	33.519989	61188300.000000
2020-11-16	-0.001004	0.001053	0.009670	-0.010796	-0.410004	26838600.000000
2020-11-13	-0.007917	-0.002210	0.001870	-0.024529	-3.260010	19771100.000000
2020-11-12	-0.012874	-0.004986	0.014072	-0.018244	-5.369995	19855100.000000
2020-11-11	0.016498	0.014841	0.020324	0.000536	6.770020	17357700.000000
2020-11-10	-0.025875	-0.002777	-0.002777	-0.059892	-10.900024	30284200.000000
2020-11-09	-0.020212	0.022212	0.052448	-0.020816	-8.690002	34833000.000000
2020-11-06	-0.018581	-0.004542	-0.003470	-0.031523	-8.139984	21706000.000000
2020-11-05	0.040643	0.017388	0.045180	0.007174	17.109985	28414500.000000
2020-11-04	-0.006888	0.015853	0.027129	-0.016041	-2.919983	32143100.000000
2020-11-03	0.058400	0.023021	0.068063	0.015430	23.389984	34351700.000000
2020-11-02	0.032136	0.015359	0.048809	0.010978	12.470001	29021100.000000
2020-10-30	-0.055473	-0.009566	-0.007886	-0.077210	-22.789978	42511300.000000
2020-10-29	0.011847	0.009704	0.029654	0.001084	4.809998	22655300.000000
2020-10-28	-0.043939	-0.019309	-0.014317	-0.043986	-18.660004	25451400.000000
2020-10-27	0.010469	0.008280	0.024317	-0.000428	4.399994	22686500.000000
2020-10-26	-0.000832	-0.021396	0.012196	-0.025272	-0.350006	28239200.000000
2020-10-23	-0.012119	-0.009277	-0.006811	-0.043237	-5.160004	33717000.000000
2020-10-22	0.007453	0.045618	0.053450	0.004425	3.149994	39993200.000000
2020-10-21	0.001659	0.001801	0.026094	-0.001635	0.700012	32370500.000000
2020-10-20	-0.020635	0.002135	0.002135	-0.027343	-8.889984	31656300.000000
2020-10-19	-0.020106	0.014943	0.016672	-0.024564	-8.840027	36287800.000000
2020-10-16	-0.020518	0.012386	0.015750	-0.022344	-9.209991	32775900.000000
2020-10-15	-0.026924	-0.023824	-0.010254	-0.040754	-12.419983	35672400.000000
2020-10-14	0.032800	0.007008	0.043099	0.001567	14.649994	47879700.000000
2020-10-13	0.009835	0.002374	0.014899	-0.012887	4.350006	34463700.000000
2020-10-12	0.019124	0.018433	0.033963	0.010553	8.299988	38791100.000000
2020-10-09	0.018971	0.009884	0.020356	0.001268	8.079987	28925700.000000
2020-10-08	0.001458	0.030896	0.032213	0.000000	0.620026	40421100.000000
2020-10-07	0.027344	0.014228	0.038456	-0.000314	11.319977	43127700.000000
2020-10-06	-0.027485	-0.004440	0.007282	-0.046114	-11.699982	49146300.000000
2020-10-05	0.025513	0.019899	0.044689	0.010215	10.589996	44722800.000000
2020-10-02	-0.073791	-0.059733	-0.020149	-0.073991	-33.070007	71430000.000000
2020-10-01	0.044638	0.027389	0.046316	0.012610	19.149994	50741500.000000
2020-09-30	0.023719	0.005369	0.035459	0.003341	9.940002	48145600.000000
2020-09-29	-0.005057	-0.012346	0.017331	-0.022792	-2.130005	50219300.000000
2020-09-28	0.034026	0.042422	0.050916	0.020155	13.860016	49719600.000000
2020-09-25	0.050414	0.014647	0.053998	0.009051	19.549988	67208500.000000
2020-09-24	0.019534	-0.043538	0.050321	-0.076401	7.430023	96561100.000000
2020-09-23	-0.103411	-0.044952	-0.028475	-0.113971	-43.870026	95074200.000000
2020-09-22	-0.055987	-0.044037	-0.025880	-0.070740	-25.160004	79580800.000000
2020-09-21	0.016375	0.024833	0.030600	-0.079340	7.240021	109476800.000000
2020-09-18	0.044210	0.057884	0.065111	0.012682	18.720001	86406800.000000
2020-09-17	-0.041493	-0.059218	-0.008987	-0.076422	-18.330017	76779200.000000
2020-09-16	-0.017787	-0.021990	0.017854	-0.032128	-8.000000	72279300.000000
2020-09-15	0.071827	0.040370	0.100853	0.026405	30.140015	97298200.000000
2020-09-14	0.125832	0.022081	0.126851	0.001556	46.899994	83020600.000000
2020-09-11	0.003716	0.028545	0.030053	-0.029192	1.380005	60717500.000000
2020-09-10	0.013815	0.054412	0.089303	-0.015616	5.059998	84930600.000000
2020-09-09	0.109234	0.079919	0.117471	0.034221	36.070007	79465800.000000
2020-09-08	-0.210628	-0.148977	-0.118522	-0.211417	-88.110016	115465700.000000
2020-09-04	0.027813	-0.010295	0.051597	-0.085946	11.320007	110321900.000000
2020-09-03	-0.090238	-0.089724	-0.034803	-0.101415	-40.369995	87596100.000000
2020-09-02	-0.058268	0.008294	0.008399	-0.147206	-27.679993	96176100.000000
2020-09-01	-0.046697	0.007666	0.008368	-0.055808	-23.270020	89841100.000000
2020-08-31	0.125689	0.004360	0.129800	-0.005806	55.640015	118374400.000000
2020-08-28	-0.011323	0.025179	0.035618	-0.023330	-5.070007	100406000.000000
2020-08-27	0.039746	0.012674	0.066149	-0.004955	17.115997	118465000.000000
2020-08-26	0.064166	0.018119	0.070507	0.014970	25.966003	71197000.000000
2020-08-25	0.004538	-0.019516	0.006827	-0.022937	1.828003	53294500.000000
2020-08-24	-0.017454	0.037220	0.038547	-0.059737	-7.156006	100318000.000000
2020-08-21	0.024053	0.021445	0.046787	0.011599	9.630005	107448000.000000
2020-08-20	0.065636	-0.009502	0.076368	-0.011429	24.660004	103059000.000000
2020-08-19	-0.004536	-0.011706	0.012670	-0.024313	-1.712006	61026500.000000
2020-08-18	0.028028	0.034511	0.048081	0.005159	10.290009	82372500.000000
2020-08-17	0.112031	0.015926	0.118222	0.013400	36.985992	101211500.000000
2020-08-14	0.018328	0.027137	0.029488	0.003479	5.941986	62888000.000000
2020-08-13	0.042605	0.036173	0.062016	0.008040	13.248016	102126500.000000
2020-08-12	0.131236	0.069565	0.153239	0.044100	36.074005	109147000.000000
2020-08-11	-0.031144	-0.015910	0.001008	-0.037763	-8.835999	43129000.000000
2020-08-10	-0.023501	-0.003242	0.003297	-0.046031	-6.828003	37611500.000000
2020-08-07	-0.024752	0.006686	0.006828	-0.050061	-7.373993	44482000.000000
2020-08-06	0.003071	0.003912	0.021744	-0.005226	0.911987	29961500.000000
2020-08-05	-0.001332	0.004028	0.008635	-0.012569	-0.395996	24739000.000000
2020-08-04	0.001347	0.006741	0.028559	-0.015488	0.399994	42075000.000000
2020-08-03	0.037910	0.012888	0.055250	0.009519	10.847992	44046500.000000
2020-07-31	-0.038138	0.018494	0.019872	-0.044713	-11.345978	61041000.000000
2020-07-30	-0.007751	-0.007411	0.009426	-0.018751	-2.324005	38105000.000000
2020-07-29	0.015320	0.016600	0.039499	0.007118	4.523987	47134500.000000
2020-07-28	-0.040991	-0.023123	0.016303	-0.042336	-12.622009	79043500.000000
2020-07-27	0.086521	0.012703	0.092407	-0.002823	24.520020	80243500.000000
2020-07-24	-0.063493	-0.064148	-0.031770	-0.096843	-19.214020	96983000.000000
2020-07-23	-0.049776	0.054398	0.060710	-0.070061	-15.851990	121642500.000000
2020-07-22	0.015284	0.019536	0.037020	-0.004055	4.794006	70805500.000000
2020-07-21	-0.045429	-0.001869	0.019477	-0.051735	-14.928009	80536000.000000
2020-07-20	0.094720	0.012107	0.099384	-0.008555	28.432007	85607000.000000
2020-07-17	0.000133	0.008536	0.024570	-0.007090	0.040009	46650000.000000
2020-07-16	-0.029347	-0.044534	-0.009250	-0.051753	-9.074005	71504000.000000
2020-07-15	0.019258	0.017273	0.021888	-0.039425	5.842010	81839000.000000
2020-07-14	0.013186	0.039371	0.062082	-0.044126	3.947998	117090500.000000
2020-07-13	-0.030810	0.074030	0.162069	-0.047610	-9.518005	194927000.000000
2020-07-10	0.107848	0.001234	0.110910	-0.013104	30.074005	116688000.000000
2020-07-09	0.020792	0.022777	0.031247	-0.010689	5.679993	58588000.000000
2020-07-08	-0.017254	0.010893	0.019714	-0.056495	-4.795990	81556500.000000
2020-07-07	0.013328	0.024373	0.042229	-0.025423	3.655975	107448500.000000
2020-07-06	0.134794	0.056285	0.139932	0.047474	32.584015	102849500.000000
2020-07-02	0.079517	0.090968	0.096791	0.058921	17.806000	86250500.000000
2020-07-01	0.036877	0.002954	0.051416	0.000639	7.963989	66634500.000000
2020-06-30	0.069807	-0.002824	0.077614	-0.005568	14.092010	84592500.000000
2020-06-29	0.051691	0.009659	0.052368	-0.011691	9.921997	45132000.000000
2020-06-26	-0.026613	0.008925	0.009148	-0.031552	-5.248001	44274500.000000
2020-06-25	0.026154	-0.006848	0.026154	-0.024666	5.026001	46272500.000000
2020-06-24	-0.040857	-0.007656	-0.000898	-0.048554	-8.186005	54798000.000000
2020-06-23	0.007503	0.004586	0.017781	-0.000312	1.492004	31826500.000000
2020-06-22	-0.006574	-0.000949	0.007973	-0.010870	-1.315994	31812000.000000
2020-06-19	-0.003048	0.008785	0.011963	-0.012570	-0.612015	43398500.000000
2020-06-18	0.012271	0.011303	0.027637	0.002702	2.434006	48759500.000000
2020-06-17	0.009836	0.005682	0.023286	0.000448	1.932007	49454000.000000
2020-06-16	-0.008851	0.021142	0.022182	-0.028772	-1.753998	70255500.000000
2020-06-15	0.059469	-0.018700	0.067958	-0.028633	11.123993	78486000.000000
2020-06-12	-0.038609	0.007360	0.015563	-0.061922	-7.511993	83817000.000000
2020-06-11	-0.050934	-0.033998	-0.005941	-0.051754	-10.442001	79582500.000000
2020-06-10	0.089702	0.054440	0.092285	0.044468	16.875992	92817000.000000
2020-06-09	-0.009738	-0.010432	0.004758	-0.027360	-1.849991	56941000.000000
2020-06-08	0.072556	0.037644	0.072646	0.026534	12.851990	70873500.000000
2020-06-05	0.024619	0.015572	0.025614	0.002106	4.255997	39059500.000000
2020-06-04	-0.021043	0.007837	0.014485	-0.027770	-3.715988	44438500.000000
2020-06-03	0.001588	0.007441	0.018581	-0.001656	0.279999	39747500.000000
2020-06-02	-0.018417	-0.003786	0.011758	-0.030175	-3.307999	67828000.000000
2020-06-01	0.075569	0.027545	0.076647	0.022874	12.619995	74697500.000000
2020-05-29	0.036224	0.003648	0.036224	-0.001986	5.837997	58822500.000000
2020-05-28	-0.017580	-0.008193	0.005511	-0.022603	-2.884003	36278000.000000
2020-05-27	0.001661	0.002430	0.010795	-0.041362	0.272003	57747500.000000
2020-05-26	0.002436	0.021570	0.021692	-0.001432	0.397995	40448500.000000
2020-05-22	-0.012953	-0.006561	0.005051	-0.018850	-2.143997	49937500.000000
2020-05-21	0.014763	0.000539	0.020771	-0.023984	2.408005	61273000.000000
2020-05-20	0.009344	0.015458	0.022265	0.004691	1.509995	36546500.000000
2020-05-19	-0.006907	0.001893	0.010373	-0.009279	-1.123993	48182500.000000
2020-05-18	0.018094	0.035800	0.044484	0.005894	2.891998	58329000.000000
2020-05-15	-0.005178	-0.016158	0.002141	-0.020888	-0.832001	52592000.000000
2020-05-14	0.015639	-0.013857	0.015677	-0.034085	2.473999	68411000.000000
2020-05-13	-0.022794	0.014109	0.020496	-0.056967	-3.690002	95327500.000000
2020-05-12	-0.002317	0.019364	0.039443	-0.004055	-0.375992	79534500.000000
2020-05-11	-0.009922	-0.035281	0.005589	-0.042005	-1.626007	82598000.000000
2020-05-08	0.050485	0.017602	0.056356	0.008935	7.876007	80432500.000000
2020-05-07	-0.003246	-0.006862	0.017659	-0.013072	-0.508011	57638500.000000
2020-05-06	0.018706	0.010791	0.028104	-0.009242	2.874008	55616000.000000
2020-05-05	0.009222	0.037573	0.049567	0.001301	1.403992	84958500.000000
2020-05-04	0.085368	-0.000456	0.086522	-0.004734	11.973999	96185500.000000
2020-05-01	-0.103034	-0.034379	-0.011651	-0.126413	-16.112000	162659000.000000
2020-04-30	-0.023273	0.068306	0.086582	-0.046233	-3.725998	142359500.000000
2020-04-29	0.040813	0.027369	0.044310	0.018255	6.278000	81080000.000000
2020-04-28	-0.037095	-0.003894	0.007825	-0.052657	-5.925995	76110000.000000
2020-04-27	0.101496	0.017183	0.102517	0.013583	14.720001	103407000.000000
2020-04-24	0.027663	0.007341	0.035571	-0.010558	3.903992	66060000.000000
2020-04-23	-0.036169	-0.006160	0.002582	-0.039584	-5.295990	66183500.000000
2020-04-22	0.066097	0.025134	0.068849	0.002898	9.078003	70827500.000000
2020-04-21	-0.079908	-0.021759	0.009339	-0.097232	-11.928009	101045500.000000
2020-04-20	-0.009988	-0.028108	0.015493	-0.055287	-1.505997	73733000.000000
2020-04-17	0.011648	0.036325	0.039908	0.003288	1.735992	65641000.000000
2020-04-16	0.021073	-0.017662	0.040585	-0.031665	3.076004	103289500.000000
2020-04-15	0.028089	0.045232	0.060911	0.000155	3.988007	117885000.000000
2020-04-14	0.090545	0.073769	0.139688	0.063722	11.787994	152882500.000000
2020-04-13	0.136038	0.029948	0.137871	0.013141	15.590004	112377000.000000
2020-04-09	0.044020	0.024142	0.047992	0.015068	4.832001	68250000.000000
2020-04-08	0.006215	0.016042	0.021560	-0.022220	0.678001	63280000.000000
2020-04-07	0.056582	0.055711	0.094452	0.031187	5.841995	89599000.000000
2020-04-06	0.075478	0.064978	0.085394	0.037395	7.246002	74509000.000000
2020-04-03	0.056197	0.121086	0.134266	0.030629	5.108002	112810500.000000
2020-04-02	-0.056255	-0.001101	0.026373	-0.073013	-5.417999	99292000.000000
2020-04-01	-0.080992	-0.038168	-0.019179	-0.093321	-8.488007	66766000.000000
2020-03-31	0.043554	-0.001753	0.081314	-0.010216	4.374001	88857500.000000
2020-03-30	-0.023777	-0.007971	0.004452	-0.044968	-2.445999	59990500.000000
2020-03-27	-0.026128	-0.043850	-0.004468	-0.064621	-2.760002	71887000.000000
2020-03-26	-0.020566	0.015095	0.038479	-0.050070	-2.217995	86903500.000000
2020-03-25	0.067822	0.079703	0.102970	0.012099	6.849998	106113500.000000
2020-03-24	0.162817	0.099035	0.182827	0.091437	14.141998	114476000.000000
2020-03-23	0.015812	0.014198	0.033846	-0.039833	1.352005	82272500.000000
2020-03-20	-0.000257	0.024694	0.115424	-0.004326	-0.022003	141427500.000000
2020-03-19	0.183877	0.037318	0.251315	-0.007641	13.283997	150977500.000000
2020-03-18	-0.160344	-0.095769	-0.058903	-0.185239	-13.795998	118931000.000000
2020-03-17	-0.033410	-0.011369	0.060170	-0.110252	-2.973999	119973000.000000
2020-03-16	-0.185778	-0.141085	-0.094673	-0.191083	-20.309998	102447500.000000
2020-03-13	-0.024851	0.061457	0.083882	-0.104451	-2.786003	113201500.000000
2020-03-12	-0.116172	-0.084102	-0.062643	-0.138719	-14.736000	94545500.000000
2020-03-11	-0.017200	-0.007949	0.012784	-0.050098	-2.219994	66612500.000000
2020-03-10	0.061398	0.084589	0.098684	0.000000	7.465996	77972000.000000
2020-03-09	-0.135725	-0.139435	-0.057542	-0.139990	-19.096001	85368500.000000
2020-03-06	-0.029067	-0.047672	-0.024209	-0.055580	-4.212006	63314500.000000
2020-03-05	-0.033302	-0.034330	-0.005003	-0.041935	-4.991989	54263500.000000
2020-03-04	0.005352	0.024748	0.028182	-0.027874	0.797989	75245000.000000
2020-03-03	0.002542	0.082542	0.085205	-0.036995	0.378006	128920000.000000
2020-03-02	0.113220	0.064776	0.113325	0.027964	15.125992	100975000.000000
2020-02-28	-0.016215	-0.072607	0.016966	-0.099381	-2.201996	121114500.000000
2020-02-27	-0.128146	-0.062660	-0.050116	-0.140986	-19.959991	121386000.000000
2020-02-26	-0.026390	-0.021765	0.016752	-0.029753	-4.222000	70427500.000000
2020-02-25	-0.040634	0.018242	0.027357	-0.056117	-6.776001	86452500.000000
2020-02-24	-0.074595	-0.068812	-0.041620	-0.087458	-13.442001	75961000.000000
2020-02-21	0.001768	0.008417	0.015177	-0.021081	0.317993	71574000.000000
2020-02-20	-0.019631	-0.005962	-0.005908	-0.062654	-3.601990	88174500.000000
2020-02-19	0.068756	0.075839	0.100629	0.049651	11.804001	127115000.000000
2020-02-18	0.072960	0.051961	0.074960	0.040411	11.673996	81908500.000000
2020-02-14	-0.004938	-0.020871	0.011157	-0.023010	-0.794006	78468500.000000
2020-02-13	0.047844	-0.033169	0.066090	-0.042083	7.342010	131446500.000000
2020-02-12	-0.009156	0.004507	0.019848	-0.014218	-1.418015	60112500.000000
2020-02-11	0.004019	-0.003228	0.015857	-0.017218	0.620010	58487500.000000
2020-02-10	0.031026	0.069419	0.096141	0.005788	4.641998	123446000.000000
2020-02-07	-0.001188	-0.024581	0.027758	-0.025315	-0.178009	85317500.000000
2020-02-06	0.019409	-0.047339	0.083204	-0.064925	2.852005	199404000.000000
2020-02-05	-0.171758	-0.071923	-0.046310	-0.206243	-30.472000	242119000.000000
2020-02-04	0.137256	0.132000	0.242295	0.069077	21.412003	304694000.000000
2020-02-03	0.198949	0.035538	0.208386	0.035277	25.886002	235325000.000000
2020-01-31	0.015231	-0.001264	0.019023	-0.012937	1.951996	78596500.000000
2020-01-30	0.102962	0.088521	0.120295	0.063702	11.964005	145028500.000000
2020-01-29	0.024854	0.015505	0.040395	0.000935	2.818001	89007500.000000
2020-01-28	0.015913	0.018763	0.033673	0.000108	1.776001	58942500.000000
2020-01-27	-0.012039	-0.040420	-0.000673	-0.045218	-1.360001	68040500.000000
2020-01-24	-0.012898	-0.002744	0.002901	-0.031353	-1.476006	71768000.000000
2020-01-23	0.004635	-0.009323	0.021841	-0.024510	0.528000	98255000.000000
2020-01-22	0.040863	0.045121	0.086440	0.021747	4.472000	156845000.000000
2020-01-21	0.071890	0.038688	0.074594	0.035083	7.340004	89017500.000000
2020-01-17	-0.005823	-0.011451	0.004246	-0.020117	-0.598000	68145500.000000
2020-01-16	-0.009662	-0.047734	-0.007792	-0.050781	-1.001999	108683500.000000
2020-01-15	-0.036102	-0.015170	-0.000149	-0.039281	-3.884003	86844000.000000
2020-01-14	0.024883	0.036962	0.042964	0.000076	2.612000	144981000.000000
2020-01-13	0.097689	0.032103	0.099299	0.028966	9.342003	132588000.000000
2020-01-10	-0.006627	0.000935	0.007479	-0.015872	-0.638000	64797500.000000
2020-01-09	-0.021945	0.010078	0.013533	-0.039156	-2.160004	142202000.000000
2020-01-08	0.049205	0.009892	0.062743	-0.001769	4.616005	155721500.000000
2020-01-07	0.038801	0.021836	0.044492	0.004031	3.503998	89410500.000000
2020-01-06	0.019255	-0.005733	0.019300	-0.006794	1.706001	50665000.000000
2020-01-03	0.029633	0.023800	0.055176	0.015479	2.549995	88892500.000000
2020-01-02	0.028518	0.014749	0.029570	0.008080	2.386002	47660500.000000
