2022-12-30	-0.019868	-0.017411	-0.013708	-0.025876	-1.502182	7784100.000000
2022-12-29	0.040241	0.022954	0.046206	0.020203	2.924774	11142500.000000
2022-12-28	-0.016954	0.003447	0.008317	-0.014812	-1.253471	10275700.000000
2022-12-27	-0.007611	-0.002311	0.003192	-0.004593	-0.567047	8974800.000000
2022-12-23	-0.005181	-0.000002	0.006140	-0.009616	-0.387985	7452600.000000
2022-12-22	-0.024112	-0.006001	-0.004046	-0.035451	-1.850365	13019700.000000
2022-12-21	0.020100	0.008396	0.029133	0.007200	1.512123	10806100.000000
2022-12-20	-0.006307	-0.007871	0.006527	-0.010645	-0.477509	12080600.000000
2022-12-19	-0.002621	0.013374	0.016009	-0.001908	-0.198967	12561300.000000
2022-12-16	-0.016879	0.005206	0.011034	-0.012668	-1.303215	11929100.000000
2022-12-15	-0.024620	0.000671	0.000671	-0.022322	-1.948845	17080200.000000
2022-12-14	-0.006086	0.014796	0.023460	-0.001527	-0.484726	17910000.000000
2022-12-13	0.000995	0.031767	0.031767	0.000848	0.079132	16938000.000000
2022-12-12	-0.003222	-0.000372	0.007646	-0.012775	-0.257195	11516600.000000
2022-12-09	-0.001361	0.011529	0.028294	0.009527	-0.108810	13787900.000000
2022-12-08	0.019687	0.013582	0.032974	0.009117	1.543175	11197500.000000
2022-12-07	-0.004022	0.003788	0.012809	-0.001422	-0.316544	14925300.000000
2022-12-06	-0.025239	0.008179	0.008674	-0.019565	-2.037781	13992100.000000
2022-12-05	0.001472	0.016361	0.019338	0.004081	0.118706	11523300.000000
2022-12-02	-0.014272	0.000266	0.004545	-0.007804	-1.167274	10519800.000000
2022-12-01	-0.003615	0.011634	0.018822	-0.011513	-0.296776	15975100.000000
2022-11-30	0.046010	0.027469	0.063150	0.025430	3.610641	21667300.000000
2022-11-29	0.001389	0.019708	0.023536	0.007586	0.108818	11502300.000000
2022-11-28	-0.026781	-0.003130	0.006929	-0.020268	-2.156494	13214200.000000
2022-11-25	-0.006954	0.013000	0.015836	0.003874	-0.563850	5908300.000000
2022-11-23	-0.006906	0.009678	0.015925	0.000983	-0.563858	14683800.000000
2022-11-22	0.032654	0.028862	0.052134	0.027345	2.581856	16504700.000000
2022-11-21	-0.028443	-0.007037	-0.004333	-0.023502	-2.314758	18659700.000000
2022-11-18	0.009696	0.027032	0.027776	0.004948	0.781471	18578400.000000
2022-11-17	0.025551	0.008995	0.055309	0.001233	2.008110	24278400.000000
2022-11-16	-0.012553	0.012160	0.012285	-0.008697	-0.999100	24006600.000000
2022-11-15	0.105220	0.137544	0.151569	0.111022	7.577370	48742400.000000
2022-11-14	-0.013951	0.002825	0.008849	-0.010867	-1.018883	11575300.000000
2022-11-11	0.042208	0.038017	0.064559	0.032879	2.957748	15524700.000000
2022-11-10	0.089846	0.053517	0.102196	0.046985	5.777016	21367900.000000
2022-11-09	-0.000308	0.034380	0.035468	0.009815	-0.019783	15086800.000000
2022-11-08	0.036010	0.036836	0.059065	0.034420	2.235619	14102800.000000
2022-11-07	0.004481	0.013168	0.018184	0.002652	0.276978	8507100.000000
2022-11-04	0.036496	0.031531	0.048133	0.023313	2.176277	14662800.000000
2022-11-03	-0.003966	0.002217	0.017084	-0.007304	-0.237415	11040900.000000
2022-11-02	-0.017213	0.026006	0.032408	-0.006498	-1.048569	16547200.000000
2022-11-01	0.000487	0.038988	0.041781	0.011396	0.029678	11561900.000000
2022-10-31	-0.007418	0.004056	0.015142	-0.004421	-0.455036	10802800.000000
2022-10-28	0.017391	0.007918	0.028816	-0.003692	1.048565	11972300.000000
2022-10-27	0.001808	0.027685	0.037655	0.012066	0.108814	12937600.000000
2022-10-26	-0.004907	0.006274	0.024792	-0.000836	-0.296764	14006000.000000
2022-10-25	-0.002447	-0.011033	0.012058	-0.018456	-0.148384	21700600.000000
2022-10-24	-0.038588	-0.039364	-0.022873	-0.053636	-2.433464	25010800.000000
2022-10-21	0.002674	-0.013900	0.014083	-0.013900	0.168159	13699000.000000
2022-10-20	-0.001257	0.012332	0.036628	0.006457	-0.079132	11300900.000000
2022-10-19	-0.000785	-0.004488	0.017250	-0.013532	-0.049458	12385200.000000
2022-10-18	-0.018185	0.026638	0.029909	-0.021968	-1.167282	16656100.000000
2022-10-17	0.015175	0.027667	0.033519	0.012801	0.959545	11280100.000000
2022-10-14	-0.040528	0.020615	0.023498	-0.032192	-2.670887	19440900.000000
2022-10-13	0.039152	-0.005653	0.106932	-0.017322	2.482937	36639300.000000
2022-10-12	0.010402	0.013293	0.023330	0.009629	0.652878	16468700.000000
2022-10-11	-0.059164	-0.037663	-0.027021	-0.061347	-3.946964	28699300.000000
2022-10-10	-0.033118	0.012353	0.012787	-0.028808	-2.285080	16042200.000000
2022-10-07	-0.061870	-0.023632	-0.020641	-0.051641	-4.550385	14758600.000000
2022-10-06	-0.001746	0.003981	0.016875	0.002488	-0.128609	11796800.000000
2022-10-05	0.022936	0.012430	0.040060	0.007710	1.651993	14037100.000000
2022-10-04	0.051408	0.033530	0.064623	0.032362	3.521599	14900700.000000
2022-10-03	0.010064	0.003826	0.025796	-0.002514	0.682564	11945100.000000
2022-09-30	-0.010393	-0.010546	0.016302	-0.011568	-0.712234	10472400.000000
2022-09-29	-0.039512	-0.011661	-0.009418	-0.040251	-2.819260	16120300.000000
2022-09-28	-0.012324	-0.015674	0.000660	-0.021349	-0.890289	12943600.000000
2022-09-27	0.000274	0.017826	0.025165	0.001765	0.019775	12430600.000000
2022-09-26	-0.011642	0.005429	0.015282	-0.002097	-0.850723	13441500.000000
2022-09-23	-0.023271	-0.006874	-0.005671	-0.023048	-1.741020	12685500.000000
2022-09-22	-0.019575	0.001861	0.005792	-0.012423	-1.493706	10817900.000000
2022-09-21	-0.012924	0.003530	0.025908	-0.002162	-0.999115	10869000.000000
2022-09-20	-0.001023	0.001987	0.013617	0.001599	-0.079140	8202800.000000
2022-09-19	0.004365	-0.006488	0.015316	-0.006488	0.336342	10378600.000000
2022-09-16	-0.001154	-0.000375	0.011163	-0.002838	-0.089027	10604500.000000
2022-09-15	-0.015553	0.002838	0.011388	-0.008776	-1.218712	10533100.000000
2022-09-14	0.010785	0.028617	0.034035	0.018814	0.836105	8849600.000000
2022-09-13	-0.040657	-0.004789	0.004122	-0.028301	-3.285408	12835100.000000
2022-09-12	0.007605	0.022107	0.028716	0.019489	0.609871	7903000.000000
2022-09-09	0.016077	0.024096	0.034612	0.022956	1.268913	7084700.000000
2022-09-08	0.003627	0.004668	0.026666	0.001616	0.285255	8181700.000000
2022-09-07	-0.001000	-0.004212	0.018526	-0.006245	-0.078697	9843500.000000
2022-09-06	-0.010754	0.018254	0.018254	-0.000721	-0.855766	12704400.000000
2022-09-02	-0.009064	0.015500	0.033307	0.003794	-0.727913	8850100.000000
2022-09-01	-0.020516	-0.006554	-0.001919	-0.022776	-1.682037	11566000.000000
2022-08-31	0.006764	0.032830	0.042162	0.019936	0.550842	8887100.000000
2022-08-30	-0.000724	0.028032	0.030487	0.002878	-0.059013	8392300.000000
2022-08-29	-0.022304	0.006663	0.011582	-0.006893	-1.859108	9639700.000000
2022-08-26	-0.032317	0.015808	0.019175	-0.017278	-2.783730	9381500.000000
2022-08-25	0.023492	0.025770	0.040741	0.021968	1.977142	6602100.000000
2022-08-24	-0.005463	0.013903	0.017802	0.006812	-0.462318	7085800.000000
2022-08-23	0.009268	0.015667	0.032841	0.013639	0.777084	8462500.000000
2022-08-22	-0.022477	-0.004248	0.002980	-0.009727	-1.927948	8054000.000000
2022-08-19	-0.023188	0.007852	0.008877	-0.009003	-2.036163	9602800.000000
2022-08-18	0.000785	0.011036	0.021977	0.007731	0.068855	10947700.000000
2022-08-17	-0.008338	0.005884	0.014586	0.000007	-0.737740	9093100.000000
2022-08-16	-0.017691	0.011847	0.014178	-0.016686	-1.593521	10566100.000000
2022-08-15	0.007814	0.007110	0.028705	0.006998	0.698395	15949500.000000
2022-08-12	0.014969	0.018438	0.037403	0.017983	1.318092	12098800.000000
2022-08-11	0.009586	0.031411	0.043335	0.023958	0.836113	11158800.000000
2022-08-10	0.040606	0.035710	0.057901	0.029745	3.403435	10704600.000000
2022-08-09	-0.031044	0.005060	0.007372	-0.023841	-2.685387	13075000.000000
2022-08-08	-0.020385	0.007674	0.009033	-0.015768	-1.800072	12120300.000000
2022-08-05	0.015268	0.012136	0.046055	0.011907	1.327927	13293500.000000
2022-08-04	0.022078	0.022379	0.039066	0.017913	1.878777	13472500.000000
2022-08-03	0.005346	0.015557	0.025127	-0.000983	0.452477	20779400.000000
2022-08-02	-0.003012	-0.004463	0.030755	-0.008586	-0.255745	15541600.000000
2022-08-01	-0.024525	-0.019917	-0.001648	-0.031407	-2.134529	20102600.000000
2022-07-29	-0.001467	0.007557	0.023504	0.007213	-0.127869	10366200.000000
2022-07-28	0.011183	0.010820	0.028106	0.002931	0.963974	10668200.000000
2022-07-27	0.038024	0.027338	0.058528	0.027338	3.157524	9399500.000000
2022-07-26	-0.021785	-0.001521	0.003662	-0.012241	-1.849274	6977700.000000
2022-07-25	-0.000232	0.016385	0.021096	0.008494	-0.019661	5960900.000000
2022-07-22	-0.016745	0.012220	0.015926	-0.006424	-1.445976	8612100.000000
2022-07-21	0.014210	0.018030	0.031184	0.014742	1.209900	7135000.000000
2022-07-20	0.004759	0.005174	0.023701	0.004348	0.403290	11664800.000000
2022-07-19	0.030749	0.033893	0.051773	0.028541	2.527977	10673100.000000
2022-07-18	-0.023940	0.021726	0.021963	-0.010211	-2.016472	11352500.000000
2022-07-15	0.023425	0.039828	0.045417	0.020266	1.927956	14061000.000000
2022-07-14	0.029278	0.037381	0.051012	0.006866	2.341087	23377000.000000
2022-07-13	0.027686	0.018934	0.050294	0.014050	2.154198	14706500.000000
2022-07-12	-0.000126	0.042965	0.047077	0.014307	-0.009842	10363700.000000
2022-07-11	-0.029444	-0.005081	0.001155	-0.016930	-2.360764	9519600.000000
2022-07-08	0.010663	0.007419	0.035655	0.005402	0.845947	10004200.000000
2022-07-07	0.067364	0.057522	0.089275	0.054024	5.006783	15847800.000000
2022-07-06	-0.007226	-0.007690	0.019158	-0.014502	-0.541016	11530500.000000
2022-07-05	-0.011558	-0.015726	0.005398	-0.026421	-0.875443	22253100.000000
2022-07-01	-0.058104	-0.017080	-0.014842	-0.052646	-4.672340	19531700.000000
2022-06-30	-0.022714	-0.026181	-0.017095	-0.042200	-1.900002	14201600.000000
2022-06-29	-0.008181	0.001067	0.003201	-0.011975	-0.689995	7981300.000000
2022-06-28	-0.017703	0.003378	0.011064	-0.017703	-1.520004	8289200.000000
2022-06-27	-0.000698	0.011639	0.012570	-0.003957	-0.059998	7358000.000000
2022-06-24	0.021398	0.000357	0.028887	0.000357	1.799995	10670100.000000
2022-06-23	-0.009304	-0.009186	-0.008008	-0.025321	-0.790001	10370300.000000
2022-06-22	-0.023462	-0.026567	-0.008856	-0.027602	-2.039993	7868700.000000
2022-06-21	0.022941	0.011765	0.032353	0.011765	1.949997	9604000.000000
2022-06-17	0.005679	0.005679	0.012778	-0.006744	0.480003	9735500.000000
2022-06-16	-0.051722	-0.043868	-0.035903	-0.057669	-4.610001	10505200.000000
2022-06-15	0.022250	0.003670	0.030049	0.002064	1.939995	11742500.000000
2022-06-14	0.019170	0.013910	0.027235	0.008650	1.639999	10449600.000000
2022-06-13	-0.035295	-0.029544	-0.020862	-0.041272	-3.129997	14603700.000000
2022-06-10	-0.023886	-0.003412	-0.001431	-0.024436	-2.169998	10460400.000000
2022-06-09	-0.028030	-0.005028	0.000321	-0.028565	-2.620003	8086700.000000
2022-06-08	-0.003943	0.001705	0.011616	-0.007459	-0.369995	6446300.000000
2022-06-07	0.007840	-0.004726	0.008055	-0.014392	0.729996	7360200.000000
2022-06-06	-0.007038	0.013117	0.018876	-0.009598	-0.659996	9440200.000000
2022-06-03	-0.026676	-0.020552	-0.018269	-0.035707	-2.570000	9137100.000000
2022-06-02	0.016781	-0.008021	0.017098	-0.011926	1.589996	6335000.000000
2022-06-01	-0.005771	0.003148	0.011123	-0.015425	-0.550003	6152400.000000
2022-05-31	0.016317	0.018876	0.026874	0.007892	1.530006	9621700.000000
2022-05-27	0.030440	0.017802	0.030989	0.016813	2.769997	6279000.000000
2022-05-26	0.006526	-0.011061	0.010618	-0.015153	0.589996	9762700.000000
2022-05-25	0.019049	0.006876	0.024797	0.003607	1.690002	9113500.000000
2022-05-24	-0.030383	-0.021639	-0.018579	-0.032568	-2.779999	8788600.000000
2022-05-23	0.007931	0.002644	0.012448	-0.001432	0.720001	6920500.000000
2022-05-20	0.006319	0.031371	0.031371	-0.015298	0.570000	10469900.000000
2022-05-19	-0.003535	-0.007622	0.017342	-0.010715	-0.320000	7739000.000000
2022-05-18	-0.029897	-0.013395	-0.000964	-0.031612	-2.790001	9610900.000000
2022-05-17	0.032187	0.031965	0.034067	0.021679	2.909996	7668800.000000
2022-05-16	-0.006047	-0.011983	0.004508	-0.016051	-0.549995	6729100.000000
2022-05-13	0.037290	0.013456	0.041852	0.005360	3.269997	11180600.000000
2022-05-12	-0.001594	-0.018331	0.004327	-0.027781	-0.139999	11592900.000000
2022-05-11	-0.011146	0.000563	0.019703	-0.011484	-0.989998	11531300.000000
2022-05-10	0.017411	0.031157	0.034250	0.009049	1.519997	11690400.000000
2022-05-09	-0.047255	-0.018444	-0.015715	-0.050420	-4.329994	11428600.000000
2022-05-06	-0.005643	-0.008139	0.007922	-0.020402	-0.520004	7944900.000000
2022-05-05	-0.040004	-0.020315	-0.016773	-0.049693	-3.839996	11517200.000000
2022-05-04	0.025206	0.002991	0.026060	-0.018263	2.360001	9082500.000000
2022-05-03	-0.001387	-0.010452	0.003093	-0.013332	-0.130005	9511900.000000
2022-05-02	0.008931	-0.004627	0.014419	-0.018186	0.830002	8251900.000000
2022-04-29	-0.024050	-0.021424	0.003886	-0.025730	-2.290001	10629300.000000
2022-04-28	0.054952	0.021050	0.065810	0.016840	4.959999	15176200.000000
2022-04-27	-0.027056	-0.010025	-0.000862	-0.027487	-2.509995	15846300.000000
2022-04-26	-0.036056	-0.013508	-0.012677	-0.036056	-3.470001	14176000.000000
2022-04-25	0.005853	-0.006584	0.006271	-0.012855	0.559998	10654400.000000
2022-04-22	-0.020274	-0.006451	0.001331	-0.023551	-1.980003	11650100.000000
2022-04-21	-0.013635	0.007474	0.016564	-0.016160	-1.349998	13038500.000000
2022-04-20	-0.004424	0.009553	0.015586	-0.005530	-0.439995	8596900.000000
2022-04-19	0.006885	-0.003341	0.006885	-0.010732	0.680000	10103000.000000
2022-04-18	0.004168	-0.004168	0.015047	-0.009048	0.409996	10277400.000000
2022-04-14	-0.030936	0.024631	0.029557	-0.031232	-3.139999	17828500.000000
2022-04-13	0.041667	0.024220	0.049056	0.021141	4.059998	15776800.000000
2022-04-12	-0.001332	0.024905	0.026443	-0.001332	-0.129997	13291500.000000
2022-04-11	-0.017323	-0.010777	-0.009165	-0.023970	-1.720001	12480500.000000
2022-04-08	-0.012236	0.000995	0.001791	-0.013928	-1.229996	11796200.000000
2022-04-07	-0.006523	-0.007511	0.000494	-0.015122	-0.660004	12431000.000000
2022-04-06	-0.012878	-0.020293	-0.003512	-0.027122	-1.320000	14902600.000000
2022-04-05	-0.021853	-0.002958	-0.001813	-0.025575	-2.290001	12291000.000000
2022-04-04	0.019457	0.011966	0.027045	0.004767	2.000000	9077200.000000
2022-04-01	-0.014099	0.014483	0.016209	-0.019662	-1.470001	12085100.000000
2022-03-31	-0.023143	0.002155	0.003935	-0.023798	-2.470001	13021600.000000
2022-03-30	-0.023066	-0.013364	0.000824	-0.025080	-2.519997	15456300.000000
2022-03-29	0.027462	0.014953	0.032258	0.004326	2.919998	14076200.000000
2022-03-28	-0.003748	-0.010400	-0.000094	-0.019863	-0.400002	8151200.000000
2022-03-25	-0.011027	-0.002131	0.000556	-0.019274	-1.189995	7432100.000000
2022-03-24	0.024395	0.013574	0.024964	0.004556	2.570000	10834000.000000
2022-03-23	-0.015789	-0.005045	0.010744	-0.015789	-1.690002	12905300.000000
2022-03-22	0.001122	-0.004957	0.009727	-0.006453	0.120003	10401200.000000
2022-03-21	0.001874	0.000000	0.004685	-0.014899	0.199997	10366100.000000
2022-03-18	0.002160	-0.007325	0.005165	-0.015025	0.230003	10218200.000000
2022-03-17	0.007569	0.000568	0.007948	-0.008894	0.799995	8042000.000000
2022-03-16	0.035263	0.008816	0.036243	0.007053	3.600006	20347100.000000
2022-03-15	0.028097	-0.012790	0.028600	-0.016918	2.789993	13415600.000000
2022-03-14	-0.020807	0.001085	0.004437	-0.023075	-2.110001	17959400.000000
2022-03-11	-0.024529	0.013467	0.013467	-0.025587	-2.549995	18116400.000000
2022-03-10	-0.009433	-0.007241	0.005526	-0.023154	-0.989998	11811000.000000
2022-03-09	0.049500	0.045100	0.057200	0.027600	4.949997	14348400.000000
2022-03-08	0.007151	0.009266	0.038473	-0.006748	0.709999	25650000.000000
2022-03-07	-0.054921	-0.016847	-0.009233	-0.057110	-5.769997	29422900.000000
2022-03-04	-0.034286	-0.016454	-0.006159	-0.045776	-3.730003	22372100.000000
2022-03-03	-0.007481	0.002737	0.003558	-0.018338	-0.820000	10841700.000000
2022-03-02	0.014438	0.003239	0.017770	-0.001758	1.559998	13342400.000000
2022-03-01	0.009719	0.027941	0.038314	0.000374	1.040001	20377900.000000
2022-02-28	-0.037939	-0.016722	-0.013126	-0.056010	-4.220001	26390800.000000
2022-02-25	-0.005810	0.003665	0.010011	-0.022524	-0.649994	14258900.000000
2022-02-24	-0.034685	-0.068162	-0.033822	-0.099396	-4.020004	27539100.000000
2022-02-23	-0.008639	0.014028	0.021555	-0.009837	-1.010002	8114700.000000
2022-02-22	-0.020116	-0.015171	0.000419	-0.030090	-2.399994	9793500.000000
2022-02-18	-0.003758	0.006346	0.007766	-0.010939	-0.450005	8389000.000000
2022-02-17	-0.031068	-0.008981	-0.006877	-0.031958	-3.839996	7976700.000000
2022-02-16	-0.007388	-0.011083	-0.001847	-0.023691	-0.919998	5749500.000000
2022-02-15	0.039659	0.018786	0.040411	0.014110	4.750000	9248700.000000
2022-02-14	-0.010247	-0.008760	0.004462	-0.024874	-1.240005	8081800.000000
2022-02-11	-0.029669	0.006335	0.014995	-0.034159	-3.699997	9845700.000000
2022-02-10	-0.006453	-0.005736	0.025016	-0.009242	-0.809998	10474900.000000
2022-02-09	0.014631	0.009458	0.014874	-0.007679	1.809998	10979700.000000
2022-02-08	0.011446	-0.002535	0.012673	-0.005723	1.400002	7036200.000000
2022-02-07	0.010659	0.012725	0.025450	0.007106	1.290001	6562900.000000
2022-02-04	0.009846	0.005007	0.016606	-0.003755	1.180000	5743200.000000
2022-02-03	-0.034716	-0.021748	-0.002175	-0.039468	-4.310005	9926800.000000
2022-02-02	0.008939	0.025843	0.027794	-0.004063	1.099998	8562900.000000
2022-02-01	0.003425	0.002202	0.004974	-0.020631	0.420006	6956300.000000
2022-01-31	0.042683	0.016240	0.043874	0.010203	5.019997	10189100.000000
2022-01-28	0.010569	0.020021	0.027668	-0.018818	1.230003	14005900.000000
2022-01-27	-0.054436	0.007475	0.008612	-0.057280	-6.700005	18599800.000000
2022-01-26	0.004899	0.023677	0.034210	-0.004817	0.599998	13592100.000000
2022-01-25	-0.027628	-0.003731	-0.001111	-0.033820	-3.479996	11370500.000000
2022-01-24	0.011483	-0.006103	0.012367	-0.035333	1.430000	17083400.000000
2022-01-21	-0.029611	-0.009741	-0.002727	-0.031637	-3.800003	15573700.000000
2022-01-20	-0.020456	0.006946	0.013281	-0.021449	-2.679993	11421900.000000
2022-01-19	-0.021072	0.005903	0.015467	-0.021595	-2.820007	11155100.000000
2022-01-18	-0.048557	-0.027798	-0.024741	-0.052396	-6.830002	15191400.000000
2022-01-14	0.010561	-0.022272	0.033695	-0.022272	1.470001	28255300.000000
2022-01-13	0.052636	0.064433	0.096574	0.050594	6.960007	52020000.000000
2022-01-12	0.023690	0.010297	0.029032	0.008129	3.059998	16389200.000000
2022-01-11	0.033277	0.012239	0.036317	0.003920	4.159996	12113100.000000
2022-01-10	0.012227	0.013036	0.019190	-0.001943	1.510002	11857700.000000
2022-01-07	-0.038686	-0.014945	-0.010353	-0.040165	-4.970001	21248100.000000
2022-01-06	0.011097	-0.000472	0.015268	-0.017708	1.410004	16249000.000000
2022-01-05	-0.047526	-0.020165	-0.018890	-0.048876	-6.339996	17891200.000000
2022-01-04	0.035714	0.016071	0.052019	0.011646	4.599991	25554900.000000
2022-01-03	0.070568	0.031751	0.077134	0.030671	8.490005	18592000.000000
2021-12-31	-0.000913	0.007723	0.011045	-0.001661	-0.110001	3888200.000000
2021-12-30	-0.008154	-0.003377	0.001153	-0.010049	-0.990005	4187800.000000
2021-12-29	-0.005325	-0.002130	0.008930	-0.008930	-0.649994	5847700.000000
2021-12-28	-0.005216	0.005542	0.007824	-0.006764	-0.639999	6321000.000000
2021-12-27	0.016738	0.004475	0.021379	0.004309	2.019997	6309900.000000
2021-12-23	-0.005111	-0.002803	0.004040	-0.012036	-0.620003	6512500.000000
2021-12-22	0.032868	-0.004428	0.034060	-0.005194	3.860001	9300100.000000
2021-12-21	0.021750	0.009831	0.022272	0.001218	2.500000	6122900.000000
2021-12-20	-0.011864	-0.003439	0.002579	-0.020719	-1.379997	6980800.000000
2021-12-17	-0.002145	-0.002402	0.007892	-0.005490	-0.250000	11725600.000000
2021-12-16	-0.027806	0.003636	0.007055	-0.031392	-3.334030	9116100.000000
2021-12-15	0.035343	0.008454	0.040575	0.005777	4.093071	6700700.000000
2021-12-14	-0.001117	-0.004316	0.008967	-0.005955	-0.129456	6267300.000000
2021-12-13	-0.022748	0.001861	0.003294	-0.018959	-2.698837	5854300.000000
2021-12-10	-0.003096	0.008338	0.014976	-0.006451	-0.368477	5973900.000000
2021-12-09	-0.018883	-0.000975	0.006527	-0.014908	-2.290535	6103900.000000
2021-12-08	-0.004251	-0.001528	0.003316	-0.014006	-0.517853	5795700.000000
2021-12-07	0.026691	0.015936	0.033129	0.013576	3.166901	7459200.000000
2021-12-06	-0.001592	0.000434	0.005567	-0.019004	-0.189217	5681200.000000
2021-12-03	-0.019474	-0.001639	0.005374	-0.026557	-2.360237	7809000.000000
2021-12-02	0.008870	0.001806	0.027194	-0.000941	1.065598	8425500.000000
2021-12-01	0.029705	0.021879	0.058650	0.021879	3.465660	12924400.000000
2021-11-30	-0.017857	-0.005797	0.011629	-0.025496	-2.121223	10561800.000000
2021-11-29	0.018704	0.015028	0.028063	0.011083	2.180977	7634000.000000
2021-11-26	-0.029989	-0.022566	-0.009756	-0.030718	-3.605087	6766900.000000
2021-11-24	-0.005356	-0.007116	0.000082	-0.020355	-0.647324	6992600.000000
2021-11-23	-0.027174	-0.012203	-0.008340	-0.037961	-3.376038	10984000.000000
2021-11-22	0.003943	-0.002005	0.035086	-0.004349	0.487984	16076100.000000
2021-11-19	0.007051	-0.006931	0.015611	-0.007013	0.866417	9071800.000000
2021-11-18	0.036368	0.011811	0.042089	0.010378	4.312164	13229700.000000
2021-11-17	0.008299	0.003456	0.016637	-0.000711	0.975960	6391400.000000
2021-11-16	-0.000339	0.000481	0.006347	-0.004025	-0.039841	5555100.000000
2021-11-15	-0.004802	0.009466	0.012174	-0.005847	-0.567650	5157000.000000
2021-11-12	0.004230	0.005836	0.009489	-0.003680	0.497940	6947200.000000
2021-11-11	-0.000085	0.013141	0.023421	0.000738	-0.009949	6994000.000000
2021-11-10	-0.029397	-0.013839	-0.003944	-0.029670	-3.565254	9046100.000000
2021-11-09	0.007195	0.006960	0.023736	-0.002009	0.866409	10874100.000000
2021-11-08	0.026401	0.009166	0.042069	-0.002257	3.097191	15776300.000000
2021-11-05	0.000085	0.007376	0.018970	-0.008992	0.009956	8668100.000000
2021-11-04	0.033155	-0.001500	0.037957	-0.009955	3.764427	14682800.000000
2021-11-03	-0.000876	-0.001759	0.004048	-0.008007	-0.099586	6073000.000000
2021-11-02	-0.000088	-0.000527	0.010120	-0.000967	-0.009956	4479700.000000
2021-11-01	0.003694	0.003077	0.009789	0.001045	0.418274	4955700.000000
2021-10-29	-0.019912	-0.012655	-0.011617	-0.020013	-2.300491	7118900.000000
2021-10-28	0.019868	0.003342	0.024175	0.002283	2.250694	5714300.000000
2021-10-27	-0.003766	0.002817	0.011875	0.000003	-0.428230	5394500.000000
2021-10-26	0.004752	0.015623	0.018804	0.004843	0.537773	4852300.000000
2021-10-25	-0.005165	0.005631	0.006949	-0.005709	-0.587570	6667700.000000
2021-10-22	-0.017714	0.003705	0.011562	-0.013651	-2.051514	6283000.000000
2021-10-21	0.006056	-0.000902	0.010739	-0.004377	0.697121	4640300.000000
2021-10-20	-0.011713	0.003450	0.004737	-0.007969	-1.364357	8205800.000000
2021-10-19	0.014045	0.008141	0.018414	0.006661	1.613327	5406100.000000
2021-10-18	0.004179	-0.008452	0.008420	-0.008452	0.478020	6773800.000000
2021-10-15	0.020434	0.023941	0.025457	0.007705	2.290527	11558800.000000
2021-10-14	0.023459	0.042118	0.047596	0.014910	2.569366	16930500.000000
2021-10-13	0.007143	0.005240	0.011953	0.001838	0.776794	7845100.000000
2021-10-12	-0.009614	0.006049	0.011149	-0.011345	-1.055634	9294600.000000
2021-10-11	0.001999	0.004501	0.019376	0.002859	0.219093	5318500.000000
2021-10-08	-0.007128	0.005495	0.006311	-0.007823	-0.786751	5143400.000000
2021-10-07	0.013627	0.019381	0.025902	0.014698	1.483871	7821900.000000
2021-10-06	0.000732	-0.003400	0.006526	-0.011303	0.079666	7553600.000000
2021-10-05	0.002201	0.011321	0.016387	0.005979	0.239014	8039600.000000
2021-10-04	-0.022768	-0.000904	0.002966	-0.023226	-2.529541	8514500.000000
2021-10-01	-0.000806	0.007284	0.009982	-0.008005	-0.089630	5315200.000000
2021-09-30	0.000269	0.011423	0.019700	0.004406	0.029877	6433400.000000
2021-09-29	-0.002502	0.007726	0.012661	-0.003760	-0.278847	6522400.000000
2021-09-28	-0.036591	-0.011598	-0.005460	-0.033038	-4.232491	9792300.000000
2021-09-27	0.004410	0.004657	0.012212	-0.001334	0.507896	5198800.000000
2021-09-24	-0.004734	0.002494	0.007334	-0.001567	-0.547737	4455900.000000
2021-09-23	0.002762	0.013669	0.013669	0.001710	0.318687	5484700.000000
2021-09-22	0.007916	0.006495	0.015317	0.003700	0.906250	5345600.000000
2021-09-21	0.002267	0.012453	0.014379	0.002823	0.258934	8182200.000000
2021-09-20	-0.025902	-0.017609	-0.010702	-0.031680	-3.037437	8991000.000000
2021-09-17	-0.025168	-0.000851	0.001476	-0.021634	-3.027481	10722700.000000
2021-09-16	-0.001763	-0.004190	0.005188	-0.009584	-0.212448	7301400.000000
2021-09-15	-0.012917	0.002688	0.003425	-0.009845	-1.576973	5566500.000000
2021-09-14	-0.004287	0.008340	0.008340	-0.001692	-0.525665	5110500.000000
2021-09-13	0.005286	0.008012	0.017523	0.001945	0.644684	6622800.000000
2021-09-10	0.002364	0.011052	0.021901	0.009984	0.287628	5163900.000000
2021-09-09	0.006481	0.010740	0.021493	0.008175	0.783524	5101300.000000
2021-09-08	-0.022534	-0.005730	-0.004355	-0.019798	-2.786980	7983300.000000
2021-09-07	0.005888	0.013545	0.018912	0.007607	0.724014	9739900.000000
2021-09-03	0.026327	0.014852	0.039059	0.012181	3.153954	10361400.000000
2021-09-02	0.002740	0.012276	0.016042	0.008258	0.327301	6866400.000000
2021-09-01	0.012184	0.018509	0.028167	0.012918	1.438118	8603900.000000
2021-08-31	0.000168	0.016901	0.023595	0.005801	0.019844	8424900.000000
2021-08-30	0.004220	0.011577	0.016852	0.008088	0.495903	6434200.000000
2021-08-27	0.003302	0.010222	0.018503	0.004758	0.386810	6827700.000000
2021-08-26	0.009143	0.016443	0.020578	0.002400	1.061234	9892100.000000
2021-08-25	0.043885	0.040635	0.071842	0.039735	4.879700	22106800.000000
2021-08-24	0.010364	0.016073	0.027431	0.015891	1.140587	6719800.000000
2021-08-23	0.026267	0.026536	0.038192	0.018982	2.816727	9533500.000000
2021-08-20	-0.021715	-0.004331	0.000869	-0.017195	-2.380333	13042000.000000
2021-08-19	0.000634	-0.004978	0.013005	-0.017028	0.069427	12146900.000000
2021-08-18	-0.005940	0.013975	0.025409	0.001634	-0.654602	9167300.000000
2021-08-17	-0.030707	0.000342	0.001397	-0.025869	-3.491165	13398800.000000
2021-08-16	-0.007532	0.004766	0.008083	-0.003963	-0.862877	5435900.000000
2021-08-13	-0.001729	0.002768	0.006689	-0.002286	-0.198357	4593200.000000
2021-08-12	-0.002500	0.004433	0.007910	-0.005215	-0.287628	6338400.000000
2021-08-11	-0.003180	0.009471	0.016316	-0.001793	-0.366974	4490400.000000
2021-08-10	-0.015733	0.010646	0.015337	-0.027051	-1.844765	5132800.000000
2021-08-09	0.000085	0.010049	0.013205	0.000667	0.009918	4280200.000000
2021-08-06	-0.008472	0.001070	0.003015	-0.006711	-1.001724	4338100.000000
2021-08-05	0.004042	0.011060	0.012504	0.004012	0.476067	4452300.000000
2021-08-04	0.002787	0.008428	0.017965	0.007151	0.327301	4254000.000000
2021-08-03	0.013264	0.012141	0.023616	0.008085	1.537300	5874700.000000
2021-08-02	0.001886	0.015692	0.023299	0.008431	0.218201	6028800.000000
2021-07-30	0.004219	0.002616	0.019282	-0.000075	0.485985	6482600.000000
2021-07-29	0.009386	0.016407	0.026133	0.012990	1.071159	7162000.000000
2021-07-28	0.013475	0.011810	0.025752	0.011277	1.517464	6819700.000000
2021-07-27	-0.018245	0.005381	0.006079	-0.023127	-2.092712	11127500.000000
2021-07-26	-0.009761	-0.000375	0.002301	-0.008317	-1.130661	6440600.000000
2021-07-23	0.001973	0.017687	0.017687	-0.002382	0.228111	5773900.000000
2021-07-22	-0.011114	0.010140	0.010140	-0.005942	-1.299278	5746500.000000
2021-07-21	0.012629	0.006786	0.020991	0.004187	1.457970	5564700.000000
2021-07-20	0.009103	0.012891	0.021544	0.000216	1.041397	7108000.000000
2021-07-19	-0.003370	-0.006900	0.007213	-0.013608	-0.386803	9230200.000000
2021-07-16	-0.015230	0.018724	0.020783	-0.011988	-1.775345	12110000.000000
2021-07-15	-0.055149	-0.026353	-0.021652	-0.052696	-6.803810	23734500.000000
2021-07-14	0.003955	0.018430	0.023557	0.009641	0.485985	10587700.000000
2021-07-13	0.010356	0.012862	0.031691	0.004147	1.259605	13460200.000000
2021-07-12	0.017170	0.013527	0.026406	-0.000440	2.053047	10668700.000000
2021-07-09	0.022822	0.009370	0.033236	0.006120	2.667953	8374200.000000
2021-07-08	-0.003213	-0.012035	0.008514	-0.016213	-0.376877	7565400.000000
2021-07-07	-0.014994	0.013213	0.016657	-0.007195	-1.785263	7391800.000000
2021-07-06	0.009587	0.016228	0.025640	0.002407	1.130669	7181500.000000
2021-07-02	0.004138	0.011068	0.014729	0.008173	0.485985	5144300.000000
2021-07-01	-0.014481	0.007755	0.008678	-0.009615	-1.725754	8295600.000000
2021-06-30	-0.000582	0.007671	0.012703	-0.001973	-0.069427	7936400.000000
2021-06-29	0.005184	0.006488	0.013990	-0.001773	0.614929	7874900.000000
2021-06-28	0.026431	0.014834	0.037849	0.013882	3.054771	11026600.000000
2021-06-25	-0.006056	0.010064	0.014192	0.002152	-0.704185	6712800.000000
2021-06-24	0.010254	0.014079	0.022333	0.010169	1.180252	6772200.000000
2021-06-23	0.015044	0.024749	0.035508	0.021310	1.705917	8913700.000000
2021-06-22	0.001665	0.002605	0.011350	-0.010557	0.188446	11792400.000000
2021-06-21	-0.014250	0.004688	0.004862	-0.015862	-1.636490	11116200.000000
2021-06-18	-0.027955	-0.005369	-0.002153	-0.024837	-3.302734	12532800.000000
2021-06-17	0.013195	0.009212	0.031167	0.008440	1.538567	7608100.000000
2021-06-16	-0.011972	0.012975	0.015941	-0.004395	-1.412865	8059400.000000
2021-06-15	-0.012728	0.006774	0.020577	-0.002260	-1.521545	8196900.000000
2021-06-14	0.023171	0.014696	0.035666	0.013926	2.707169	7610300.000000
2021-06-11	0.000085	0.012556	0.013669	0.002883	0.009880	6036600.000000
2021-06-10	0.009477	0.011350	0.026991	0.007808	1.096703	8566600.000000
2021-06-09	0.010438	0.012827	0.027233	0.012565	1.195496	6401600.000000
2021-06-08	-0.019455	0.006392	0.007505	-0.014926	-2.272438	11564800.000000
2021-06-07	-0.010794	0.000525	0.005692	-0.004302	-1.274551	6266000.000000
2021-06-04	0.023027	0.024344	0.038380	0.022785	2.657768	5352100.000000
2021-06-03	-0.017907	0.004470	0.006257	-0.009059	-2.104477	4912200.000000
2021-06-02	0.003713	0.015459	0.020156	0.007089	0.434731	5383400.000000
2021-06-01	0.009799	0.032395	0.035241	0.012732	1.136230	7596100.000000
2021-05-28	0.013734	0.016762	0.030225	0.013702	1.570946	5386500.000000
2021-05-27	-0.001983	0.012128	0.016752	0.003403	-0.227249	6513700.000000
2021-05-26	0.015051	0.009648	0.027361	0.009648	1.699394	6605100.000000
2021-05-25	0.005720	0.022995	0.023797	0.011861	0.642212	5331700.000000
2021-05-24	0.015914	0.015838	0.036470	0.014571	1.758667	6653600.000000
2021-05-21	-0.012624	0.018561	0.018561	-0.002078	-1.412865	5979400.000000
2021-05-20	0.007829	0.012038	0.024014	0.009427	0.869453	6442500.000000
2021-05-19	0.014074	-0.009239	0.027195	-0.013805	1.541313	7280500.000000
2021-05-18	0.009472	0.041625	0.046050	0.020793	1.027527	7476600.000000
2021-05-17	-0.023653	-0.018382	-0.009742	-0.029181	-2.628120	10688600.000000
2021-05-14	0.034115	0.029439	0.050100	0.025995	3.665543	8425200.000000
2021-05-13	0.004990	0.022884	0.042246	0.009229	0.533531	10552000.000000
2021-05-12	-0.041117	-0.019263	-0.012626	-0.030832	-4.584404	15058900.000000
2021-05-11	0.004808	-0.011123	0.018256	-0.016530	0.533539	10007700.000000
2021-05-10	-0.038689	-0.003899	-0.000434	-0.027723	-4.465843	12281200.000000
2021-05-07	-0.001453	0.024239	0.033063	0.003910	-0.167969	9614300.000000
2021-05-06	0.014041	0.011426	0.031953	0.004058	1.600594	8581700.000000
2021-05-05	0.000173	0.017743	0.022042	0.007653	0.019753	7059000.000000
2021-05-04	-0.005003	0.003922	0.011081	-0.007077	-0.573044	9638300.000000
2021-05-03	-0.006853	0.018457	0.019151	0.003372	-0.790405	10229500.000000
2021-04-30	-0.019815	0.002865	0.004310	-0.008692	-2.331726	7950700.000000
2021-04-29	-0.004680	0.021094	0.022024	-0.005212	-0.553299	8831800.000000
2021-04-28	-0.013276	0.001529	0.005034	-0.009071	-1.590698	6476500.000000
2021-04-27	-0.002057	0.011961	0.013211	-0.001448	-0.247009	5491800.000000
2021-04-26	0.024275	0.023730	0.036868	0.018612	2.845490	8444000.000000
2021-04-23	0.028789	0.023187	0.041969	0.017482	3.280220	8380300.000000
2021-04-22	-0.017717	0.012990	0.012990	-0.013649	-2.055077	7411800.000000
2021-04-21	0.021314	0.008166	0.034493	0.001738	2.420647	8472200.000000
2021-04-20	-0.003900	0.017829	0.024231	0.004673	-0.444618	9299200.000000
2021-04-19	-0.028946	0.004974	0.012469	-0.018873	-3.398766	12630300.000000
2021-04-16	0.004140	0.019312	0.031370	0.007852	0.484123	9512100.000000
2021-04-15	-0.020606	0.019331	0.021844	-0.023720	-2.460159	18709100.000000
2021-04-14	-0.003546	0.018137	0.021810	0.005702	-0.424850	9521900.000000
2021-04-13	0.003060	0.024686	0.028871	0.007524	0.365562	8384800.000000
2021-04-12	-0.015472	0.007265	0.009326	-0.017214	-1.877235	9868400.000000
2021-04-09	-0.005104	0.006552	0.012210	-0.002058	-0.622452	8315200.000000
2021-04-08	0.029527	0.024707	0.045306	0.024707	3.497581	10226700.000000
2021-04-07	-0.020827	0.012128	0.013533	-0.009364	-2.519447	11193200.000000
2021-04-06	-0.016546	0.008063	0.008145	-0.011935	-2.035309	13042300.000000
2021-04-05	-0.002404	0.030538	0.033214	-0.005065	-0.296410	14113900.000000
2021-04-01	0.055124	0.050892	0.068605	0.040880	6.441887	17904000.000000
2021-03-31	0.027896	0.018461	0.041066	0.016438	3.171524	9806500.000000
2021-03-30	0.005945	0.020003	0.027170	0.011243	0.671852	8206200.000000
2021-03-29	-0.018617	0.012041	0.013865	-0.024081	-2.143990	10863600.000000
2021-03-26	0.055319	0.026332	0.069401	0.019001	6.036774	12910900.000000
2021-03-25	0.013675	0.003211	0.047333	0.002189	1.472153	16772400.000000
2021-03-24	-0.051615	-0.009191	0.010366	-0.041082	-5.858940	24196100.000000
2021-03-23	-0.019543	0.002800	0.008414	-0.009984	-2.262566	8977400.000000
2021-03-22	0.031242	0.022461	0.053992	0.022461	3.507469	9376400.000000
2021-03-19	-0.007598	0.011067	0.015575	0.000725	-0.859581	11536000.000000
2021-03-18	-0.035871	0.005651	0.008463	-0.027587	-4.208954	10283800.000000
2021-03-17	-0.001263	0.002253	0.017319	-0.017834	-0.148354	9890400.000000
2021-03-16	0.002267	0.021332	0.034384	0.007512	0.265785	10793400.000000
2021-03-15	0.006593	0.018877	0.022828	0.002218	0.767807	8935000.000000
2021-03-12	-0.018909	0.002561	0.002561	-0.011930	-2.244377	8171000.000000
2021-03-11	0.059299	0.055229	0.078075	0.044787	6.644531	15091600.000000
2021-03-10	-0.021911	0.028267	0.030275	-0.010053	-2.510147	15240300.000000
2021-03-09	0.021504	0.043870	0.055729	0.028355	2.411720	17717100.000000
2021-03-08	-0.056871	0.013685	0.017554	-0.043836	-6.762665	17246900.000000
2021-03-05	0.045073	0.062539	0.066055	0.014026	5.128601	17448700.000000
2021-03-04	-0.059403	0.008101	0.018021	-0.061833	-7.185951	24454200.000000
2021-03-03	-0.024683	0.021677	0.030062	-0.010654	-3.061409	10660300.000000
2021-03-02	-0.024239	0.010365	0.011073	-0.008752	-3.081100	8274500.000000
2021-03-01	0.025330	0.045637	0.051041	0.026358	3.140167	9714900.000000
2021-02-26	-0.000476	0.011276	0.027079	-0.009686	-0.059067	17281000.000000
2021-02-25	-0.047619	0.009883	0.010036	-0.034653	-6.201569	13581200.000000
2021-02-24	0.024787	0.019098	0.041682	0.004698	3.150009	12782900.000000
2021-02-23	-0.033466	-0.018125	0.001954	-0.046417	-4.400162	18444700.000000
2021-02-22	-0.022611	-0.006949	0.005614	-0.009997	-3.041718	10363800.000000
2021-02-19	0.015078	0.027341	0.040923	0.024097	1.998276	10771900.000000
2021-02-18	-0.012035	0.005286	0.012965	-0.005524	-1.614380	11614600.000000
2021-02-17	-0.026990	0.009779	0.012898	-0.012780	-3.720947	12311200.000000
2021-02-16	0.014414	0.041993	0.046335	0.025879	1.958908	11833600.000000
2021-02-12	-0.007904	0.014120	0.020617	0.001272	-1.082794	11114100.000000
2021-02-11	0.040915	0.028866	0.057969	0.018683	5.384521	12347900.000000
2021-02-10	0.007612	0.026897	0.041292	0.014570	0.994232	12196300.000000
2021-02-09	0.000981	0.026831	0.030127	0.009741	0.127960	7929100.000000
2021-02-08	0.037330	0.023186	0.059359	0.023186	4.695473	11160000.000000
2021-02-05	-0.002887	0.020945	0.021659	0.004378	-0.364204	6226800.000000
2021-02-04	0.005098	0.015872	0.021449	0.003681	0.639832	7445100.000000
2021-02-03	-0.007319	0.020301	0.021408	-0.002952	-0.925308	9676600.000000
2021-02-02	0.014053	0.038409	0.044665	0.022208	1.752182	9302400.000000
2021-02-01	0.042298	0.041118	0.060429	0.031421	5.059692	10179900.000000
2021-01-29	-0.034253	0.001098	0.004004	-0.026755	-4.242661	15169200.000000
2021-01-28	0.033596	0.038903	0.064604	0.031226	4.026108	14148100.000000
2021-01-27	-0.038768	0.002236	0.003439	-0.025437	-4.833298	16732700.000000
2021-01-26	-0.029651	0.004430	0.006532	-0.017363	-3.809540	17084600.000000
2021-01-25	0.010686	0.037033	0.039707	0.001791	1.358459	20469300.000000
2021-01-22	-0.037418	-0.015325	-0.006163	-0.024639	-4.941574	19163200.000000
2021-01-21	0.026944	0.036168	0.052886	0.029091	3.464996	15460100.000000
2021-01-20	-0.005027	0.045969	0.053242	0.006588	-0.649689	17360700.000000
2021-01-19	0.048471	0.059352	0.087420	0.041912	5.975159	20443800.000000
2021-01-15	-0.009648	0.032100	0.032662	-0.010158	-1.200935	17343100.000000
2021-01-14	0.060555	0.051827	0.147254	0.036661	7.107201	37125400.000000
2021-01-13	-0.030650	0.027435	0.030738	-0.025424	-3.711098	20650500.000000
2021-01-12	0.003263	0.037084	0.037416	0.008249	0.393753	14163200.000000
2021-01-11	0.032943	0.024859	0.057897	0.016813	3.848900	12006800.000000
2021-01-08	-0.022564	0.053351	0.056530	-0.021356	-2.697189	18976800.000000
2021-01-07	0.050342	0.048648	0.080281	0.033270	5.729073	13556100.000000
2021-01-06	0.025184	0.025601	0.048482	0.013890	2.795631	10609300.000000
2021-01-05	0.009579	0.022329	0.045430	0.018691	1.053284	10583600.000000
2021-01-04	0.024395	0.038511	0.063014	0.029008	2.618446	11262100.000000
2020-12-31	0.001285	0.022962	0.023055	0.011581	0.137802	4909500.000000
2020-12-30	0.031641	0.036467	0.055714	0.033579	3.287819	9571800.000000
2020-12-29	-0.005558	0.024007	0.025442	0.006972	-0.580788	4602400.000000
2020-12-28	0.001699	0.031498	0.036962	0.015680	0.177185	5157000.000000
2020-12-24	0.021299	0.025663	0.041132	0.024781	2.175484	3172100.000000
2020-12-23	-0.001732	0.023007	0.024961	0.012549	-0.177193	3320800.000000
2020-12-22	-0.008490	0.018198	0.019651	-0.002734	-0.876091	5597100.000000
2020-12-21	0.005274	0.008858	0.022496	0.006520	0.541397	6116400.000000
2020-12-18	0.003657	0.016850	0.024672	0.008637	0.374062	7417000.000000
2020-12-17	-0.008190	0.017249	0.021322	0.007067	-0.844589	7779300.000000
2020-12-16	0.001047	0.025594	0.025789	0.009189	0.107834	5986900.000000
2020-12-15	0.014774	0.041042	0.047938	0.028630	1.499763	7399900.000000
2020-12-14	-0.004518	0.017609	0.028690	0.014961	-0.460701	5878000.000000
2020-12-11	-0.001919	0.018005	0.028869	0.010273	-0.196068	7492600.000000
2020-12-10	-0.001820	0.006285	0.026899	-0.001531	-0.186241	7135000.000000
2020-12-09	-0.011549	0.023731	0.029429	-0.000411	-1.195892	8204100.000000
2020-12-08	-0.007049	0.033487	0.034062	0.007884	-0.735176	9876200.000000
2020-12-07	0.025644	0.042680	0.058317	0.032353	2.607445	11793000.000000
2020-12-04	0.042513	0.040766	0.063733	0.032462	4.146416	10824500.000000
2020-12-03	-0.000402	0.035736	0.037069	0.019031	-0.039207	7359000.000000
2020-12-02	-0.013088	0.031689	0.032093	0.006605	-1.293930	8676300.000000
2020-12-01	0.039580	0.037718	0.096707	0.035931	3.764130	16157300.000000
2020-11-30	-0.017419	0.007967	0.011996	-0.006085	-1.686012	13840500.000000
2020-11-27	0.012822	0.031146	0.038784	0.026018	1.225288	4367100.000000
2020-11-25	0.008796	0.015513	0.034409	0.014880	0.833206	5194900.000000
2020-11-24	-0.015184	0.023901	0.024940	-0.001777	-1.460556	7022800.000000
2020-11-23	0.029372	0.039742	0.058683	0.036424	2.744675	8802400.000000
2020-11-20	-0.013249	0.020686	0.026388	0.006325	-1.254707	5329800.000000
2020-11-19	-0.003301	0.018474	0.019422	0.006371	-0.313667	5542800.000000
2020-11-18	0.012747	0.050109	0.053094	0.027193	1.195877	8526600.000000
2020-11-17	-0.035862	0.006901	0.008032	-0.016632	-3.489655	10843700.000000
2020-11-16	0.064900	0.055177	0.121058	0.054521	5.930458	18436200.000000
2020-11-13	0.037853	0.039694	0.065476	0.035945	3.332817	9170900.000000
2020-11-12	-0.011664	0.020158	0.031496	0.007810	-1.039047	7474600.000000
2020-11-11	0.036733	0.041571	0.061123	0.039942	3.156364	7707300.000000
2020-11-10	-0.015388	0.012939	0.017523	-0.006540	-1.342934	8350100.000000
2020-11-09	-0.026036	0.028975	0.032100	-0.007408	-2.332962	8978000.000000
2020-11-06	0.010837	0.013164	0.032229	0.004590	0.960632	6403000.000000
2020-11-05	0.010956	0.031221	0.037379	0.023808	0.960632	6670100.000000
2020-11-04	0.020071	0.032141	0.044356	0.029116	1.725227	7620800.000000
2020-11-03	0.023101	0.025871	0.050271	0.024324	1.940865	6274700.000000
2020-11-02	0.021939	0.029037	0.045580	0.028186	1.803642	6597100.000000
2020-10-30	-0.012015	0.014630	0.018476	-0.000632	-0.999832	4963600.000000
2020-10-29	0.012403	0.025268	0.038165	0.022226	1.019447	5845600.000000
2020-10-28	-0.032984	0.001804	0.004863	-0.013608	-2.803490	8727300.000000
2020-10-27	-0.000231	0.022864	0.025922	0.011336	-0.019600	5315800.000000
2020-10-26	-0.017892	0.007451	0.014036	-0.009184	-1.548782	5568000.000000
2020-10-23	0.001134	0.020621	0.022934	0.011137	0.098030	4165400.000000
2020-10-22	0.006504	0.029470	0.035291	0.022952	0.558731	5656200.000000
2020-10-21	-0.007025	0.017153	0.027209	0.012183	-0.607758	7387600.000000
2020-10-20	0.007995	0.022838	0.036703	0.022605	0.686188	7357600.000000
2020-10-19	0.009919	0.039455	0.054517	0.027100	0.843002	7994500.000000
2020-10-16	-0.016449	0.024787	0.025250	0.000368	-1.421356	7457200.000000
2020-10-15	-0.005079	0.005075	0.030406	0.003923	-0.441101	10327900.000000
2020-10-14	-0.011602	0.020272	0.022889	0.004567	-1.019455	8159000.000000
2020-10-13	-0.013970	0.015557	0.017241	0.003550	-1.244904	8247000.000000
2020-10-12	0.023992	0.024065	0.048770	0.019009	2.087914	10022000.000000
2020-10-09	0.011162	0.026432	0.031777	0.018299	0.960632	7608800.000000
2020-10-08	0.010124	0.042927	0.042927	0.015463	0.862610	10920800.000000
2020-10-07	0.045717	0.040532	0.067779	0.040532	3.724907	11446400.000000
2020-10-06	-0.016797	0.010866	0.019072	-0.001201	-1.391937	7795600.000000
2020-10-05	0.046287	0.029627	0.068515	0.029627	3.666100	10129100.000000
2020-10-02	-0.022029	-0.003426	0.014972	-0.004661	-1.784042	6145900.000000
2020-10-01	0.019119	0.032616	0.040921	0.028589	1.519379	6253800.000000
2020-09-30	0.006956	0.021172	0.038278	0.020918	0.548927	5878900.000000
2020-09-29	0.009277	0.019263	0.038958	0.014275	0.725380	6114600.000000
2020-09-28	0.011283	0.038652	0.039428	0.027789	0.872421	5999300.000000
2020-09-25	0.006379	0.017425	0.027187	0.007273	0.490120	6057500.000000
2020-09-24	0.005903	0.005756	0.034298	-0.002754	0.450905	9940900.000000
2020-09-23	-0.031809	0.010271	0.013186	-0.012673	-2.509415	9094700.000000
2020-09-22	-0.001365	0.023196	0.023956	0.005094	-0.107826	6375200.000000
2020-09-21	0.004487	0.014691	0.025499	0.005535	0.352890	8417100.000000
2020-09-18	-0.020510	0.025887	0.031741	-0.002260	-1.646812	10528300.000000
2020-09-17	-0.009492	-0.000752	0.015162	-0.005563	-0.769463	10090200.000000
2020-09-16	-0.031683	0.033170	0.033170	-0.008042	-2.652298	14492600.000000
2020-09-15	0.066460	0.039029	0.105656	0.036735	5.216843	21048400.000000
2020-09-14	0.021314	0.047383	0.055450	0.040227	1.638184	7091100.000000
2020-09-11	-0.001014	0.039952	0.043722	0.021626	-0.077995	7853500.000000
2020-09-10	-0.006297	0.042832	0.049161	0.017259	-0.487572	11241800.000000
2020-09-09	0.026901	0.042767	0.057092	0.041839	2.028236	7867500.000000
2020-09-08	-0.020150	0.013958	0.028644	0.003561	-1.550430	11553500.000000
2020-09-04	-0.027962	0.016935	0.029188	-0.022101	-2.213493	13638700.000000
2020-09-03	-0.012048	0.012420	0.021032	-0.021776	-0.965363	20090100.000000
2020-09-02	0.007603	0.023010	0.040112	0.004524	0.604568	12567800.000000
2020-09-01	0.029022	0.036783	0.055935	0.035101	2.242752	10193300.000000
2020-08-31	-0.014794	0.007166	0.016855	0.003214	-1.160385	9812900.000000
2020-08-28	-0.001985	0.018654	0.029087	0.016746	-0.156006	5699500.000000
2020-08-27	-0.014067	0.030919	0.032550	0.005704	-1.121384	8018200.000000
2020-08-26	0.021364	0.041028	0.052816	0.037953	1.667442	7821600.000000
2020-08-25	0.014449	0.037873	0.046061	0.032934	1.111633	6113100.000000
2020-08-24	0.007148	0.043721	0.046077	0.027488	0.546059	6405600.000000
2020-08-21	0.019919	0.041680	0.051160	0.039544	1.491913	7942300.000000
2020-08-20	-0.022027	-0.003463	0.006722	-0.007902	-1.686943	11457100.000000
2020-08-19	-0.010956	0.020359	0.023200	0.010544	-0.848343	7976800.000000
2020-08-18	-0.009727	0.025908	0.033582	0.013503	-0.760590	6804800.000000
2020-08-17	0.022701	0.043705	0.057961	0.041874	1.735695	8663900.000000
2020-08-14	0.001405	0.027096	0.037705	0.022250	0.107254	5611200.000000
2020-08-13	-0.013730	0.020487	0.021779	0.005373	-1.062859	6551800.000000
2020-08-12	0.018604	0.028420	0.046709	0.022762	1.413910	8354400.000000
2020-08-11	-0.024164	0.015510	0.016922	0.000744	-1.881966	7056300.000000
2020-08-10	-0.001999	0.032188	0.036032	0.015145	-0.156013	7421400.000000
2020-08-07	-0.006085	0.025143	0.028964	0.011388	-0.477806	8705800.000000
2020-08-06	-0.013598	0.030676	0.031429	0.007811	-1.082367	9838700.000000
2020-08-05	0.017957	0.035628	0.074250	0.030384	1.404152	14436300.000000
2020-08-04	0.015706	0.030461	0.041632	0.022797	1.209137	12569400.000000
2020-08-03	0.000761	0.010965	0.028905	0.006286	0.058510	10129800.000000
2020-07-31	-0.013011	0.021676	0.023472	-0.005525	-1.014122	12021200.000000
2020-07-30	-0.033144	-0.007473	0.008282	-0.024840	-2.671791	16820300.000000
2020-07-29	0.074753	0.028058	0.111519	0.027391	5.606880	28304000.000000
2020-07-28	-0.076036	-0.022518	-0.019684	-0.057749	-6.172447	31500100.000000
2020-07-27	0.126522	0.129049	0.157358	0.116143	9.117271	39899200.000000
2020-07-24	0.096927	0.086871	0.170441	0.086109	6.367477	41226800.000000
2020-07-23	-0.016927	0.021484	0.025076	-0.001112	-1.131119	8559500.000000
2020-07-22	0.010618	0.029911	0.042010	0.028852	0.702080	7366100.000000
2020-07-21	0.013754	0.055421	0.061707	0.038096	0.897087	10619700.000000
2020-07-20	0.007380	0.030158	0.034483	0.016258	0.477814	6357300.000000
2020-07-17	-0.002853	0.036613	0.047239	0.022137	-0.185280	11716600.000000
2020-07-16	0.008023	0.014968	0.034373	-0.001487	0.516815	15709400.000000
2020-07-15	-0.013441	0.028894	0.029354	-0.002043	-0.877594	12432500.000000
2020-07-14	0.029046	0.040182	0.056415	0.029623	1.842960	10482700.000000
2020-07-13	0.019107	0.047208	0.077403	0.043674	1.189632	16667700.000000
2020-07-10	-0.014356	0.020617	0.022042	0.000354	-0.906857	10700000.000000
2020-07-09	0.034990	0.031423	0.064521	0.030440	2.135490	16903300.000000
2020-07-08	0.030967	0.041235	0.059816	0.038870	1.833210	8721900.000000
2020-07-07	-0.018908	0.015250	0.019227	0.005637	-1.140884	6672300.000000
2020-07-06	0.055613	0.061388	0.086930	0.059464	3.178867	12725600.000000
2020-07-02	0.031679	0.045920	0.066134	0.045920	1.755196	10021200.000000
2020-07-01	0.000881	0.029138	0.038170	0.025344	0.048756	6866500.000000
2020-06-30	0.006739	0.022979	0.036437	0.021888	0.370544	7158700.000000
2020-06-29	0.001065	0.025707	0.026981	0.013327	0.058502	5016600.000000
2020-06-26	-0.012447	0.024806	0.029480	0.010602	-0.692329	6229300.000000
2020-06-25	0.008130	0.025162	0.034769	0.014106	0.448551	4509600.000000
2020-06-24	-0.003171	0.024621	0.030945	0.014684	-0.175514	7080200.000000
2020-06-23	0.013571	0.037245	0.046768	0.035231	0.741085	7836500.000000
2020-06-22	0.012475	0.029048	0.038318	0.025710	0.672821	4480400.000000
2020-06-19	-0.014960	0.031552	0.031917	0.009452	-0.819096	6965100.000000
2020-06-18	-0.000465	0.023040	0.032168	0.018476	-0.025471	6831500.000000
2020-06-17	0.014337	0.039744	0.052150	0.034929	0.774242	8248700.000000
2020-06-16	-0.003927	0.043776	0.051338	0.024409	-0.212921	8827200.000000
2020-06-15	0.000357	0.009461	0.035477	0.005955	0.019363	7509700.000000
2020-06-12	0.017442	0.060671	0.067617	0.039082	0.929092	9838800.000000
2020-06-11	-0.043614	0.002741	0.012795	-0.012341	-2.429195	9877100.000000
2020-06-10	0.016605	0.037096	0.059364	0.037096	0.909740	9194300.000000
2020-06-09	0.018715	0.028057	0.052972	0.021735	1.006519	9355100.000000
2020-06-08	0.006703	0.043371	0.044119	0.024091	0.358086	6302100.000000
2020-06-05	0.016949	0.056487	0.072477	0.048111	0.890388	9776100.000000
2020-06-04	0.022993	0.033263	0.058773	0.032679	1.180721	13269500.000000
2020-06-03	0.020188	0.045779	0.057897	0.041408	1.016201	8380200.000000
2020-06-02	0.019204	0.041767	0.053714	0.038527	0.948456	6063600.000000
2020-06-01	0.013908	0.045170	0.052766	0.037574	0.677460	6187300.000000
2020-05-29	0.000994	0.034496	0.042510	0.024632	0.048389	10918500.000000
2020-05-28	-0.028218	0.027671	0.030866	0.000511	-1.412998	8178700.000000
2020-05-27	0.018103	0.037532	0.051968	0.031840	0.890385	11405700.000000
2020-05-26	0.020482	0.064385	0.066460	0.053803	0.987160	8872000.000000
2020-05-22	-0.018719	0.035095	0.035502	0.010053	-0.919415	12462300.000000
2020-05-21	-0.021026	0.038445	0.040638	0.010341	-1.054909	7842600.000000
2020-05-20	0.020272	0.048921	0.059293	0.026959	0.996838	8406200.000000
2020-05-19	-0.020436	0.022904	0.025095	0.011948	-1.025875	12940300.000000
2020-05-18	0.041566	0.056916	0.082851	0.053389	2.003361	12726500.000000
2020-05-15	-0.044146	0.002721	0.012439	-0.020681	-2.225956	17777200.000000
2020-05-14	0.023174	0.023320	0.058222	0.010333	1.142014	13695600.000000
2020-05-13	-0.003523	0.049641	0.051866	0.020726	-0.174206	8611000.000000
2020-05-12	-0.024809	0.037995	0.037995	0.007234	-1.258152	8584500.000000
2020-05-11	-0.009639	0.027404	0.031700	0.022913	-0.493584	6459300.000000
2020-05-08	0.011084	0.038989	0.053205	0.036027	0.561333	6086000.000000
2020-05-07	0.003837	0.049516	0.050111	0.032668	0.193562	5493400.000000
2020-05-06	0.008122	0.041256	0.051446	0.039058	0.406479	8206700.000000
2020-05-05	-0.008437	0.034452	0.041783	0.021969	-0.425835	7780700.000000
2020-05-04	0.020548	0.047215	0.055101	0.036902	1.016197	7514000.000000
2020-05-01	-0.038208	0.020622	0.022177	-0.006411	-1.964653	10238700.000000
2020-04-30	-0.024780	0.027952	0.031935	0.004435	-1.306538	6337900.000000
2020-04-29	0.032600	0.052651	0.071060	0.046384	1.664631	8565500.000000
2020-04-28	-0.014016	0.033263	0.037511	0.017236	-0.725853	8561100.000000
2020-04-27	0.014792	0.041493	0.053250	0.037966	0.754887	5812300.000000
2020-04-24	0.001710	0.032478	0.038170	0.020700	0.087101	5701800.000000
2020-04-23	-0.005855	0.030531	0.036775	0.019798	-0.300022	7619900.000000
2020-04-22	0.030757	0.055589	0.068261	0.054181	1.529140	8255500.000000
2020-04-21	-0.023198	0.013812	0.017938	-0.007408	-1.180725	13102500.000000
2020-04-20	-0.020488	0.019984	0.035765	0.011516	-1.064590	9901700.000000
2020-04-17	0.024618	0.067376	0.068559	0.045094	1.248470	11288500.000000
2020-04-16	0.055175	0.077997	0.105670	0.075292	2.651794	18615900.000000
2020-04-15	-0.019159	0.015508	0.019793	0.000814	-0.938770	9398100.000000
2020-04-14	0.038564	0.059757	0.086675	0.058697	1.819481	11068800.000000
2020-04-13	0.008690	0.042028	0.049511	0.025352	0.406475	9873200.000000
2020-04-09	-0.038592	0.033468	0.041279	-0.019151	-1.877548	12274000.000000
2020-04-08	0.011062	0.043446	0.051551	0.029522	0.532299	6325900.000000
2020-04-07	-0.005003	0.060557	0.061178	0.026853	-0.241959	6568700.000000
2020-04-06	0.061836	0.067734	0.100010	0.065099	2.816319	7370300.000000
2020-04-03	-0.022231	0.025964	0.033692	0.004281	-1.035553	5486200.000000
2020-04-02	0.034831	0.042371	0.071252	0.035484	1.567856	6174700.000000
2020-04-01	-0.026784	0.012507	0.028290	0.001048	-1.238800	8755200.000000
2020-03-31	-0.000627	0.032831	0.059408	0.029806	-0.029030	9595700.000000
2020-03-30	0.019399	0.039210	0.060796	0.030179	0.880707	8428300.000000
2020-03-27	-0.059354	-0.021436	-0.003617	-0.036354	-2.864719	12158500.000000
2020-03-26	0.017755	0.035371	0.064050	0.031576	0.841995	10577500.000000
2020-03-25	0.002660	0.042354	0.058212	0.015925	0.125816	9796600.000000
2020-03-24	0.079761	0.095816	0.116819	0.084401	3.493790	12216200.000000
2020-03-23	0.016393	0.046953	0.058323	0.009827	0.706501	10508600.000000
2020-03-20	0.014582	0.130492	0.136613	0.047153	0.619400	14157700.000000
2020-03-19	-0.001434	0.028255	0.062107	0.003807	-0.060982	11182600.000000
2020-03-18	-0.085909	-0.058791	-0.009582	-0.070395	-3.997833	15018500.000000
2020-03-17	0.081069	0.062812	0.128091	0.046086	3.489719	13415700.000000
2020-03-16	-0.140341	-0.074561	-0.034420	-0.103319	-7.027367	16628200.000000
2020-03-13	0.072705	0.111832	0.123829	0.055919	3.393845	14948700.000000
2020-03-12	-0.067955	-0.008449	0.018107	-0.031410	-3.403423	15942200.000000
2020-03-11	-0.041644	0.016276	0.024887	-0.003242	-2.176273	14498000.000000
2020-03-10	0.051707	0.080900	0.099214	0.056348	2.569340	11698700.000000
2020-03-09	-0.058834	-0.023606	0.025451	-0.032887	-3.106224	13781100.000000
2020-03-06	-0.011843	0.021916	0.030900	0.010125	-0.632751	12971200.000000
2020-03-05	-0.023651	0.025340	0.030457	0.009625	-1.294266	10004200.000000
2020-03-04	0.040087	0.063783	0.085070	0.055800	2.109169	9878200.000000
2020-03-03	-0.019650	0.049028	0.050333	0.006918	-1.054581	14661800.000000
2020-03-02	0.039747	0.053334	0.085106	0.042872	2.051640	13797700.000000
2020-02-28	0.010321	0.005093	0.057942	-0.001757	0.527298	13604500.000000
2020-02-27	-0.031619	0.027334	0.034915	0.009706	-1.668159	11878900.000000
2020-02-26	0.021723	0.055266	0.073083	0.053136	1.121689	10969300.000000
2020-02-25	-0.004804	0.066386	0.069085	0.037477	-0.249260	12670700.000000
2020-02-24	-0.026444	0.004788	0.026179	-0.002154	-1.409309	9968800.000000
2020-02-21	-0.015758	0.046205	0.046205	0.025337	-0.853252	6816600.000000
2020-02-20	-0.020125	0.030398	0.032208	0.009950	-1.112103	7192900.000000
2020-02-19	0.025988	0.062932	0.075743	0.058290	1.399719	7866300.000000
2020-02-18	-0.034542	0.005602	0.013848	-0.002823	-1.927013	10989000.000000
2020-02-14	-0.019215	0.037616	0.040253	0.017398	-1.092934	6932400.000000
2020-02-13	-0.005031	0.034320	0.044290	0.027498	-0.287617	6460100.000000
2020-02-12	0.016536	0.053557	0.062448	0.047333	0.929951	5962900.000000
2020-02-11	0.028762	0.060078	0.077456	0.057517	1.572285	6523200.000000
2020-02-10	0.014591	0.047520	0.058842	0.045664	0.786144	4281200.000000
2020-02-07	-0.031368	0.027245	0.027245	0.007830	-1.744850	6808400.000000
2020-02-06	0.001727	0.049369	0.049549	0.031540	0.095875	4236300.000000
2020-02-05	0.006954	0.053583	0.054490	0.036719	0.383472	6594400.000000
2020-02-04	0.050210	0.084011	0.097723	0.083630	2.636463	12746600.000000
2020-02-03	0.015387	0.050994	0.062403	0.046933	0.795731	9594300.000000
2020-01-31	-0.033333	0.036149	0.037084	0.001941	-1.783195	13467200.000000
2020-01-30	-0.024305	0.004582	0.022091	0.004218	-1.332611	10295700.000000
2020-01-29	0.001752	0.050922	0.050922	0.038681	0.095867	7693400.000000
2020-01-28	0.033116	0.051937	0.078174	0.047218	1.754444	8124400.000000
2020-01-27	-0.042785	0.004942	0.011627	-0.005176	-2.368019	9675500.000000
2020-01-24	0.004349	0.054135	0.055043	0.042703	0.239685	10402200.000000
2020-01-23	-0.014910	0.034307	0.038060	0.012140	-0.834087	9999200.000000
2020-01-22	0.001889	0.054886	0.055602	0.044498	0.105450	8124500.000000
2020-01-21	-0.005804	0.032560	0.050544	0.023301	-0.325954	9873700.000000
2020-01-17	-0.002894	0.041113	0.043066	0.029928	-0.162975	8125700.000000
2020-01-16	0.006165	0.057535	0.066289	0.041458	0.345131	11215700.000000
2020-01-15	-0.031996	0.031826	0.032345	0.007444	-1.850311	10075100.000000
2020-01-14	0.004329	0.044802	0.053139	0.040634	0.249260	6715200.000000
2020-01-13	0.020387	0.065926	0.066103	0.053521	1.150455	6613700.000000
2020-01-10	-0.006247	0.051343	0.051343	0.034965	-0.354721	4807700.000000
2020-01-09	0.008170	0.059755	0.060110	0.042178	0.460186	5112700.000000
2020-01-08	0.007373	0.040741	0.054870	0.039310	0.412239	5381500.000000
2020-01-07	0.016205	0.044156	0.065058	0.031252	0.891605	7444300.000000
2020-01-06	-0.011540	0.034802	0.036418	0.026358	-0.642342	8897200.000000
2020-01-03	-0.032978	0.024477	0.024651	0.008320	-1.898247	10546400.000000
2020-01-02	0.033391	0.069995	0.079331	0.069995	1.859901	8432600.000000
