2022-12-30	-0.001287	0.014459	0.021631	0.005821	-0.078960	1033200.000000
2022-12-29	0.006297	0.024784	0.029213	0.015599	0.383949	1459400.000000
2022-12-28	-0.014042	0.034974	0.035298	0.007806	-0.868340	1169600.000000
2022-12-27	0.002689	0.029164	0.034839	0.020732	0.165863	963300.000000
2022-12-23	0.016892	0.031049	0.042756	0.030390	1.024445	930800.000000
2022-12-22	-0.015365	0.023812	0.024299	-0.001353	-0.946392	1122400.000000
2022-12-21	0.038322	0.053775	0.064564	0.044840	2.273289	1471100.000000
2022-12-20	0.014178	0.034864	0.045977	0.032300	0.829308	1011900.000000
2022-12-19	0.005873	0.038534	0.040426	0.026496	0.341484	1232300.000000
2022-12-16	-0.012591	0.003213	0.012722	-0.001202	-0.741505	1296200.000000
2022-12-15	-0.005110	0.028665	0.032213	0.009913	-0.302452	1037900.000000
2022-12-14	-0.016056	0.025946	0.027940	0.007162	-0.965904	1172400.000000
2022-12-13	0.031794	0.062509	0.067654	0.052561	1.853752	1331500.000000
2022-12-12	0.015808	0.031220	0.044461	0.029652	0.907360	1064400.000000
2022-12-09	-0.015562	0.012256	0.022033	0.006597	-0.907360	1382400.000000
2022-12-08	0.008608	0.045361	0.047436	0.030484	0.497585	1767700.000000
2022-12-07	-0.014471	0.018470	0.025801	0.006706	-0.848820	1681300.000000
2022-12-06	0.005856	0.039524	0.045183	0.023919	0.341480	3443900.000000
2022-12-05	-0.013859	0.038477	0.042197	0.007023	-0.819557	1586500.000000
2022-12-02	-0.000495	0.024948	0.031202	0.019201	-0.029266	1197200.000000
2022-12-01	-0.011535	0.046373	0.047710	0.029165	-0.690407	1413000.000000
2022-11-30	0.023446	0.069026	0.072446	0.053637	1.371220	2051900.000000
2022-11-29	0.023322	0.061412	0.075235	0.061412	1.332874	1414400.000000
2022-11-28	-0.016664	0.025314	0.038735	0.021357	-0.968491	993900.000000
2022-11-25	0.005808	0.047018	0.054806	0.045980	0.335613	487600.000000
2022-11-23	0.003163	0.033837	0.047031	0.030712	0.182190	1525900.000000
2022-11-22	0.035868	0.067322	0.083507	0.062467	1.994507	1616400.000000
2022-11-21	-0.026687	0.021160	0.021335	-0.005620	-1.524647	2797000.000000
2022-11-18	-0.009147	0.035580	0.038702	0.019624	-0.527393	2257700.000000
2022-11-17	0.000666	0.029848	0.043906	0.025509	0.038357	1805600.000000
2022-11-16	0.008899	0.060024	0.064226	0.045491	0.508217	2424800.000000
2022-11-15	0.026012	0.072866	0.081489	0.062806	1.447933	2308500.000000
2022-11-14	-0.013929	0.040030	0.046939	0.028338	-0.786293	1684200.000000
2022-11-11	0.029916	0.076982	0.080084	0.068225	1.639709	2083200.000000
2022-11-10	0.015275	0.059536	0.073243	0.050644	0.824654	2211900.000000
2022-11-09	-0.018137	0.035953	0.042137	0.023040	-0.997253	1315100.000000
2022-11-08	-0.009158	0.035296	0.043946	0.029709	-0.508213	1891900.000000
2022-11-07	0.007486	0.055392	0.059931	0.048856	0.412327	1252100.000000
2022-11-04	0.032722	0.073614	0.084864	0.064802	1.745193	1630200.000000
2022-11-03	0.015149	0.046100	0.065896	0.044197	0.795883	2892500.000000
2022-11-02	-0.018979	0.047533	0.047533	0.019711	-1.016430	2203200.000000
2022-11-01	0.019719	0.066856	0.067808	0.055812	1.035610	1450300.000000
2022-10-31	0.000000	0.033725	0.050671	0.030107	0.000000	2091300.000000
2022-10-28	0.009585	0.063049	0.065933	0.042096	0.498623	1924100.000000
2022-10-27	0.009115	0.051012	0.062845	0.049460	0.469860	3195400.000000
2022-10-26	0.018761	0.045631	0.066382	0.044643	0.949306	1871700.000000
2022-10-25	0.001518	0.048802	0.053355	0.044448	0.076717	2645600.000000
2022-10-24	0.009774	0.048860	0.065049	0.046662	0.489033	2442900.000000
2022-10-21	0.006365	0.030394	0.051915	0.026573	0.316437	2320400.000000
2022-10-20	-0.004034	0.048073	0.053882	0.031046	-0.201370	2307200.000000
2022-10-19	0.010481	0.043067	0.056629	0.039828	0.517807	1660100.000000
2022-10-18	-0.001550	0.053576	0.055799	0.030738	-0.076714	3264700.000000
2022-10-17	0.011765	0.054929	0.067198	0.054929	0.575340	2825400.000000
2022-10-14	0.011303	0.060856	0.062510	0.038729	0.546570	4569100.000000
2022-10-13	0.043667	0.049124	0.092720	0.048908	2.023277	1909500.000000
2022-10-12	-0.009836	0.031111	0.040514	0.022349	-0.460274	1662800.000000
2022-10-11	-0.014141	0.030224	0.041600	0.025378	-0.671227	2747100.000000
2022-10-10	-0.027696	0.031188	0.034466	0.013981	-1.352047	1517600.000000
2022-10-07	0.003944	0.052325	0.061373	0.039780	0.191780	2314600.000000
2022-10-06	-0.010923	0.018659	0.034932	0.018049	-0.536983	3885800.000000
2022-10-05	-0.002529	0.032517	0.049154	0.023590	-0.124657	1739300.000000
2022-10-04	0.044079	0.065743	0.088833	0.064048	2.080811	2068600.000000
2022-10-03	0.058254	0.085458	0.107651	0.085009	2.598606	1970100.000000
2022-09-30	-0.002787	0.042194	0.059407	0.038841	-0.124657	2469900.000000
2022-09-29	0.009303	0.029552	0.056402	0.023686	0.412327	2607900.000000
2022-09-28	0.015601	0.029574	0.065092	0.022241	0.680820	3627500.000000
2022-09-27	0.014489	0.069366	0.082385	0.054720	0.623280	2943500.000000
2022-09-26	-0.001780	0.052379	0.063286	0.036831	-0.076706	2660200.000000
2022-09-23	-0.063165	0.000037	0.001124	-0.028443	-2.905464	2557900.000000
2022-09-22	0.003557	0.060100	0.066209	0.045483	0.163017	1691400.000000
2022-09-21	-0.005203	0.060011	0.063049	0.037439	-0.239723	2807800.000000
2022-09-20	-0.018186	0.034341	0.035619	0.016441	-0.853420	2287600.000000
2022-09-19	-0.010774	0.008442	0.037110	0.005701	-0.511093	2008500.000000
2022-09-16	0.001997	0.046996	0.060303	0.040660	0.094570	1817100.000000
2022-09-15	-0.022456	0.036699	0.039796	0.025756	-1.087620	1888300.000000
2022-09-14	0.030175	0.079255	0.102439	0.076702	1.418648	3257600.000000
2022-09-13	-0.023763	0.040111	0.049248	0.028691	-1.144379	2483800.000000
2022-09-12	0.004736	0.068404	0.075080	0.060267	0.226986	2427400.000000
2022-09-09	0.026119	0.073188	0.085819	0.070833	1.220032	2369500.000000
2022-09-08	-0.003430	0.047959	0.055426	0.038785	-0.160778	2958300.000000
2022-09-07	-0.023448	0.033178	0.040887	0.021303	-1.125458	3384900.000000
2022-09-06	-0.001770	0.079807	0.082303	0.054434	-0.085125	3818500.000000
2022-09-02	0.019042	0.092951	0.102912	0.076420	0.898483	3507100.000000
2022-09-01	-0.012275	0.049392	0.050647	0.037459	-0.586376	2091500.000000
2022-08-31	-0.029960	0.024450	0.045975	0.022623	-1.475391	3084400.000000
2022-08-30	-0.043534	0.037147	0.037341	0.011315	-2.241463	4875300.000000
2022-08-29	0.012837	0.061280	0.079182	0.061084	0.652576	3954900.000000
2022-08-26	-0.004261	0.068511	0.076934	0.051470	-0.217522	2636000.000000
2022-08-25	0.006151	0.072718	0.075478	0.060499	0.312092	2603400.000000
2022-08-24	-0.019733	0.035129	0.041698	0.027788	-1.021416	2716500.000000
2022-08-23	0.032447	0.071707	0.093249	0.071707	1.626713	3540600.000000
2022-08-22	-0.000189	0.053956	0.057147	0.041592	-0.009460	1085800.000000
2022-08-19	-0.011743	0.050448	0.053207	0.040397	-0.595837	1447200.000000
2022-08-18	0.019575	0.069805	0.081057	0.068599	0.974148	1088900.000000
2022-08-17	-0.000570	0.042887	0.061965	0.039272	-0.028378	906700.000000
2022-08-16	0.015233	0.070395	0.076919	0.064890	0.747154	977600.000000
2022-08-15	-0.039985	0.011936	0.019178	-0.001374	-2.042854	1550800.000000
2022-08-12	0.005397	0.049868	0.063053	0.043571	0.274277	980800.000000
2022-08-11	0.024600	0.082147	0.091623	0.079122	1.220039	1412600.000000
2022-08-10	0.011769	0.073666	0.073666	0.054694	0.576908	1240900.000000
2022-08-09	0.022086	0.084035	0.092376	0.079865	1.059258	1376800.000000
2022-08-08	0.020733	0.085014	0.088845	0.077352	0.974140	1127600.000000
2022-08-05	0.004854	0.041520	0.071889	0.040451	0.226982	1259900.000000
2022-08-04	0.003858	0.067222	0.073663	0.057561	0.179695	2600700.000000
2022-08-03	0.007982	0.092403	0.092620	0.060809	0.368847	1545100.000000
2022-08-02	-0.033432	0.043959	0.044796	0.021578	-1.598339	1824800.000000
2022-08-01	-0.009988	0.046371	0.052583	0.038295	-0.482342	1277800.000000
2022-07-29	0.042892	0.084557	0.104426	0.081102	1.986107	2131500.000000
2022-07-28	-0.036789	0.034880	0.039457	0.014079	-1.768581	2723500.000000
2022-07-27	0.023560	0.066289	0.085877	0.061817	1.106548	1132900.000000
2022-07-26	-0.016244	0.053576	0.055880	0.036191	-0.775528	1368600.000000
2022-07-25	0.023935	0.067855	0.082654	0.060778	1.116001	1417900.000000
2022-07-22	0.000406	0.053270	0.066143	0.051768	0.018917	860400.000000
2022-07-21	-0.018522	0.021126	0.039025	0.014176	-0.879559	1524200.000000
2022-07-20	-0.011420	0.049435	0.050893	0.037361	-0.548550	1878800.000000
2022-07-19	0.032947	0.073689	0.092613	0.073044	1.532146	1444700.000000
2022-07-18	0.025871	0.097716	0.104776	0.081833	1.172741	2190400.000000
2022-07-15	0.035205	0.091145	0.100279	0.084065	1.541595	1402400.000000
2022-07-14	-0.054716	-0.004394	0.007264	-0.014324	-2.534649	2081300.000000
2022-07-13	0.013030	0.050130	0.075934	0.047068	0.595833	1545100.000000
2022-07-12	-0.022245	0.031474	0.042592	0.028908	-1.040344	1192200.000000
2022-07-11	-0.013565	0.042371	0.049753	0.032879	-0.643116	1412300.000000
2022-07-08	-0.002983	0.063655	0.067861	0.042205	-0.141865	2002400.000000
2022-07-07	0.024867	0.083640	0.091398	0.079114	1.153831	1790700.000000
2022-07-06	-0.040860	0.010215	0.023652	-0.004462	-1.976650	2773900.000000
2022-07-05	-0.031800	0.028926	0.030727	0.003308	-1.588882	2164700.000000
2022-07-01	0.003609	0.055538	0.066787	0.034448	0.179699	1799400.000000
2022-06-30	-0.006230	-0.010950	0.001510	-0.020389	-0.330002	2092300.000000
2022-06-29	-0.006191	0.023265	0.024015	-0.006567	-0.329998	1607900.000000
2022-06-28	0.010810	0.017258	0.020102	0.002086	0.570000	1409000.000000
2022-06-27	0.007451	0.000573	0.017959	-0.002102	0.389999	1703900.000000
2022-06-24	0.043461	0.021531	0.045853	0.015351	2.180000	2486600.000000
2022-06-23	-0.029787	-0.000193	0.000193	-0.038104	-1.540001	2513200.000000
2022-06-22	-0.028195	-0.031203	-0.017481	-0.037594	-1.500000	1923900.000000
2022-06-21	0.037037	0.037622	0.045614	0.030409	1.900002	1576100.000000
2022-06-17	-0.047884	-0.008723	-0.003155	-0.060690	-2.580002	2272100.000000
2022-06-16	-0.037169	-0.046104	-0.021980	-0.054325	-2.079998	3203100.000000
2022-06-15	0.003767	0.006099	0.012377	-0.016861	0.209999	2266700.000000
2022-06-14	-0.000538	0.020437	0.029760	-0.007709	-0.029999	2195800.000000
2022-06-13	-0.033611	-0.023042	-0.019058	-0.043659	-1.940002	1815200.000000
2022-06-10	-0.024341	-0.024848	-0.018087	-0.031778	-1.439999	3528400.000000
2022-06-09	-0.032543	-0.017498	-0.016353	-0.033851	-1.990002	3656900.000000
2022-06-08	0.013424	-0.000331	0.013424	-0.001989	0.810001	2698600.000000
2022-06-07	0.014288	-0.007060	0.014456	-0.007732	0.849998	1748600.000000
2022-06-06	0.012251	0.008678	0.016335	0.005275	0.720001	1178600.000000
2022-06-03	0.008408	-0.004118	0.009952	-0.004633	0.490002	1349200.000000
2022-06-02	0.000859	-0.007385	0.006354	-0.008930	0.049999	1613600.000000
2022-06-01	-0.009694	-0.005272	-0.001020	-0.023469	-0.570000	2906100.000000
2022-05-31	-0.000510	0.010199	0.016488	-0.006119	-0.030003	4053300.000000
2022-05-27	-0.003894	-0.010498	0.000508	-0.012360	-0.230000	1857900.000000
2022-05-26	0.013384	0.002917	0.016129	0.002917	0.780003	2490400.000000
2022-05-25	0.027503	0.020980	0.027856	0.014104	1.559998	1556000.000000
2022-05-24	0.000706	-0.007939	0.003881	-0.011997	0.040001	2803900.000000
2022-05-23	0.036197	0.027971	0.042962	0.023583	1.980000	2048900.000000
2022-05-20	-0.002917	0.002370	0.012395	-0.018593	-0.160000	1464000.000000
2022-05-19	0.008456	-0.008088	0.018934	-0.008088	0.459999	1914200.000000
2022-05-18	-0.013778	0.005076	0.011965	-0.017585	-0.759998	1727500.000000
2022-05-17	0.015090	0.009017	0.019323	0.006073	0.820000	2503700.000000
2022-05-16	0.015701	0.004673	0.020748	0.000374	0.840000	2055400.000000
2022-05-13	0.035016	0.020120	0.035016	0.015864	1.810001	2482500.000000
2022-05-12	-0.016740	-0.015598	-0.010462	-0.036713	-0.880001	2892500.000000
2022-05-11	0.028566	0.022500	0.040696	0.022305	1.459999	3959100.000000
2022-05-10	0.012280	0.014260	0.022579	-0.009507	0.619999	2806200.000000
2022-05-09	-0.060476	-0.037216	-0.032936	-0.062709	-3.250000	3845200.000000
2022-05-06	0.023814	0.025910	0.029910	0.014098	1.250000	2775200.000000
2022-05-05	-0.005117	0.003412	0.004359	-0.024640	-0.269997	5174500.000000
2022-05-04	0.025860	0.016916	0.026444	0.000583	1.329998	3337000.000000
2022-05-03	0.027572	0.007193	0.031768	0.006993	1.380001	2585600.000000
2022-05-02	0.027510	0.009854	0.029973	0.005338	1.340000	2527000.000000
2022-04-29	-0.019130	0.000201	0.011075	-0.019130	-0.950001	4200500.000000
2022-04-28	0.030077	0.021157	0.034018	0.007467	1.450001	2176800.000000
2022-04-27	0.012602	-0.003361	0.020374	-0.011342	0.599998	6997200.000000
2022-04-26	-0.013673	-0.018645	0.000414	-0.021753	-0.660000	5742200.000000
2022-04-25	-0.016904	-0.020367	-0.016090	-0.045621	-0.829998	3327700.000000
2022-04-22	-0.020351	-0.008978	-0.001796	-0.022945	-1.020000	2026900.000000
2022-04-21	-0.015518	0.013357	0.014732	-0.015518	-0.790001	2084600.000000
2022-04-20	-0.005470	-0.007423	0.002930	-0.008986	-0.279999	4095400.000000
2022-04-19	0.000195	0.004885	0.010356	-0.002149	0.009998	2252100.000000
2022-04-18	0.005501	-0.000982	0.010216	-0.005108	0.279999	1861000.000000
2022-04-14	-0.002743	-0.010972	-0.000980	-0.016458	-0.139999	2239500.000000
2022-04-13	0.022846	0.018437	0.025451	0.016232	1.139999	2379500.000000
2022-04-12	-0.010706	-0.001784	0.004163	-0.014274	-0.539997	2467200.000000
2022-04-11	0.017756	0.031679	0.033898	0.016747	0.879997	2032800.000000
2022-04-08	0.000404	-0.006863	0.009084	-0.007065	0.020000	1950000.000000
2022-04-07	0.001010	-0.000404	0.004445	-0.015357	0.049999	1793900.000000
2022-04-06	-0.013947	-0.008767	-0.001793	-0.020123	-0.699997	2516100.000000
2022-04-05	-0.033320	-0.023305	-0.017527	-0.038136	-1.730000	2984400.000000
2022-04-04	-0.005364	-0.012261	-0.001341	-0.018391	-0.280003	4638600.000000
2022-04-01	0.032845	0.017610	0.032845	0.015631	1.660000	2974900.000000
2022-03-31	-0.031986	-0.016089	-0.013407	-0.032178	-1.669998	2237700.000000
2022-03-30	0.009865	0.009284	0.018182	0.006190	0.509998	1888400.000000
2022-03-29	0.007797	-0.000585	0.007797	-0.015984	0.400002	3200200.000000
2022-03-28	-0.022485	-0.002668	-0.002668	-0.025915	-1.180000	1957900.000000
2022-03-25	0.017251	0.001163	0.019190	-0.000194	0.889999	2165100.000000
2022-03-24	0.011172	0.014504	0.019796	0.005880	0.570000	2054800.000000
2022-03-23	0.004924	-0.005712	0.007288	-0.010242	0.250000	2856900.000000
2022-03-22	0.008943	0.009340	0.013514	0.000795	0.450001	2651000.000000
2022-03-21	0.010036	0.005821	0.014653	0.004014	0.500000	2787500.000000
2022-03-18	-0.019098	-0.026186	-0.010632	-0.037212	-0.970001	3203800.000000
2022-03-17	0.013570	0.011574	0.024746	0.008382	0.680000	3795800.000000
2022-03-16	0.007034	0.008641	0.021704	-0.008240	0.350002	3217700.000000
2022-03-15	-0.004203	-0.008605	0.003002	-0.023614	-0.210003	3349300.000000
2022-03-14	0.006445	0.014501	0.019134	0.001410	0.320000	2373800.000000
2022-03-11	-0.022445	-0.010435	-0.005316	-0.023430	-1.139999	2928500.000000
2022-03-10	0.002368	-0.007697	0.005921	-0.011447	0.120003	3122600.000000
2022-03-09	0.010167	0.007177	0.029306	-0.002990	0.509998	4681600.000000
2022-03-08	0.027658	0.025405	0.034419	0.003688	1.349998	8863300.000000
2022-03-07	-0.007927	-0.006707	0.005691	-0.017683	-0.389999	5354500.000000
2022-03-04	-0.033968	-0.027292	-0.023562	-0.047909	-1.730000	3747800.000000
2022-03-03	-0.044107	-0.012950	-0.007132	-0.045420	-2.349998	3667700.000000
2022-03-02	0.080949	0.059647	0.086630	0.057009	3.989998	5320200.000000
2022-03-01	-0.024540	-0.008510	-0.003364	-0.034039	-1.239998	5556600.000000
2022-02-28	-0.076234	-0.072029	-0.056490	-0.083364	-4.170002	6319900.000000
2022-02-25	0.028582	0.022565	0.028582	0.016924	1.520000	3805500.000000
2022-02-24	-0.055250	-0.028957	-0.026825	-0.074614	-3.110001	6042200.000000
2022-02-23	0.002493	0.005343	0.009261	-0.006768	0.139999	3161700.000000
2022-02-22	-0.024835	-0.008684	-0.005036	-0.030219	-1.430000	3332800.000000
2022-02-18	0.001565	-0.005914	0.002261	-0.008871	0.090000	2732400.000000
2022-02-17	-0.010329	-0.009124	-0.002582	-0.018075	-0.599998	2731700.000000
2022-02-16	0.011316	0.004004	0.023677	0.003830	0.650002	1659900.000000
2022-02-15	-0.015258	-0.015258	-0.006686	-0.027430	-0.890003	3018700.000000
2022-02-14	-0.005456	-0.001194	0.000170	-0.018073	-0.320000	4443000.000000
2022-02-11	-0.006606	0.003896	0.014397	-0.013211	-0.389999	4477800.000000
2022-02-10	-0.016492	-0.021989	-0.003498	-0.022988	-0.989998	3723000.000000
2022-02-09	0.020224	0.011217	0.020394	0.009007	1.189999	2725800.000000
2022-02-08	0.004267	0.013313	0.014849	-0.002731	0.250000	3293400.000000
2022-02-07	0.003769	-0.002056	0.009594	-0.006339	0.220001	2066000.000000
2022-02-04	0.020276	0.014158	0.025520	0.011886	1.160000	2144900.000000
2022-02-03	-0.001396	-0.009251	0.005062	-0.019550	-0.080002	2193700.000000
2022-02-02	-0.010535	-0.009326	-0.008463	-0.021071	-0.610001	2648200.000000
2022-02-01	0.019366	0.005282	0.023768	0.004930	1.100002	2755300.000000
2022-01-31	-0.008899	-0.014657	-0.006282	-0.022160	-0.510002	2553800.000000
2022-01-28	-0.008992	-0.015044	-0.008473	-0.023171	-0.520000	2231400.000000
2022-01-27	0.012253	0.022055	0.025731	0.001400	0.700001	2522400.000000
2022-01-26	0.013303	0.024122	0.028556	0.004079	0.750000	2753100.000000
2022-01-25	0.017506	-0.006677	0.021296	-0.023281	0.970001	2663100.000000
2022-01-24	-0.003955	-0.020493	-0.003955	-0.035952	-0.220001	2966400.000000
2022-01-21	-0.026085	-0.018032	-0.011029	-0.027661	-1.489998	2573700.000000
2022-01-20	-0.021750	-0.023120	0.001199	-0.024833	-1.270000	3770500.000000
2022-01-19	0.012309	0.008322	0.019938	-0.004161	0.709999	3618800.000000
2022-01-18	0.010158	0.005779	0.013835	-0.002627	0.580002	3303100.000000
2022-01-14	0.028458	0.012968	0.029719	0.012608	1.579998	1948500.000000
2022-01-13	-0.009102	-0.003213	0.002856	-0.010530	-0.509998	1697700.000000
2022-01-12	0.024127	0.019375	0.027417	0.017730	1.320000	2395600.000000
2022-01-11	0.028383	0.006579	0.029511	0.005451	1.509998	2695000.000000
2022-01-10	0.004342	0.002265	0.005852	-0.004908	0.230000	1612800.000000
2022-01-07	0.016699	0.008637	0.018234	0.001536	0.870003	1784500.000000
2022-01-06	0.013816	0.019848	0.021600	0.008757	0.709999	1591000.000000
2022-01-05	0.002927	0.018930	0.023419	0.001952	0.149998	1587600.000000
2022-01-04	0.005100	0.001569	0.011377	0.001569	0.260002	1409500.000000
2022-01-03	0.030732	0.025475	0.036797	0.023453	1.520000	2172200.000000
2021-12-31	-0.010206	0.000600	0.001001	-0.015209	-0.510002	1328400.000000
2021-12-30	-0.019619	-0.016873	-0.011575	-0.019619	-1.000000	997200.000000
2021-12-29	-0.004881	-0.008590	-0.000195	-0.010738	-0.250000	1472500.000000
2021-12-28	0.004117	0.002941	0.006077	-0.001372	0.210003	1031500.000000
2021-12-27	-0.001370	-0.008027	-0.000392	-0.012138	-0.070004	1149900.000000
2021-12-23	0.007098	0.005126	0.012027	0.003943	0.360001	1046700.000000
2021-12-22	0.003363	-0.006924	0.007517	-0.012265	0.170002	1354500.000000
2021-12-21	0.030371	0.010192	0.033632	0.010192	1.489998	2027100.000000
2021-12-20	-0.006279	-0.011343	-0.003443	-0.018432	-0.309998	2361400.000000
2021-12-17	-0.016730	-0.005577	-0.005577	-0.021310	-0.840000	3660600.000000
2021-12-16	0.002396	0.000599	0.012977	0.000599	0.119999	3172000.000000
2021-12-15	0.017262	-0.004062	0.017262	-0.014825	0.849998	4697400.000000
2021-12-14	-0.001622	-0.006083	0.006691	-0.006083	-0.079998	3222100.000000
2021-12-13	-0.014979	-0.007190	-0.005592	-0.020571	-0.750000	2084200.000000
2021-12-10	0.009476	0.005645	0.012097	0.000202	0.470001	1740400.000000
2021-12-09	-0.011361	-0.012159	-0.005182	-0.015348	-0.570000	1768600.000000
2021-12-08	0.014765	0.014563	0.019822	0.012743	0.730000	2624800.000000
2021-12-07	0.006310	0.007124	0.015469	0.003257	0.309998	1475200.000000
2021-12-06	0.026107	0.028613	0.032373	0.023183	1.250000	1986400.000000
2021-12-03	-0.004574	0.003742	0.004366	-0.013721	-0.219997	1872600.000000
2021-12-02	0.037085	0.020914	0.037516	0.013799	1.719997	2978300.000000
2021-12-01	0.008480	0.030659	0.040444	0.008263	0.389999	2788000.000000
2021-11-30	-0.010968	-0.007312	-0.002151	-0.016559	-0.509998	3363500.000000
2021-11-29	-0.003002	0.015223	0.017796	-0.004931	-0.139999	2224500.000000
2021-11-26	-0.040132	-0.052480	-0.040132	-0.059477	-1.950001	2457500.000000
2021-11-24	0.001030	-0.010095	0.001648	-0.010095	0.049999	1919700.000000
2021-11-23	0.019748	0.014916	0.024370	0.012605	0.940002	2034700.000000
2021-11-22	0.008475	0.000847	0.017585	0.000424	0.399998	1329000.000000
2021-11-19	-0.035948	-0.027165	-0.023489	-0.036152	-1.759998	2435900.000000
2021-11-18	-0.003460	-0.007938	0.000407	-0.012009	-0.170002	1285500.000000
2021-11-17	-0.009276	-0.006453	0.001008	-0.010688	-0.459999	1356800.000000
2021-11-16	-0.003817	0.005424	0.005826	-0.003817	-0.189999	1733600.000000
2021-11-15	0.004034	0.006656	0.008673	-0.000202	0.199997	1805500.000000
2021-11-12	-0.009588	-0.010388	-0.005993	-0.012585	-0.480000	1263400.000000
2021-11-11	-0.001197	-0.001397	0.010774	-0.002594	-0.059998	2234500.000000
2021-11-10	-0.018602	0.003329	0.005678	-0.020952	-0.950001	2146600.000000
2021-11-09	0.016723	0.007565	0.017320	-0.002787	0.840000	2264600.000000
2021-11-08	0.004399	0.003399	0.013997	0.002999	0.220001	1240100.000000
2021-11-05	0.007251	0.012890	0.012890	0.002215	0.359997	1210000.000000
2021-11-04	0.002018	0.015944	0.017962	0.001816	0.100002	1986400.000000
2021-11-03	-0.018618	-0.020796	-0.014656	-0.022975	-0.940002	1760200.000000
2021-11-02	0.004776	0.001194	0.007960	-0.004179	0.240002	1946000.000000
2021-11-01	0.002794	0.007583	0.013969	0.001197	0.139999	1848200.000000
2021-10-29	-0.012416	-0.003153	0.000788	-0.019314	-0.630001	2683100.000000
2021-10-28	0.006347	0.000793	0.008528	-0.007338	0.320004	2248000.000000
2021-10-27	-0.007285	-0.003150	0.004135	-0.009254	-0.370003	1919000.000000
2021-10-26	-0.003140	0.002552	0.002552	-0.008636	-0.160000	1993600.000000
2021-10-25	-0.004105	0.001955	0.006255	-0.007623	-0.209999	2578100.000000
2021-10-22	-0.008335	-0.013181	-0.007366	-0.014344	-0.430000	1842300.000000
2021-10-21	-0.013953	-0.004969	-0.004014	-0.019113	-0.730000	2286200.000000
2021-10-20	0.003645	-0.003261	0.008440	-0.006138	0.189999	1748200.000000
2021-10-19	0.004819	0.006746	0.007325	-0.001349	0.250000	1789100.000000
2021-10-18	0.006011	0.008338	0.010083	0.003684	0.310001	2317000.000000
2021-10-15	0.012566	0.010996	0.016101	0.009425	0.639999	1513900.000000
2021-10-14	0.011319	0.010921	0.012708	0.005957	0.570000	1708200.000000
2021-10-13	0.000994	-0.009938	0.004969	-0.011926	0.049999	1514000.000000
2021-10-12	-0.005731	-0.001383	0.002569	-0.008103	-0.289997	1473700.000000
2021-10-11	0.009577	0.017159	0.023943	0.009378	0.480000	2157700.000000
2021-10-08	0.010077	0.009271	0.017533	0.006449	0.500000	1593000.000000
2021-10-07	-0.002011	-0.010459	0.002413	-0.012872	-0.100002	2895700.000000
2021-10-06	-0.007585	-0.015768	-0.004790	-0.025549	-0.379997	2687800.000000
2021-10-05	0.029382	0.021163	0.036162	0.016232	1.430000	4196000.000000
2021-10-04	0.012903	0.016857	0.027888	0.010822	0.619999	4814800.000000
2021-10-01	0.002504	-0.004799	0.009180	-0.008554	0.119999	2575300.000000
2021-09-30	0.005665	0.004406	0.009652	-0.006924	0.270000	3616800.000000
2021-09-29	-0.015289	-0.016529	-0.011570	-0.024380	-0.740002	6670300.000000
2021-09-28	0.007494	0.019359	0.021440	0.003539	0.360001	4697800.000000
2021-09-27	0.030901	0.027897	0.035408	0.027897	1.440002	3173400.000000
2021-09-24	-0.002782	-0.011342	0.001712	-0.013054	-0.130001	2139800.000000
2021-09-23	0.025230	0.011408	0.027644	0.008995	1.149998	2679200.000000
2021-09-22	0.021744	0.031159	0.040126	0.021520	0.970001	3490200.000000
2021-09-21	0.014786	0.019791	0.023203	0.009554	0.650002	2420000.000000
2021-09-20	-0.013686	-0.023558	-0.013686	-0.030514	-0.610001	2199600.000000
2021-09-17	-0.033398	-0.026458	-0.023205	-0.041640	-1.540001	2128800.000000
2021-09-16	0.003482	0.006964	0.008270	-0.006964	0.160000	2385400.000000
2021-09-15	0.028885	0.019704	0.031796	0.017465	1.290001	2743300.000000
2021-09-14	-0.001118	0.016104	0.018117	-0.003355	-0.049999	2863000.000000
2021-09-13	0.032325	0.021935	0.034172	0.020780	1.399998	2394100.000000
2021-09-10	-0.002533	0.000461	0.002533	-0.004836	-0.109997	1606300.000000
2021-09-09	-0.010258	-0.007750	0.000684	-0.014589	-0.450001	1779600.000000
2021-09-08	-0.014821	-0.002695	-0.000674	-0.016169	-0.660000	1650300.000000
2021-09-07	0.001800	0.002700	0.010574	-0.001800	0.079998	1608200.000000
2021-09-03	-0.004702	-0.004478	-0.002687	-0.011867	-0.209999	1492300.000000
2021-09-02	0.014308	0.006586	0.018624	0.005678	0.630001	1604500.000000
2021-09-01	-0.005870	-0.000452	-0.000226	-0.011063	-0.260002	1448400.000000
2021-08-31	-0.003151	-0.007652	-0.002026	-0.013054	-0.139999	2370500.000000
2021-08-30	-0.003365	0.000897	0.003365	-0.004486	-0.150002	858300.000000
2021-08-27	0.022946	0.005278	0.025011	0.005278	1.000000	1157400.000000
2021-08-26	-0.012015	-0.004761	0.001134	-0.012696	-0.529999	1205200.000000
2021-08-25	0.005929	-0.005017	0.009806	-0.008438	0.260002	2548300.000000
2021-08-24	0.005965	-0.000229	0.006882	-0.001376	0.259998	1128900.000000
2021-08-23	0.020604	0.010536	0.023414	0.010536	0.880001	1145800.000000
2021-08-20	0.004705	-0.002588	0.004705	-0.005175	0.200001	1144100.000000
2021-08-19	-0.022309	-0.017709	-0.016559	-0.029209	-0.970001	1834600.000000
2021-08-18	-0.013835	-0.003856	0.001361	-0.014969	-0.610001	1181500.000000
2021-08-17	-0.006311	-0.008114	0.005184	-0.013973	-0.279999	1260900.000000
2021-08-16	-0.011364	-0.012701	-0.007353	-0.020276	-0.510002	1479900.000000
2021-08-13	-0.004657	-0.005323	-0.000222	-0.009758	-0.209999	1282300.000000
2021-08-12	0.006024	0.006470	0.009817	-0.000223	0.270000	2607700.000000
2021-08-11	0.013798	0.015381	0.019226	0.009500	0.610001	1717300.000000
2021-08-10	-0.002032	-0.004740	0.000226	-0.007449	-0.090000	1510500.000000
2021-08-09	-0.006949	-0.006501	-0.002466	-0.012553	-0.310001	1112600.000000
2021-08-06	0.007453	0.009485	0.011743	0.002033	0.330002	1200300.000000
2021-08-05	0.002490	0.013357	0.016074	0.000906	0.110001	1763500.000000
2021-08-04	-0.013402	-0.007594	0.002234	-0.014295	-0.600002	1346000.000000
2021-08-03	0.027306	0.021111	0.030519	0.008031	1.189999	1674100.000000
2021-08-02	-0.001146	0.009856	0.017419	-0.006876	-0.049999	2881100.000000
2021-07-30	-0.019991	-0.012129	-0.011006	-0.024708	-0.889999	2016400.000000
2021-07-29	0.022508	0.032843	0.035370	0.021819	0.980000	2176600.000000
2021-07-28	0.007870	0.001389	0.010417	-0.001852	0.340000	1475100.000000
2021-07-27	-0.002079	-0.006006	0.003927	-0.010164	-0.090000	2203500.000000
2021-07-26	0.029979	0.015465	0.031882	0.014989	1.260002	1577500.000000
2021-07-23	-0.005207	0.000237	0.002130	-0.009704	-0.220001	1273200.000000
2021-07-22	-0.002361	0.001181	0.001889	-0.010390	-0.099998	2451200.000000
2021-07-21	0.026418	0.014542	0.029569	0.014542	1.090000	1722400.000000
2021-07-20	-0.000969	-0.019370	0.000726	-0.023487	-0.040001	2536200.000000
2021-07-19	-0.027778	-0.024011	-0.019774	-0.036723	-1.180000	2889800.000000
2021-07-16	-0.015755	-0.004866	-0.003012	-0.018999	-0.680000	2568600.000000
2021-07-15	-0.008272	-0.013787	-0.000919	-0.015165	-0.360001	1311300.000000
2021-07-14	-0.005712	0.010053	0.015307	-0.007083	-0.250000	3398400.000000
2021-07-13	-0.015298	-0.006749	-0.005849	-0.017998	-0.680000	2279700.000000
2021-07-12	0.002481	-0.004962	0.009021	-0.008570	0.110001	1140100.000000
2021-07-09	0.012098	0.008902	0.015293	0.004337	0.529999	1183200.000000
2021-07-08	-0.009720	-0.017857	-0.002939	-0.020344	-0.430000	1820200.000000
2021-07-07	-0.013601	-0.018952	-0.011371	-0.022297	-0.609997	4490300.000000
2021-07-06	-0.020956	-0.005457	-0.005457	-0.028596	-0.960003	2002500.000000
2021-07-02	-0.000436	-0.000655	0.003709	-0.008073	-0.020000	1311800.000000
2021-07-01	0.012594	0.023641	0.023862	0.011710	0.570004	1965300.000000
2021-06-30	-0.009411	-0.002845	0.003502	-0.011381	-0.430000	3062000.000000
2021-06-29	-0.010825	0.000866	0.005196	-0.011258	-0.500000	1565400.000000
2021-06-28	-0.029418	-0.018701	-0.018701	-0.030469	-1.400002	2427500.000000
2021-06-25	-0.010603	-0.002287	-0.002079	-0.012266	-0.509998	1567900.000000
2021-06-24	0.026681	0.019210	0.029456	0.016862	1.250000	1346700.000000
2021-06-23	-0.004885	0.012107	0.015293	-0.004885	-0.230003	1249800.000000
2021-06-22	-0.002056	-0.000360	0.004515	-0.007779	-0.096996	1977600.000000
2021-06-21	0.033606	0.031043	0.054924	0.031043	1.533894	1475500.000000
2021-06-18	-0.041701	-0.020351	-0.009643	-0.025390	-1.986195	1450500.000000
2021-06-17	-0.020623	0.014965	0.018872	-0.013000	-1.002930	1332400.000000
2021-06-16	-0.009612	0.013966	0.016410	0.002766	-0.471966	1599700.000000
2021-06-15	0.011750	0.012694	0.028971	0.011458	0.570290	2241100.000000
2021-06-14	0.007553	0.023664	0.036328	0.019720	0.363808	1093700.000000
2021-06-11	0.014286	0.042289	0.042289	0.022075	0.678455	805000.000000
2021-06-10	-0.005968	0.020370	0.025812	0.007602	-0.285149	3216400.000000
2021-06-09	0.004548	0.022908	0.026483	0.016180	0.216320	3622300.000000
2021-06-08	0.003735	0.008368	0.024408	0.003514	0.176987	1170900.000000
2021-06-07	-0.007824	0.010949	0.014090	0.007389	-0.373642	935200.000000
2021-06-04	-0.000617	0.016603	0.019114	0.008441	-0.029495	1236800.000000
2021-06-03	-0.000411	0.011792	0.019322	0.009909	-0.019665	1495900.000000
2021-06-02	0.018007	0.027668	0.038103	0.022558	0.845608	1860900.000000
2021-06-01	0.022917	0.032922	0.041635	0.032269	1.052090	2327000.000000
2021-05-28	0.000643	0.009610	0.019201	0.009610	0.029499	1541000.000000
2021-05-27	-0.004480	0.011379	0.016153	0.005521	-0.206486	1868700.000000
2021-05-26	-0.000427	0.014201	0.022877	0.010948	-0.019665	1311400.000000
2021-05-25	-0.021086	0.012987	0.014473	-0.005273	-0.993099	1701700.000000
2021-05-24	0.012685	0.020676	0.030567	0.015516	0.589958	1436500.000000
2021-05-21	0.003394	0.021767	0.026730	0.017884	0.157322	1421900.000000
2021-05-20	0.007911	0.018108	0.028981	0.012020	0.363808	1647800.000000
2021-05-19	-0.026436	-0.003302	-0.000339	-0.016640	-1.248745	1563200.000000
2021-05-18	-0.013755	0.020362	0.022867	0.003032	-0.658787	1529600.000000
2021-05-17	-0.000410	-0.000510	0.018065	-0.001136	-0.019665	2154600.000000
2021-05-14	0.037913	0.037600	0.056229	0.037383	1.750210	1928400.000000
2021-05-13	0.004278	0.013975	0.026593	0.010060	0.196651	2171500.000000
2021-05-12	0.004081	0.017458	0.043451	0.017458	0.186821	2364900.000000
2021-05-11	-0.015020	0.007339	0.018957	0.001745	-0.698116	2014800.000000
2021-05-10	-0.013152	0.019569	0.022541	0.003645	-0.619457	2077400.000000
2021-05-07	0.006091	0.000786	0.023429	-0.000923	0.285145	1987100.000000
2021-05-06	0.014058	0.018537	0.031318	0.012255	0.648956	1485800.000000
2021-05-05	0.034141	0.040094	0.052863	0.036958	1.524059	2052600.000000
2021-05-04	0.002650	0.023759	0.027353	0.009834	0.117992	2367000.000000
2021-05-03	0.022584	0.026897	0.040678	0.024141	0.983265	2176800.000000
2021-04-30	-0.020137	0.005543	0.006443	-0.007510	-0.894772	2795200.000000
2021-04-29	-0.014824	0.012587	0.013252	-0.008698	-0.668617	2653400.000000
2021-04-28	0.025945	0.021798	0.047047	0.021343	1.140583	2388200.000000
2021-04-27	0.004042	0.016793	0.022959	0.013824	0.176991	1680600.000000
2021-04-26	0.001349	0.017021	0.022738	0.013590	0.058990	1998700.000000
2021-04-23	0.009306	0.021868	0.028331	0.018175	0.403141	1334500.000000
2021-04-22	-0.016518	0.004989	0.009984	-0.001140	-0.727615	2757900.000000
2021-04-21	0.001789	0.010881	0.020660	0.008834	0.078659	2172100.000000
2021-04-20	-0.026132	0.004175	0.004175	-0.020409	-1.179913	2330700.000000
2021-04-19	0.012346	0.027559	0.031819	0.021505	0.550625	1505900.000000
2021-04-16	-0.002858	0.019480	0.021045	0.012102	-0.127827	1657000.000000
2021-04-15	-0.000878	0.022829	0.023052	0.010990	-0.039326	1548000.000000
2021-04-14	0.008640	0.018823	0.036622	0.018823	0.383472	1884200.000000
2021-04-13	0.004674	0.024491	0.025849	0.020416	0.206486	2486300.000000
2021-04-12	-0.001334	0.019282	0.023124	0.008657	-0.058998	3269600.000000
2021-04-09	-0.013377	0.006985	0.008323	-0.000152	-0.599789	2301700.000000
2021-04-08	-0.015119	0.001206	0.004281	-0.008899	-0.688286	2041700.000000
2021-04-07	0.006084	0.022988	0.031828	0.016137	0.275314	2349400.000000
2021-04-06	-0.000217	0.020777	0.025638	0.009509	-0.009830	2267800.000000
2021-04-05	-0.007546	0.020749	0.020968	0.004083	-0.344147	1523000.000000
2021-04-01	-0.003438	0.017021	0.017021	0.005658	-0.157322	2402600.000000
2021-03-31	-0.011470	0.004276	0.013349	0.004276	-0.530964	2247200.000000
2021-03-30	0.001489	0.014641	0.023944	0.012694	0.068832	1224900.000000
2021-03-29	0.007069	0.015060	0.029875	0.010921	0.324474	1565900.000000
2021-03-26	0.021444	0.031264	0.038830	0.026590	0.963600	1409400.000000
2021-03-25	-0.019103	-0.007646	0.002614	-0.020089	-0.875107	2721400.000000
2021-03-24	0.019475	0.023920	0.045284	0.023697	0.875107	2125600.000000
2021-03-23	-0.040722	-0.024181	-0.009237	-0.028664	-1.907532	2728400.000000
2021-03-22	-0.008533	0.007920	0.016174	0.006226	-0.403137	2972100.000000
2021-03-19	0.017146	0.017021	0.039626	0.012069	0.796440	2706500.000000
2021-03-18	-0.034539	0.002264	0.009123	-0.018937	-1.661713	2638700.000000
2021-03-17	0.005962	0.007612	0.026221	0.006566	0.285145	1910100.000000
2021-03-16	-0.012185	0.006487	0.007727	-0.007558	-0.589958	1293300.000000
2021-03-15	-0.020294	0.006903	0.009534	-0.009285	-1.002926	2393700.000000
2021-03-12	0.012694	0.024603	0.033005	0.019480	0.619453	1328800.000000
2021-03-11	0.000403	0.014561	0.025016	0.009231	0.019665	1468900.000000
2021-03-10	0.028187	0.032408	0.046320	0.026717	1.337238	1483100.000000
2021-03-09	-0.006588	0.015765	0.018068	0.000270	-0.314644	1832900.000000
2021-03-08	-0.012805	0.001724	0.011440	-0.008611	-0.619457	3211900.000000
2021-03-05	0.018212	0.036595	0.044383	0.026703	0.865273	5554300.000000
2021-03-04	0.016194	0.029854	0.052526	0.021299	0.757114	3230000.000000
2021-03-03	0.012564	0.018104	0.036513	0.018104	0.580128	2037500.000000
2021-03-02	0.004492	0.018326	0.029856	0.017891	0.206482	2092500.000000
2021-03-01	0.007543	0.024473	0.031487	0.017459	0.344143	2326800.000000
2021-02-26	-0.029492	-0.003826	-0.002762	-0.018929	-1.386402	2521800.000000
2021-02-25	0.003147	0.034092	0.044335	0.015314	0.147491	3168900.000000
2021-02-24	0.011031	0.006665	0.028455	0.004508	0.511295	2456700.000000
2021-02-23	0.034907	0.042698	0.052745	0.022156	1.563393	2947100.000000
2021-02-22	0.012897	0.027876	0.044386	0.027424	0.570290	3332100.000000
2021-02-19	0.020885	0.023486	0.038493	0.021639	0.904606	2395900.000000
2021-02-18	-0.022198	0.009120	0.013409	-0.007135	-0.983265	2650600.000000
2021-02-17	0.020385	0.021858	0.039596	0.013105	0.884933	2623400.000000
2021-02-16	0.032266	0.040800	0.055543	0.039373	1.356907	1869800.000000
2021-02-12	0.014950	0.011229	0.032950	0.009781	0.619457	1810600.000000
2021-02-11	-0.004724	0.005491	0.012937	0.000927	-0.196655	3347600.000000
2021-02-10	0.003555	0.005932	0.023530	0.002558	0.147491	3881900.000000
2021-02-09	-0.030338	0.000425	0.000425	-0.029961	-1.297905	3730200.000000
2021-02-08	0.028119	0.020866	0.049704	0.019424	1.170082	3646600.000000
2021-02-05	0.005226	0.021611	0.024993	0.010257	0.216320	2869900.000000
2021-02-04	-0.008245	0.009594	0.010073	-0.005739	-0.344147	2333500.000000
2021-02-03	0.009993	0.005890	0.030814	0.005890	0.412971	4207400.000000
2021-02-02	-0.001663	0.019678	0.022094	0.002285	-0.068825	4347600.000000
2021-02-01	0.000475	0.020163	0.022580	0.006870	0.019661	2620000.000000
2021-01-29	-0.032644	0.007669	0.008838	-0.021789	-1.396233	2004300.000000
2021-01-28	0.012570	0.026491	0.039274	0.024597	0.530964	1632900.000000
2021-01-27	-0.013774	0.000678	0.020056	-0.013564	-0.589962	1853300.000000
2021-01-26	0.003224	0.028264	0.033417	0.016084	0.137661	2761100.000000
2021-01-25	-0.022952	-0.015705	-0.006322	-0.026232	-1.002930	2392200.000000
2021-01-22	0.005657	0.005284	0.024386	0.000220	0.245815	2506100.000000
2021-01-21	-0.023641	0.012078	0.012752	-0.016011	-1.052094	2238700.000000
2021-01-20	0.006225	0.023126	0.027422	0.016117	0.275314	1351300.000000
2021-01-19	0.016957	0.037256	0.041624	0.028058	0.737446	2156100.000000
2021-01-15	-0.037222	-0.002460	-0.001796	-0.026369	-1.681377	2497800.000000
2021-01-14	0.007677	0.015236	0.030406	0.013675	0.344139	2390800.000000
2021-01-13	0.008852	0.028724	0.030749	0.019272	0.393307	1916000.000000
2021-01-12	-0.000442	0.014772	0.021970	0.008248	-0.019665	2296800.000000
2021-01-11	-0.015033	-0.016215	0.006385	-0.017766	-0.678455	1932000.000000
2021-01-08	-0.006278	0.011957	0.014819	0.000728	-0.285141	1893000.000000
2021-01-07	0.014273	0.016574	0.034217	0.014788	0.639118	2649100.000000
2021-01-06	0.047378	0.058422	0.075497	0.052809	2.025524	4041100.000000
2021-01-05	0.025956	0.029260	0.057817	0.028540	1.081589	3579100.000000
2021-01-04	0.011215	0.043957	0.044928	0.019690	0.462135	2286100.000000
2020-12-31	-0.017811	0.011062	0.012969	-0.002047	-0.747280	1483000.000000
2020-12-30	0.003717	0.025107	0.031566	0.017691	0.155357	1506700.000000
2020-12-29	0.002314	0.053136	0.053136	0.035632	0.096489	1786800.000000
2020-12-28	-0.005522	0.042074	0.049705	0.027051	-0.231579	1822200.000000
2020-12-24	0.000000	0.031343	0.040643	0.026813	0.000000	734200.000000
2020-12-23	0.030102	0.060178	0.076636	0.058950	1.225452	2632700.000000
2020-12-22	-0.008228	0.035376	0.039762	0.023439	-0.337723	2142200.000000
2020-12-21	-0.023640	-0.000279	0.016609	-0.005036	-0.993874	2318800.000000
2020-12-18	-0.014922	0.033071	0.037288	0.019012	-0.636848	1286400.000000
2020-12-17	0.001585	0.041514	0.045503	0.032127	0.067543	3572800.000000
2020-12-16	-0.016481	0.023656	0.026888	0.016039	-0.714043	4060400.000000
2020-12-15	0.017679	0.043398	0.055612	0.033767	0.752644	1704000.000000
2020-12-14	-0.023246	0.031762	0.035663	0.011343	-1.013172	1713000.000000
2020-12-11	-0.010515	0.030902	0.031810	0.014784	-0.463169	1742900.000000
2020-12-10	0.020796	0.032875	0.066941	0.032411	0.897381	2190000.000000
2020-12-09	0.002241	0.050751	0.057487	0.033564	0.096493	2912100.000000
2020-12-08	0.003599	0.035885	0.049637	0.035419	0.154392	2726300.000000
2020-12-07	-0.030316	0.018721	0.022337	0.002672	-1.341244	2372700.000000
2020-12-04	0.045610	0.073220	0.083619	0.070148	1.929848	2110700.000000
2020-12-03	0.000685	0.041317	0.051487	0.033513	0.028946	2492200.000000
2020-12-02	0.008980	0.034681	0.059259	0.033249	0.376320	2637800.000000
2020-12-01	0.030612	0.075946	0.081356	0.063649	1.244755	2280700.000000
2020-11-30	-0.066460	0.024642	0.028086	-0.032984	-2.894775	3218300.000000
2020-11-27	0.008715	0.038667	0.048857	0.038435	0.376320	1134600.000000
2020-11-25	-0.016700	0.016539	0.026559	0.003332	-0.733341	2835400.000000
2020-11-24	0.049101	0.069558	0.091059	0.064780	2.055286	3168700.000000
2020-11-23	0.049855	0.066448	0.089774	0.064693	1.987743	2096100.000000
2020-11-20	0.002669	0.029561	0.040878	0.023022	0.106144	2826400.000000
2020-11-19	0.014775	0.026653	0.051663	0.023591	0.578953	2498400.000000
2020-11-18	-0.018371	0.036852	0.041612	0.016310	-0.733337	2152700.000000
2020-11-17	0.016212	0.028968	0.053662	0.022095	0.636848	3168400.000000
2020-11-16	0.049227	0.092976	0.098318	0.075081	1.843006	2694700.000000
2020-11-13	0.036879	0.059338	0.077063	0.059061	1.331593	1715100.000000
2020-11-12	-0.017848	0.021119	0.044783	0.012414	-0.656147	2614400.000000
2020-11-11	-0.024827	0.025475	0.027863	0.005847	-0.935978	2476900.000000
2020-11-10	0.043815	0.078713	0.084251	0.070407	1.582474	4860600.000000
2020-11-09	0.152756	0.200405	0.213810	0.178702	4.786024	5588100.000000
2020-11-06	0.000925	0.050727	0.057755	0.037309	0.028952	1948000.000000
2020-11-05	0.003092	0.046926	0.051733	0.034749	0.096489	2759100.000000
2020-11-04	-0.000927	0.028667	0.051078	0.016501	-0.028946	3193500.000000
2020-11-03	0.019528	0.059852	0.063769	0.051039	0.598251	3815300.000000
2020-11-02	0.046818	0.071545	0.089996	0.057194	1.370192	3150500.000000
2020-10-30	0.019496	0.043666	0.057252	0.036699	0.559656	3399500.000000
2020-10-29	0.020233	0.030664	0.057675	0.018225	0.569305	3297000.000000
2020-10-28	-0.050163	-0.009222	0.003269	-0.024075	-1.485983	4737700.000000
2020-10-27	-0.037919	0.011668	0.012642	-0.004246	-1.167559	4360200.000000
2020-10-26	-0.029206	0.020902	0.024055	-0.003375	-0.926325	4033500.000000
2020-10-23	0.001523	0.058770	0.059086	0.032562	0.048246	2816700.000000
2020-10-22	0.003056	0.017980	0.042369	0.016080	0.096491	3374000.000000
2020-10-21	-0.016827	0.032614	0.036351	0.018912	-0.540354	2540000.000000
2020-10-20	0.019608	0.057307	0.065244	0.052226	0.617550	2100500.000000
2020-10-19	-0.010909	0.041690	0.052681	0.022219	-0.347376	2420100.000000
2020-10-16	-0.008711	0.027634	0.039153	0.018918	-0.279825	2319800.000000
2020-10-15	-0.017704	0.005771	0.019838	0.001184	-0.578957	3132800.000000
2020-10-14	-0.008774	0.032714	0.040898	0.026348	-0.289474	1825900.000000
2020-10-13	-0.021465	0.024487	0.025376	0.009360	-0.723694	2154400.000000
2020-10-12	-0.008794	0.036057	0.036057	0.021357	-0.299126	1836100.000000
2020-10-09	0.009161	0.055339	0.056229	0.039318	0.308773	10537600.000000
2020-10-08	0.010414	0.042347	0.052239	0.038150	0.347374	2198900.000000
2020-10-07	0.008754	0.040282	0.046935	0.028791	0.289474	1418600.000000
2020-10-06	-0.002619	0.062290	0.065608	0.032430	-0.086842	2226600.000000
2020-10-05	0.030903	0.055318	0.068999	0.045990	0.993870	2939100.000000
2020-10-02	-0.007445	0.005797	0.036042	0.004563	-0.241230	3287800.000000
2020-10-01	-0.020991	0.017014	0.019129	0.004324	-0.694744	4335700.000000
2020-09-30	0.029103	0.068999	0.085790	0.060604	0.935974	5698500.000000
2020-09-29	-0.013613	0.028683	0.031750	0.012428	-0.443863	5111600.000000
2020-09-28	0.033333	0.062339	0.073114	0.059487	1.051767	3445400.000000
2020-09-25	-0.020078	0.010885	0.016786	0.003121	-0.646498	2739500.000000
2020-09-24	0.006333	0.046664	0.056665	0.029788	0.202633	2102500.000000
2020-09-23	-0.046578	0.022346	0.022942	-0.012219	-1.563175	2510700.000000
2020-09-22	-0.012213	0.050185	0.056660	0.021634	-0.414921	2295500.000000
2020-09-21	-0.038504	0.005221	0.007202	-0.016287	-1.360542	2073400.000000
2020-09-18	-0.022946	0.023079	0.025844	0.008977	-0.829834	5223500.000000
2020-09-17	-0.013165	0.018342	0.025436	0.011793	-0.482460	4015400.000000
2020-09-16	0.002375	0.032248	0.048386	0.023496	0.086842	1921400.000000
2020-09-15	-0.001318	0.046184	0.051648	0.034439	-0.048248	2692500.000000
2020-09-14	-0.014289	0.029081	0.030158	0.015349	-0.530708	3337500.000000
2020-09-11	0.013695	0.047814	0.053273	0.039353	0.501762	3021100.000000
2020-09-10	-0.015556	0.053010	0.056503	0.019961	-0.578957	3244200.000000
2020-09-09	0.014733	0.059799	0.069342	0.050802	0.540363	2529300.000000
2020-09-08	-0.028623	0.015693	0.019930	-0.001787	-1.080723	3411700.000000
2020-09-04	0.002562	0.049893	0.051486	0.021216	0.096500	3317300.000000
2020-09-03	-0.004591	0.040844	0.053267	0.025779	-0.173691	3123300.000000
2020-09-02	-0.000765	0.042954	0.046123	0.032389	-0.028950	3509400.000000
2020-09-01	-0.008340	0.031375	0.038970	0.021946	-0.318420	5409600.000000
2020-08-31	-0.009760	0.039463	0.039463	0.023643	-0.376320	2165100.000000
2020-08-28	0.013956	0.040296	0.051340	0.036614	0.530708	1826800.000000
2020-08-27	-0.000761	0.042395	0.042395	0.025840	-0.028950	3140700.000000
2020-08-26	0.000254	0.041345	0.044236	0.033986	0.009651	2058900.000000
2020-08-25	-0.006050	0.042621	0.043666	0.023811	-0.231583	1814600.000000
2020-08-24	0.034689	0.072031	0.075275	0.064463	1.283344	2056900.000000
2020-08-21	-0.011346	0.016308	0.027265	0.013101	-0.424561	2858800.000000
2020-08-20	-0.007930	0.023890	0.033435	0.021239	-0.299129	3678900.000000
2020-08-19	0.003337	0.039277	0.048853	0.037415	0.125439	4680000.000000
2020-08-18	-0.007641	0.041894	0.045590	0.026584	-0.289474	2852500.000000
2020-08-17	-0.005824	0.040287	0.042912	0.026116	-0.221935	1780200.000000
2020-08-14	-0.012503	0.019506	0.031945	0.018210	-0.482464	1291400.000000
2020-08-13	-0.011861	0.032254	0.037119	0.017145	-0.463161	913800.000000
2020-08-12	0.018882	0.067661	0.068182	0.051745	0.723694	1338200.000000
2020-08-11	0.013007	0.074411	0.077847	0.047452	0.492111	1810600.000000
2020-08-10	0.006934	0.042738	0.047795	0.036617	0.260532	1611200.000000
2020-08-07	-0.009412	0.016315	0.028442	0.015524	-0.357025	1115600.000000
2020-08-06	-0.011567	0.024364	0.030618	0.017589	-0.443867	903200.000000
2020-08-05	0.010674	0.052416	0.064531	0.045305	0.405273	2231200.000000
2020-08-04	0.022875	0.043355	0.060327	0.040392	0.849129	1646400.000000
2020-08-03	0.021508	0.041855	0.058916	0.038002	0.781590	2091100.000000
2020-07-31	-0.016710	0.014163	0.019845	-0.003155	-0.617550	3342600.000000
2020-07-30	-0.000783	0.040677	0.043381	0.010395	-0.028954	2545000.000000
2020-07-29	0.008684	0.035533	0.046987	0.033078	0.318432	2830300.000000
2020-07-28	-0.012731	0.024773	0.030158	0.019119	-0.472816	1279200.000000
2020-07-27	0.006275	0.039602	0.044208	0.029307	0.231586	3464300.000000
2020-07-24	0.009501	0.039633	0.049206	0.036077	0.347370	2658800.000000
2020-07-23	0.000000	0.025684	0.038266	0.023769	0.000000	1625300.000000
2020-07-22	-0.020424	0.024026	0.024026	0.011701	-0.762291	1636700.000000
2020-07-21	0.023822	0.044855	0.068171	0.044580	0.868431	1641500.000000
2020-07-20	-0.018191	0.027463	0.034196	0.015344	-0.675446	1505700.000000
2020-07-17	-0.010797	0.031289	0.031822	0.021432	-0.405270	984900.000000
2020-07-16	-0.010430	0.034769	0.040305	0.021060	-0.395618	1389200.000000
2020-07-15	0.006916	0.045642	0.050686	0.034227	0.260529	1779600.000000
2020-07-14	0.033898	0.044585	0.073952	0.041566	1.235107	1894800.000000
2020-07-13	-0.000265	0.051717	0.053637	0.032510	-0.009651	1520400.000000
2020-07-10	0.015869	0.044434	0.056420	0.041089	0.569305	2240200.000000
2020-07-09	-0.043478	0.021154	0.022220	-0.011374	-1.630722	2728200.000000
2020-07-08	0.008563	0.036620	0.050334	0.035544	0.318424	2166700.000000
2020-07-07	-0.026276	0.026925	0.027710	0.008858	-1.003521	1413800.000000
2020-07-06	0.015653	0.056828	0.066136	0.048052	0.588600	1106000.000000
2020-07-02	0.015902	0.055262	0.068501	0.046887	0.588608	1524800.000000
2020-07-01	-0.002600	0.030692	0.044435	0.028536	-0.096493	1237300.000000
2020-06-30	-0.011311	0.011841	0.030756	0.006779	-0.424568	1348300.000000
2020-06-29	0.003871	0.037956	0.050526	0.031270	0.144741	1471000.000000
2020-06-26	-0.010722	0.035822	0.038203	0.012804	-0.405266	2221600.000000
2020-06-25	0.002559	0.010886	0.040330	0.007703	0.096489	1565300.000000
2020-06-24	-0.036973	0.026133	0.026133	-0.005543	-1.447388	1831600.000000
2020-06-23	0.014757	0.059162	0.061754	0.047238	0.569309	1453300.000000
2020-06-22	0.015236	0.046088	0.053194	0.038983	0.578949	1600900.000000
2020-06-19	-0.012042	0.059751	0.060011	0.021011	-0.463161	2390400.000000
2020-06-18	-0.002752	0.023387	0.039981	0.021053	-0.106140	2294800.000000
2020-06-17	-0.006710	0.046137	0.048198	0.028625	-0.260532	2211400.000000
2020-06-16	0.015136	0.063279	0.074521	0.039227	0.578957	2198700.000000
2020-06-15	0.001263	0.005985	0.046298	0.001012	0.048244	1778900.000000
2020-06-12	0.031796	0.084968	0.092260	0.049586	1.177212	1504400.000000
2020-06-11	-0.086211	-0.007581	-0.001905	-0.054968	-3.493031	2453600.000000
2020-06-10	-0.019612	0.026672	0.032963	0.009250	-0.810535	2762500.000000
2020-06-09	-0.030776	0.005394	0.008443	-0.006801	-1.312294	1867600.000000
2020-06-08	0.025766	0.058964	0.064978	0.041403	1.071064	2321200.000000
2020-06-05	0.057178	0.094336	0.107560	0.088741	2.248276	3144200.000000
2020-06-04	-0.002204	0.032545	0.041426	0.022648	-0.086842	4493800.000000
2020-06-03	0.039715	0.073552	0.083050	0.068539	1.505280	4004500.000000
2020-06-02	0.016037	0.066911	0.073344	0.042785	0.598251	5257100.000000
2020-06-01	0.028739	0.047658	0.067513	0.044900	1.042118	2625600.000000
2020-05-29	0.003739	0.037458	0.041333	0.023064	0.135094	2459100.000000
2020-05-28	0.004831	0.058324	0.060271	0.039410	0.173683	4483400.000000
2020-05-27	0.020263	0.071539	0.074377	0.046567	0.714043	3055000.000000
2020-05-26	0.013881	0.056491	0.061382	0.047860	0.482464	1554000.000000
2020-05-22	-0.000555	0.036063	0.036926	0.015935	-0.019299	1442200.000000
2020-05-21	-0.012332	0.034079	0.038055	0.007382	-0.434219	1832600.000000
2020-05-20	0.032249	0.069186	0.081792	0.059218	1.100018	2874000.000000
2020-05-19	-0.009527	0.045933	0.047676	0.026188	-0.328075	3637900.000000
2020-05-18	0.080533	0.124204	0.136754	0.110085	2.566700	2697900.000000
2020-05-15	-0.020753	0.034200	0.047412	0.014843	-0.675449	2057200.000000
2020-05-14	0.013217	0.011757	0.051294	-0.003497	0.424568	2726800.000000
2020-05-13	-0.035073	0.036051	0.036051	-0.003301	-1.167561	2355900.000000
2020-05-12	-0.008906	0.050046	0.055107	0.027122	-0.299129	1542400.000000
2020-05-11	-0.044206	0.005904	0.007326	-0.009462	-1.553520	2042900.000000
2020-05-08	0.043553	0.050307	0.081487	0.045259	1.466679	1691300.000000
2020-05-07	0.020170	0.066039	0.079671	0.057254	0.665802	6277100.000000
2020-05-06	-0.022851	0.039015	0.041975	0.007933	-0.771938	6293900.000000
2020-05-05	0.043206	0.104288	0.119728	0.076187	1.399136	6894100.000000
2020-05-04	0.003889	0.029841	0.049681	0.017751	0.125443	9243000.000000
2020-05-01	-0.048933	0.008636	0.022494	-0.044729	-1.659672	6654900.000000
2020-04-30	-0.062667	-0.010907	-0.002892	-0.034121	-2.267570	3427200.000000
2020-04-29	0.050715	0.059871	0.088909	0.056677	1.746513	2295200.000000
2020-04-28	0.015074	0.042246	0.061110	0.025445	0.511410	1680700.000000
2020-04-27	0.029575	0.034833	0.081871	0.028764	0.974571	1788500.000000
2020-04-24	-0.013291	0.052820	0.054916	0.022577	-0.443863	2673300.000000
2020-04-23	0.006983	0.044191	0.083691	0.038160	0.231583	2487900.000000
2020-04-22	0.056563	0.077448	0.099112	0.069484	1.775461	2635800.000000
2020-04-21	-0.014243	0.008087	0.033838	0.003690	-0.453518	4820800.000000
2020-04-20	-0.043755	-0.017103	0.016831	-0.021007	-1.457033	4369100.000000
2020-04-17	0.070078	0.080376	0.108976	0.071378	2.180729	4663400.000000
2020-04-16	-0.042458	0.009888	0.011119	-0.017497	-1.379841	5654000.000000
2020-04-15	-0.047511	-0.015525	-0.005560	-0.043661	-1.621075	3589600.000000
2020-04-14	-0.022934	0.049524	0.056396	0.010292	-0.800884	2609200.000000
2020-04-13	-0.014970	0.045095	0.053276	0.007015	-0.530712	1513400.000000
2020-04-09	-0.009703	0.028809	0.051435	-0.003874	-0.347370	4393000.000000
2020-04-08	0.018671	0.030091	0.058831	0.021554	0.656151	2406000.000000
2020-04-07	-0.021231	0.048606	0.055847	0.011563	-0.762291	4382200.000000
2020-04-06	0.043173	0.054364	0.081094	0.036060	1.485981	3129000.000000
2020-04-03	-0.101964	-0.041662	-0.036444	-0.080800	-3.907944	3760100.000000
2020-04-02	0.059765	0.109349	0.137000	0.062343	2.161430	4921100.000000
2020-04-01	0.006445	0.067241	0.092009	0.037186	0.231579	4019800.000000
2020-03-31	0.012507	0.080025	0.095241	0.032688	0.443867	5090000.000000
2020-03-30	0.044886	0.072859	0.104067	0.053133	1.524578	3966400.000000
2020-03-27	-0.004806	0.002363	0.042211	-0.022250	-0.164032	3443400.000000
2020-03-26	-0.020764	-0.017877	0.036351	-0.020459	-0.723694	4558300.000000
2020-03-25	0.095541	0.077843	0.152339	0.053639	3.039511	6755200.000000
2020-03-24	0.144792	0.154380	0.204758	0.127032	4.023733	5664900.000000
2020-03-23	0.132966	0.205950	0.205950	0.148466	3.261442	10013400.000000
2020-03-20	0.026656	0.083229	0.158151	0.063976	0.636850	9054400.000000
2020-03-19	-0.001613	-0.010034	0.061424	-0.053494	-0.038595	8288700.000000
2020-03-18	-0.102425	-0.072423	-0.054044	-0.169944	-2.730736	6215000.000000
2020-03-17	0.050570	0.080485	0.100187	0.048567	1.283350	4181000.000000
2020-03-16	-0.157591	-0.116346	-0.075848	-0.136927	-4.747427	5041200.000000
2020-03-13	0.072484	0.130338	0.130338	0.012498	2.035990	4990200.000000
2020-03-12	-0.156476	-0.039926	-0.039025	-0.134823	-5.210590	8805600.000000
2020-03-11	-0.067801	0.019274	0.022634	-0.046232	-2.421963	7588500.000000
2020-03-10	0.064711	0.103712	0.110866	0.050658	2.171082	6898400.000000
2020-03-09	-0.178208	-0.101062	-0.091754	-0.148581	-7.275528	11580700.000000
2020-03-06	-0.028250	0.011597	0.018261	-0.002923	-1.186859	3422800.000000
2020-03-05	-0.028775	0.008610	0.015314	-0.003411	-1.244751	2737400.000000
2020-03-04	0.030575	0.056840	0.070658	0.048978	1.283352	3292400.000000
2020-03-03	-0.020711	0.032618	0.051516	0.008121	-0.887730	4042300.000000
2020-03-02	0.029671	0.039474	0.068542	0.029384	1.235100	3889700.000000
2020-02-28	0.009123	0.013806	0.050411	0.001685	0.376320	5065100.000000
2020-02-27	-0.026418	0.023842	0.038711	0.008973	-1.119308	3756400.000000
2020-02-26	-0.005661	0.046677	0.052309	0.027902	-0.241234	3072000.000000
2020-02-25	-0.030303	0.027931	0.029979	-0.000970	-1.331593	3336200.000000
2020-02-24	-0.051250	-0.012876	-0.008126	-0.017194	-2.373714	2125300.000000
2020-02-21	-0.007239	0.026491	0.030778	0.020918	-0.337723	1733800.000000
2020-02-20	-0.009830	0.035926	0.037412	0.024253	-0.463165	1444500.000000
2020-02-19	0.003494	0.038055	0.041249	0.034008	0.164036	1583700.000000
2020-02-18	-0.011177	0.016976	0.026242	0.016344	-0.530704	1975100.000000
2020-02-14	0.000407	0.041407	0.041407	0.030030	0.019295	1414900.000000
2020-02-13	-0.012447	0.021995	0.027196	0.018666	-0.598255	2459400.000000
2020-02-12	0.010140	0.043286	0.050222	0.038032	0.482464	1891300.000000
2020-02-11	0.009004	0.042289	0.045894	0.039744	0.424568	2789200.000000
2020-02-10	-0.010929	0.024815	0.027332	0.018942	-0.521057	1770500.000000
2020-02-07	-0.015148	0.025609	0.026642	0.018999	-0.733341	3139900.000000
2020-02-06	0.002598	0.039872	0.052505	0.038422	0.125439	2446700.000000
2020-02-05	0.023104	0.065592	0.066651	0.054785	1.090363	2393600.000000
2020-02-04	0.008454	0.056651	0.057505	0.044043	0.395618	2313900.000000
2020-02-03	-0.001852	0.036564	0.039763	0.031019	-0.086842	1964600.000000
2020-01-31	-0.026057	0.016201	0.020564	0.007685	-1.254402	2388900.000000
2020-01-30	-0.010119	0.021752	0.027715	0.013732	-0.492111	1824200.000000
2020-01-29	-0.013119	0.034930	0.036351	0.022552	-0.646500	1634800.000000
2020-01-28	0.005117	0.036555	0.044306	0.032884	0.250881	1914200.000000
2020-01-27	-0.027746	0.014934	0.019891	0.005415	-1.399139	2011200.000000
2020-01-24	-0.007407	0.028281	0.031627	0.025722	-0.376324	1766700.000000
2020-01-23	-0.004726	0.027535	0.034392	0.020874	-0.241230	1548500.000000
2020-01-22	-0.004704	0.034206	0.034791	0.028941	-0.241230	1709900.000000
2020-01-21	-0.015923	0.026757	0.028868	0.019657	-0.829834	2023900.000000
2020-01-17	-0.005341	0.030625	0.033870	0.024327	-0.279827	1500000.000000
2020-01-16	0.003326	0.043053	0.043628	0.037308	0.173687	1091400.000000
2020-01-15	-0.010422	0.023655	0.030098	0.022518	-0.550007	1636500.000000
2020-01-14	-0.012816	0.025127	0.026249	0.019889	-0.685101	1864800.000000
2020-01-13	-0.001082	0.027755	0.036164	0.024018	-0.057892	3270400.000000
2020-01-10	-0.007516	0.030416	0.031714	0.025038	-0.405270	3621700.000000
2020-01-09	0.000537	0.031526	0.039877	0.025217	0.028950	2293500.000000
2020-01-08	-0.006051	0.031740	0.034691	0.025654	-0.328075	2831400.000000
2020-01-07	-0.005663	0.032683	0.033050	0.021496	-0.308777	2463000.000000
2020-01-06	0.018749	0.059892	0.063255	0.049429	1.003521	3516900.000000
2020-01-03	0.003619	0.036351	0.044789	0.035413	0.192986	1519000.000000
2020-01-02	-0.000542	0.033352	0.035976	0.027543	-0.028946	1166500.000000
