2022-12-30	0.000566	0.003789	0.004736	-0.005984	0.298950	1849600.000000
2022-12-29	0.002706	0.011329	0.013494	0.004340	1.424927	1379700.000000
2022-12-28	-0.006654	0.009372	0.015182	-0.004475	-3.527466	1694200.000000
2022-12-27	0.001280	0.008511	0.012118	0.000804	0.677612	1596700.000000
2022-12-23	0.008006	-0.002131	0.011596	-0.004416	4.204956	1292300.000000
2022-12-22	-0.000853	0.001545	0.006358	-0.007681	-0.448303	1851600.000000
2022-12-21	0.014090	0.010159	0.018358	-0.000509	7.303894	2182000.000000
2022-12-20	-0.006474	0.010059	0.010059	-0.003913	-3.377869	2086100.000000
2022-12-19	-0.000191	0.005286	0.010288	-0.001746	-0.099731	1808100.000000
2022-12-16	-0.007542	-0.001250	0.000005	-0.019184	-3.965820	7109100.000000
2022-12-15	-0.019838	-0.004584	-0.004435	-0.020467	-10.642090	2963800.000000
2022-12-14	0.000260	0.010479	0.013370	-0.008838	0.139526	2654600.000000
2022-12-13	-0.013996	0.012203	0.012993	-0.016220	-7.612915	3369700.000000
2022-12-12	0.012352	0.008494	0.016367	0.003711	6.636353	2714100.000000
2022-12-09	-0.015915	0.003580	0.004606	-0.013014	-8.689026	2852400.000000
2022-12-08	0.009228	0.007166	0.019052	0.005170	4.992188	2272300.000000
2022-12-07	0.006657	0.006390	0.015824	0.004139	3.577271	2849100.000000
2022-12-06	0.007999	0.002399	0.013972	0.002061	4.264832	3097700.000000
2022-12-05	-0.002089	-0.005179	0.011461	-0.006321	-1.116028	2424800.000000
2022-12-02	0.001682	-0.000994	0.009843	-0.001725	0.896851	2346200.000000
2022-12-01	-0.019808	0.015109	0.016285	-0.015324	-10.778320	2997800.000000
2022-11-30	0.037424	0.009935	0.044939	0.005664	19.629333	9688900.000000
2022-11-29	-0.008022	0.005521	0.007979	-0.009647	-4.241760	3751000.000000
2022-11-28	-0.009951	0.003304	0.010325	-0.004448	-5.314636	2699900.000000
2022-11-25	0.014933	0.014808	0.027826	0.011995	7.857666	1419200.000000
2022-11-23	0.012656	0.010331	0.020800	0.006482	6.576233	2238300.000000
2022-11-22	0.011408	0.012008	0.021195	0.011949	5.861023	2567400.000000
2022-11-21	-0.024170	0.004775	0.010359	-0.021113	-12.725281	3349600.000000
2022-11-18	0.028507	0.019959	0.041213	0.014762	14.592865	3566000.000000
2022-11-17	0.007409	0.007915	0.037080	0.007915	3.764954	4246300.000000
2022-11-16	0.016918	0.012419	0.028909	0.011578	8.453735	3430800.000000
2022-11-15	-0.020905	0.004814	0.012318	-0.018778	-10.668976	5103800.000000
2022-11-14	-0.015955	0.006501	0.019960	-0.010062	-8.274963	5238400.000000
2022-11-11	-0.040594	0.010559	0.010559	-0.057203	-21.943970	7034300.000000
2022-11-10	0.006492	0.022053	0.027211	-0.005838	3.486877	3426400.000000
2022-11-09	-0.022403	0.007984	0.009495	-0.018117	-12.308167	2672600.000000
2022-11-08	0.014733	0.010405	0.024719	0.001077	7.976929	2797000.000000
2022-11-07	0.012728	0.006655	0.023079	0.001605	6.804749	2540300.000000
2022-11-04	-0.010007	0.013026	0.014340	-0.023844	-5.404053	3513100.000000
2022-11-03	0.000331	0.003525	0.014880	-0.003162	0.178772	2245300.000000
2022-11-02	-0.007089	0.001321	0.020027	-0.001143	-3.854370	2696200.000000
2022-11-01	-0.014122	0.006383	0.007634	-0.013164	-7.788147	3338900.000000
2022-10-31	0.007093	0.013522	0.019183	0.004628	3.884155	2770400.000000
2022-10-28	0.017423	0.012545	0.027465	0.010167	9.377625	2761900.000000
2022-10-27	-0.002522	0.012864	0.012864	0.000336	-1.360962	2212100.000000
2022-10-26	0.005461	0.008817	0.020482	0.006637	2.930481	2863500.000000
2022-10-25	-0.002548	-0.000426	0.010967	-0.007656	-1.370850	2411900.000000
2022-10-24	0.014745	0.014841	0.030703	0.014332	7.817993	2627100.000000
2022-10-21	0.024670	0.001205	0.036901	0.001109	12.765015	2896000.000000
2022-10-20	0.001076	0.011937	0.024261	0.005611	0.556274	2390800.000000
2022-10-19	-0.003619	0.005749	0.009759	-0.008014	-1.877502	2500500.000000
2022-10-18	0.000632	0.026176	0.026176	-0.000192	0.327820	2345500.000000
2022-10-17	0.017052	0.015699	0.028588	0.010873	8.692169	3282300.000000
2022-10-14	0.006315	0.026575	0.046139	0.010643	3.198730	5628900.000000
2022-10-13	0.019902	-0.006452	0.033857	-0.017949	9.884216	3999700.000000
2022-10-12	0.000300	0.011328	0.023654	0.003433	0.148987	2254300.000000
2022-10-11	0.001904	0.002842	0.022738	-0.000771	0.943756	2844500.000000
2022-10-10	-0.011865	0.008151	0.009567	-0.012945	-5.950439	2459100.000000
2022-10-07	-0.027508	-0.002963	-0.002963	-0.028385	-14.185608	3273700.000000
2022-10-06	-0.015064	0.009062	0.009539	-0.013074	-7.887512	2187300.000000
2022-10-05	0.007455	0.002480	0.018547	0.000806	3.874268	2281800.000000
2022-10-04	0.014859	0.012201	0.024386	0.009233	7.609314	3189800.000000
2022-10-03	0.020731	0.010721	0.032109	0.007373	10.400787	2562400.000000
2022-09-30	-0.007448	0.011146	0.021928	-0.001238	-3.764923	3116000.000000
2022-09-29	-0.009943	0.008281	0.008281	-0.015811	-5.076233	2392000.000000
2022-09-28	0.010957	0.002913	0.022299	-0.008335	5.533173	3027300.000000
2022-09-27	0.000020	0.010636	0.023348	-0.002810	0.009949	2583400.000000
2022-09-26	-0.010222	-0.005535	0.004617	-0.021980	-5.215240	2867400.000000
2022-09-23	-0.007440	-0.000932	0.001208	-0.014900	-3.824646	2536900.000000
2022-09-22	0.010506	0.004591	0.024131	-0.005081	5.344452	2285600.000000
2022-09-21	-0.020505	0.010949	0.016687	-0.014102	-10.649078	2427700.000000
2022-09-20	-0.001433	0.007982	0.008809	-0.010149	-0.745056	2421700.000000
2022-09-19	0.004856	0.001960	0.012413	-0.008898	2.513245	2130800.000000
2022-09-16	-0.003614	-0.001796	0.006482	-0.004568	-1.877441	3981700.000000
2022-09-15	0.025776	0.019550	0.042615	0.015285	13.053070	3058100.000000
2022-09-14	-0.008152	0.006734	0.009437	-0.008740	-4.162323	2648100.000000
2022-09-13	-0.032546	-0.007083	-0.004695	-0.029878	-17.175659	3172500.000000
2022-09-12	0.013178	0.007922	0.027159	0.003123	6.864319	2792000.000000
2022-09-09	-0.002890	0.010427	0.010427	0.000376	-1.509949	2495500.000000
2022-09-08	0.011176	0.008401	0.022996	0.004259	5.773376	1557500.000000
2022-09-07	0.007727	0.008488	0.021167	0.003962	3.961121	2504400.000000
2022-09-06	0.002576	0.016815	0.031522	0.010929	1.317139	2711900.000000
2022-09-02	-0.014599	0.020644	0.020972	-0.009823	-7.575745	1944200.000000
2022-09-01	0.008992	0.009814	0.019400	0.001570	4.624634	2085300.000000
2022-08-31	-0.006713	0.005912	0.018042	0.002706	-3.475952	2891300.000000
2022-08-30	-0.013081	0.011034	0.012330	-0.005397	-6.862610	2013400.000000
2022-08-29	0.000983	0.003613	0.016778	-0.002359	0.514954	1594000.000000
2022-08-26	-0.022749	0.011101	0.012835	-0.015079	-12.200256	1906700.000000
2022-08-25	0.009525	0.007084	0.020280	0.000007	5.060303	1965800.000000
2022-08-24	0.001232	0.011472	0.017466	0.008344	0.653625	1761200.000000
2022-08-23	-0.016104	0.007440	0.007440	-0.011251	-8.684753	2039600.000000
2022-08-22	-0.006839	-0.002949	0.012024	-0.003022	-3.713562	1672900.000000
2022-08-19	0.005686	0.010333	0.024464	0.009073	3.069885	2258000.000000
2022-08-18	0.000404	0.009833	0.015614	0.003922	0.217896	1486400.000000
2022-08-17	-0.002051	0.008187	0.012902	0.001401	-1.109192	1471700.000000
2022-08-16	0.002717	0.010871	0.015005	0.005642	1.465637	1773000.000000
2022-08-15	0.001729	0.006044	0.016333	0.000267	0.930847	1447300.000000
2022-08-12	0.020343	0.015025	0.031683	0.012827	10.734680	1981000.000000
2022-08-11	-0.009038	0.010791	0.011523	-0.005304	-4.812744	3006200.000000
2022-08-10	0.000856	0.015453	0.018685	0.003329	0.455444	2291400.000000
2022-08-09	0.001230	0.016212	0.027014	0.009400	0.653687	2147200.000000
2022-08-08	0.002878	0.018967	0.021591	0.006719	1.524963	1656400.000000
2022-08-05	0.002454	0.002719	0.013125	-0.001897	1.297302	2373400.000000
2022-08-04	-0.012763	0.007274	0.009403	-0.004923	-6.833008	2368000.000000
2022-08-03	0.009693	0.013209	0.025203	0.010248	5.139587	1802900.000000
2022-08-02	0.000150	0.013907	0.019528	0.002911	0.079285	2114200.000000
2022-08-01	-0.012833	0.009684	0.012253	-0.011301	-6.892456	2335000.000000
2022-07-29	0.001570	0.007054	0.014215	0.000863	0.841797	2945700.000000
2022-07-28	0.012869	0.015254	0.028193	0.004393	6.813171	2344500.000000
2022-07-27	0.005681	0.013518	0.021724	0.003070	2.990601	2268100.000000
2022-07-26	0.004004	0.018072	0.025396	0.012789	2.099426	2637800.000000
2022-07-25	0.015458	0.018878	0.032047	0.015256	7.981689	2337200.000000
2022-07-22	-0.002010	0.016656	0.019749	0.001967	-1.039856	1850300.000000
2022-07-21	0.005756	0.009659	0.015646	-0.006379	2.961060	2667600.000000
2022-07-20	-0.026207	0.009814	0.010950	-0.023730	-13.844177	4327500.000000
2022-07-19	0.027110	0.013158	0.037948	0.012186	13.943176	2953500.000000
2022-07-18	-0.019594	0.012197	0.014408	-0.011154	-10.279236	3212000.000000
2022-07-15	0.054376	0.057307	0.069225	0.035982	27.054535	5742500.000000
2022-07-14	0.002374	-0.002757	0.019182	-0.008237	1.178436	3765500.000000
2022-07-13	-0.025621	-0.002651	0.004789	-0.016157	-13.051910	3467700.000000
2022-07-12	-0.004894	0.002586	0.014092	-0.002551	-2.505432	2706500.000000
2022-07-11	-0.003239	0.002473	0.015344	-0.003465	-1.663666	1743600.000000
2022-07-08	0.008262	0.005750	0.037279	0.003198	4.208679	3092100.000000
2022-07-07	-0.001766	0.009736	0.013753	0.003817	-0.901123	2385400.000000
2022-07-06	0.019892	0.010613	0.034138	0.007935	9.952332	2506700.000000
2022-07-05	-0.023502	-0.009235	-0.002677	-0.039272	-12.041870	3029600.000000
2022-07-01	0.007340	0.007239	0.017482	-0.012441	3.733429	2426600.000000
2022-06-30	-0.004033	-0.004188	0.001183	-0.011615	-2.080017	3568900.000000
2022-06-29	0.014299	0.000806	0.020179	-0.004779	7.270020	3823400.000000
2022-06-28	0.005498	0.012696	0.025610	-0.001147	2.779999	4978200.000000
2022-06-27	0.020216	-0.005669	0.032786	-0.006174	10.019989	3907100.000000
2022-06-24	-0.008343	-0.000740	-0.000100	-0.026510	-4.169983	15861100.000000
2022-06-23	0.020687	0.010762	0.028386	0.004656	10.130005	4687700.000000
2022-06-22	0.019487	-0.009577	0.032478	-0.012034	9.359985	5061000.000000
2022-06-21	0.062514	0.012720	0.073132	0.011149	28.260010	5726800.000000
2022-06-17	-0.008836	-0.011708	0.011774	-0.014010	-4.029999	5277400.000000
2022-06-16	-0.017746	-0.023539	-0.014042	-0.029397	-8.239990	3135600.000000
2022-06-15	0.005587	0.005306	0.015744	-0.011370	2.579987	2550700.000000
2022-06-14	-0.016926	-0.004684	-0.001107	-0.026144	-7.950012	3814200.000000
2022-06-13	-0.030807	-0.019603	-0.006789	-0.035842	-14.929993	3764600.000000
2022-06-10	-0.009807	-0.009460	0.001492	-0.017367	-4.799988	2599900.000000
2022-06-09	-0.008308	-0.001317	0.005937	-0.011995	-4.100006	3148800.000000
2022-06-08	-0.007182	-0.006236	0.001609	-0.017200	-3.570007	3268100.000000
2022-06-07	0.014117	-0.001387	0.015158	-0.006243	6.920013	2341900.000000
2022-06-06	0.009411	0.007866	0.016515	0.001400	4.570007	1781500.000000
2022-06-03	-0.013509	-0.007984	-0.001199	-0.014951	-6.650024	1756900.000000
2022-06-02	-0.000589	0.002944	0.007309	-0.019450	-0.289978	2093500.000000
2022-06-01	-0.008515	0.003100	0.009260	-0.018117	-4.230011	1765900.000000
2022-05-31	-0.020370	-0.006882	-0.005916	-0.022579	-10.329987	4003100.000000
2022-05-27	0.009717	-0.022360	0.009717	-0.025566	4.879974	3349100.000000
2022-05-26	0.008312	0.007328	0.018410	0.002650	4.140015	2705800.000000
2022-05-25	0.001065	0.001929	0.009547	-0.012662	0.529999	3161600.000000
2022-05-24	0.011136	-0.002621	0.012193	-0.006950	5.480011	2658100.000000
2022-05-23	0.013073	0.001153	0.020608	0.001153	6.349976	2279800.000000
2022-05-20	0.015004	0.005914	0.018640	-0.013039	7.180023	3068200.000000
2022-05-19	0.015211	-0.014977	0.021639	-0.017078	7.169983	3813800.000000
2022-05-18	-0.042942	-0.008670	-0.006741	-0.049073	-21.149994	3240500.000000
2022-05-17	0.006766	0.009771	0.011242	-0.001554	3.309998	2289000.000000
2022-05-16	0.007870	0.000021	0.020931	-0.002575	3.820007	2338800.000000
2022-05-13	0.013784	0.004553	0.017126	-0.006245	6.600006	2453400.000000
2022-05-12	-0.015119	-0.000103	0.001522	-0.030299	-7.350006	3997600.000000
2022-05-11	-0.003811	-0.007418	0.025635	-0.007418	-1.860016	3936300.000000
2022-05-10	0.003269	0.015193	0.020414	-0.010896	1.589996	4275500.000000
2022-05-09	-0.026420	-0.018454	-0.009988	-0.030403	-13.199982	3862700.000000
2022-05-06	0.009905	-0.019627	0.013846	-0.019647	4.899994	3260300.000000
2022-05-05	-0.025413	-0.000808	0.006008	-0.036228	-12.899994	3359700.000000
2022-05-04	0.016012	-0.000240	0.020315	-0.013070	8.000000	4002600.000000
2022-05-03	-0.003053	-0.000040	0.008720	-0.007323	-1.529999	2763400.000000
2022-05-02	-0.014551	0.004444	0.009753	-0.029909	-7.399994	3184300.000000
2022-04-29	-0.030262	-0.010621	-0.008619	-0.033294	-15.869995	2873200.000000
2022-04-28	0.020650	0.005741	0.024270	-0.001246	10.609985	2582700.000000
2022-04-27	0.000058	0.002199	0.013858	-0.007708	0.029968	3353700.000000
2022-04-26	-0.020009	-0.000057	0.003796	-0.020524	-10.489990	2895300.000000
2022-04-25	0.006392	-0.001037	0.010212	-0.017680	3.330017	3030400.000000
2022-04-22	-0.030701	-0.010010	-0.007610	-0.032115	-16.500000	3453300.000000
2022-04-21	-0.015696	-0.000934	0.003645	-0.018278	-8.570007	2539900.000000
2022-04-20	0.015455	0.008257	0.019825	0.002418	8.309998	2986300.000000
2022-04-19	0.006778	0.003389	0.015728	0.002172	3.619995	2207600.000000
2022-04-18	-0.001384	0.005759	0.011555	-0.008302	-0.739990	2087100.000000
2022-04-14	-0.004060	0.002793	0.030335	-0.005456	-2.179993	4211300.000000
2022-04-13	0.006164	-0.000731	0.008563	-0.009537	3.289978	3012000.000000
2022-04-12	-0.006940	-0.003777	0.006122	-0.012392	-3.729980	3575700.000000
2022-04-11	-0.015606	-0.004323	0.003022	-0.017071	-8.520020	3574000.000000
2022-04-08	0.016780	0.003818	0.022386	0.002142	9.010010	3986700.000000
2022-04-07	0.009779	-0.003291	0.012280	-0.006319	5.200012	2867000.000000
2022-04-06	0.027020	0.000888	0.030439	0.000464	13.989990	3955600.000000
2022-04-05	0.015176	-0.000039	0.028842	-0.003961	7.740021	3268600.000000
2022-04-04	-0.005014	-0.000741	-0.000215	-0.015724	-2.570038	2657500.000000
2022-04-01	0.005138	0.001392	0.009432	-0.006608	2.620026	2344100.000000
2022-03-31	-0.020833	-0.007143	0.002054	-0.021409	-10.850006	3979700.000000
2022-03-30	0.019756	0.008576	0.020500	0.003426	10.089996	3041200.000000
2022-03-29	-0.004813	0.007599	0.012451	-0.011497	-2.470001	3478400.000000
2022-03-28	0.000331	0.002514	0.008011	-0.008226	0.169983	2643000.000000
2022-03-25	-0.000837	0.001422	0.005979	-0.008219	-0.429993	2551100.000000
2022-03-24	0.020329	0.003517	0.024939	0.001252	10.230011	2789200.000000
2022-03-23	-0.004136	-0.006036	0.003443	-0.007896	-2.089996	2753200.000000
2022-03-22	-0.004609	0.003171	0.008254	-0.005555	-2.339996	2752500.000000
2022-03-21	0.003043	-0.002193	0.013594	-0.003477	1.540009	2617700.000000
2022-03-18	-0.001775	0.003392	0.007219	-0.010769	-0.899994	5065600.000000
2022-03-17	0.017581	-0.004536	0.017782	-0.006182	8.759979	2357200.000000
2022-03-16	0.000703	0.003856	0.015244	-0.015866	0.350006	3497100.000000
2022-03-15	0.020475	0.004263	0.024635	-0.001250	9.989990	3043000.000000
2022-03-14	0.010458	0.015594	0.026342	0.004991	5.050018	2704100.000000
2022-03-11	-0.017439	-0.007346	0.004802	-0.018171	-8.570007	2615000.000000
2022-03-10	0.012089	-0.012851	0.016764	-0.015940	5.869995	2834800.000000
2022-03-09	0.025578	0.019262	0.030119	0.000275	12.110016	3115500.000000
2022-03-08	-0.027543	-0.016575	-0.004888	-0.031528	-13.410004	3849500.000000
2022-03-07	-0.023624	0.002707	0.002707	-0.031345	-11.779999	4123300.000000
2022-03-04	0.024785	-0.012125	0.026860	-0.018702	12.059998	4170100.000000
2022-03-03	0.002493	0.001277	0.012361	-0.006510	1.209991	3139400.000000
2022-03-02	0.019171	0.004073	0.022929	0.003444	9.130005	3675900.000000
2022-03-01	0.000799	-0.010465	0.002291	-0.017105	0.380005	2917600.000000
2022-02-28	0.000252	-0.020809	0.003279	-0.021314	0.119995	3918300.000000
2022-02-25	0.043563	0.001667	0.043629	0.000746	19.859985	3314400.000000
2022-02-24	-0.008115	-0.021975	-0.006592	-0.030199	-3.729980	3933000.000000
2022-02-23	-0.006249	0.010119	0.011265	-0.007935	-2.890015	2840300.000000
2022-02-22	-0.011329	-0.008508	-0.001325	-0.021355	-5.299988	3029800.000000
2022-02-18	-0.005379	-0.000191	0.009738	-0.007463	-2.529999	2992300.000000
2022-02-17	-0.020227	-0.003916	-0.001583	-0.023248	-9.709991	2403100.000000
2022-02-16	0.003806	-0.005709	0.007319	-0.014282	1.819977	2651800.000000
2022-02-15	0.008073	0.003246	0.014271	0.001686	3.830017	3001000.000000
2022-02-14	-0.007801	-0.006316	-0.000816	-0.018405	-3.730011	2549500.000000
2022-02-11	-0.017649	-0.004191	0.007622	-0.021121	-8.589996	2493800.000000
2022-02-10	-0.022847	-0.011765	-0.007790	-0.026159	-11.380005	2626100.000000
2022-02-09	0.009505	0.007276	0.015241	0.005837	4.690002	2818100.000000
2022-02-08	0.020074	-0.004858	0.024747	-0.004858	9.709991	3534700.000000
2022-02-07	0.001097	0.003601	0.008465	-0.003870	0.529999	2937200.000000
2022-02-04	-0.011457	-0.014363	0.001760	-0.017554	-5.599976	3066400.000000
2022-02-03	0.018738	0.039331	0.042519	0.007899	8.989990	4370900.000000
2022-02-02	0.024274	0.001388	0.028970	0.001388	11.369995	3026800.000000
2022-02-01	-0.008803	0.005142	0.005142	-0.020780	-4.160004	3148600.000000
2022-01-31	0.013968	-0.002274	0.015277	-0.003562	6.510010	3500500.000000
2022-01-28	0.009662	-0.000433	0.010139	-0.014125	4.459991	3364400.000000
2022-01-27	0.006915	-0.000763	0.022359	-0.003097	3.170013	3508100.000000
2022-01-26	0.003480	0.003524	0.015410	-0.007421	1.589996	4435900.000000
2022-01-25	-0.011746	-0.017739	-0.006014	-0.032449	-5.429993	3428900.000000
2022-01-24	0.002385	-0.006722	0.006440	-0.028276	1.099976	4780700.000000
2022-01-21	-0.003952	0.001080	0.016825	-0.004168	-1.829987	4273200.000000
2022-01-20	0.001038	0.004021	0.019696	-0.001124	0.480011	3228600.000000
2022-01-19	0.003319	0.015206	0.031454	0.001128	1.529999	4030900.000000
2022-01-18	-0.016429	-0.007510	-0.006358	-0.022061	-7.700012	3938800.000000
2022-01-14	0.002696	0.005263	0.012280	-0.005028	1.260010	3665400.000000
2022-01-13	-0.013278	0.004581	0.005974	-0.016339	-6.290009	3005300.000000
2022-01-12	0.010064	-0.000064	0.013475	-0.005672	4.720001	3502300.000000
2022-01-11	0.008602	0.004731	0.011720	-0.009312	4.000000	3332800.000000
2022-01-10	0.013956	-0.005669	0.015831	-0.009071	6.399994	5831800.000000
2022-01-07	-0.023528	-0.004173	-0.003577	-0.030022	-11.049988	5494200.000000
2022-01-06	-0.040924	-0.019788	-0.011334	-0.054259	-20.040009	6555200.000000
2022-01-05	-0.002465	0.007883	0.012426	-0.002465	-1.209991	3921100.000000
2022-01-04	-0.022657	0.001832	0.002927	-0.022696	-11.380005	3908100.000000
2022-01-03	0.000279	-0.004262	0.001513	-0.018103	0.139984	3033600.000000
2021-12-31	-0.004540	-0.000575	0.004837	-0.004738	-2.289978	1695400.000000
2021-12-30	-0.002275	0.004648	0.007219	-0.003817	-1.149994	1309800.000000
2021-12-29	0.005249	0.003658	0.008510	-0.001869	2.639984	1573900.000000
2021-12-28	0.006887	0.005005	0.011652	0.001802	3.440002	1495500.000000
2021-12-27	0.008317	0.006662	0.009932	0.002544	4.119995	1349400.000000
2021-12-23	0.002530	0.001761	0.008135	-0.002671	1.250000	1706500.000000
2021-12-22	0.014203	-0.000123	0.016913	-0.002689	6.920013	1687500.000000
2021-12-21	0.007194	0.006801	0.010894	-0.003163	3.479980	2536000.000000
2021-12-20	-0.006959	-0.010511	-0.004332	-0.024347	-3.389984	3145600.000000
2021-12-17	-0.011646	-0.002922	0.000548	-0.013148	-5.739990	5707200.000000
2021-12-16	-0.003075	-0.000748	0.005219	-0.008637	-1.520020	4080800.000000
2021-12-15	0.031118	0.002378	0.033246	0.001418	14.920013	4188600.000000
2021-12-14	0.002761	0.003367	0.010248	-0.002008	1.319977	3018000.000000
2021-12-13	-0.000188	-0.002530	0.004245	-0.008824	-0.089996	2724800.000000
2021-12-10	0.010374	-0.002789	0.010902	-0.004880	4.910004	2572300.000000
2021-12-09	0.009512	-0.000704	0.011987	-0.003199	4.460022	2977400.000000
2021-12-08	0.008887	0.002926	0.011706	-0.004820	4.129974	3228300.000000
2021-12-07	0.010041	0.005738	0.012258	0.000261	4.620026	3105200.000000
2021-12-06	0.024014	0.006298	0.027731	0.004896	10.789978	4721500.000000
2021-12-03	0.010684	0.007198	0.022201	0.001350	4.750000	3038300.000000
2021-12-02	0.003781	0.000575	0.011277	-0.008299	1.674530	4738700.000000
2021-12-01	0.000270	0.022843	0.029686	0.003081	0.119629	4325500.000000
2021-11-30	-0.017212	-0.007703	0.001819	-0.020599	-7.754730	7435400.000000
2021-11-29	0.027483	0.011586	0.033297	0.004721	12.050690	4079700.000000
2021-11-26	-0.022770	-0.008417	-0.001151	-0.023371	-10.216675	2480600.000000
2021-11-24	0.006777	0.002162	0.011900	-0.000082	3.020172	2248800.000000
2021-11-23	0.021918	-0.000247	0.026145	-0.000270	9.558807	2857000.000000
2021-11-22	-0.005591	0.009692	0.011812	-0.002690	-2.451996	2598700.000000
2021-11-19	-0.021069	0.000271	0.003217	-0.018992	-9.439209	3536100.000000
2021-11-18	0.001158	0.002770	0.011887	-0.000850	0.518280	2073800.000000
2021-11-17	-0.001490	0.004980	0.012946	0.001276	-0.667786	2281500.000000
2021-11-16	-0.002618	0.008135	0.020064	0.000079	-1.176147	3383800.000000
2021-11-15	-0.017844	0.001098	0.001557	-0.015296	-8.163391	2849600.000000
2021-11-12	0.003498	0.010456	0.011180	0.002582	1.594788	2609500.000000
2021-11-11	-0.005458	0.003480	0.005334	-0.006468	-2.501831	2246800.000000
2021-11-10	-0.009583	0.005509	0.006826	-0.013418	-4.435547	2818200.000000
2021-11-09	0.003740	0.003262	0.007274	-0.001791	1.724396	2657800.000000
2021-11-08	0.014940	0.005551	0.021706	-0.000040	6.787842	2279900.000000
2021-11-05	-0.002080	0.005612	0.013717	-0.001527	-0.946930	2905000.000000
2021-11-04	-0.001246	0.003854	0.005850	-0.008080	-0.568115	2517300.000000
2021-11-03	0.011702	-0.000334	0.015424	-0.007835	5.272797	2438200.000000
2021-11-02	-0.004558	0.008012	0.008409	-0.004979	-2.063263	2600000.000000
2021-11-01	-0.013812	0.006203	0.014787	-0.016979	-6.339325	2203100.000000
2021-10-29	0.011044	0.000993	0.016368	-0.001981	5.013641	2497800.000000
2021-10-28	0.004322	0.002200	0.013040	0.001138	1.953613	1672600.000000
2021-10-27	-0.002551	0.003262	0.016061	0.000702	-1.156219	3520400.000000
2021-10-26	0.011457	0.005494	0.021609	-0.000979	5.133270	3103900.000000
2021-10-25	0.000735	0.005138	0.011035	-0.002814	0.328918	3553500.000000
2021-10-22	0.015556	-0.000005	0.019163	-0.000867	6.857635	2736200.000000
2021-10-21	0.016525	0.004207	0.020348	0.003238	7.166626	2465100.000000
2021-10-20	0.025237	0.009455	0.029621	0.009077	10.675171	2764000.000000
2021-10-19	-0.000565	0.008483	0.010822	0.000379	-0.239197	1616800.000000
2021-10-18	-0.008059	0.003097	0.003097	-0.006652	-3.438812	2232800.000000
2021-10-15	0.018341	0.007295	0.027439	0.005982	7.684967	3312000.000000
2021-10-14	0.041655	0.058229	0.077720	0.038688	16.755341	6038800.000000
2021-10-13	0.000769	0.003510	0.008412	-0.009502	0.308990	3021800.000000
2021-10-12	-0.004321	0.003559	0.011660	-0.003377	-1.744293	2415700.000000
2021-10-11	-0.008495	0.002132	0.010041	-0.007177	-3.458740	2164200.000000
2021-10-08	0.009291	0.007501	0.014219	-0.001845	3.747772	2012200.000000
2021-10-07	0.026506	0.009649	0.038684	0.009522	10.416016	2813700.000000
2021-10-06	0.002084	-0.003573	0.006704	-0.016093	0.817352	2809200.000000
2021-10-05	0.016589	0.009302	0.026593	0.009042	6.399109	3269400.000000
2021-10-04	-0.013811	0.001191	0.010215	-0.016347	-5.402344	3074800.000000
2021-10-01	0.004325	0.005470	0.010836	-0.016304	1.684479	3146600.000000
2021-09-30	-0.024150	0.005968	0.010979	-0.021669	-9.638550	3779900.000000
2021-09-29	0.004490	-0.000816	0.011391	-0.003836	1.784180	2056300.000000
2021-09-28	-0.016409	-0.003348	0.000118	-0.017162	-6.628387	3115400.000000
2021-09-27	-0.004446	0.005110	0.015757	-0.001963	-1.804108	2608600.000000
2021-09-24	-0.002328	0.000581	0.002917	-0.003623	-0.946930	1950400.000000
2021-09-23	-0.001639	0.005962	0.018358	0.000340	-0.667816	2681600.000000
2021-09-22	-0.008828	-0.014743	0.002434	-0.014743	-3.628174	3629400.000000
2021-09-21	-0.000872	0.008877	0.018042	0.002070	-0.358826	2382200.000000
2021-09-20	-0.017755	-0.004475	0.001208	-0.024055	-7.435730	2799800.000000
2021-09-17	0.007965	-0.001239	0.013491	-0.001239	3.309204	4534200.000000
2021-09-16	-0.001629	0.008428	0.017391	-0.002890	-0.677795	2262700.000000
2021-09-15	0.012072	0.003213	0.024857	-0.004131	4.963806	3180600.000000
2021-09-14	-0.004777	0.010692	0.010692	-0.004362	-1.973541	2879800.000000
2021-09-13	0.026268	0.013371	0.035303	0.009571	10.575470	3068200.000000
2021-09-10	-0.022246	0.009236	0.010305	-0.022263	-9.160095	4215800.000000
2021-09-09	-0.002022	0.006662	0.018489	0.003244	-0.834381	3508500.000000
2021-09-08	-0.013887	0.006664	0.010679	-0.010043	-5.810516	2262500.000000
2021-09-07	-0.003831	0.000688	0.005355	-0.005788	-1.609100	1920300.000000
2021-09-03	-0.002006	0.002554	0.007472	-0.000583	-0.844269	1604800.000000
2021-09-02	0.015239	0.011149	0.023790	0.008930	6.317108	3137400.000000
2021-09-01	0.002595	0.007436	0.015490	-0.005382	1.072754	2034400.000000
2021-08-31	-0.004853	0.003654	0.012656	-0.003037	-2.016327	4249100.000000
2021-08-30	-0.001099	0.006783	0.011135	0.004691	-0.456940	1284200.000000
2021-08-27	0.004582	0.009585	0.015236	0.005020	1.897156	1621600.000000
2021-08-26	-0.006885	0.006855	0.010741	-0.000677	-2.870514	1385400.000000
2021-08-25	-0.008668	0.003074	0.007282	-0.002633	-3.645294	1939000.000000
2021-08-24	-0.004584	0.007162	0.008156	-0.001832	-1.936859	1619300.000000
2021-08-23	-0.010123	0.008775	0.008775	-0.004486	-4.320679	2375900.000000
2021-08-20	0.004253	0.007865	0.014948	0.004477	1.807709	2401900.000000
2021-08-19	0.025328	0.002103	0.033393	-0.005086	10.498810	3204500.000000
2021-08-18	-0.010574	0.005757	0.006330	-0.004412	-4.429962	3037000.000000
2021-08-17	0.010954	0.006518	0.019549	0.005383	4.539215	2258000.000000
2021-08-16	0.018405	0.007201	0.025829	0.001032	7.489197	2377500.000000
2021-08-13	0.009139	0.009561	0.016926	0.006684	3.685028	1537800.000000
2021-08-12	-0.004366	0.004956	0.009228	-0.001711	-1.768036	1939900.000000
2021-08-11	-0.009811	0.009839	0.012040	-0.003657	-4.012756	1542600.000000
2021-08-10	0.002215	0.005901	0.013595	0.001147	0.903870	1441800.000000
2021-08-09	-0.010238	0.006371	0.009475	-0.004786	-4.221375	1509800.000000
2021-08-06	0.009558	0.008791	0.020445	0.008791	3.903503	1944000.000000
2021-08-05	-0.024553	0.008025	0.008479	-0.025818	-10.280243	3598600.000000
2021-08-04	-0.000853	0.007141	0.010983	0.001557	-0.357574	1995400.000000
2021-08-03	0.015232	0.007389	0.022700	0.005596	6.287354	2496500.000000
2021-08-02	0.008127	0.010080	0.017090	0.008224	3.327423	1806500.000000
2021-07-30	0.000340	0.003558	0.010912	0.002312	0.139069	1864200.000000
2021-07-29	0.007112	0.011975	0.015174	0.004938	2.890381	1597300.000000
2021-07-28	-0.014286	0.005304	0.005304	-0.013348	-5.890045	2446600.000000
2021-07-27	0.003772	0.003034	0.010970	-0.003150	1.549469	2630600.000000
2021-07-26	-0.009959	0.004686	0.006711	-0.009607	-4.131989	2232600.000000
2021-07-23	0.004642	0.011941	0.015428	0.007316	1.917053	1611700.000000
2021-07-22	0.002725	0.010134	0.012101	0.004573	1.122345	1421900.000000
2021-07-21	0.004044	0.016754	0.017169	0.001566	1.658783	1863700.000000
2021-07-20	0.009558	0.011558	0.028122	0.010598	3.883636	3186700.000000
2021-07-19	-0.025351	0.000882	0.006375	-0.024138	-10.568298	3611300.000000
2021-07-16	-0.000833	0.009923	0.012152	0.001007	-0.347626	2625400.000000
2021-07-15	0.012803	-0.000087	0.023751	-0.011520	5.274200	3546500.000000
2021-07-14	-0.009079	0.012147	0.016381	-0.005701	-3.774414	3538700.000000
2021-07-13	0.006009	0.007606	0.015616	0.005985	2.483185	2948900.000000
2021-07-12	0.009536	0.004120	0.017264	0.002386	3.903534	2802600.000000
2021-07-09	0.005269	0.013119	0.014887	0.008478	2.145416	2078900.000000
2021-07-08	-0.004154	-0.000676	0.004753	-0.009309	-1.698486	2032300.000000
2021-07-07	0.003412	0.007004	0.011495	-0.000726	1.390564	2270400.000000
2021-07-06	0.002199	0.005086	0.011210	-0.002194	0.893951	2615300.000000
2021-07-02	0.011040	0.007280	0.019166	0.004272	4.439880	1982400.000000
2021-07-01	0.011113	0.010781	0.018776	0.010227	4.420013	2678100.000000
2021-06-30	0.005878	0.005367	0.015129	0.003495	2.324249	2875600.000000
2021-06-29	-0.008369	0.008062	0.011147	-0.003198	-3.337372	2458800.000000
2021-06-28	-0.008618	0.006783	0.006882	-0.010670	-3.466492	3193300.000000
2021-06-25	0.015243	0.009888	0.034826	0.007162	6.039062	16928900.000000
2021-06-24	0.008368	0.013808	0.023581	0.010041	3.287689	3309100.000000
2021-06-23	-0.007851	0.004586	0.007566	-0.001853	-3.108948	2942100.000000
2021-06-22	0.001558	0.013207	0.013308	0.006151	0.615845	3964600.000000
2021-06-21	0.022344	0.006783	0.032200	0.006395	8.641418	3839300.000000
2021-06-18	-0.016494	-0.015138	-0.001456	-0.015214	-6.486023	5521400.000000
2021-06-17	0.000252	0.007291	0.012556	0.003755	0.098938	3532000.000000
2021-06-16	-0.007570	0.012540	0.017715	0.001357	-2.998596	3330800.000000
2021-06-15	0.002806	0.012496	0.016394	0.003661	1.108398	2845800.000000
2021-06-14	0.003192	0.008972	0.014483	0.003461	1.256805	2674900.000000
2021-06-11	-0.008966	0.015152	0.015177	-0.006417	-3.562622	3094300.000000
2021-06-10	0.000972	0.012511	0.014879	0.003845	0.385925	4033600.000000
2021-06-09	-0.001593	0.014470	0.020632	0.007427	-0.633392	1925700.000000
2021-06-08	0.003723	0.011657	0.016782	0.006684	1.474609	3051300.000000
2021-06-07	-0.013288	0.013759	0.014381	-0.006842	-5.334198	3353800.000000
2021-06-04	-0.005687	0.017901	0.018000	0.002272	-2.295929	2990900.000000
2021-06-03	0.005199	0.004619	0.020205	0.002976	2.088104	2281200.000000
2021-06-02	-0.002139	0.016483	0.016483	0.005079	-0.860962	2232900.000000
2021-06-01	-0.012624	0.014911	0.014911	-0.003659	-5.146118	2199600.000000
2021-05-28	-0.001890	0.010470	0.017253	0.003909	-0.771912	2367900.000000
2021-05-27	-0.001234	0.014652	0.015117	0.003550	-0.504730	2041800.000000
2021-05-26	0.000387	0.008146	0.015975	0.005480	0.158356	1903900.000000
2021-05-25	0.005110	0.012683	0.017626	0.005405	2.078217	2285600.000000
2021-05-24	-0.001652	0.012287	0.016043	0.006273	-0.672943	1883600.000000
2021-05-21	0.007317	0.015713	0.035173	0.012498	2.959015	4295400.000000
2021-05-20	-0.002100	0.010544	0.021155	0.007559	-0.851074	2105800.000000
2021-05-19	-0.002144	0.008279	0.011308	-0.004623	-0.870880	2783100.000000
2021-05-18	0.004283	0.013092	0.021178	0.004635	1.731873	2694800.000000
2021-05-17	-0.002855	0.009262	0.017153	0.007438	-1.157867	1583900.000000
2021-05-14	0.003035	0.016480	0.020438	0.010322	1.227142	2072900.000000
2021-05-13	0.007869	0.012739	0.029939	0.007853	3.156952	2637500.000000
2021-05-12	-0.015375	0.004555	0.008384	-0.006759	-6.264465	2888100.000000
2021-05-11	-0.021835	0.010734	0.013832	-0.014210	-9.094757	3024000.000000
2021-05-10	0.007758	0.014390	0.030624	0.011850	3.206451	2489300.000000
2021-05-07	0.006458	0.010543	0.020332	0.008279	2.652222	1851000.000000
2021-05-06	0.005988	0.011695	0.021126	0.010617	2.444427	3058700.000000
2021-05-05	0.002820	0.008407	0.013934	-0.000682	1.147980	2767600.000000
2021-05-04	0.013402	0.009425	0.026826	0.004496	5.383606	3237200.000000
2021-05-03	0.017803	0.016045	0.030665	0.014854	7.026459	2568500.000000
2021-04-30	-0.006848	0.009086	0.011251	0.002418	-2.721497	2328100.000000
2021-04-29	0.017638	0.016002	0.029856	0.014849	6.887848	1996500.000000
2021-04-28	0.000228	0.012212	0.016848	0.007397	0.089050	1886500.000000
2021-04-27	-0.003435	0.007407	0.011670	0.001383	-1.345856	1758500.000000
2021-04-26	-0.011116	0.009208	0.009688	-0.002403	-4.403900	1642300.000000
2021-04-23	0.009507	0.008126	0.024358	0.005272	3.730896	2263200.000000
2021-04-22	-0.005692	0.009533	0.010344	-0.003769	-2.246460	2718600.000000
2021-04-21	0.005750	0.016408	0.023084	0.007693	2.256348	2473300.000000
2021-04-20	0.017161	0.010522	0.031310	0.009382	6.620728	3348100.000000
2021-04-19	-0.002992	0.007860	0.016621	0.003906	-1.157928	2965400.000000
2021-04-16	0.002564	0.020601	0.020601	-0.001318	0.989655	4532400.000000
2021-04-15	0.038282	0.022226	0.055475	0.022226	14.230988	4488300.000000
2021-04-14	0.003017	0.012737	0.019941	0.010686	1.118317	2805600.000000
2021-04-13	-0.004731	0.010390	0.018607	0.005234	-1.761566	2652300.000000
2021-04-12	-0.000053	0.005583	0.019949	0.004375	-0.019775	3057300.000000
2021-04-09	0.031270	0.020052	0.042926	0.016314	11.291748	2483200.000000
2021-04-08	-0.002051	0.003479	0.013980	0.003479	-0.742218	2426700.000000
2021-04-07	0.003485	0.009971	0.014658	-0.000123	1.256836	2158900.000000
2021-04-06	-0.015695	0.006649	0.009406	-0.009893	-5.749786	2698600.000000
2021-04-05	0.008472	0.017490	0.025776	0.012040	3.077759	2709400.000000
2021-04-01	-0.013438	0.010824	0.012154	-0.006666	-4.948181	2977700.000000
2021-03-31	-0.003989	0.008415	0.019776	0.005710	-1.474548	3356500.000000
2021-03-30	-0.014510	0.006445	0.012656	-0.008883	-5.443024	3066000.000000
2021-03-29	0.006853	0.010148	0.021260	0.006471	2.553253	2740400.000000
2021-03-26	0.014525	0.012077	0.026727	0.008292	5.334167	2959800.000000
2021-03-25	0.001322	0.010470	0.014588	-0.009188	0.484924	3021500.000000
2021-03-24	0.005699	0.003752	0.025004	0.002272	2.078247	3407800.000000
2021-03-23	0.004470	0.015952	0.023361	0.011462	1.623016	3100100.000000
2021-03-22	0.003501	0.008867	0.018762	-0.004649	1.266724	3505200.000000
2021-03-19	0.009750	0.010108	0.033943	0.001986	3.493439	8572900.000000
2021-03-18	0.028025	0.012450	0.045302	0.010929	9.767700	3311600.000000
2021-03-17	-0.006825	0.012095	0.020359	0.002577	-2.394897	2633100.000000
2021-03-16	0.002035	0.009471	0.014696	0.004845	0.712524	2904200.000000
2021-03-15	-0.006011	0.013025	0.015920	-0.002217	-2.117828	2343400.000000
2021-03-12	0.011852	0.014261	0.024744	0.010873	4.126801	2088700.000000
2021-03-11	0.010011	0.017425	0.032537	0.014844	3.451477	2520500.000000
2021-03-10	-0.006762	0.019621	0.021263	0.004034	-2.347015	3012300.000000
2021-03-09	0.005169	0.022024	0.046147	0.017449	1.784912	4277600.000000
2021-03-08	0.008845	0.013797	0.034219	0.009678	3.027435	3419900.000000
2021-03-05	0.039813	0.017767	0.058048	0.017736	13.105743	4563100.000000
2021-03-04	0.002824	0.018021	0.038340	0.013451	0.926971	4991600.000000
2021-03-03	-0.005289	0.010060	0.024727	0.008424	-1.745483	3039700.000000
2021-03-02	-0.000030	0.015121	0.023212	0.011757	-0.009857	2568900.000000
2021-03-01	0.007314	0.020592	0.034481	0.018517	2.396301	4198900.000000
2021-02-26	0.010186	0.019241	0.041935	0.017082	3.303558	5430000.000000
2021-02-25	-0.010054	0.010367	0.018303	-0.000744	-3.293701	2780100.000000
2021-02-24	0.008194	0.010921	0.026647	0.003381	2.662567	3360500.000000
2021-02-23	0.005708	0.021334	0.033559	0.010965	1.844086	3225700.000000
2021-02-22	0.009428	0.004438	0.028026	0.000845	3.017609	2688300.000000
2021-02-19	-0.011662	0.015110	0.015419	0.000783	-3.776947	2313800.000000
2021-02-18	0.004742	0.011082	0.022499	0.008910	1.528534	2383500.000000
2021-02-17	0.006900	0.010437	0.026493	0.006626	2.208923	2620000.000000
2021-02-16	-0.011028	0.011342	0.019003	-0.003734	-3.569794	4339000.000000
2021-02-12	-0.014501	0.009828	0.012020	-0.001741	-4.763031	2760800.000000
2021-02-11	-0.000990	0.018927	0.023945	0.008281	-0.325439	2776700.000000
2021-02-10	0.011437	0.023382	0.032918	0.014491	3.717743	4122700.000000
2021-02-09	0.016310	0.012685	0.035008	0.005838	5.216644	4096900.000000
2021-02-08	-0.000524	0.021873	0.021904	0.011873	-0.167664	4758200.000000
2021-02-05	-0.014606	0.022651	0.026870	-0.003922	-4.743286	7227900.000000
2021-02-04	-0.025363	-0.002656	0.006257	-0.014451	-8.451202	5962200.000000
2021-02-03	-0.002450	0.011905	0.018371	0.001726	-0.818451	2537100.000000
2021-02-02	0.014132	0.023472	0.046365	0.023472	4.654541	2663700.000000
2021-02-01	0.001259	0.018468	0.027953	0.011507	0.414185	3020200.000000
2021-01-29	-0.013515	0.009202	0.016669	-0.008491	-4.506653	3899200.000000
2021-01-28	0.015496	0.025176	0.055446	0.018689	5.088470	2769900.000000
2021-01-27	-0.029495	-0.003880	-0.001042	-0.027612	-9.979706	4770900.000000
2021-01-26	-0.013513	0.021932	0.024848	-0.001217	-4.634796	2467500.000000
2021-01-25	0.000748	0.012893	0.022347	0.005453	0.256409	2506300.000000
2021-01-22	-0.020986	0.009233	0.012975	-0.007249	-7.346741	2585100.000000
2021-01-21	0.011857	0.013974	0.043109	0.013771	4.102325	3749800.000000
2021-01-20	-0.003833	0.013168	0.013744	-0.004252	-1.331299	3036800.000000
2021-01-19	0.002534	0.028234	0.030398	0.014811	0.877686	3361300.000000
2021-01-15	0.002197	0.009981	0.021350	0.000203	0.759308	3777000.000000
2021-01-14	-0.012703	0.019230	0.024828	0.000865	-4.447479	2919900.000000
2021-01-13	-0.006520	0.010286	0.012471	-0.003362	-2.297668	1974500.000000
2021-01-12	-0.009369	0.006161	0.012177	-0.001456	-3.333160	2372500.000000
2021-01-11	-0.007265	0.011912	0.016572	0.002340	-2.603363	2695100.000000
2021-01-08	-0.004493	0.019533	0.020894	-0.003358	-1.617249	2947800.000000
2021-01-07	0.016032	0.012000	0.034326	0.010250	5.680084	3366700.000000
2021-01-06	0.041966	-0.008556	0.057264	-0.014438	14.269409	6561400.000000
2021-01-05	-0.013448	0.011710	0.019457	-0.000505	-4.634888	3160500.000000
2021-01-04	-0.003365	0.016287	0.018109	-0.015724	-1.163605	4203800.000000
2020-12-31	0.016493	0.014207	0.031991	0.011297	5.611115	1969000.000000
2020-12-30	-0.006794	0.013272	0.018907	0.005652	-2.327301	1866000.000000
2020-12-29	0.004047	0.020040	0.029713	0.011276	1.380585	2275700.000000
2020-12-28	0.015141	0.021261	0.034890	0.020815	5.088440	2308200.000000
2020-12-24	0.009479	0.010606	0.025535	0.010606	3.155640	1360600.000000
2020-12-23	0.007701	0.018540	0.034159	0.017148	2.544250	2348100.000000
2020-12-22	-0.003184	0.011284	0.016776	0.006185	-1.055145	2069700.000000
2020-12-21	-0.006797	-0.004850	0.009775	-0.012851	-2.268127	2892700.000000
2020-12-18	-0.009629	0.016583	0.016850	-0.008704	-3.244415	8742700.000000
2020-12-17	0.006866	0.015465	0.023802	0.007994	2.297729	2525700.000000
2020-12-16	-0.000972	0.005582	0.020001	-0.002091	-0.325470	2365600.000000
2020-12-15	0.010532	0.023141	0.028783	0.016806	3.490936	2616500.000000
2020-12-14	-0.002789	0.022965	0.032592	0.010420	-0.926971	2479000.000000
2020-12-11	-0.007596	0.009522	0.011761	-0.001823	-2.544189	3071700.000000
2020-12-10	-0.013821	0.016269	0.017152	-0.001103	-4.694031	2896900.000000
2020-12-09	-0.009918	0.017063	0.018579	-0.004159	-3.402130	2600400.000000
2020-12-08	0.000000	0.004994	0.020007	0.003041	0.000000	2471200.000000
2020-12-07	-0.005802	0.010669	0.014060	0.000526	-2.001892	2999400.000000
2020-12-04	0.007081	0.009886	0.025852	0.009157	2.425903	3255100.000000
2020-12-03	0.003223	0.018704	0.032964	0.014576	1.100525	4169200.000000
2020-12-02	0.018670	0.019439	0.049446	0.018633	6.259155	2864300.000000
2020-12-01	0.014420	0.043216	0.071448	0.028571	4.765594	3817700.000000
2020-11-30	-0.004735	0.009186	0.017709	-0.005329	-1.572144	5265700.000000
2020-11-27	0.014256	0.018747	0.035150	0.013585	4.667328	1558600.000000
2020-11-25	-0.008393	0.026220	0.026220	-0.003099	-2.770935	3145100.000000
2020-11-24	0.002835	0.021111	0.032714	0.015795	0.933502	3759700.000000
2020-11-23	0.001076	0.020293	0.022452	0.008252	0.353729	2535700.000000
2020-11-20	-0.006825	0.011669	0.019702	0.001733	-2.260010	3702000.000000
2020-11-19	-0.021799	0.011151	0.013455	-0.012364	-7.379333	3935600.000000
2020-11-18	-0.021556	0.021553	0.023345	-0.008334	-7.457886	2722500.000000
2020-11-17	-0.013228	0.005074	0.007840	-0.008874	-4.637939	2557600.000000
2020-11-16	0.003233	0.027094	0.028897	0.004375	1.130005	2790100.000000
2020-11-13	0.003555	0.024744	0.027845	0.013057	1.238098	2442100.000000
2020-11-12	0.007706	0.016841	0.043231	0.012066	2.662872	2907300.000000
2020-11-11	-0.005626	0.024816	0.026686	0.005393	-1.955383	2048200.000000
2020-11-10	0.010543	0.016226	0.034864	0.012388	3.625824	3733200.000000
2020-11-09	0.007310	0.072920	0.077724	0.022161	2.495789	4635300.000000
2020-11-06	-0.019582	0.006107	0.010817	-0.010519	-6.819244	2994900.000000
2020-11-05	-0.000451	0.027784	0.036136	0.003701	-0.157227	4786500.000000
2020-11-04	0.103345	0.093336	0.141506	0.080383	32.632141	10344900.000000
2020-11-03	0.029638	0.035219	0.064469	0.027230	9.088989	4043900.000000
2020-11-02	0.022809	0.042723	0.042723	0.025113	6.838928	4519000.000000
2020-10-30	0.004808	0.016201	0.029405	0.004036	1.434601	3556800.000000
2020-10-29	-0.014026	0.013050	0.022599	-0.003901	-4.244843	3279200.000000
2020-10-28	-0.039032	-0.005090	0.009135	-0.023792	-12.292328	3301400.000000
2020-10-27	-0.007893	0.017709	0.019095	0.006274	-2.505585	2427700.000000
2020-10-26	-0.022807	0.004533	0.008935	-0.019416	-7.408844	2408500.000000
2020-10-23	0.014951	0.028425	0.048703	0.025207	4.785278	2349500.000000
2020-10-22	0.009108	0.016227	0.034324	0.016006	2.888824	2100600.000000
2020-10-21	-0.001917	0.017709	0.027401	0.013838	-0.609192	2139000.000000
2020-10-20	-0.002498	0.025242	0.031520	0.014758	-0.795929	1988600.000000
2020-10-19	-0.017217	0.013513	0.020423	-0.006477	-5.581146	2482100.000000
2020-10-16	0.016422	0.020499	0.042103	0.018211	5.237274	3293300.000000
2020-10-15	0.008451	0.008223	0.033898	0.000254	2.672638	3172200.000000
2020-10-14	-0.028876	-0.011003	0.015099	-0.016745	-9.403473	4455400.000000
2020-10-13	0.004394	0.013175	0.029213	0.010738	1.424774	2713500.000000
2020-10-12	0.006497	0.021682	0.035465	0.021341	2.092926	2424200.000000
2020-10-09	0.016842	0.024811	0.035891	0.022475	5.335510	2028900.000000
2020-10-08	-0.002352	0.018527	0.024574	0.010844	-0.746765	2056700.000000
2020-10-07	0.027731	0.022143	0.051012	0.022143	8.568268	2596600.000000
2020-10-06	-0.011630	0.020268	0.024586	0.002802	-3.635620	2434400.000000
2020-10-05	0.019777	0.027789	0.038717	0.021427	6.062622	1638600.000000
2020-10-02	-0.003482	0.014556	0.031752	0.002398	-1.071014	2338000.000000
2020-10-01	0.004170	0.021430	0.028807	0.009156	1.277405	2731200.000000
2020-09-30	0.025053	0.017274	0.052408	0.017173	7.487396	3497300.000000
2020-09-29	0.003034	0.019185	0.025327	0.009150	0.903961	1797800.000000
2020-09-28	0.002413	0.030796	0.042975	0.018819	0.717316	2575700.000000
2020-09-25	0.033622	0.012805	0.054604	0.012701	9.668732	2455800.000000
2020-09-24	0.001780	0.017883	0.027428	0.009000	0.511017	2869100.000000
2020-09-23	-0.007205	0.020268	0.024072	0.009304	-2.083130	3709900.000000
2020-09-22	-0.016478	0.015158	0.022573	-0.003619	-4.844208	3163600.000000
2020-09-21	-0.028667	-0.007237	-0.007038	-0.036345	-8.676331	4124700.000000
2020-09-18	0.009968	0.017809	0.035762	0.013671	2.987091	3795400.000000
2020-09-17	-0.005024	0.011002	0.020564	0.003067	-1.513214	2394100.000000
2020-09-16	-0.002311	0.023804	0.034338	0.014297	-0.697662	3438200.000000
2020-09-15	-0.004343	0.022590	0.027240	0.009397	-1.316681	1468300.000000
2020-09-14	0.023517	0.022874	0.050251	0.022874	6.966644	1795500.000000
2020-09-11	-0.006165	0.023479	0.028142	-0.002622	-1.837494	3085900.000000
2020-09-10	-0.023780	0.024228	0.029828	-0.005281	-7.260925	2421200.000000
2020-09-09	0.015525	0.029984	0.048743	0.025794	4.667725	2195600.000000
2020-09-08	-0.015224	0.018725	0.020134	-0.004857	-4.648193	2594500.000000
2020-09-04	-0.013376	0.022710	0.027073	-0.009120	-4.139313	2901000.000000
2020-09-03	-0.012522	0.027519	0.033326	0.001129	-3.924042	3872500.000000
2020-09-02	0.023687	0.021020	0.049505	0.021020	7.251160	2846500.000000
2020-09-01	0.000896	0.014088	0.028997	0.013565	0.274017	2487100.000000
2020-08-31	-0.005789	0.023593	0.038773	0.015954	-1.780975	4341600.000000
2020-08-28	0.008663	0.024099	0.035509	0.013050	2.642090	2883500.000000
2020-08-27	0.009229	0.027164	0.041591	0.010883	2.788910	2321000.000000
2020-08-26	-0.010890	0.017844	0.019088	-0.006278	-3.327087	3178900.000000
2020-08-25	0.010944	0.033020	0.033549	0.018461	3.307556	1879300.000000
2020-08-24	-0.016871	0.030588	0.030881	-0.002983	-5.186401	2922200.000000
2020-08-21	0.002585	0.015216	0.028262	0.011335	0.792633	2488500.000000
2020-08-20	-0.006563	0.020056	0.021514	0.010919	-2.025635	2245600.000000
2020-08-19	-0.004451	0.021773	0.030547	0.016645	-1.379761	2066700.000000
2020-08-18	-0.011544	0.026589	0.028789	0.006598	-3.620758	2520000.000000
2020-08-17	-0.009855	0.014799	0.022218	0.008170	-3.121643	2772500.000000
2020-08-14	0.006780	0.018788	0.029562	0.013035	2.133331	1787200.000000
2020-08-13	-0.002327	0.016861	0.020634	0.007855	-0.733887	2159500.000000
2020-08-12	0.021296	0.029837	0.046968	0.028671	6.575958	2915800.000000
2020-08-11	-0.011125	0.034136	0.039420	0.007683	-3.473969	3018200.000000
2020-08-10	0.006529	0.021806	0.032991	0.017228	2.025635	2563600.000000
2020-08-07	0.009457	0.019560	0.037976	0.019560	2.906372	2600800.000000
2020-08-06	0.005088	0.020365	0.034232	0.015132	1.555878	3305300.000000
2020-08-05	0.026174	0.029722	0.050294	0.023647	7.799225	2982200.000000
2020-08-04	0.002931	0.016180	0.039573	0.009987	0.870911	3594900.000000
2020-08-03	0.002741	0.024636	0.029091	0.009820	0.812225	2628500.000000
2020-07-31	-0.008027	0.015909	0.016914	-0.002136	-2.397522	3913500.000000
2020-07-30	-0.004728	0.005242	0.021169	-0.004055	-1.418884	2205300.000000
2020-07-29	0.022505	0.027115	0.055360	0.022141	6.605316	2672700.000000
2020-07-28	0.004454	0.019472	0.031485	0.017145	1.301453	2257400.000000
2020-07-27	-0.007281	0.013884	0.026455	0.010283	-2.143036	2060500.000000
2020-07-24	-0.007195	0.023117	0.026321	0.009288	-2.133240	2415700.000000
2020-07-23	-0.012194	0.026867	0.027866	0.003777	-3.659882	2367700.000000
2020-07-22	0.005244	0.021065	0.027931	0.010850	1.565735	1935800.000000
2020-07-21	0.005437	0.027189	0.033823	0.020724	1.614624	2340200.000000
2020-07-20	-0.010015	0.022769	0.028803	0.008067	-3.004181	2375500.000000
2020-07-17	-0.002019	0.028357	0.034612	0.018908	-0.606720	3016500.000000
2020-07-16	0.010129	0.025061	0.044688	0.018844	3.013947	3844500.000000
2020-07-15	-0.014424	-0.002608	0.029090	-0.010757	-4.354584	5116900.000000
2020-07-14	0.029395	0.015424	0.056101	0.011673	8.621185	4234900.000000
2020-07-13	0.029118	0.024920	0.068536	0.023797	8.298187	4263300.000000
2020-07-10	0.000241	0.032712	0.032712	0.007653	0.068542	2391600.000000
2020-07-09	-0.024132	0.010737	0.022553	-0.015294	-7.045654	3061700.000000
2020-07-08	0.005764	0.024314	0.036439	0.018561	1.673309	1987400.000000
2020-07-07	-0.020343	0.014647	0.024433	-0.001248	-6.027954	2075700.000000
2020-07-06	0.015255	0.038142	0.039821	0.025568	4.452423	2395000.000000
2020-07-02	0.001780	0.031410	0.040265	0.020014	0.518646	1971700.000000
2020-07-01	0.009425	0.024951	0.040785	0.022907	2.720398	2303800.000000
2020-06-30	0.017912	0.017706	0.045496	0.014496	5.078827	2932900.000000
2020-06-29	0.010039	0.027495	0.041138	0.020976	2.818268	2356700.000000
2020-06-26	-0.031531	0.018177	0.023144	-0.013976	-9.139801	5043200.000000
2020-06-25	0.024345	0.018722	0.048759	0.010877	6.889130	3112500.000000
2020-06-24	-0.028293	0.009506	0.020185	-0.019406	-8.239594	3399900.000000
2020-06-23	0.016845	0.026581	0.044982	0.016316	4.824341	4023400.000000
2020-06-22	0.004910	0.016815	0.028078	0.004429	1.399384	2174100.000000
2020-06-19	0.003480	0.036690	0.044049	0.024297	0.988312	5172800.000000
2020-06-18	-0.003828	0.018692	0.023427	0.005258	-1.091278	2926600.000000
2020-06-17	-0.001365	0.033659	0.033659	0.020104	-0.389771	2538000.000000
2020-06-16	0.023474	0.059142	0.066778	0.030462	6.547821	4245400.000000
2020-06-15	0.003963	0.000641	0.032962	-0.014871	1.101013	4494600.000000
2020-06-12	0.005005	0.051334	0.063814	0.008109	1.383606	5416800.000000
2020-06-11	-0.072020	0.018281	0.018281	-0.057445	-21.455627	6638900.000000
2020-06-10	-0.011190	0.025407	0.029955	0.005227	-3.371338	3296100.000000
2020-06-09	-0.000872	0.027696	0.036816	0.019174	-0.263092	3061500.000000
2020-06-08	-0.007600	0.015739	0.039435	0.013403	-2.309265	4635500.000000
2020-06-05	0.046196	0.046686	0.082081	0.034636	13.417084	5554300.000000
2020-06-04	-0.023809	0.019010	0.023346	-0.010870	-7.083649	4374300.000000
2020-06-03	-0.003134	0.031463	0.039069	0.014342	-0.935394	4360000.000000
2020-06-02	0.001242	0.025129	0.033583	0.012214	0.370239	2756800.000000
2020-06-01	0.003543	0.023509	0.030108	0.011861	1.052338	2894000.000000
2020-05-29	0.002895	0.028836	0.041159	0.015769	0.857452	6251500.000000
2020-05-28	0.000658	0.033669	0.046203	0.024682	0.194855	4387700.000000
2020-05-27	0.030113	0.035109	0.057313	0.012069	8.652374	5618900.000000
2020-05-26	0.017073	0.049524	0.051400	0.035365	4.823151	4567800.000000
2020-05-22	0.010561	0.027699	0.038215	0.018720	2.952362	2922800.000000
2020-05-21	-0.003750	0.019354	0.033930	0.015399	-1.052307	3604900.000000
2020-05-20	-0.003667	0.039973	0.039973	0.017960	-1.032837	3200600.000000
2020-05-19	-0.014692	0.017138	0.030747	0.010631	-4.199524	3059400.000000
2020-05-18	0.008248	0.052829	0.057203	0.030042	2.338470	4015100.000000
2020-05-15	0.001205	0.032661	0.059465	0.026692	0.341095	12182800.000000
2020-05-14	0.045360	0.018662	0.079649	0.017591	12.286804	5704600.000000
2020-05-13	-0.033716	0.014852	0.021666	-0.017003	-9.451477	5474100.000000
2020-05-12	-0.003429	0.037253	0.042159	0.022784	-0.964569	4214300.000000
2020-05-11	0.005888	0.021154	0.037389	0.020081	1.646637	3490700.000000
2020-05-08	0.007018	0.042472	0.044309	0.028680	1.948761	3200000.000000
2020-05-07	-0.013055	0.034442	0.038814	0.011199	-3.673340	3162300.000000
2020-05-06	-0.014571	0.033518	0.042554	0.010193	-4.160583	2579200.000000
2020-05-05	0.019128	0.034941	0.056499	0.025411	5.359009	2501300.000000
2020-05-04	0.010650	0.026231	0.038676	0.017646	2.952332	2894200.000000
2020-05-01	-0.027216	0.011987	0.014127	-0.018858	-7.755951	3526100.000000
2020-04-30	0.016756	0.022736	0.052528	0.018704	4.696472	7631700.000000
2020-04-29	-0.002462	0.039259	0.041928	0.018260	-0.691803	4258400.000000
2020-04-28	-0.019117	0.040338	0.041210	-0.002882	-5.476013	3862900.000000
2020-04-27	0.009235	0.033068	0.045928	0.023978	2.621063	3706200.000000
2020-04-24	0.020888	0.033354	0.049935	0.021520	5.807312	3265000.000000
2020-04-23	0.029998	0.033861	0.068687	0.031935	8.097015	4420500.000000
2020-04-22	0.010321	0.046478	0.062349	0.035736	2.757416	3663300.000000
2020-04-21	-0.028177	0.000150	0.018519	-0.006034	-7.746216	3977500.000000
2020-04-20	-0.028979	0.007724	0.020829	-0.006510	-8.204224	4072600.000000
2020-04-17	-0.026371	0.035108	0.045459	-0.012660	-7.668243	5857500.000000
2020-04-16	0.059465	0.032716	0.093053	0.020219	16.320679	7738900.000000
2020-04-15	0.041331	0.048423	0.073692	0.026987	10.893494	7841800.000000
2020-04-14	0.026526	0.047686	0.063537	0.039896	6.810791	4778900.000000
2020-04-13	-0.002347	0.018260	0.029528	0.003184	-0.604126	2964900.000000
2020-04-09	-0.013815	0.015459	0.036151	0.002431	-3.605164	4923300.000000
2020-04-08	0.079786	0.024855	0.113691	0.018939	19.282822	6390200.000000
2020-04-07	-0.001208	0.073705	0.102220	0.018865	-0.292328	4984100.000000
2020-04-06	0.082139	0.073305	0.114851	0.051481	18.366882	6365900.000000
2020-04-03	-0.045541	0.017254	0.021608	-0.029912	-10.669342	4650300.000000
2020-04-02	0.013147	0.017568	0.046542	-0.022521	3.040039	4636800.000000
2020-04-01	-0.048360	-0.017690	0.014904	-0.031065	-11.750916	4548800.000000
2020-03-31	-0.007561	-0.005554	0.039578	-0.007514	-1.851303	5450000.000000
2020-03-30	0.036420	0.027108	0.075576	0.027108	8.603714	5329000.000000
2020-03-27	-0.050668	-0.023728	0.011073	-0.042615	-12.608368	4879500.000000
2020-03-26	0.089130	0.024290	0.129026	0.016718	20.364334	7517600.000000
2020-03-25	0.066833	0.022988	0.155689	0.008560	14.313507	10014000.000000
2020-03-24	0.127989	0.064646	0.160135	0.048108	24.300812	8894400.000000
2020-03-23	-0.056779	0.003700	0.022131	-0.067439	-11.429367	10654500.000000
2020-03-20	-0.060100	0.042086	0.086257	-0.049992	-12.871445	9364100.000000
2020-03-19	0.012623	0.025925	0.069141	-0.012089	2.669785	8065200.000000
2020-03-18	-0.111211	-0.051314	-0.027361	-0.158727	-26.463913	12917500.000000
2020-03-17	0.085229	0.052664	0.134480	0.041125	18.688431	9642200.000000
2020-03-16	-0.172769	-0.079782	-0.073143	-0.155122	-45.795395	10303500.000000
2020-03-13	0.091084	0.074299	0.124641	-0.002757	22.127930	9308400.000000
2020-03-12	-0.098531	-0.035227	0.010155	-0.072333	-26.553497	10496600.000000
2020-03-11	-0.007928	0.011460	0.050039	0.005938	-2.153748	7744600.000000
2020-03-10	0.023991	0.054422	0.070179	0.027206	6.364288	7366000.000000
2020-03-09	-0.036742	-0.039730	0.021926	-0.058684	-10.118896	8070700.000000
2020-03-06	0.003216	0.003283	0.038071	-0.009539	0.882935	5361900.000000
2020-03-05	-0.022321	0.002899	0.030749	-0.003013	-6.267395	5908400.000000
2020-03-04	0.107192	0.143524	0.166553	0.112807	27.184204	14533000.000000
2020-03-03	-0.042877	0.039203	0.058074	-0.021636	-11.360687	9188100.000000
2020-03-02	0.071188	0.040371	0.104651	0.011991	17.608521	8866300.000000
2020-02-28	0.004096	-0.000589	0.043658	-0.004242	1.009003	9961000.000000
2020-02-27	-0.034525	0.012799	0.027418	-0.012088	-8.809113	7604300.000000
2020-02-26	-0.001481	0.035954	0.055951	0.012434	-0.378418	6806600.000000
2020-02-25	-0.051838	0.039506	0.046296	-0.027803	-13.970398	8171200.000000
2020-02-24	-0.078426	-0.018971	-0.011790	-0.050602	-22.934814	8790600.000000
2020-02-21	-0.002317	0.025086	0.032046	0.018740	-0.679077	2987100.000000
2020-02-20	-0.010416	0.023626	0.026867	0.005699	-3.085114	2885500.000000
2020-02-19	0.010492	0.034945	0.046340	0.032762	3.075409	3021100.000000
2020-02-18	0.011246	0.033820	0.046515	0.031508	3.259796	3241700.000000
2020-02-14	-0.011317	0.030783	0.036786	0.014070	-3.318024	2485600.000000
2020-02-13	-0.004218	0.019405	0.038968	0.019405	-1.241791	3565500.000000
2020-02-12	0.043640	0.045672	0.081119	0.042163	12.311432	6701900.000000
2020-02-11	0.013100	0.030103	0.047053	0.026691	3.647827	2992200.000000
2020-02-10	-0.007572	0.020093	0.030999	0.017313	-2.124634	3147400.000000
2020-02-07	-0.011079	0.032194	0.034027	0.018237	-3.143433	3425900.000000
2020-02-06	-0.011057	0.035176	0.036117	0.010777	-3.172424	3044000.000000
2020-02-05	0.053020	0.048219	0.090060	0.047632	14.445831	5761000.000000
2020-02-04	0.024889	0.043012	0.066409	0.041507	6.616547	4290200.000000
2020-02-03	0.005763	0.040888	0.047396	0.024583	1.523193	5646800.000000
2020-01-31	-0.030358	0.020441	0.022679	-0.005201	-8.275574	5532600.000000
2020-01-30	-0.006787	0.026887	0.026887	0.005317	-1.862732	4211800.000000
2020-01-29	-0.010389	0.024007	0.031903	0.012793	-2.881378	3963800.000000
2020-01-28	0.006266	0.030096	0.046278	0.027883	1.726898	4341000.000000
2020-01-27	-0.029780	0.013817	0.014099	-0.014098	-8.459869	4399400.000000
2020-01-24	-0.022207	0.026894	0.032367	0.003557	-6.451599	3678500.000000
2020-01-23	-0.003759	0.028760	0.030715	0.017239	-1.096283	3169600.000000
2020-01-22	0.000199	0.035756	0.036237	0.019842	0.058167	3117600.000000
2020-01-21	0.006902	0.025293	0.044805	0.022254	1.998566	4962800.000000
2020-01-17	-0.007548	0.028247	0.030612	0.014092	-2.202209	4632200.000000
2020-01-16	0.014608	0.036278	0.046676	0.029080	4.200775	3710300.000000
2020-01-15	0.028344	0.033538	0.071516	0.033467	7.926270	6081300.000000
2020-01-14	0.008361	0.029847	0.039367	0.024979	2.318634	6056300.000000
2020-01-13	-0.031443	0.028095	0.028374	-0.004560	-9.003082	6994900.000000
2020-01-10	0.003093	0.037230	0.037230	0.023707	0.882843	2477900.000000
2020-01-09	-0.005678	0.025141	0.035278	0.023155	-1.629883	2838200.000000
2020-01-08	0.021084	0.036831	0.057746	0.031638	5.927704	3379200.000000
2020-01-07	-0.006036	0.027744	0.030537	0.016714	-1.707428	2492900.000000
2020-01-06	0.006942	0.025267	0.038296	0.022490	1.949982	3079100.000000
2020-01-03	-0.010119	0.012319	0.028564	0.002064	-2.871643	2711400.000000
2020-01-02	-0.005035	0.030749	0.036780	0.016058	-1.435944	2543400.000000
