2022-12-30	-0.010276	-0.000713	0.005639	-0.015101	-2.135590	1554200.000000
2022-12-29	0.011360	0.012439	0.023730	0.008059	2.334259	1484800.000000
2022-12-28	-0.016404	0.006315	0.011101	-0.010200	-3.426895	1631200.000000
2022-12-27	0.001953	0.009383	0.014131	0.001662	0.407257	1139700.000000
2022-12-23	0.005991	0.004526	0.016829	0.004526	1.241623	1639500.000000
2022-12-22	0.001152	0.000031	0.008001	-0.009098	0.238403	2399300.000000
2022-12-21	0.014654	0.016793	0.025076	0.013166	2.989822	2756400.000000
2022-12-20	-0.004748	0.007087	0.009819	-0.006522	-0.973419	4081900.000000
2022-12-19	-0.018172	0.006698	0.007703	-0.019404	-3.794418	2355300.000000
2022-12-16	-0.003791	-0.004991	0.005505	-0.014056	-0.794632	5194100.000000
2022-12-15	-0.024221	-0.000181	0.001449	-0.018803	-5.202637	3373200.000000
2022-12-14	-0.002018	0.018988	0.030092	0.005235	-0.434387	2749800.000000
2022-12-13	0.010147	0.036743	0.039324	0.013042	2.162018	3585000.000000
2022-12-12	0.021197	0.019131	0.034755	0.010168	4.422729	3017500.000000
2022-12-09	-0.007886	0.009952	0.013043	0.003533	-1.658508	2334400.000000
2022-12-08	0.003817	0.015382	0.024117	0.009702	0.799637	1585400.000000
2022-12-07	0.005115	0.012276	0.030459	0.010309	1.066193	2828600.000000
2022-12-06	0.000379	0.015204	0.023362	0.001622	0.078979	3097600.000000
2022-12-05	-0.017091	0.004504	0.007382	-0.007431	-3.623093	2504500.000000
2022-12-02	-0.005557	0.002675	0.012526	0.000141	-1.184647	1760000.000000
2022-12-01	-0.006899	0.021008	0.021008	0.001115	-1.480835	2638400.000000
2022-11-30	0.021902	0.012710	0.042369	0.003141	4.600418	5173000.000000
2022-11-29	0.020382	0.015085	0.035877	0.010956	4.195679	2280600.000000
2022-11-28	-0.022547	0.002977	0.008674	-0.013880	-4.748520	2755400.000000
2022-11-25	0.003811	0.015236	0.026770	0.012757	0.799652	1101900.000000
2022-11-23	-0.003189	0.010525	0.013090	0.000452	-0.671295	2405000.000000
2022-11-22	0.004381	0.019152	0.039003	0.015573	0.918106	2962500.000000
2022-11-21	0.008025	0.009677	0.026224	0.001499	1.668396	2365400.000000
2022-11-18	0.003622	0.021590	0.024390	0.010438	0.750290	2499500.000000
2022-11-17	-0.011542	0.005122	0.013330	-0.012153	-2.418686	4561400.000000
2022-11-16	0.007643	0.015304	0.025113	0.012082	1.589417	3864600.000000
2022-11-15	-0.028993	0.016963	0.022846	-0.025385	-6.209595	6235200.000000
2022-11-14	-0.002529	0.009921	0.031391	0.007313	-0.542969	3999000.000000
2022-11-11	0.021175	0.027786	0.044194	0.021366	4.452347	5176500.000000
2022-11-10	0.047097	0.050147	0.061651	0.041233	9.457535	4923400.000000
2022-11-09	-0.002941	0.010465	0.015579	0.002670	-0.592316	4682700.000000
2022-11-08	0.039277	0.022494	0.058461	0.020533	7.611435	6285100.000000
2022-11-07	-0.002033	0.022217	0.022217	0.006614	-0.394867	3757800.000000
2022-11-04	0.018169	0.025374	0.037015	0.018139	3.465118	3334000.000000
2022-11-03	0.003428	0.001110	0.027048	0.000794	0.651566	3238800.000000
2022-11-02	-0.021797	0.010529	0.023910	-0.011035	-4.235168	3020000.000000
2022-11-01	-0.001623	0.013256	0.017418	-0.005395	-0.315903	3042400.000000
2022-10-31	-0.007601	0.012540	0.012744	-0.005460	-1.490692	3130300.000000
2022-10-28	0.013314	0.015945	0.027416	0.008194	2.576645	3724100.000000
2022-10-27	0.001328	0.020554	0.034420	0.011913	0.256668	3148200.000000
2022-10-26	0.006012	0.026429	0.031842	0.011803	1.155045	4134600.000000
2022-10-25	0.005788	0.013419	0.021010	0.008655	1.105682	2770000.000000
2022-10-24	0.015536	0.025229	0.036713	0.020444	2.922165	2994300.000000
2022-10-21	0.021883	0.007515	0.038645	-0.001992	4.027847	6711600.000000
2022-10-20	-0.068030	-0.025077	-0.013786	-0.059102	-13.436035	6103200.000000
2022-10-19	-0.007836	0.004659	0.013601	-0.001671	-1.559799	2386900.000000
2022-10-18	0.015307	0.031462	0.039062	0.015039	3.001129	2551300.000000
2022-10-17	0.024821	0.025336	0.043892	0.025022	4.748535	3002200.000000
2022-10-14	-0.014994	0.023503	0.025562	-0.004146	-2.912308	2719400.000000
2022-10-13	0.024048	-0.006982	0.044952	-0.014627	4.560959	3482900.000000
2022-10-12	-0.002699	0.013895	0.029827	0.009162	-0.513351	2381300.000000
2022-10-11	-0.007266	0.007049	0.022083	0.000420	-1.391998	3094700.000000
2022-10-10	-0.008026	0.020767	0.025634	0.003058	-1.549927	2859500.000000
2022-10-07	-0.013067	0.001756	0.007582	-0.010560	-2.556885	2875700.000000
2022-10-06	-0.012013	0.010625	0.016937	-0.001139	-2.379196	2586800.000000
2022-10-05	-0.023177	-0.000911	0.003577	-0.016151	-4.699158	3065800.000000
2022-10-04	0.025567	0.025998	0.038947	0.022609	5.054550	2896500.000000
2022-10-03	0.027923	0.024387	0.048824	0.019291	5.370453	2489900.000000
2022-09-30	-0.021988	0.006948	0.013609	-0.009782	-4.323990	3267600.000000
2022-09-29	-0.013031	0.004516	0.006373	-0.009436	-2.596390	2072400.000000
2022-09-28	0.023219	0.018186	0.045352	0.014026	4.521454	3284900.000000
2022-09-27	-0.017973	0.012898	0.020815	-0.009090	-3.563858	5466100.000000
2022-09-26	-0.015247	0.007833	0.012352	-0.011287	-3.070236	3708100.000000
2022-09-23	-0.024860	0.000018	0.003069	-0.021193	-5.133530	2585500.000000
2022-09-22	-0.012837	0.010414	0.015912	-0.001633	-2.685242	2508400.000000
2022-09-21	-0.006471	0.020642	0.030474	0.005776	-1.362366	1917600.000000
2022-09-20	-0.013552	0.002031	0.008310	-0.013196	-2.892532	2094100.000000
2022-09-19	0.019811	0.007549	0.034879	0.005876	4.146301	2863800.000000
2022-09-16	-0.029126	-0.007927	-0.004030	-0.037059	-6.278687	7984100.000000
2022-09-15	0.001881	0.028703	0.044273	0.013366	0.404755	4148500.000000
2022-09-14	-0.036855	-0.000078	0.002160	-0.042021	-8.233383	5915000.000000
2022-09-13	-0.033610	-0.004399	0.003085	-0.024298	-7.769424	2378300.000000
2022-09-12	0.009833	0.023913	0.027844	0.015918	2.250854	2635500.000000
2022-09-09	0.006686	0.016334	0.025877	0.015806	1.520325	2016400.000000
2022-09-08	0.006775	0.008299	0.020829	0.006041	1.530197	2181800.000000
2022-09-07	0.003553	0.007661	0.021968	0.007661	0.799637	2858500.000000
2022-09-06	0.018041	0.012948	0.039002	0.010958	3.988358	2956400.000000
2022-09-02	-0.009378	0.022179	0.022179	-0.001077	-2.092896	1571800.000000
2022-09-01	0.006904	0.009113	0.020934	0.005233	1.530197	2263200.000000
2022-08-31	-0.003241	0.017040	0.020233	0.007191	-0.720703	2420700.000000
2022-08-30	-0.025399	0.012334	0.014613	-0.015936	-5.794968	3159400.000000
2022-08-29	0.004929	0.011378	0.031155	0.007943	1.119141	2139900.000000
2022-08-26	-0.032626	0.016387	0.018859	-0.015953	-7.657227	1728800.000000
2022-08-25	0.003273	0.019928	0.026511	0.013901	0.765732	1624100.000000
2022-08-24	0.002735	0.017317	0.024561	0.015260	0.638107	1779700.000000
2022-08-23	0.000547	0.017488	0.025251	0.013842	0.127609	1638900.000000
2022-08-22	-0.004234	0.005663	0.015955	0.002588	-0.991516	2891100.000000
2022-08-19	-0.014013	0.014814	0.014814	0.003402	-3.327942	2082500.000000
2022-08-18	0.004234	0.021394	0.024524	0.015094	1.001328	1457500.000000
2022-08-17	-0.001906	0.005013	0.018941	0.003114	-0.451584	1686800.000000
2022-08-16	0.013352	0.016849	0.036566	0.016849	3.121796	2486800.000000
2022-08-15	-0.007418	0.012915	0.013339	0.003915	-1.747421	2070500.000000
2022-08-12	0.002926	0.021796	0.026863	0.015878	0.687195	2186700.000000
2022-08-11	0.014803	0.024824	0.045132	0.024003	3.426117	2746600.000000
2022-08-10	0.031818	0.034784	0.054133	0.029435	7.136917	2411500.000000
2022-08-09	0.002765	0.022267	0.028928	0.020255	0.618454	1778700.000000
2022-08-08	-0.003324	0.024795	0.030721	0.014948	-0.746063	1662500.000000
2022-08-05	0.005586	0.012597	0.026218	0.012597	1.246750	1482200.000000
2022-08-04	0.007623	0.020226	0.033770	0.013228	1.688522	1891900.000000
2022-08-03	0.014067	0.023407	0.036821	0.020340	3.072708	1922300.000000
2022-08-02	-0.020169	0.012186	0.012186	-0.006161	-4.496170	2954300.000000
2022-08-01	-0.000968	0.013223	0.021693	0.009817	-0.215988	2245100.000000
2022-07-29	0.015911	0.017189	0.039088	0.016551	3.494827	2337000.000000
2022-07-28	0.017509	0.020823	0.038149	0.015032	3.779556	2337200.000000
2022-07-27	0.018151	0.020674	0.043314	0.017278	3.848236	2041500.000000
2022-07-26	-0.006395	0.013959	0.019911	0.005008	-1.364563	1927900.000000
2022-07-25	0.018557	0.018598	0.038551	0.014827	3.887527	2534200.000000
2022-07-22	0.007079	0.020136	0.029991	0.013358	1.472549	2612600.000000
2022-07-21	-0.011891	0.009383	0.018218	-0.003394	-2.503326	4130900.000000
2022-07-20	-0.011296	0.018646	0.023107	0.005449	-2.405151	3152100.000000
2022-07-19	0.031776	0.027804	0.052856	0.025381	6.557709	2387700.000000
2022-07-18	0.005212	0.024929	0.036424	0.020691	1.070038	1990100.000000
2022-07-15	0.017565	0.036638	0.045064	0.030244	3.543930	3997500.000000
2022-07-14	-0.005757	0.002827	0.014999	-0.002692	-1.168213	2306600.000000
2022-07-13	0.001017	0.011197	0.029054	0.007744	0.206161	1902500.000000
2022-07-12	-0.016058	0.002192	0.012821	-0.004506	-3.308304	2653900.000000
2022-07-11	0.000811	0.014322	0.025544	0.011554	0.166870	1818500.000000
2022-07-08	-0.013780	0.015915	0.020802	-0.014793	-2.876358	1850900.000000
2022-07-07	0.013876	0.020152	0.035646	0.014080	2.856735	2007200.000000
2022-07-06	-0.002141	0.015398	0.030326	0.004154	-0.441772	2655800.000000
2022-07-05	-0.023646	0.008850	0.008945	-0.017271	-4.996826	2236000.000000
2022-07-01	0.009284	0.014920	0.032640	0.009189	1.943756	1765900.000000
2022-06-30	0.000610	-0.014778	0.001267	-0.019376	0.130005	2314100.000000
2022-06-29	-0.000984	0.003140	0.003140	-0.013592	-0.210007	2179000.000000
2022-06-28	-0.002291	0.010662	0.023381	-0.003273	-0.490005	2156400.000000
2022-06-27	-0.008944	0.004820	0.004820	-0.015525	-1.929993	1827600.000000
2022-06-24	0.028749	0.001478	0.038617	0.001478	6.029999	5516500.000000
2022-06-23	0.003637	0.003493	0.011292	-0.007225	0.759995	2504700.000000
2022-06-22	-0.002291	-0.011792	0.008354	-0.014131	-0.479996	2098400.000000
2022-06-21	0.014628	0.017438	0.024364	0.007944	3.020004	2956000.000000
2022-06-17	-0.008358	-0.000192	0.005043	-0.012008	-1.740005	6079700.000000
2022-06-16	-0.007863	-0.019539	-0.001239	-0.021540	-1.649994	3124500.000000
2022-06-15	0.006475	0.012758	0.021680	-0.006907	1.349991	2236000.000000
2022-06-14	0.002019	0.007065	0.020137	-0.002355	0.419998	2631600.000000
2022-06-13	-0.014447	-0.017147	-0.006726	-0.032730	-3.049988	3374500.000000
2022-06-10	-0.026154	-0.013654	-0.007519	-0.031275	-5.669998	2752200.000000
2022-06-09	-0.022059	-0.005007	0.003158	-0.022555	-4.889999	2198300.000000
2022-06-08	-0.030907	-0.013858	-0.012678	-0.038251	-7.070007	2409300.000000
2022-06-07	0.015899	-0.027757	0.017276	-0.035395	3.580002	3772300.000000
2022-06-06	0.005223	0.005982	0.010491	0.000491	1.169998	2151300.000000
2022-06-03	-0.006167	-0.007010	-0.000311	-0.015573	-1.389999	1964400.000000
2022-06-02	0.018390	0.007229	0.020649	-0.003208	4.069992	2091900.000000
2022-06-01	0.007007	0.006325	0.012786	0.000637	1.540009	2796200.000000
2022-05-31	-0.012225	-0.003461	-0.003236	-0.014517	-2.720001	4405400.000000
2022-05-27	0.011410	0.007591	0.019365	0.003818	2.510010	1537400.000000
2022-05-26	0.017800	0.009657	0.029783	0.009657	3.847260	2045300.000000
2022-05-25	0.001520	0.008643	0.017308	-0.000763	0.328064	2006700.000000
2022-05-24	0.000922	0.000622	0.009249	-0.010880	0.198822	2159700.000000
2022-05-23	0.015498	0.014905	0.022488	0.009442	3.290543	3079300.000000
2022-05-20	-0.013487	0.003586	0.010323	-0.023176	-2.902847	3796000.000000
2022-05-19	-0.037735	-0.018949	-0.015059	-0.048949	-8.440125	5428100.000000
2022-05-18	-0.031009	0.006473	0.006603	-0.029225	-7.157700	2620700.000000
2022-05-17	0.018869	0.021712	0.028862	0.012089	4.274750	2916400.000000
2022-05-16	-0.012437	0.003076	0.008830	-0.009086	-2.853134	3091900.000000
2022-05-13	0.021378	0.010095	0.034493	0.009382	4.801620	3263800.000000
2022-05-12	0.009157	0.003708	0.024331	-0.003167	2.037949	3230900.000000
2022-05-11	0.005750	0.007084	0.030854	0.005277	1.272476	2457500.000000
2022-05-10	-0.011765	0.018146	0.019217	-0.025217	-2.634430	3845200.000000
2022-05-09	-0.018903	-0.005438	-0.002109	-0.016742	-4.314499	3288900.000000
2022-05-06	-0.008165	0.001781	0.002042	-0.018904	-1.878891	2774900.000000
2022-05-05	-0.023662	-0.001091	0.002727	-0.026038	-5.577042	3005500.000000
2022-05-04	0.021499	0.010980	0.029919	0.002919	4.960678	2598400.000000
2022-05-03	-0.003307	0.006428	0.008415	-0.008173	-0.765472	2285000.000000
2022-05-02	-0.006061	0.011019	0.014711	-0.018434	-1.411652	3665800.000000
2022-04-29	-0.020732	0.001074	0.008558	-0.016837	-4.930878	4407100.000000
2022-04-28	0.010389	0.005909	0.019036	0.004380	2.445557	4531800.000000
2022-04-27	0.013699	0.001388	0.025029	0.000311	3.181198	3489800.000000
2022-04-26	-0.011970	0.002421	0.012036	-0.006812	-2.813370	2316200.000000
2022-04-25	0.009048	0.003892	0.017329	-0.012294	2.107544	4129900.000000
2022-04-22	-0.041326	-0.002899	-0.001252	-0.037554	-10.040665	5105300.000000
2022-04-21	-0.010807	-0.000605	0.019956	-0.012534	-2.654327	4179600.000000
2022-04-20	0.005903	0.007834	0.020735	0.007834	1.441498	2937700.000000
2022-04-19	0.014456	0.016919	0.022403	0.012141	3.479431	2269000.000000
2022-04-18	-0.016612	0.000966	0.008442	-0.018563	-4.065979	3173200.000000
2022-04-14	0.006459	0.013188	0.019355	0.005498	1.570724	3180200.000000
2022-04-13	-0.001755	0.004678	0.011040	-0.003942	-0.427475	3062000.000000
2022-04-12	0.008021	0.007937	0.026763	0.003344	1.938538	3097700.000000
2022-04-11	0.004670	0.001461	0.015512	-0.004109	1.123367	2912100.000000
2022-04-08	-0.011762	-0.009044	0.007963	-0.015371	-2.863083	3530700.000000
2022-04-07	0.007945	0.008725	0.018580	-0.006140	1.918671	4793100.000000
2022-04-06	-0.036413	-0.002789	-0.000554	-0.040973	-9.126083	6794200.000000
2022-04-05	-0.021844	0.000523	0.012700	-0.017742	-5.596909	5042600.000000
2022-04-04	-0.008540	0.005135	0.008734	-0.019707	-2.206970	4633400.000000
2022-04-01	-0.048497	0.009554	0.010438	-0.053773	-13.172150	6367000.000000
2022-03-31	-0.012577	0.001838	0.014089	-0.006742	-3.459564	3793000.000000
2022-03-30	0.011257	0.007821	0.017895	0.006828	3.061920	2770400.000000
2022-03-29	-0.006283	0.005398	0.011316	-0.015864	-1.719849	2759500.000000
2022-03-28	0.007170	0.003481	0.013342	-0.000456	1.948486	2548400.000000
2022-03-25	0.011732	0.010228	0.018455	0.006207	3.151367	2814300.000000
2022-03-24	0.009452	0.010870	0.025037	0.008126	2.515137	3400200.000000
2022-03-23	0.006846	0.002883	0.020703	0.000839	1.809326	2877100.000000
2022-03-22	0.005104	0.011576	0.016139	0.003171	1.342041	3704700.000000
2022-03-21	0.012207	0.004100	0.021769	0.001752	3.171265	5158400.000000
2022-03-18	-0.008499	0.007589	0.008199	-0.009014	-2.226837	6342900.000000
2022-03-17	-0.002234	-0.006391	0.006938	-0.015835	-0.586517	3761500.000000
2022-03-16	0.015454	0.013527	0.024471	0.006412	3.996368	3958600.000000
2022-03-15	0.009586	0.021096	0.023985	0.002552	2.455505	2913800.000000
2022-03-14	-0.014760	0.012987	0.014948	-0.016669	-3.837311	3839200.000000
2022-03-11	0.007202	0.003430	0.020437	0.003430	1.859009	3873800.000000
2022-03-10	0.023574	-0.000713	0.030654	-0.010389	5.944855	4501100.000000
2022-03-09	0.000789	0.021307	0.029244	-0.001750	0.198822	6204400.000000
2022-03-08	-0.030559	0.006063	0.012796	-0.026254	-7.943054	6229800.000000
2022-03-07	-0.011979	0.003515	0.026854	-0.006825	-3.151398	5794000.000000
2022-03-04	0.035896	0.002838	0.042648	-0.001297	9.116135	5924800.000000
2022-03-03	0.012244	0.012127	0.050631	0.009736	3.071854	7218000.000000
2022-03-02	0.041002	0.009187	0.051344	0.008067	9.881622	3528900.000000
2022-03-01	-0.014312	0.001451	0.008363	-0.014417	-3.499329	3327000.000000
2022-02-28	-0.001867	-0.018094	0.006236	-0.021728	-0.457306	3358100.000000
2022-02-25	0.022830	0.011546	0.036975	0.008623	5.467697	2548100.000000
2022-02-24	-0.011151	-0.007372	0.002496	-0.022236	-2.700745	3944100.000000
2022-02-23	-0.005888	0.018101	0.032673	0.002791	-1.434448	3346900.000000
2022-02-22	-0.019587	0.010072	0.015223	-0.012987	-4.867249	4360300.000000
2022-02-18	0.000797	0.012729	0.024892	0.008178	0.197845	3319300.000000
2022-02-17	-0.011111	0.004862	0.008805	-0.006090	-2.789764	2697500.000000
2022-02-16	0.018009	0.007309	0.033257	0.007309	4.441849	3493100.000000
2022-02-15	0.027912	0.021047	0.041801	0.018880	6.697449	3248500.000000
2022-02-14	0.015661	0.016424	0.031746	0.009016	3.699905	2429400.000000
2022-02-11	-0.013671	0.007580	0.020731	-0.007575	-3.274521	2379100.000000
2022-02-10	-0.017729	-0.001220	0.009237	-0.011924	-4.323166	2034800.000000
2022-02-09	0.014571	0.020073	0.026106	0.014040	3.502060	3135200.000000
2022-02-08	0.007464	0.019429	0.027687	0.014609	1.780701	3027700.000000
2022-02-07	-0.005116	0.018218	0.021637	0.001495	-1.226715	3067400.000000
2022-02-04	-0.008021	0.012036	0.018034	-0.002360	-1.938980	3603500.000000
2022-02-03	-0.027501	0.006974	0.012566	-0.020222	-6.835907	3666700.000000
2022-02-02	0.018443	0.008050	0.031691	0.008050	4.501190	2640200.000000
2022-02-01	0.008833	0.011911	0.026668	0.007819	2.136856	2438500.000000
2022-01-31	-0.005611	0.007014	0.008617	-0.001988	-1.365189	3522000.000000
2022-01-28	0.005479	0.012531	0.016994	-0.009786	1.325623	2659900.000000
2022-01-27	-0.001184	0.020950	0.026481	0.001920	-0.286896	3045500.000000
2022-01-26	0.003113	0.021064	0.035805	0.003549	0.751862	3529100.000000
2022-01-25	-0.003998	0.000691	0.013187	-0.013537	-0.969498	3325400.000000
2022-01-24	-0.004993	-0.003157	0.009154	-0.018709	-1.216812	5093200.000000
2022-01-21	0.017598	0.021652	0.046164	0.011546	4.214325	4932400.000000
2022-01-20	0.010773	0.001255	0.036879	0.000327	2.552338	4256100.000000
2022-01-19	0.006092	0.019160	0.026379	0.006547	1.434479	4910900.000000
2022-01-18	-0.033419	0.004803	0.007840	-0.028034	-8.141785	5752100.000000
2022-01-14	-0.005452	0.001243	0.013327	-0.001778	-1.335526	2525500.000000
2022-01-13	0.002510	0.012883	0.018080	0.009568	0.613342	2615100.000000
2022-01-12	0.002354	0.015718	0.021256	0.009278	0.573792	2480800.000000
2022-01-11	-0.015423	0.012735	0.014512	-0.010206	-3.818619	3087200.000000
2022-01-10	-0.017662	0.009844	0.009844	-0.014476	-4.451767	3341400.000000
2022-01-07	0.005089	0.008045	0.021284	0.003180	1.276169	2346800.000000
2022-01-06	0.002769	0.015675	0.018474	0.007198	0.692520	2342300.000000
2022-01-05	0.003015	0.014125	0.021585	0.009352	0.751846	3651300.000000
2022-01-04	0.017193	0.019934	0.037885	0.017323	4.214310	2647500.000000
2022-01-03	-0.016512	0.016133	0.017136	-0.010951	-4.115387	2450200.000000
2021-12-31	0.009578	0.010836	0.026189	0.009216	2.364380	1516700.000000
2021-12-30	-0.005936	0.011803	0.013373	0.000971	-1.474045	1163300.000000
2021-12-29	0.007222	0.014000	0.021138	0.011688	1.780716	1106200.000000
2021-12-28	0.005162	0.010470	0.020539	0.008350	1.266281	1119700.000000
2021-12-27	0.009404	0.013182	0.021577	0.009931	2.285233	1176500.000000
2021-12-23	0.011322	0.012418	0.027150	0.011918	2.720520	1655700.000000
2021-12-22	0.002766	0.009918	0.016637	0.006121	0.662811	1623000.000000
2021-12-21	0.006566	0.019490	0.026589	0.011382	1.563065	2746200.000000
2021-12-20	-0.008447	-0.000451	0.003381	-0.008407	-2.028030	2769900.000000
2021-12-17	-0.018125	0.008464	0.011450	-0.009366	-4.431961	4937100.000000
2021-12-16	0.004977	0.018909	0.027088	0.012251	1.211044	2297200.000000
2021-12-15	0.010261	0.021766	0.027081	0.013171	2.471298	2517600.000000
2021-12-14	-0.004598	0.014712	0.020870	0.005495	-1.112595	2682200.000000
2021-12-13	-0.010947	0.012024	0.015703	-0.000975	-2.678055	2548300.000000
2021-12-10	0.004894	0.021372	0.025726	0.014923	1.191345	1937800.000000
2021-12-09	-0.001414	0.013447	0.023005	0.009345	-0.344589	1983000.000000
2021-12-08	0.000525	0.014964	0.020628	0.006346	0.127975	1814500.000000
2021-12-07	0.005730	0.020615	0.031678	0.018758	1.388260	2270700.000000
2021-12-06	0.023416	0.027828	0.045951	0.021323	5.543198	2623700.000000
2021-12-03	0.001458	0.020273	0.028142	0.007074	0.344589	2961100.000000
2021-12-02	0.029282	0.024676	0.051325	0.019320	6.724686	3783200.000000
2021-12-01	-0.010143	0.024240	0.033205	0.005188	-2.353149	3934700.000000
2021-11-30	-0.015953	0.008791	0.015535	-0.001982	-3.761093	4488300.000000
2021-11-29	-0.001376	0.022905	0.029301	0.013756	-0.324905	3749000.000000
2021-11-26	-0.027616	-0.009956	-0.004602	-0.021159	-6.705002	2566700.000000
2021-11-24	-0.003113	0.012624	0.014759	0.006835	-0.758118	2145700.000000
2021-11-23	0.014186	0.013455	0.031694	0.010915	3.406647	3004500.000000
2021-11-22	0.010774	0.017304	0.040116	0.013600	2.559891	2381400.000000
2021-11-19	0.004454	0.019679	0.027331	0.007164	1.053513	2589000.000000
2021-11-18	0.002044	0.014772	0.023203	0.008376	0.482437	2754200.000000
2021-11-17	-0.007164	0.015158	0.017681	0.003885	-1.703308	3023200.000000
2021-11-16	0.000083	0.017976	0.027776	0.013643	0.019669	1986100.000000
2021-11-15	-0.004042	0.015997	0.018134	0.009085	-0.964874	1633800.000000
2021-11-12	0.007815	0.017562	0.030355	0.012707	1.851013	1803800.000000
2021-11-11	-0.004057	0.013392	0.013938	0.005024	-0.964874	1443600.000000
2021-11-10	0.002241	0.018317	0.021984	0.013429	0.531647	1613800.000000
2021-11-09	0.006473	0.013838	0.022661	0.011039	1.526108	1778800.000000
2021-11-08	0.002596	0.020638	0.020638	0.010389	0.610443	1612900.000000
2021-11-05	0.006872	0.023370	0.028850	0.018874	1.604874	2313900.000000
2021-11-04	-0.009438	0.016935	0.017486	0.000987	-2.225159	3007800.000000
2021-11-03	-0.004076	0.013043	0.017183	0.001300	-0.964874	2535600.000000
2021-11-02	0.004092	0.019140	0.028302	0.012608	0.964874	1933200.000000
2021-11-01	-0.008036	0.018860	0.019323	-0.000115	-1.910080	2547300.000000
2021-10-29	-0.003714	0.007782	0.018135	0.003506	-0.886124	2387000.000000
2021-10-28	0.012198	0.019778	0.028645	0.018717	2.874954	1998200.000000
2021-10-27	-0.005567	0.014987	0.026421	0.009755	-1.319321	2886300.000000
2021-10-26	0.001831	0.022552	0.031006	0.013506	0.433212	2409700.000000
2021-10-25	0.011322	0.018697	0.031009	0.013910	2.648529	3158000.000000
2021-10-22	0.027283	0.023655	0.052419	0.020844	6.212692	3809000.000000
2021-10-21	0.014341	0.022299	0.033836	0.010896	3.219574	3361500.000000
2021-10-20	0.009966	0.017417	0.027584	0.008734	2.215302	3454200.000000
2021-10-19	-0.000752	0.021821	0.022675	0.010897	-0.167358	1933300.000000
2021-10-18	0.003420	0.010430	0.021932	0.005468	0.758102	2287000.000000
2021-10-15	0.017259	0.023004	0.035669	0.018415	3.761093	2747400.000000
2021-10-14	0.025434	0.024744	0.042671	0.023473	5.405334	2559400.000000
2021-10-13	0.011433	0.017328	0.030749	0.014901	2.402374	2206100.000000
2021-10-12	-0.006980	0.014433	0.017789	0.006636	-1.476868	1975500.000000
2021-10-11	-0.007252	0.017445	0.023122	0.008108	-1.545792	2312000.000000
2021-10-08	0.021710	0.031433	0.038863	0.028077	4.529053	3352100.000000
2021-10-07	-0.002636	0.025750	0.030053	0.010212	-0.551346	2655200.000000
2021-10-06	0.011764	0.005359	0.030077	-0.000881	2.431900	3074400.000000
2021-10-05	0.021702	0.013784	0.047589	0.013784	4.391251	4177300.000000
2021-10-04	0.018687	0.026788	0.040231	0.025026	3.711838	5531900.000000
2021-10-01	0.029233	0.024886	0.051468	0.022295	5.641647	3468600.000000
2021-09-30	-0.028114	0.018533	0.018835	-0.013295	-5.582565	4098900.000000
2021-09-29	0.002784	0.016571	0.023288	0.014703	0.551376	3448800.000000
2021-09-28	-0.013924	0.003661	0.009686	-0.005502	-2.796219	3792800.000000
2021-09-27	0.000785	0.014616	0.029068	0.014416	0.157532	2449600.000000
2021-09-24	0.010311	0.012843	0.031522	0.012541	2.047928	2908500.000000
2021-09-23	0.018428	0.021969	0.042532	0.021354	3.593719	3553500.000000
2021-09-22	0.007426	0.024909	0.034053	0.021241	1.437485	2907200.000000
2021-09-21	-0.006368	0.022078	0.024440	0.006936	-1.240570	3730300.000000
2021-09-20	-0.017869	0.002504	0.007848	-0.013527	-3.544495	4370600.000000
2021-09-17	-0.009683	0.012816	0.021304	0.002682	-1.939621	7702800.000000
2021-09-16	-0.003966	0.019392	0.023917	0.009993	-0.797501	3481900.000000
2021-09-15	0.004130	0.015762	0.021854	0.011668	0.827042	5225600.000000
2021-09-14	-0.016155	0.019347	0.019347	-0.004676	-3.288498	4362800.000000
2021-09-13	-0.004861	0.021969	0.024413	0.003245	-0.994415	3209600.000000
2021-09-10	-0.010902	0.020256	0.024753	0.003816	-2.254684	2981900.000000
2021-09-09	-0.024158	0.013303	0.015379	-0.013593	-5.119827	3887600.000000
2021-09-08	0.010563	0.017140	0.029633	0.012181	2.215317	3319700.000000
2021-09-07	-0.008887	0.014670	0.024358	0.005218	-1.880554	3840100.000000
2021-09-03	-0.012044	0.013188	0.014822	0.001235	-2.579590	4355200.000000
2021-09-02	0.002766	0.017535	0.025822	0.015335	0.590759	2659400.000000
2021-09-01	0.000415	0.011915	0.023719	0.006107	0.088608	4309800.000000
2021-08-31	-0.010225	0.018027	0.019232	-0.000749	-2.205475	5434800.000000
2021-08-30	-0.005809	0.015109	0.016861	0.008195	-1.260254	3485300.000000
2021-08-27	0.002036	0.022164	0.028030	0.021425	0.440918	1944800.000000
2021-08-26	-0.001401	0.020732	0.024699	0.012523	-0.303741	3064500.000000
2021-08-25	0.000181	0.022116	0.024192	0.016904	0.039200	1744000.000000
2021-08-24	-0.011306	0.020913	0.023148	0.008417	-2.478958	2390700.000000
2021-08-23	0.000313	0.023605	0.031406	0.019681	0.068573	1873200.000000
2021-08-20	-0.000268	0.021415	0.025155	0.017675	-0.058777	1608900.000000
2021-08-19	-0.004670	0.012786	0.023726	0.009608	-1.028824	2110400.000000
2021-08-18	-0.004605	0.014177	0.031529	0.013048	-1.018997	2277500.000000
2021-08-17	-0.007165	0.017274	0.017723	0.001033	-1.597137	2265100.000000
2021-08-16	-0.001361	0.019026	0.021804	0.008184	-0.303726	1803200.000000
2021-08-13	0.000615	0.022522	0.024673	0.015842	0.137177	1794100.000000
2021-08-12	0.005610	0.015635	0.027266	0.014733	1.244370	2015900.000000
2021-08-11	0.021109	0.023632	0.043012	0.021284	4.585556	3076400.000000
2021-08-10	0.008002	0.023703	0.034421	0.018320	1.724487	2061300.000000
2021-08-09	-0.002494	0.017724	0.020964	0.015688	-0.538895	1990000.000000
2021-08-06	0.006114	0.023993	0.032422	0.022736	1.312973	2480700.000000
2021-08-05	0.007077	0.024205	0.029833	0.020406	1.508926	2051800.000000
2021-08-04	-0.011088	0.017718	0.018553	0.007283	-2.390778	2396900.000000
2021-08-03	0.011677	0.022424	0.035655	0.018811	2.488739	2278400.000000
2021-08-02	-0.005668	0.028665	0.030811	0.014156	-1.214966	1990900.000000
2021-07-30	0.006626	0.017823	0.031301	0.017823	1.410919	2324100.000000
2021-07-29	0.003510	0.028323	0.035062	0.023799	0.744690	1908000.000000
2021-07-28	-0.006742	0.024198	0.025509	0.008938	-1.440338	2366200.000000
2021-07-27	-0.009810	0.016237	0.021567	0.006689	-2.116425	3199000.000000
2021-07-26	0.000182	0.019574	0.029170	0.013455	0.039200	2840900.000000
2021-07-23	0.002779	0.025057	0.030403	0.020269	0.597702	3946800.000000
2021-07-22	0.010820	0.048741	0.054944	0.029334	2.302567	4194900.000000
2021-07-21	0.007936	0.025188	0.038308	0.024099	1.675491	2320000.000000
2021-07-20	0.005319	0.018927	0.036307	0.018927	1.117004	3066400.000000
2021-07-19	-0.018680	0.005361	0.008772	-0.005012	-3.997650	3682600.000000
2021-07-16	-0.006911	0.020362	0.024677	0.010710	-1.489349	2958100.000000
2021-07-15	-0.000500	0.014982	0.024443	0.010669	-0.107788	2070200.000000
2021-07-14	0.003969	0.024040	0.030978	0.020920	0.852448	4597300.000000
2021-07-13	-0.009222	0.018979	0.021424	0.010352	-1.998840	3465700.000000
2021-07-12	-0.002120	0.017417	0.022620	0.011248	-0.460510	3412700.000000
2021-07-09	0.015343	0.028353	0.040740	0.027091	3.282410	4229900.000000
2021-07-08	-0.043836	-0.007340	-0.002334	-0.028302	-9.808014	5669000.000000
2021-07-07	0.020285	0.016079	0.043075	0.014666	4.448380	2610100.000000
2021-07-06	-0.004050	0.022910	0.024136	0.005107	-0.891647	2263600.000000
2021-07-02	0.005234	0.023105	0.031459	0.020000	1.146393	1706600.000000
2021-07-01	0.016460	0.027972	0.037950	0.026998	3.546982	2363900.000000
2021-06-30	0.005854	0.020080	0.030303	0.016486	1.254150	2828400.000000
2021-06-29	-0.002191	0.024134	0.026416	0.015098	-0.470322	2203300.000000
2021-06-28	-0.009671	0.020502	0.021747	0.006065	-2.096817	2133400.000000
2021-06-25	0.012817	0.023070	0.034749	0.019753	2.743530	4337900.000000
2021-06-24	-0.002921	0.022643	0.024041	0.010673	-0.627106	3485900.000000
2021-06-23	0.000548	0.024555	0.031826	0.019429	0.117584	2625800.000000
2021-06-22	0.006804	0.016887	0.029321	0.013650	1.450134	2311100.000000
2021-06-21	0.012569	0.026390	0.039789	0.024205	2.645508	2962000.000000
2021-06-18	-0.019446	0.007922	0.012301	-0.000650	-4.174042	4791300.000000
2021-06-17	-0.013465	0.019950	0.022524	-0.001927	-2.929657	2962800.000000
2021-06-16	-0.003500	0.023983	0.023983	0.009327	-0.764252	2903500.000000
2021-06-15	0.000988	0.024491	0.026416	0.018577	0.215561	2030100.000000
2021-06-14	0.005828	0.017136	0.027142	0.015383	1.263962	1764200.000000
2021-06-11	0.007924	0.026357	0.032771	0.025706	1.704895	2029900.000000
2021-06-10	-0.008623	0.024418	0.028289	0.010918	-1.871460	3077100.000000
2021-06-09	-0.001488	0.019444	0.023769	0.013601	-0.323334	2117300.000000
2021-06-08	-0.005024	0.017069	0.022974	0.005442	-1.097412	2511500.000000
2021-06-07	-0.014237	0.023031	0.023031	0.005477	-3.155029	1926800.000000
2021-06-04	0.005423	0.027672	0.030348	0.018688	1.195389	1842500.000000
2021-06-03	0.002228	0.016138	0.031325	0.013455	0.489914	2260400.000000
2021-06-02	-0.002577	0.017011	0.026581	0.014517	-0.568298	2244600.000000
2021-06-01	0.001335	0.027951	0.032629	0.021548	0.293930	2133100.000000
2021-05-28	0.003707	0.026884	0.029300	0.022645	0.813263	1663800.000000
2021-05-27	0.005027	0.024992	0.032780	0.022151	1.097397	3558900.000000
2021-05-26	0.008606	0.036678	0.038803	0.024988	1.862518	5997100.000000
2021-05-25	-0.007246	0.029578	0.033890	0.017331	-1.579712	2372400.000000
2021-05-24	0.009209	0.030125	0.038782	0.027301	1.989258	2021400.000000
2021-05-21	-0.001937	0.030393	0.036723	0.022169	-0.419296	2463200.000000
2021-05-20	-0.001574	0.024204	0.028402	0.015901	-0.341293	2456000.000000
2021-05-19	-0.000629	0.015446	0.025035	0.005119	-0.136520	2832300.000000
2021-05-18	-0.010322	0.026591	0.027640	0.012812	-2.262299	2937200.000000
2021-05-17	-0.013605	0.020320	0.023021	0.008529	-3.022934	3062200.000000
2021-05-14	0.011901	0.032691	0.044577	0.028456	2.613342	1631800.000000
2021-05-13	0.014324	0.025496	0.047114	0.025496	3.100937	1915000.000000
2021-05-12	-0.020343	0.020608	0.024274	0.004181	-4.495361	2413100.000000
2021-05-11	-0.008011	0.018179	0.022668	0.004936	-1.784515	2085200.000000
2021-05-10	-0.004532	0.028401	0.033450	0.019955	-1.014145	1827200.000000
2021-05-07	0.009991	0.027843	0.037953	0.020080	2.213547	2073700.000000
2021-05-06	0.016327	0.029716	0.042881	0.028019	3.559280	1852100.000000
2021-05-05	-0.009350	0.028813	0.031267	0.014726	-2.057541	2649800.000000
2021-05-04	0.008626	0.022883	0.035442	0.020408	1.882004	2781500.000000
2021-05-03	0.007429	0.034361	0.041980	0.030667	1.608978	2771400.000000
2021-04-30	-0.010647	0.021704	0.024902	0.006217	-2.330582	3674700.000000
2021-04-29	-0.007560	0.031843	0.031979	0.012892	-1.667465	2239700.000000
2021-04-28	0.002038	0.025269	0.037262	0.024542	0.448563	2172900.000000
2021-04-27	0.005076	0.030564	0.035587	0.022573	1.111633	2239600.000000
2021-04-26	0.004697	0.027514	0.041185	0.026551	1.023895	2767600.000000
2021-04-23	0.025507	0.032741	0.053535	0.028271	5.421768	2975600.000000
2021-04-22	-0.024392	0.005025	0.014848	-0.008331	-5.314484	4831400.000000
2021-04-21	0.012507	0.022754	0.051241	0.020942	2.691360	3470200.000000
2021-04-20	-0.012530	0.022284	0.034077	0.010215	-2.730377	2766000.000000
2021-04-19	0.003413	0.027890	0.029179	0.019694	0.741104	1911000.000000
2021-04-16	-0.001748	0.033816	0.037815	0.021083	-0.380295	2539800.000000
2021-04-15	0.002246	0.029135	0.034249	0.024436	0.487564	2008800.000000
2021-04-14	0.002748	0.027759	0.032009	0.023463	0.594818	1515300.000000
2021-04-13	-0.006978	0.022881	0.024762	0.010128	-1.521210	1799100.000000
2021-04-12	0.001389	0.022372	0.034867	0.022142	0.302292	2286500.000000
2021-04-09	0.013898	0.027871	0.040307	0.026847	2.983948	2383700.000000
2021-04-08	-0.005241	0.024291	0.026608	0.019658	-1.131180	1983900.000000
2021-04-07	0.001086	0.024568	0.029392	0.020255	0.234039	1634200.000000
2021-04-06	-0.010605	0.027790	0.028341	0.013243	-2.311081	1590800.000000
2021-04-05	0.014804	0.034949	0.046033	0.034158	3.178955	1958400.000000
2021-04-01	-0.000907	0.027683	0.031916	0.019029	-0.195038	2551300.000000
2021-03-31	-0.003256	0.025449	0.032174	0.016453	-0.702103	3246500.000000
2021-03-30	-0.008297	0.017585	0.027519	0.014274	-1.803986	2601500.000000
2021-03-29	0.000269	0.024944	0.030234	0.013167	0.058502	2279800.000000
2021-03-26	0.031607	0.030574	0.059285	0.028628	6.660202	3653800.000000
2021-03-25	0.014983	0.023714	0.042981	0.020294	3.110672	2689300.000000
2021-03-24	0.023312	0.025249	0.063696	0.025249	4.729416	3245100.000000
2021-03-23	0.008629	0.030418	0.046675	0.026639	1.735748	3661700.000000
2021-03-22	-0.021490	0.021993	0.026469	-0.003790	-4.417374	5863500.000000
2021-03-19	-0.021174	0.025829	0.026305	-0.003789	-4.446625	7005200.000000
2021-03-18	0.014414	0.021342	0.051628	0.021342	2.983917	2866600.000000
2021-03-17	0.002834	0.024188	0.037751	0.016389	0.585083	2795200.000000
2021-03-16	-0.004561	0.027666	0.027907	0.007365	-0.945877	2786100.000000
2021-03-15	-0.006633	0.026262	0.029328	0.005713	-1.384720	2881100.000000
2021-03-12	-0.002004	0.031902	0.039741	0.022628	-0.419281	2321100.000000
2021-03-11	0.006569	0.033676	0.041952	0.025736	1.365204	2573500.000000
2021-03-10	0.006707	0.029371	0.042353	0.023946	1.384674	2764600.000000
2021-03-09	0.003841	0.031136	0.045336	0.027149	0.789856	2814500.000000
2021-03-08	0.005627	0.029701	0.054689	0.027745	1.150665	3068500.000000
2021-03-05	0.042918	0.035288	0.071752	0.023252	8.415421	3187200.000000
2021-03-04	-0.024972	0.024253	0.027833	-0.012495	-5.021942	3208800.000000
2021-03-03	-0.014668	0.025643	0.028093	0.009278	-2.993683	2307400.000000
2021-03-02	0.000574	0.027310	0.032653	0.016426	0.117035	2315500.000000
2021-03-01	0.015634	0.038541	0.053578	0.034508	3.139923	4118200.000000
2021-02-26	-0.012987	0.033064	0.033064	0.011637	-2.642593	3707900.000000
2021-02-25	-0.007184	0.023544	0.028960	0.014371	-1.472458	4150200.000000
2021-02-24	0.020245	0.027192	0.060046	0.022812	4.067062	2355200.000000
2021-02-23	0.000628	0.032819	0.036455	0.019519	0.126175	2677500.000000
2021-02-22	-0.010667	0.020767	0.036684	0.018500	-2.164566	2775900.000000
2021-02-19	0.009659	0.035105	0.052618	0.034408	1.941330	3120800.000000
2021-02-18	-0.019742	0.020425	0.023205	-0.004254	-4.047668	3621400.000000
2021-02-17	-0.012898	0.026618	0.029699	0.010104	-2.679031	3042700.000000
2021-02-16	0.003894	0.031243	0.041151	0.017179	0.805649	2936300.000000
2021-02-12	0.028616	0.025158	0.062394	0.025158	5.756027	3318300.000000
2021-02-11	0.018329	0.038379	0.052352	0.034532	3.620575	2658000.000000
2021-02-10	-0.005620	0.036672	0.037981	0.020412	-1.116287	1766800.000000
2021-02-09	0.002597	0.031844	0.037698	0.022204	0.514465	1526600.000000
2021-02-08	-0.000392	0.035778	0.035778	0.019735	-0.077667	1995400.000000
2021-02-05	-0.001223	0.040811	0.046505	0.027256	-0.242645	2097000.000000
2021-02-04	0.000440	0.032346	0.041773	0.025288	0.087341	2552100.000000
2021-02-03	-0.007624	0.026276	0.030179	0.019873	-1.523911	1731600.000000
2021-02-02	0.036908	0.040292	0.074478	0.037698	7.114914	3714100.000000
2021-02-01	0.005722	0.037272	0.047132	0.034402	1.096848	2228700.000000
2021-01-29	-0.018978	0.019992	0.027721	0.007095	-3.707916	3508000.000000
2021-01-28	0.035815	0.046398	0.086689	0.036113	6.755768	3406500.000000
2021-01-27	-0.028593	0.009475	0.023791	-0.005357	-5.552170	3791000.000000
2021-01-26	-0.031047	0.034470	0.034470	-0.005001	-6.221924	3867700.000000
2021-01-25	-0.003235	0.020430	0.030328	0.000336	-0.650330	4815200.000000
2021-01-22	-0.003704	0.028792	0.035680	0.007136	-0.747391	4290300.000000
2021-01-21	-0.047117	-0.008397	0.024185	-0.018360	-9.978363	6344000.000000
2021-01-20	0.013471	0.038890	0.045447	0.032286	2.814896	3239600.000000
2021-01-19	-0.006094	0.037886	0.040788	0.023237	-1.281296	2841900.000000
2021-01-15	0.002036	0.022365	0.036710	0.016359	0.427124	2325200.000000
2021-01-14	-0.002078	0.036602	0.037410	0.025948	-0.436829	1720000.000000
2021-01-13	-0.009285	0.025234	0.031925	0.014773	-1.970413	1466000.000000
2021-01-12	0.005935	0.028854	0.044875	0.013686	1.252167	3226000.000000
2021-01-11	-0.006718	0.036632	0.040445	0.021424	-1.426895	2969500.000000
2021-01-08	0.028676	0.055800	0.071686	0.050909	5.921036	3922900.000000
2021-01-07	0.013918	0.034206	0.047661	0.026889	2.834290	2023000.000000
2021-01-06	0.020925	0.030479	0.060860	0.028374	4.173828	2512400.000000
2021-01-05	0.012266	0.029670	0.047635	0.029467	2.416977	2127300.000000
2021-01-04	-0.025022	0.029338	0.034236	-0.003614	-5.057144	2642400.000000
2020-12-31	0.010875	0.032079	0.043583	0.028628	2.174286	1739900.000000
2020-12-30	0.007631	0.032496	0.040711	0.031186	1.514221	1279700.000000
2020-12-29	-0.005981	0.033485	0.036140	0.018857	-1.193909	1735200.000000
2020-12-28	0.011112	0.033167	0.046184	0.031039	2.193695	1790200.000000
2020-12-24	0.011035	0.030689	0.043953	0.026695	2.154846	691700.000000
2020-12-23	-0.001737	0.036926	0.040402	0.027826	-0.339737	1787600.000000
2020-12-22	-0.004790	0.026871	0.035418	0.024886	-0.941528	1444200.000000
2020-12-21	-0.005452	0.010039	0.031240	0.010039	-1.077454	2035100.000000
2020-12-18	0.006924	0.029668	0.041896	0.022739	1.358932	5918600.000000
2020-12-17	0.016847	0.036342	0.050745	0.031058	3.251724	2705900.000000
2020-12-16	-0.007239	0.033006	0.033829	0.021536	-1.407455	2094900.000000
2020-12-15	0.011616	0.034443	0.048023	0.027419	2.232513	1959500.000000
2020-12-14	-0.024919	0.041441	0.042405	0.004100	-4.911530	2163000.000000
2020-12-11	0.002666	0.020868	0.036486	0.017409	0.524124	1919600.000000
2020-12-10	-0.016320	0.025675	0.029528	0.007761	-3.261383	2206000.000000
2020-12-09	0.003265	0.023300	0.039165	0.023300	0.650330	1937700.000000
2020-12-08	0.001073	0.023494	0.038823	0.021283	0.213547	2043600.000000
2020-12-07	-0.005144	0.027979	0.029629	0.019079	-1.028900	2071800.000000
2020-12-04	0.018738	0.029414	0.051418	0.029414	3.678802	2979900.000000
2020-12-03	-0.006386	0.035087	0.038832	0.021372	-1.261856	4152100.000000
2020-12-02	0.005731	0.027684	0.041070	0.025291	1.125961	2676300.000000
2020-12-01	-0.008232	0.038407	0.051481	0.020385	-1.630707	4481200.000000
2020-11-30	-0.007586	0.034437	0.035789	0.016451	-1.514236	2537000.000000
2020-11-27	-0.003054	0.036722	0.038120	0.023885	-0.611511	1429300.000000
2020-11-25	-0.006996	0.034577	0.034577	0.022030	-1.410507	2046900.000000
2020-11-24	0.006317	0.045405	0.053789	0.040563	1.265610	2726100.000000
2020-11-23	0.019667	0.044132	0.056244	0.041435	3.864441	2133300.000000
2020-11-20	-0.005671	0.036591	0.042360	0.025256	-1.120682	1911100.000000
2020-11-19	0.002549	0.027920	0.038980	0.017825	0.502380	1965000.000000
2020-11-18	-0.008841	0.031503	0.045281	0.025520	-1.758331	2244200.000000
2020-11-17	-0.004160	0.027061	0.034522	0.009436	-0.830872	2481000.000000
2020-11-16	0.016074	0.050642	0.068144	0.040568	3.159210	3066200.000000
2020-11-13	0.014714	0.043643	0.055879	0.038171	2.850021	2292000.000000
2020-11-12	0.002450	0.032641	0.041749	0.023429	0.473404	2923200.000000
2020-11-11	-0.006260	0.036719	0.038622	0.016970	-1.217285	3134800.000000
2020-11-10	0.016465	0.039569	0.063825	0.034812	3.149536	4279800.000000
2020-11-09	0.041721	0.089150	0.131517	0.069164	7.661270	4487000.000000
2020-11-06	-0.010413	0.030654	0.033672	0.018744	-1.932251	1999600.000000
2020-11-05	0.028543	0.051037	0.074760	0.049263	5.149429	3998900.000000
2020-11-04	0.007336	0.058747	0.070529	0.040768	1.313904	4391900.000000
2020-11-03	0.034256	0.048124	0.079655	0.044198	5.931961	3983600.000000
2020-11-02	0.011569	0.049852	0.061360	0.033379	1.980515	3726500.000000
2020-10-30	0.006533	0.030663	0.043011	0.017963	1.111053	3747900.000000
2020-10-29	0.015401	0.031849	0.060686	0.023909	2.579529	5987900.000000
2020-10-28	-0.034527	0.013285	0.027292	-0.002394	-5.989929	4092200.000000
2020-10-27	-0.027775	0.033840	0.035017	-0.002082	-4.956161	4542000.000000
2020-10-26	-0.018284	0.026216	0.028416	0.001293	-3.323441	4007100.000000
2020-10-23	0.005344	0.023348	0.049509	0.023237	0.966125	3897100.000000
2020-10-22	-0.061861	0.006586	0.008039	-0.035755	-11.921890	7578800.000000
2020-10-21	-0.035303	0.001385	0.012498	-0.005623	-7.052628	4141200.000000
2020-10-20	0.005446	0.039553	0.057369	0.036835	1.082062	1569500.000000
2020-10-19	-0.019967	0.027872	0.039019	0.011989	-4.048035	2110300.000000
2020-10-16	0.004981	0.037849	0.045681	0.030166	1.004761	3329500.000000
2020-10-15	0.019530	0.021681	0.058422	0.016374	3.864487	2588200.000000
2020-10-14	0.008916	0.038184	0.047158	0.037317	1.748627	2053100.000000
2020-10-13	-0.016235	0.030910	0.037631	0.017015	-3.236481	1882400.000000
2020-10-12	0.002770	0.049660	0.050365	0.033464	0.550705	2035500.000000
2020-10-09	0.009815	0.039442	0.048788	0.038984	1.932236	1724600.000000
2020-10-08	-0.004105	0.036439	0.039525	0.019594	-0.811554	1720300.000000
2020-10-07	0.026127	0.043742	0.067100	0.043326	5.033463	2214500.000000
2020-10-06	-0.009487	0.038569	0.048852	0.024636	-1.845291	3403800.000000
2020-10-05	0.025312	0.044826	0.066176	0.040872	4.801620	3376200.000000
2020-10-02	0.010915	0.018020	0.058308	0.017167	2.048141	3231400.000000
2020-10-01	-0.013410	0.041014	0.041014	0.009994	-2.550522	3147100.000000
2020-09-30	-0.001876	0.039744	0.061102	0.030245	-0.357483	3606200.000000
2020-09-29	-0.011080	0.035800	0.039900	0.020542	-2.135086	2294800.000000
2020-09-28	0.006561	0.053043	0.056229	0.040193	1.255951	2070900.000000
2020-09-25	0.012674	0.031688	0.055492	0.029730	2.395935	1712100.000000
2020-09-24	0.006947	0.034967	0.056220	0.027723	1.304260	1704900.000000
2020-09-23	-0.015204	0.039165	0.053433	0.015717	-2.898376	2199000.000000
2020-09-22	0.017114	0.036887	0.056362	0.036247	3.207535	1864500.000000
2020-09-21	-0.029029	0.015387	0.020102	-0.011914	-5.603455	2980600.000000
2020-09-18	-0.009174	0.032815	0.049856	0.025013	-1.787308	4164700.000000
2020-09-17	0.001142	0.020787	0.044837	0.011434	0.222183	2611300.000000
2020-09-16	-0.004694	0.042081	0.052515	0.028629	-0.917770	2994700.000000
2020-09-15	0.017753	0.038613	0.055948	0.038613	3.410355	2328200.000000
2020-09-14	0.014800	0.041888	0.055728	0.034862	2.801743	1663600.000000
2020-09-11	0.014812	0.040059	0.057857	0.039308	2.763062	1912900.000000
2020-09-10	0.001141	0.040065	0.044627	0.030672	0.212570	2084700.000000
2020-09-09	0.022262	0.043467	0.069583	0.043138	4.057663	2750700.000000
2020-09-08	-0.012975	0.032420	0.036806	0.020777	-2.395950	2692700.000000
2020-09-04	0.003096	0.042895	0.054466	0.024861	0.570007	3624500.000000
2020-09-03	-0.029193	0.042825	0.043933	-0.001735	-5.535843	4180800.000000
2020-09-02	0.002451	0.036606	0.044377	0.027778	0.463730	3394400.000000
2020-09-01	0.017460	0.033998	0.053630	0.027812	3.246170	1888100.000000
2020-08-31	-0.013786	0.034384	0.040696	0.018682	-2.598877	2061600.000000
2020-08-28	0.008580	0.035341	0.046683	0.031756	1.603760	1849500.000000
2020-08-27	0.000617	0.044331	0.048186	0.040049	0.115341	1536000.000000
2020-08-26	-0.002976	0.034125	0.042611	0.026439	-0.557526	1513300.000000
2020-08-25	0.012152	0.046421	0.053931	0.041451	2.249435	2062000.000000
2020-08-24	0.005168	0.042869	0.048354	0.037711	0.951660	2045100.000000
2020-08-21	0.008688	0.043221	0.050506	0.033909	1.586166	2059300.000000
2020-08-20	-0.005394	0.031383	0.039173	0.024628	-0.990128	2082300.000000
2020-08-19	0.001311	0.045336	0.048336	0.040426	0.240280	1702000.000000
2020-08-18	-0.016351	0.040960	0.043053	0.022717	-3.047287	1688500.000000
2020-08-17	0.010160	0.046117	0.057445	0.042648	1.874527	3563000.000000
2020-08-14	0.011596	0.039550	0.061702	0.037137	2.114838	2502700.000000
2020-08-13	-0.010999	0.030339	0.039449	0.025404	-2.028336	2248800.000000
2020-08-12	0.007775	0.048515	0.057478	0.042558	1.422729	2869900.000000
2020-08-11	0.018732	0.055963	0.079457	0.050340	3.364548	4215200.000000
2020-08-10	0.021429	0.044926	0.064943	0.043220	3.768280	3368600.000000
2020-08-07	0.018484	0.040668	0.059665	0.037599	3.191483	2192500.000000
2020-08-06	0.012058	0.041787	0.058434	0.038680	2.057175	1971400.000000
2020-08-05	0.021822	0.044995	0.066078	0.043857	3.643326	3040300.000000
2020-08-04	0.009415	0.039175	0.050178	0.036575	1.557281	1719600.000000
2020-08-03	-0.007442	0.043323	0.046804	0.030121	-1.240067	1982800.000000
2020-07-31	0.003183	0.037915	0.045621	0.008778	0.528717	5089500.000000
2020-07-30	-0.029104	0.027930	0.031145	0.007473	-4.979507	2775500.000000
2020-07-29	0.020469	0.040442	0.063942	0.039547	3.431824	2736700.000000
2020-07-28	-0.013630	0.037556	0.042969	0.024202	-2.316742	1965800.000000
2020-07-27	0.003975	0.037014	0.058691	0.034002	0.672913	2738200.000000
2020-07-24	0.006400	0.044067	0.052568	0.038598	1.076645	2720300.000000
2020-07-23	-0.024417	0.036725	0.041075	0.002336	-4.210464	4010600.000000
2020-07-22	0.004030	0.032577	0.050918	0.031587	0.692154	2951300.000000
2020-07-21	0.007159	0.042843	0.057914	0.042843	1.220825	2230700.000000
2020-07-20	-0.021297	0.034638	0.039057	0.011795	-3.710602	2885700.000000
2020-07-17	0.024764	0.045968	0.073493	0.040381	4.210495	6132900.000000
2020-07-16	0.014221	0.039249	0.064064	0.037758	2.384018	3319700.000000
2020-07-15	0.014544	0.057692	0.061989	0.049522	2.403229	2493000.000000
2020-07-14	0.016078	0.034667	0.061293	0.033130	2.614700	3015300.000000
2020-07-13	0.016708	0.051766	0.068834	0.042264	2.672424	2975900.000000
2020-07-10	0.002410	0.040325	0.048222	0.031990	0.384491	2300300.000000
2020-07-09	-0.018043	0.043032	0.043032	0.013678	-2.931931	2977500.000000
2020-07-08	-0.004359	0.039099	0.055581	0.034197	-0.711380	3362600.000000
2020-07-07	-0.013824	0.029628	0.040504	0.022679	-2.287888	2380800.000000
2020-07-06	0.018216	0.052568	0.060443	0.046600	2.960800	2498100.000000
2020-07-02	0.013183	0.054600	0.064013	0.046559	2.114868	2271400.000000
2020-07-01	-0.012953	0.042847	0.050476	0.022789	-2.105255	2914100.000000
2020-06-30	0.021509	0.034418	0.069803	0.033035	3.422241	4068600.000000
2020-06-29	0.017646	0.047938	0.061370	0.037448	2.758881	2658700.000000
2020-06-26	-0.026224	0.040387	0.047238	0.009806	-4.210480	8491200.000000
2020-06-25	0.008880	0.037749	0.050882	0.022857	1.413132	3441100.000000
2020-06-24	-0.022496	0.030128	0.037744	0.013667	-3.662537	3206300.000000
2020-06-23	0.006897	0.053684	0.059188	0.046695	1.115097	2881400.000000
2020-06-22	0.002085	0.035367	0.046460	0.028177	0.336441	2647600.000000
2020-06-19	-0.017559	0.056581	0.056581	0.015604	-2.883850	7119600.000000
2020-06-18	-0.001870	0.033335	0.044639	0.031451	-0.307632	2714800.000000
2020-06-17	0.001170	0.047747	0.055961	0.038437	0.192245	3463800.000000
2020-06-16	0.018103	0.073466	0.080838	0.042927	2.922348	3554000.000000
2020-06-15	0.010531	0.012344	0.058792	0.010403	1.682281	2948600.000000
2020-06-12	0.017699	0.071606	0.073836	0.034975	2.778137	3373000.000000
2020-06-11	-0.069201	0.008064	0.008894	-0.032199	-11.670120	6234700.000000
2020-06-10	-0.015323	0.038453	0.043766	0.021520	-2.624359	3321200.000000
2020-06-09	-0.019267	0.019648	0.033162	0.013578	-3.364532	3569700.000000
2020-06-08	-0.017151	0.035366	0.046792	0.012291	-3.047302	3436600.000000
2020-06-05	0.047611	0.079649	0.107479	0.075640	8.074890	5608600.000000
2020-06-04	-0.009099	0.030506	0.038160	0.023962	-1.557297	2933300.000000
2020-06-03	0.041594	0.056694	0.088400	0.052921	6.834808	3897900.000000
2020-06-02	0.008496	0.047934	0.064812	0.040263	1.384262	3000000.000000
2020-06-01	-0.002119	0.037201	0.043999	0.027524	-0.346054	2929800.000000
2020-05-29	-0.003812	0.038311	0.045937	0.027146	-0.624847	3677000.000000
2020-05-28	-0.013652	0.041286	0.044896	0.018961	-2.268661	4065700.000000
2020-05-27	0.023190	0.058168	0.071837	0.053488	3.766357	3174400.000000
2020-05-26	0.028700	0.078783	0.083153	0.065862	4.531143	4150500.000000
2020-05-22	0.009597	0.046675	0.057866	0.036956	1.500793	1773900.000000
2020-05-21	-0.014696	0.041185	0.045785	0.027072	-2.332489	2277100.000000
2020-05-20	0.042509	0.083803	0.108106	0.078220	6.471649	4294300.000000
2020-05-19	0.000880	0.046100	0.071016	0.043667	0.133850	3136400.000000
2020-05-18	0.052103	0.089123	0.112640	0.077848	7.532745	5423000.000000
2020-05-15	-0.007872	0.036150	0.049119	0.027709	-1.147110	5127700.000000
2020-05-14	-0.001964	0.032881	0.045689	0.007130	-0.286789	3930400.000000
2020-05-13	-0.008117	0.038967	0.045828	0.022663	-1.194916	3499700.000000
2020-05-12	-0.018234	0.042565	0.048301	0.027025	-2.733963	2683500.000000
2020-05-11	-0.008910	0.035656	0.044051	0.029839	-1.347885	2857400.000000
2020-05-08	0.013059	0.062640	0.067126	0.057216	1.950134	2309300.000000
2020-05-07	0.012443	0.061422	0.070914	0.054507	1.835388	2411500.000000
2020-05-06	-0.013301	0.047438	0.051117	0.029443	-1.988342	2095200.000000
2020-05-05	0.010076	0.057924	0.075560	0.053262	1.491226	2269500.000000
2020-05-04	-0.011619	0.036082	0.036483	0.017717	-1.739777	2416100.000000
2020-05-01	-0.019713	0.032417	0.032417	0.013039	-3.011154	3089000.000000
2020-04-30	-0.019994	0.029996	0.038401	0.015176	-3.116364	3757000.000000
2020-04-29	0.010473	0.070735	0.077672	0.055306	1.615524	2778600.000000
2020-04-28	0.015098	0.062947	0.069133	0.046363	2.294235	3173000.000000
2020-04-27	0.018387	0.071567	0.080548	0.059035	2.743546	4633800.000000
2020-04-24	0.024952	0.074882	0.085804	0.053999	3.632523	4800200.000000
2020-04-23	0.035282	0.115935	0.125464	0.080946	4.961273	6233300.000000
2020-04-22	0.018628	0.061457	0.074713	0.049432	2.571457	3970600.000000
2020-04-21	-0.015006	0.016845	0.040392	0.007641	-2.103058	4049200.000000
2020-04-20	-0.021883	0.028094	0.041144	0.008901	-3.135468	4289200.000000
2020-04-17	0.040975	0.079519	0.095938	0.072400	5.640030	5081400.000000
2020-04-16	-0.018205	0.045529	0.048668	0.007654	-2.552353	5015300.000000
2020-04-15	-0.015507	0.020047	0.035215	0.008601	-2.208206	3457000.000000
2020-04-14	0.014091	0.061695	0.077647	0.052580	1.978806	2235900.000000
2020-04-13	-0.012304	0.039840	0.048562	0.017755	-1.749359	2525000.000000
2020-04-09	-0.005948	0.057566	0.071060	0.028131	-0.850784	4535900.000000
2020-04-08	0.026482	0.058731	0.082199	0.043588	3.689880	3625600.000000
2020-04-07	-0.014136	0.077798	0.086147	0.027774	-1.997894	4729000.000000
2020-04-06	0.066970	0.100530	0.127028	0.100001	8.871033	4865900.000000
2020-04-03	-0.022779	0.039239	0.051633	0.007664	-3.087662	4088000.000000
2020-04-02	0.038904	0.036749	0.091166	0.033147	5.076004	6009000.000000
2020-04-01	-0.032260	-0.005894	0.023330	-0.017242	-4.349472	5125600.000000
2020-03-31	0.005992	0.027596	0.079751	0.026178	0.802994	4247100.000000
2020-03-30	0.008270	0.034740	0.078149	0.025561	1.099289	3309200.000000
2020-03-27	-0.024142	-0.004337	0.054396	-0.015055	-3.288406	4962400.000000
2020-03-26	0.072079	0.078527	0.128585	0.054836	9.157845	6068600.000000
2020-03-25	0.031350	0.034005	0.145296	0.030920	3.861977	6923200.000000
2020-03-24	0.130042	0.113247	0.193511	0.089764	14.176445	7018900.000000
2020-03-23	-0.032247	-0.020036	0.059416	-0.026960	-3.632530	6011000.000000
2020-03-20	-0.031319	0.067168	0.081357	-0.024328	-3.642097	6668100.000000
2020-03-19	0.057091	0.038828	0.124276	0.015193	6.280472	8514300.000000
2020-03-18	-0.105341	-0.017823	0.002834	-0.145424	-12.952888	10869900.000000
2020-03-17	0.028218	0.064747	0.109736	0.006631	3.374458	8021700.000000
2020-03-16	-0.130344	-0.068800	-0.011932	-0.110615	-17.923729	7102700.000000
2020-03-13	0.089360	0.105515	0.139579	0.067964	11.279984	7886400.000000
2020-03-12	-0.067180	-0.038218	0.050682	-0.076275	-9.090881	8805200.000000
2020-03-11	-0.035826	0.011900	0.021946	-0.010259	-5.028214	7074800.000000
2020-03-10	0.080830	0.092229	0.132043	0.071744	10.496140	8090300.000000
2020-03-09	-0.129733	-0.026884	-0.024337	-0.107441	-19.357605	9400200.000000
2020-03-06	0.007292	0.009376	0.059399	0.005055	1.080170	4643300.000000
2020-03-05	-0.044459	0.016878	0.030812	-0.008408	-6.892258	4901900.000000
2020-03-04	0.030698	0.062788	0.083598	0.051951	4.617142	4415000.000000
2020-03-03	-0.018710	0.048449	0.093597	0.020068	-2.867767	5654000.000000
2020-03-02	0.003316	0.051206	0.060239	0.016709	0.506622	7064800.000000
2020-02-28	0.001190	0.015887	0.048459	0.001338	0.181641	7045800.000000
2020-02-27	-0.031315	0.018674	0.048385	-0.007608	-4.932632	7914700.000000
2020-02-26	-0.030078	0.044499	0.064142	0.019315	-4.884720	4921400.000000
2020-02-25	-0.033428	0.056127	0.060114	0.011846	-5.616486	7631700.000000
2020-02-24	-0.027075	0.020236	0.029617	0.009871	-4.675674	6785100.000000
2020-02-21	-0.009160	0.044914	0.048988	0.037226	-1.596542	2890700.000000
2020-02-20	-0.000545	0.051283	0.058107	0.041707	-0.095047	2190900.000000
2020-02-19	0.007688	0.057343	0.071905	0.055609	1.330460	2807200.000000
2020-02-18	-0.010326	0.049170	0.055060	0.038876	-1.805649	3164400.000000
2020-02-14	-0.003466	0.051802	0.057330	0.040917	-0.608185	2134800.000000
2020-02-13	-0.001190	0.047135	0.056186	0.043435	-0.209091	1861500.000000
2020-02-12	0.008511	0.060984	0.067528	0.054497	1.482513	2612200.000000
2020-02-11	-0.007419	0.057956	0.058013	0.043312	-1.301941	1521700.000000
2020-02-10	0.004569	0.041725	0.057925	0.039378	0.798233	1782800.000000
2020-02-07	-0.012251	0.044625	0.049657	0.035974	-2.166733	2221400.000000
2020-02-06	0.005511	0.062036	0.066925	0.050836	0.969330	2932400.000000
2020-02-05	0.010096	0.067246	0.067246	0.058747	1.758133	2133500.000000
2020-02-04	0.016363	0.066324	0.079865	0.066324	2.803543	1857900.000000
2020-02-03	0.004849	0.060762	0.067682	0.052140	0.826736	2493100.000000
2020-01-31	-0.019938	0.044326	0.048809	0.025990	-3.468719	3653700.000000
2020-01-30	0.007096	0.040044	0.062214	0.036223	1.225937	2994400.000000
2020-01-29	0.011913	0.063739	0.079379	0.056944	2.033737	2270800.000000
2020-01-28	0.006556	0.062871	0.071184	0.058036	1.111877	3264500.000000
2020-01-27	-0.038830	0.031573	0.042511	0.010435	-6.851913	4183900.000000
2020-01-24	-0.008067	0.046356	0.062208	0.037305	-1.435013	2734000.000000
2020-01-23	0.034599	0.067205	0.091515	0.052258	5.949127	4950500.000000
2020-01-22	-0.008386	0.056929	0.057737	0.040608	-1.454041	2993900.000000
2020-01-21	-0.015433	0.045671	0.047772	0.028410	-2.717972	3440900.000000
2020-01-17	0.007722	0.050999	0.062271	0.047108	1.349487	4008600.000000
2020-01-16	0.017146	0.056681	0.071871	0.052898	2.946014	3227400.000000
2020-01-15	0.000000	0.057088	0.061686	0.051268	0.000000	3450700.000000
2020-01-14	0.005003	0.055767	0.068811	0.053720	0.855347	2805900.000000
2020-01-13	0.011015	0.052554	0.064381	0.050484	1.862656	2035200.000000
2020-01-10	-0.006477	0.052258	0.057134	0.044738	-1.102386	2944300.000000
2020-01-09	-0.005111	0.055122	0.056992	0.043782	-0.874329	3311100.000000
2020-01-08	0.010951	0.051194	0.069867	0.048771	1.853149	2817500.000000
2020-01-07	-0.007579	0.051085	0.053138	0.041585	-1.292435	4096400.000000
2020-01-06	-0.008565	0.044816	0.047025	0.034583	-1.473038	3142500.000000
2020-01-03	-0.007077	0.036497	0.046023	0.029281	-1.225922	2344200.000000
2020-01-02	0.008186	0.053189	0.061512	0.047485	1.406494	2444800.000000
