2022-12-30	0.005332	0.019496	0.035852	0.013438	0.088018	16455900.000000
2022-12-29	-0.002364	0.036424	0.041259	0.018295	-0.039120	19336000.000000
2022-12-28	0.002370	0.034640	0.039486	0.019496	0.039120	21807400.000000
2022-12-27	0.011384	0.019462	0.038454	0.018236	0.185814	19991100.000000
2022-12-23	0.009069	0.020670	0.037980	0.020052	0.146694	13416000.000000
2022-12-22	-0.003014	0.018827	0.023758	0.004651	-0.048897	17452500.000000
2022-12-21	0.009124	0.026879	0.041184	0.021903	0.146694	27809300.000000
2022-12-20	0.021118	0.044119	0.059996	0.040943	0.332511	16416900.000000
2022-12-19	0.001867	0.013617	0.026343	0.008526	0.029340	20805200.000000
2022-12-16	-0.020122	0.005067	0.016290	-0.005532	-0.322731	24389300.000000
2022-12-15	-0.000609	0.020655	0.036856	0.011309	-0.009779	28607900.000000
2022-12-14	0.014215	0.022525	0.042116	0.017469	0.224933	26603700.000000
2022-12-13	0.000371	0.037445	0.046928	0.018479	0.005868	39242400.000000
2022-12-12	-0.041913	-0.008460	-0.005432	-0.035717	-0.691965	42406200.000000
2022-12-09	0.031041	0.048547	0.067283	0.042927	0.497046	40815400.000000
2022-12-08	0.016079	0.054620	0.062869	0.040660	0.253396	21012500.000000
2022-12-07	-0.035203	-0.001484	-0.001484	-0.020463	-0.575013	37540200.000000
2022-12-06	0.018226	0.041649	0.055987	0.032299	0.292379	23256100.000000
2022-12-05	-0.015550	0.023610	0.034043	0.005814	-0.253395	39078100.000000
2022-12-02	0.004808	0.016816	0.037781	0.014966	0.077969	32911100.000000
2022-12-01	0.008485	0.022956	0.037259	0.011762	0.136442	33043800.000000
2022-11-30	0.025482	0.033080	0.059864	0.033080	0.399586	34378400.000000
2022-11-29	0.060646	0.069353	0.095732	0.069353	0.896628	35717100.000000
2022-11-28	0.003307	0.019279	0.036244	0.015207	0.048730	23125400.000000
2022-11-25	0.000000	0.037602	0.046424	0.019279	0.000000	11023100.000000
2022-11-23	0.015447	0.030200	0.043982	0.019174	0.224157	22711000.000000
2022-11-22	-0.009973	0.028112	0.039027	0.006281	-0.146189	38071400.000000
2022-11-21	-0.001991	0.016533	0.025384	-0.003893	-0.029239	19853500.000000
2022-11-18	-0.016960	0.023388	0.026065	0.003978	-0.253395	38862800.000000
2022-11-17	0.007227	0.003818	0.033481	-0.004946	0.107205	24906500.000000
2022-11-16	-0.037318	0.016979	0.028012	-0.018067	-0.575012	30932900.000000
2022-11-15	0.006365	0.040434	0.043700	0.018881	0.097460	24265900.000000
2022-11-14	0.016828	0.016103	0.057943	0.016103	0.253395	39393900.000000
2022-11-11	0.115523	0.072738	0.150526	0.069775	1.559355	63743900.000000
2022-11-10	-0.015636	0.023877	0.032628	-0.005293	-0.214411	44423200.000000
2022-11-09	-0.024272	0.016103	0.033892	-0.005955	-0.341108	29424300.000000
2022-11-08	0.037410	0.045258	0.075523	0.037138	0.506790	41753700.000000
2022-11-07	-0.034051	0.018222	0.021787	-0.010300	-0.477553	31237600.000000
2022-11-04	0.097635	0.105896	0.140333	0.094939	1.247485	83276300.000000
2022-11-03	0.026625	0.046956	0.059008	0.029279	0.331362	37888900.000000
2022-11-02	-0.049144	0.016133	0.023773	-0.025888	-0.643233	48757400.000000
2022-11-01	0.037867	0.063333	0.091086	0.053818	0.477553	65489000.000000
2022-10-31	0.023734	0.022818	0.074771	0.020383	0.292378	74676700.000000
2022-10-28	-0.054600	-0.021516	-0.010004	-0.043004	-0.711455	72168900.000000
2022-10-27	-0.026929	-0.006793	0.020838	-0.025462	-0.360601	66526000.000000
2022-10-26	0.014022	0.019250	0.061656	0.018493	0.185173	63550800.000000
2022-10-25	0.003704	0.013144	0.047346	0.010864	0.048730	63760500.000000
2022-10-24	-0.057920	-0.003292	-0.001860	-0.039093	-0.808915	71835300.000000
2022-10-21	0.042940	0.023078	0.077592	0.016357	0.575012	65200700.000000
2022-10-20	0.021561	0.023014	0.071075	0.019199	0.282633	46895600.000000
2022-10-19	-0.013930	0.020047	0.027570	0.003498	-0.185173	39920400.000000
2022-10-18	0.027108	0.056198	0.065470	0.029156	0.350855	43325900.000000
2022-10-17	0.016067	0.040196	0.059822	0.034701	0.204665	43260000.000000
2022-10-14	-0.043892	0.028317	0.028317	-0.021973	-0.584758	41714400.000000
2022-10-13	0.000732	0.007286	0.042590	-0.003230	0.009746	45623800.000000
2022-10-12	-0.013718	0.020138	0.031251	0.009026	-0.185174	29629300.000000
2022-10-11	-0.017033	0.008588	0.033347	0.004219	-0.233902	41128800.000000
2022-10-10	-0.022885	0.034604	0.034604	-0.000262	-0.321617	48196300.000000
2022-10-07	-0.006203	0.035258	0.074151	0.014751	-0.087714	82941000.000000
2022-10-06	-0.019595	0.014279	0.031611	-0.003053	-0.282634	37758200.000000
2022-10-05	0.010929	0.031672	0.046390	0.025364	0.155936	43026000.000000
2022-10-04	0.027368	0.044786	0.062787	0.030385	0.380093	47389100.000000
2022-10-03	0.069820	0.057648	0.101556	0.053797	0.906376	47559900.000000
2022-09-30	0.052133	0.029307	0.091714	0.027686	0.643233	54426300.000000
2022-09-29	-0.008614	0.016423	0.022851	-0.003664	-0.107206	44001300.000000
2022-09-28	0.017530	0.035876	0.053045	0.032606	0.214412	36674900.000000
2022-09-27	-0.003177	0.039105	0.048070	0.015470	-0.038983	41800300.000000
2022-09-26	-0.034509	0.004033	0.022918	-0.009343	-0.438568	49602500.000000
2022-09-23	-0.043988	-0.010043	-0.009290	-0.029601	-0.584759	55022900.000000
2022-09-22	0.038842	0.054979	0.071390	0.043257	0.497044	40605200.000000
2022-09-21	-0.020149	0.033722	0.037551	0.005391	-0.263141	46328100.000000
2022-09-20	-0.014706	0.006449	0.017012	-0.009394	-0.194920	42943300.000000
2022-09-19	0.047766	0.018160	0.078238	0.012627	0.604251	46819400.000000
2022-09-16	-0.005364	0.005622	0.026065	-0.002240	-0.068222	53303800.000000
2022-09-15	0.010062	0.026859	0.039566	0.019712	0.126698	43779700.000000
2022-09-14	-0.017490	0.022944	0.040110	-0.001244	-0.224156	38933900.000000
2022-09-13	-0.045718	-0.000741	0.022342	-0.023079	-0.613997	38521300.000000
2022-09-12	0.019985	0.041255	0.047331	0.024546	0.263141	32677400.000000
2022-09-09	0.094814	0.063482	0.125845	0.059325	1.140278	44432700.000000
2022-09-08	0.005705	0.028574	0.037772	0.015194	0.068222	29064100.000000
2022-09-07	0.010708	0.014232	0.042969	-0.009433	0.126698	23277100.000000
2022-09-06	-0.002465	0.051358	0.054731	0.020163	-0.029239	22391100.000000
2022-09-02	0.001646	0.037888	0.052245	0.020998	0.019493	33699400.000000
2022-09-01	-0.021739	0.006238	0.007064	-0.023503	-0.263142	37958700.000000
2022-08-31	-0.016627	0.022003	0.029315	0.007380	-0.204666	28906000.000000
2022-08-30	-0.046792	0.015224	0.015998	-0.027368	-0.604250	30417500.000000
2022-08-29	-0.014870	0.015385	0.023777	0.006993	-0.194920	29459400.000000
2022-08-26	-0.006647	0.049557	0.054862	0.012425	-0.087713	31872300.000000
2022-08-25	0.017280	0.030691	0.046108	0.024523	0.224157	29504000.000000
2022-08-24	-0.032704	0.009660	0.025319	-0.013456	-0.438569	30048000.000000
2022-08-23	0.077525	0.046956	0.108022	0.046956	0.964850	36258500.000000
2022-08-22	-0.008540	0.020489	0.031642	0.010929	-0.107204	26755600.000000
2022-08-19	-0.016794	0.013533	0.016666	-0.002132	-0.214412	32495500.000000
2022-08-18	-0.008327	0.025288	0.027619	0.015191	-0.107205	16024600.000000
2022-08-17	-0.027246	-0.004913	0.007931	-0.016247	-0.360601	22116000.000000
2022-08-16	0.012677	0.037542	0.050550	0.029126	0.165682	23933400.000000
2022-08-15	-0.013971	-0.002604	0.014748	-0.015430	-0.185174	24132300.000000
2022-08-12	0.020791	0.036616	0.052789	0.027374	0.269963	26451000.000000
2022-08-11	0.018169	0.094657	0.122886	0.094657	0.231702	34307200.000000
2022-08-10	0.010279	0.104324	0.106701	0.082143	0.129753	39669100.000000
2022-08-09	0.019461	0.083820	0.102395	0.079782	0.240970	23005000.000000
2022-08-08	0.012121	0.096140	0.105949	0.077339	0.148290	26275900.000000
2022-08-05	0.026438	0.083169	0.111696	0.078974	0.315113	42928900.000000
2022-08-04	0.004687	0.079817	0.100048	0.071388	0.055608	38139100.000000
2022-08-03	-0.043348	0.066072	0.066878	0.031396	-0.537547	29576100.000000
2022-08-02	0.018265	0.068299	0.101966	0.046950	0.222433	50187800.000000
2022-08-01	-0.023774	0.062942	0.084585	0.048513	-0.296577	32705800.000000
2022-07-29	-0.014641	0.049749	0.068706	0.031581	-0.185361	51939200.000000
2022-07-28	0.013353	0.103787	0.112592	0.078974	0.166825	26124400.000000
2022-07-27	0.025875	0.080616	0.107714	0.068299	0.315113	27143000.000000
2022-07-26	-0.000760	0.086359	0.089641	0.064205	-0.009267	25974200.000000
2022-07-25	0.044480	0.110684	0.130395	0.105541	0.519011	28741900.000000
2022-07-22	0.006395	0.117786	0.122961	0.082424	0.074144	24856600.000000
2022-07-21	0.006436	0.068558	0.088523	0.062481	0.074144	28454000.000000
2022-07-20	-0.021260	0.051787	0.056885	0.036495	-0.250237	46438000.000000
2022-07-19	0.000000	0.077275	0.093417	0.072177	0.000000	27763000.000000
2022-07-18	0.003953	0.105415	0.116504	0.079827	0.046340	24270100.000000
2022-07-15	0.012810	0.071199	0.096252	0.058241	0.148289	34693700.000000
2022-07-14	-0.072065	0.030076	0.030877	-0.005997	-0.899002	50727800.000000
2022-07-13	0.005979	0.081393	0.103166	0.070910	0.074144	23165900.000000
2022-07-12	-0.008889	0.056595	0.078175	0.051800	-0.111217	29222400.000000
2022-07-11	-0.052632	0.039601	0.041115	0.020672	-0.695105	41059200.000000
2022-07-08	-0.016563	0.087910	0.090144	0.055146	-0.222433	23282800.000000
2022-07-07	0.050761	0.128267	0.142351	0.122008	0.648764	37720300.000000
2022-07-06	0.000000	0.078192	0.087581	0.052371	0.000000	26216000.000000
2022-07-05	-0.025442	0.037798	0.052286	0.022547	-0.333650	33384700.000000
2022-07-01	-0.032809	0.050211	0.059061	0.017023	-0.444868	30589700.000000
2022-06-30	-0.036866	-0.030941	-0.021725	-0.046083	-0.559999	37964600.000000
2022-06-29	0.011318	0.011318	0.017310	-0.011318	0.169999	32129200.000000
2022-06-28	0.009409	0.026210	0.029570	0.003360	0.140000	36743900.000000
2022-06-27	0.047887	0.033099	0.064084	0.025352	0.680000	33833500.000000
2022-06-24	0.020115	0.005029	0.022270	-0.012213	0.280000	33576700.000000
2022-06-23	-0.038674	0.017956	0.017956	-0.043508	-0.559999	45103900.000000
2022-06-22	-0.016304	-0.036005	0.000679	-0.038723	-0.240001	46046000.000000
2022-06-21	-0.014066	-0.002009	0.011386	-0.015405	-0.210000	33074200.000000
2022-06-17	-0.038015	-0.016753	-0.012887	-0.049613	-0.590000	47767800.000000
2022-06-16	-0.045510	-0.033825	-0.025830	-0.060271	-0.740000	27812000.000000
2022-06-15	0.027164	0.007581	0.037903	0.002527	0.430000	34101800.000000
2022-06-14	-0.003776	0.003147	0.006923	-0.012587	-0.060000	33275100.000000
2022-06-13	-0.057533	-0.042112	-0.039739	-0.074733	-0.970000	46922000.000000
2022-06-10	-0.013458	-0.026331	-0.002926	-0.034523	-0.230000	36704100.000000
2022-06-09	-0.044718	-0.018446	-0.017328	-0.045836	-0.799999	32471600.000000
2022-06-08	-0.040751	-0.005898	-0.003217	-0.048257	-0.760000	31474300.000000
2022-06-07	0.005933	-0.017799	0.005933	-0.018878	0.109999	31285800.000000
2022-06-06	0.000000	0.010248	0.013484	-0.004854	0.000000	18063600.000000
2022-06-03	-0.014354	-0.010101	-0.004253	-0.023392	-0.269999	25774100.000000
2022-06-02	0.025627	0.015812	0.027263	0.010360	0.469999	31933900.000000
2022-06-01	0.016067	0.004432	0.023823	-0.001108	0.290001	25323800.000000
2022-05-31	-0.002211	0.013267	0.018795	-0.011609	-0.040001	37288800.000000
2022-05-27	0.026674	0.015323	0.027242	0.011351	0.469999	25798300.000000
2022-05-26	0.007433	-0.013722	0.015437	-0.016581	0.130001	28617600.000000
2022-05-25	0.003442	-0.010901	0.010901	-0.010901	0.059999	25884000.000000
2022-05-24	0.012783	-0.015107	0.014526	-0.018594	0.220001	29740200.000000
2022-05-23	0.029306	0.029904	0.040670	0.022129	0.490000	35745900.000000
2022-05-20	0.030826	0.026511	0.035142	0.016030	0.500000	42818000.000000
2022-05-19	0.038412	0.021127	0.049296	0.021127	0.599999	38464500.000000
2022-05-18	-0.030416	-0.023588	-0.016139	-0.036623	-0.490001	26267400.000000
2022-05-17	0.017045	0.034091	0.035985	0.003157	0.270000	41171500.000000
2022-05-16	0.027237	0.016213	0.036316	0.016213	0.420000	30722500.000000
2022-05-13	0.017822	0.002640	0.028383	-0.000660	0.270000	25381100.000000
2022-05-12	-0.005906	-0.026247	-0.001968	-0.039370	-0.090000	36213900.000000
2022-05-11	0.036735	0.038776	0.063946	0.032653	0.540000	41159800.000000
2022-05-10	-0.007427	0.012829	0.015530	-0.019581	-0.110001	35022300.000000
2022-05-09	-0.057888	-0.039440	-0.031171	-0.060433	-0.910000	44222100.000000
2022-05-06	-0.018114	-0.017489	0.001874	-0.041224	-0.290000	41891100.000000
2022-05-05	-0.035542	-0.004819	-0.003614	-0.055422	-0.590000	38963800.000000
2022-05-04	-0.002404	-0.024038	0.000601	-0.045072	-0.039999	51393500.000000
2022-05-03	0.015253	0.011592	0.027456	0.005491	0.250000	31293600.000000
2022-05-02	-0.029603	-0.025459	-0.022498	-0.052694	-0.500000	40078300.000000
2022-04-29	-0.006471	0.033529	0.044706	-0.007647	-0.110001	47752500.000000
2022-04-28	0.036585	0.000000	0.045732	-0.010976	0.600000	46759200.000000
2022-04-27	0.050609	0.032671	0.060858	0.021781	0.790000	60351400.000000
2022-04-26	-0.035229	-0.016069	-0.012361	-0.037701	-0.570001	48071200.000000
2022-04-25	-0.031138	-0.033533	-0.023952	-0.059880	-0.520000	56363600.000000
2022-04-22	-0.053824	0.000567	0.000567	-0.058923	-0.949999	44664600.000000
2022-04-21	-0.043360	-0.005962	-0.004878	-0.054743	-0.800001	28050000.000000
2022-04-20	-0.016000	-0.014933	-0.009600	-0.035733	-0.299999	36712300.000000
2022-04-19	-0.030005	-0.022763	-0.014485	-0.040352	-0.580000	32522200.000000
2022-04-18	-0.007700	-0.004620	0.001027	-0.012320	-0.150000	19069600.000000
2022-04-14	-0.021597	-0.010547	-0.010547	-0.031140	-0.430000	25599100.000000
2022-04-13	-0.001004	-0.001004	0.006021	-0.009032	-0.020000	28994800.000000
2022-04-12	-0.003998	0.024488	0.026986	-0.005997	-0.080000	21619300.000000
2022-04-11	-0.004478	-0.004975	0.003483	-0.016915	-0.090000	28814000.000000
2022-04-08	-0.018555	-0.002930	-0.000488	-0.027344	-0.379999	34815200.000000
2022-04-07	0.000000	-0.012207	0.005371	-0.018555	0.000000	23755100.000000
2022-04-06	0.007378	0.001476	0.012789	-0.008362	0.150000	31305000.000000
2022-04-05	-0.042393	-0.016015	-0.006594	-0.045219	-0.900000	45892400.000000
2022-04-04	0.019203	0.012482	0.022084	0.010082	0.400000	30119400.000000
2022-04-01	0.042021	0.020010	0.042021	0.018509	0.840000	28897800.000000
2022-03-31	-0.001997	0.009486	0.018472	-0.003495	-0.040001	29515000.000000
2022-03-30	0.004010	0.011028	0.017544	0.001002	0.080000	35389300.000000
2022-03-29	-0.001001	-0.011016	-0.001001	-0.021532	-0.019999	27429800.000000
2022-03-28	0.001504	-0.004514	0.006018	-0.023571	0.029999	25124400.000000
2022-03-25	-0.003996	0.008991	0.011488	-0.013986	-0.080000	27451000.000000
2022-03-24	0.004516	-0.006523	0.015053	-0.008028	0.090000	28676600.000000
2022-03-23	0.018916	0.015849	0.034765	0.013804	0.370001	31530900.000000
2022-03-22	-0.019057	-0.002508	-0.002006	-0.026078	-0.380001	35086200.000000
2022-03-21	0.046170	0.029906	0.054565	0.026758	0.880001	35748200.000000
2022-03-18	0.019251	-0.008021	0.020321	-0.013369	0.359999	32235000.000000
2022-03-17	0.053521	0.028169	0.059155	0.020845	0.950001	41943900.000000
2022-03-16	0.029582	0.038863	0.041763	0.005800	0.510000	53546400.000000
2022-03-15	-0.031461	-0.029213	-0.022472	-0.047753	-0.559999	65998600.000000
2022-03-14	-0.066597	-0.024122	-0.019927	-0.067121	-1.270000	50674400.000000
2022-03-11	-0.012429	0.004661	0.013982	-0.012947	-0.240000	31342900.000000
2022-03-10	0.031517	-0.003205	0.033120	-0.005342	0.590000	46070300.000000
2022-03-09	-0.055500	-0.055500	-0.048436	-0.070636	-1.100000	62036300.000000
2022-03-08	-0.037864	-0.006311	-0.006311	-0.045146	-0.780001	63201200.000000
2022-03-07	0.022333	0.030273	0.040198	0.012407	0.450001	51694500.000000
2022-03-04	0.015625	-0.019657	0.016129	-0.027218	0.309999	28813300.000000
2022-03-03	0.019004	0.026194	0.033385	0.009759	0.370001	39768400.000000
2022-03-02	0.032344	0.013786	0.033934	-0.006893	0.609999	48983100.000000
2022-03-01	0.020011	0.003786	0.052461	0.003786	0.370001	49064600.000000
2022-02-28	0.037598	-0.012346	0.038159	-0.012346	0.670000	35627200.000000
2022-02-25	0.043937	-0.019918	0.048623	-0.020504	0.750000	42396700.000000
2022-02-24	-0.011581	-0.048060	-0.005790	-0.056746	-0.200001	53693900.000000
2022-02-23	0.005239	-0.003492	0.008149	-0.011059	0.090000	30476300.000000
2022-02-22	0.032452	0.016827	0.037260	0.015024	0.540001	34551700.000000
2022-02-18	0.002410	0.016265	0.016265	0.000602	0.039999	26247500.000000
2022-02-17	-0.048165	-0.020642	-0.017775	-0.056193	-0.840000	38657400.000000
2022-02-16	0.017503	0.011669	0.021587	0.006418	0.300001	20295800.000000
2022-02-15	-0.020011	-0.014294	-0.012579	-0.037736	-0.350000	35562100.000000
2022-02-14	-0.002851	0.003421	0.003991	-0.010262	-0.050001	24138500.000000
2022-02-11	-0.017367	-0.012325	0.004482	-0.020728	-0.309999	38011300.000000
2022-02-10	0.019417	0.011422	0.036551	0.009709	0.340000	55181900.000000
2022-02-09	0.004590	-0.017212	0.006311	-0.018359	0.080000	36936500.000000
2022-02-08	0.015143	-0.002912	0.015725	-0.004659	0.260000	36637900.000000
2022-02-07	0.037462	0.015106	0.040483	0.008459	0.620001	34645300.000000
2022-02-04	0.024768	0.001238	0.027864	-0.002477	0.400000	30025300.000000
2022-02-03	-0.012232	-0.009786	0.006116	-0.012844	-0.200001	22268000.000000
2022-02-02	0.010507	-0.006799	0.012361	-0.012361	0.170000	26142100.000000
2022-02-01	0.065876	0.021080	0.067194	0.020422	1.000000	35334500.000000
2022-01-31	-0.025674	-0.014121	-0.005135	-0.026316	-0.400000	40405400.000000
2022-01-28	0.000642	0.019268	0.024406	-0.013487	0.010000	42797600.000000
2022-01-27	0.002576	0.016742	0.022537	-0.010947	0.040000	34056100.000000
2022-01-26	0.003230	0.023902	0.023902	-0.006460	0.050000	37747800.000000
2022-01-25	0.011104	0.008491	0.018289	-0.012410	0.169999	26965000.000000
2022-01-24	-0.018590	-0.026282	-0.016026	-0.042949	-0.290000	50534100.000000
2022-01-21	-0.024390	-0.003752	-0.001251	-0.031895	-0.389999	45786200.000000
2022-01-20	-0.011743	0.011743	0.013597	-0.014833	-0.190001	35470000.000000
2022-01-19	0.043198	0.040619	0.051580	0.033527	0.670000	36933100.000000
2022-01-18	0.008453	0.009753	0.024707	-0.001300	0.130000	30724100.000000
2022-01-14	0.005229	-0.015686	0.009150	-0.017647	0.080000	25261600.000000
2022-01-13	-0.016077	-0.012219	-0.000643	-0.021865	-0.250000	32193900.000000
2022-01-12	0.020341	0.017060	0.023622	0.005249	0.310000	31876700.000000
2022-01-11	0.040273	0.015700	0.040956	0.012287	0.590000	31868700.000000
2022-01-10	-0.010804	0.002701	0.004727	-0.018906	-0.160001	27748400.000000
2022-01-07	0.057102	0.007138	0.058530	0.007138	0.800000	45638800.000000
2022-01-06	0.025622	0.023426	0.035139	0.015373	0.350000	29066000.000000
2022-01-05	0.008118	0.009594	0.028044	0.002952	0.110000	58210800.000000
2022-01-04	-0.018827	0.002172	0.004345	-0.019551	-0.260000	41351400.000000
2022-01-03	-0.014979	0.004993	0.007846	-0.014979	-0.210000	20177800.000000
2021-12-31	-0.004261	-0.002131	0.000710	-0.014915	-0.059999	11319200.000000
2021-12-30	0.040650	0.032520	0.049520	0.030303	0.550000	23893000.000000
2021-12-29	-0.005147	0.008088	0.014706	-0.006618	-0.070001	16140900.000000
2021-12-28	-0.032028	-0.020641	-0.015658	-0.034875	-0.450000	21348600.000000
2021-12-27	0.010065	0.002876	0.014378	-0.007189	0.140000	12817900.000000
2021-12-23	-0.014873	-0.007790	-0.006374	-0.014873	-0.210000	17343000.000000
2021-12-22	0.007133	-0.015692	0.008559	-0.022825	0.099999	17614900.000000
2021-12-21	0.024854	0.014620	0.026316	0.010234	0.340000	22669400.000000
2021-12-20	-0.022857	-0.017857	-0.013571	-0.029286	-0.320000	20771000.000000
2021-12-17	-0.011299	-0.007768	-0.002119	-0.016243	-0.160000	25852200.000000
2021-12-16	0.038885	0.019809	0.044021	0.013206	0.530000	29493300.000000
2021-12-15	-0.002196	0.003660	0.003660	-0.023426	-0.030000	23550900.000000
2021-12-14	-0.007267	0.010174	0.019622	-0.011628	-0.100000	27115200.000000
2021-12-13	0.017751	0.029586	0.035503	0.012574	0.240000	31494600.000000
2021-12-10	0.001482	0.000741	0.002963	-0.009630	0.020000	14927200.000000
2021-12-09	-0.013879	-0.016801	-0.001461	-0.019722	-0.190000	16838500.000000
2021-12-08	0.005139	-0.003671	0.010279	-0.005139	0.070000	30969000.000000
2021-12-07	0.017177	0.033607	0.050037	0.011949	0.230000	56104100.000000
2021-12-06	0.051846	0.011783	0.052632	0.002357	0.660001	47057000.000000
2021-12-03	-0.020015	0.002310	0.014627	-0.036182	-0.260000	43847200.000000
2021-12-02	0.060408	0.023673	0.064490	0.020408	0.740000	44968100.000000
2021-12-01	-0.009701	0.025869	0.035570	-0.010509	-0.120000	35263600.000000
2021-11-30	-0.005627	0.017685	0.029743	-0.018489	-0.070000	37493900.000000
2021-11-29	0.005659	0.021827	0.023444	-0.001617	0.070000	25153400.000000
2021-11-26	-0.026751	-0.040126	-0.020456	-0.047207	-0.340000	23473100.000000
2021-11-24	0.017614	0.005605	0.020016	-0.000801	0.220000	27093600.000000
2021-11-23	0.020425	0.023693	0.026961	0.002451	0.250000	37292000.000000
2021-11-22	0.068996	0.040175	0.083843	0.035808	0.790000	44316000.000000
2021-11-19	0.015972	0.021295	0.039042	0.013310	0.179999	38621700.000000
2021-11-18	-0.045724	-0.031329	-0.017782	-0.055038	-0.540000	62513300.000000
2021-11-17	-0.024773	0.004955	0.014038	-0.025599	-0.299999	36291200.000000
2021-11-16	-0.017843	0.004866	0.005677	-0.021087	-0.220000	24919800.000000
2021-11-15	-0.017530	0.001594	0.003187	-0.018327	-0.220000	15201600.000000
2021-11-12	-0.007905	-0.011067	0.018972	-0.015810	-0.099999	32568600.000000
2021-11-11	0.055927	0.056761	0.070952	0.047579	0.670000	42531700.000000
2021-11-10	-0.010735	-0.009909	0.003303	-0.015689	-0.130000	42798600.000000
2021-11-09	-0.009812	-0.004088	0.004088	-0.027800	-0.120000	44061100.000000
2021-11-08	0.053402	0.010336	0.062877	0.008613	0.620000	55868000.000000
2021-11-05	-0.015267	0.004241	0.006785	-0.016964	-0.180000	54864400.000000
2021-11-04	-0.021577	-0.004979	0.004149	-0.024896	-0.260000	52008600.000000
2021-11-03	-0.021121	0.000000	0.002437	-0.028432	-0.260000	84904900.000000
2021-11-02	-0.044255	-0.029503	-0.019410	-0.055901	-0.570000	56967600.000000
2021-11-01	0.011783	0.000000	0.012569	-0.010212	0.150001	24803500.000000
2021-10-29	-0.035606	-0.025000	-0.016667	-0.043182	-0.470000	39768900.000000
2021-10-28	-0.020045	-0.012621	-0.006682	-0.024499	-0.270000	33663100.000000
2021-10-27	-0.023205	-0.003626	0.000000	-0.028281	-0.320000	32442400.000000
2021-10-26	-0.007914	-0.005755	-0.001439	-0.017986	-0.110000	17550000.000000
2021-10-25	0.028106	0.015532	0.036982	0.009615	0.379999	22458500.000000
2021-10-22	0.013493	0.002998	0.022489	-0.009745	0.180000	42785900.000000
2021-10-21	-0.036823	-0.042599	-0.033935	-0.070036	-0.510000	75025000.000000
2021-10-20	-0.025334	-0.021112	-0.007741	-0.030964	-0.360000	44766900.000000
2021-10-19	-0.026712	-0.009589	-0.008219	-0.034247	-0.390000	28358300.000000
2021-10-18	-0.012179	-0.021651	-0.011502	-0.038566	-0.179999	31198900.000000
2021-10-15	0.022130	0.006916	0.033195	0.005532	0.320000	22290400.000000
2021-10-14	0.002774	0.008322	0.015257	-0.002080	0.040000	28393600.000000
2021-10-13	-0.018380	-0.019741	-0.011572	-0.029272	-0.270000	26261800.000000
2021-10-12	-0.004068	-0.002712	0.003390	-0.010847	-0.060000	13992400.000000
2021-10-11	0.012354	0.029513	0.036376	0.003432	0.180000	35259000.000000
2021-10-08	0.007607	0.021438	0.026971	0.000000	0.110000	28083200.000000
2021-10-07	0.029915	0.012108	0.039886	0.009972	0.420000	35423400.000000
2021-10-06	0.021834	-0.013100	0.027656	-0.016739	0.300000	31006800.000000
2021-10-05	-0.010799	0.000720	0.006479	-0.012959	-0.150001	35044300.000000
2021-10-04	-0.021831	-0.008451	0.000704	-0.023944	-0.309999	34494000.000000
2021-10-01	0.017921	0.024373	0.030108	0.004301	0.250000	25893100.000000
2021-09-30	-0.001432	0.023622	0.031496	-0.002863	-0.020000	42957800.000000
2021-09-29	0.012319	0.011594	0.031159	-0.003623	0.170000	44462700.000000
2021-09-28	-0.050894	-0.011004	-0.008941	-0.053645	-0.740000	41274000.000000
2021-09-27	0.003451	0.004831	0.024155	-0.020014	0.050000	55514900.000000
2021-09-24	-0.022267	-0.017544	-0.004049	-0.028340	-0.330000	35663800.000000
2021-09-23	-0.002759	-0.006796	0.022138	-0.013525	-0.041000	49957700.000000
2021-09-22	0.034005	0.172397	0.177267	0.135520	0.488729	53406800.000000
2021-09-21	0.014049	0.112667	0.128189	0.091500	0.199113	33936700.000000
2021-09-20	-0.039853	0.064259	0.070356	0.024290	-0.588285	69326400.000000
2021-09-17	-0.024522	0.093011	0.094332	0.053361	-0.371073	58015900.000000
2021-09-16	-0.051078	0.067281	0.074179	0.046588	-0.814550	41691100.000000
2021-09-15	-0.011778	0.097469	0.112342	0.080738	-0.190061	27295200.000000
2021-09-14	-0.014373	0.116510	0.116510	0.082917	-0.235315	28829000.000000
2021-09-13	0.003328	0.113485	0.115323	0.101841	0.054304	21016500.000000
2021-09-10	-0.001108	0.117148	0.129391	0.103069	-0.018101	29854800.000000
2021-09-09	0.003893	0.108593	0.119654	0.079710	0.063354	44470800.000000
2021-09-08	-0.039017	0.084237	0.084237	0.058843	-0.660690	33248600.000000
2021-09-07	-0.019392	0.099115	0.103168	0.083479	-0.334871	14956400.000000
2021-09-03	0.000524	0.119390	0.122287	0.102588	0.009050	20575400.000000
2021-09-02	-0.000524	0.108380	0.121120	0.096219	-0.009050	19720400.000000
2021-09-01	0.000524	0.079991	0.115335	0.076515	0.009050	21833900.000000
2021-08-31	-0.012940	0.098615	0.099186	0.082602	-0.226263	22341700.000000
2021-08-30	-0.006173	0.102632	0.107747	0.090128	-0.108608	15768400.000000
2021-08-27	0.035695	0.117267	0.146111	0.116090	0.606388	15286100.000000
2021-08-26	-0.016247	0.090428	0.105485	0.082900	-0.280567	14722900.000000
2021-08-25	0.008457	0.101986	0.117169	0.093226	0.144810	17660600.000000
2021-08-24	0.056393	0.153642	0.184488	0.149324	0.914104	42029000.000000
2021-08-23	-0.017553	0.097026	0.100663	0.084298	-0.289618	28666100.000000
2021-08-20	0.009413	0.104294	0.121424	0.099399	0.153860	30253300.000000
2021-08-19	-0.064733	0.049403	0.053980	0.029948	-1.131319	57005800.000000
2021-08-18	-0.050172	0.076644	0.084253	0.048926	-0.923157	39041200.000000
2021-08-17	-0.014542	0.108655	0.110261	0.072771	-0.271515	25808200.000000
2021-08-16	-0.000484	0.093128	0.108653	0.080281	-0.009050	20530000.000000
2021-08-13	-0.011494	0.103318	0.104906	0.086914	-0.217213	15920100.000000
2021-08-12	-0.007133	0.103329	0.108058	0.094923	-0.135759	16958200.000000
2021-08-11	-0.006144	0.107516	0.113782	0.093418	-0.117657	13997900.000000
2021-08-10	0.015355	0.106496	0.132475	0.105966	0.289618	17605000.000000
2021-08-09	-0.004776	0.090659	0.105433	0.078523	-0.090508	16929400.000000
2021-08-06	-0.001906	0.117018	0.119125	0.101219	-0.036200	22708200.000000
2021-08-05	-0.032734	0.084020	0.088604	0.064662	-0.642591	33534000.000000
2021-08-04	-0.002300	0.103381	0.112529	0.092200	-0.045252	30837700.000000
2021-08-03	0.024988	0.101780	0.134078	0.089798	0.479681	35585800.000000
2021-08-02	0.009039	0.130662	0.143803	0.114367	0.171959	25974900.000000
2021-07-30	-0.080892	0.066255	0.068671	0.013112	-1.674353	41709200.000000
2021-07-29	-0.003051	0.110204	0.115020	0.092383	-0.063353	30116800.000000
2021-07-28	0.034732	0.118860	0.147766	0.116867	0.696892	23867000.000000
2021-07-27	-0.016415	0.091180	0.098533	0.079905	-0.334871	18721800.000000
2021-07-26	0.026879	0.114470	0.138632	0.112959	0.533983	16925600.000000
2021-07-23	0.000456	0.115481	0.116488	0.095337	0.009050	19138100.000000
2021-07-22	-0.004989	0.100897	0.105407	0.084361	-0.099554	13670100.000000
2021-07-21	0.019417	0.104906	0.130447	0.101841	0.380123	18644200.000000
2021-07-20	0.013115	0.094555	0.124054	0.079547	0.253414	20235500.000000
2021-07-19	-0.032623	0.079373	0.081876	0.058346	-0.651640	26132700.000000
2021-07-16	-0.020852	0.110788	0.110788	0.081376	-0.425377	22619900.000000
2021-07-15	-0.005296	0.105393	0.117583	0.089302	-0.108604	17296400.000000
2021-07-14	0.011607	0.123156	0.131542	0.110825	0.235313	20484400.000000
2021-07-13	0.003584	0.103420	0.113816	0.097975	0.072405	13555700.000000
2021-07-12	-0.004460	0.090121	0.105891	0.084700	-0.090506	16920500.000000
2021-07-09	0.030331	0.122170	0.147558	0.112014	0.597336	16302300.000000
2021-07-08	-0.007752	0.077195	0.102386	0.067118	-0.153860	24261500.000000
2021-07-07	-0.001366	0.109937	0.121509	0.094340	-0.027149	25089200.000000
2021-07-06	-0.023132	0.088686	0.093601	0.069025	-0.470631	26079700.000000
2021-07-02	0.016734	0.122396	0.126894	0.105905	0.334869	20370600.000000
2021-07-01	-0.030688	0.107327	0.108296	0.066154	-0.633537	26176100.000000
2021-06-30	0.000439	0.098606	0.111205	0.085521	0.009052	23643800.000000
2021-06-29	0.016496	0.111309	0.130521	0.110817	0.334869	20723800.000000
2021-06-28	-0.011023	0.114162	0.115623	0.087854	-0.226265	26978300.000000
2021-06-25	0.001767	0.118570	0.131259	0.106370	0.036203	32446600.000000
2021-06-24	0.012341	0.112119	0.129411	0.103226	0.249796	26017200.000000
2021-06-23	0.012883	0.139457	0.156972	0.136455	0.257444	31702200.000000
2021-06-22	0.023182	0.130542	0.153071	0.126958	0.452753	25061600.000000
2021-06-21	0.022780	0.121733	0.156296	0.121733	0.434994	25854900.000000
2021-06-18	0.020399	0.147287	0.153165	0.132324	0.381733	30869900.000000
2021-06-17	-0.019079	0.130640	0.133261	0.094472	-0.363976	32693900.000000
2021-06-16	-0.029359	0.110674	0.112200	0.083200	-0.577036	32532300.000000
2021-06-15	-0.017310	0.115447	0.119946	0.093948	-0.346224	30966500.000000
2021-06-14	0.005804	0.134492	0.143041	0.119909	0.115408	25956000.000000
2021-06-11	0.007647	0.134047	0.139114	0.121886	0.150919	22649700.000000
2021-06-10	0.003612	0.125429	0.137635	0.118818	0.071020	34421600.000000
2021-06-09	0.012340	0.130050	0.153217	0.124902	0.239691	31167600.000000
2021-06-08	-0.017953	0.122402	0.125941	0.101673	-0.355101	26471000.000000
2021-06-07	-0.007572	0.108383	0.121930	0.108383	-0.150917	27500600.000000
2021-06-04	0.002232	0.140527	0.141030	0.119406	0.044388	20679100.000000
2021-06-03	-0.011910	0.112533	0.117502	0.093652	-0.239693	25924600.000000
2021-06-02	0.021171	0.118328	0.158413	0.115283	0.417242	43409400.000000
2021-06-01	0.031599	0.190830	0.193447	0.154712	0.603668	41512100.000000
2021-05-28	0.017975	0.123249	0.154687	0.116322	0.337345	39084900.000000
2021-05-27	0.021256	0.144404	0.158553	0.139507	0.390610	41706800.000000
2021-05-26	0.027805	0.119735	0.164479	0.118616	0.497137	34008100.000000
2021-05-25	-0.022804	0.141203	0.141750	0.095839	-0.417242	39800700.000000
2021-05-24	0.007824	0.119836	0.141869	0.114328	0.142040	24307000.000000
2021-05-21	-0.029426	0.122704	0.126981	0.085815	-0.550402	35357500.000000
2021-05-20	-0.001895	0.129648	0.131782	0.112572	-0.035511	29093400.000000
2021-05-19	-0.036073	0.090955	0.100728	0.068838	-0.701321	48593500.000000
2021-05-18	0.014359	0.135316	0.149925	0.128012	0.275202	40717500.000000
2021-05-17	0.026629	0.125911	0.160727	0.125375	0.497139	37285900.000000
2021-05-14	-0.011284	0.116914	0.126976	0.101555	-0.213060	29950900.000000
2021-05-13	-0.018459	0.100455	0.130605	0.092138	-0.355099	38785400.000000
2021-05-12	-0.045795	0.111070	0.120494	0.069405	-0.923256	34745800.000000
2021-05-11	0.029932	0.120316	0.162717	0.114186	0.585913	42737300.000000
2021-05-10	-0.001359	0.171851	0.174402	0.122875	-0.026632	42773100.000000
2021-05-07	0.010526	0.135726	0.144490	0.124384	0.204182	34101600.000000
2021-05-06	0.054028	0.148182	0.190023	0.141118	0.994278	40997500.000000
2021-05-05	0.017174	0.153530	0.160715	0.140264	0.310711	26637300.000000
2021-05-04	0.014435	0.121400	0.151678	0.119718	0.257446	28749600.000000
2021-05-03	-0.001491	0.129805	0.139323	0.123087	-0.026632	22234200.000000
2021-04-30	-0.044634	0.100772	0.110400	0.070819	-0.834482	36748500.000000
2021-04-29	0.004771	0.130208	0.135045	0.110861	0.088776	32035800.000000
2021-04-28	0.032512	0.125891	0.165289	0.124227	0.585913	32434900.000000
2021-04-27	0.017544	0.133786	0.149596	0.124752	0.310711	29662700.000000
2021-04-26	0.014751	0.147073	0.153949	0.136187	0.257448	24744500.000000
2021-04-23	0.010797	0.136871	0.142662	0.127025	0.186424	16821800.000000
2021-04-22	0.001545	0.127606	0.131667	0.102084	0.026634	30103800.000000
2021-04-21	0.013570	0.122331	0.147611	0.104693	0.230814	20570500.000000
2021-04-20	-0.013896	0.127026	0.127026	0.104416	-0.239691	25122800.000000
2021-04-19	-0.005120	0.124716	0.137405	0.118948	-0.088776	27786100.000000
2021-04-16	0.011917	0.121193	0.139870	0.109520	0.204182	27685400.000000
2021-04-15	0.020624	0.152657	0.155635	0.138360	0.346222	25754300.000000
2021-04-14	0.039582	0.127066	0.179703	0.127066	0.639177	25259200.000000
2021-04-13	0.005528	0.125824	0.142636	0.118351	0.088776	16911500.000000
2021-04-12	-0.007135	0.134484	0.136956	0.115936	-0.115406	19816000.000000
2021-04-09	-0.032395	0.108500	0.115678	0.088160	-0.541527	19611300.000000
2021-04-08	0.009651	0.137922	0.146378	0.125238	0.159794	24584800.000000
2021-04-07	0.018569	0.133214	0.159052	0.132598	0.301836	29545700.000000
2021-04-06	0.001641	0.128911	0.146165	0.125830	0.026630	22398900.000000
2021-04-05	0.067757	0.172504	0.208035	0.170530	1.029787	38306900.000000
2021-04-01	-0.014960	0.127094	0.134872	0.097281	-0.230813	20811700.000000
2021-03-31	0.021151	0.125784	0.154243	0.125123	0.319588	26083700.000000
2021-03-30	0.003538	0.127110	0.130431	0.111834	0.053267	20101100.000000
2021-03-29	0.013142	0.129811	0.147979	0.125773	0.195303	22626500.000000
2021-03-26	0.024480	0.154021	0.160226	0.122310	0.355099	31425000.000000
2021-03-25	-0.020971	0.114973	0.118347	0.083251	-0.310711	32105100.000000
2021-03-24	0.006635	0.144111	0.161096	0.128484	0.097652	26472000.000000
2021-03-23	-0.025279	0.125784	0.132406	0.094659	-0.381732	38210900.000000
2021-03-22	-0.013913	0.097061	0.115345	0.084001	-0.213058	25653900.000000
2021-03-19	-0.001736	0.121883	0.130357	0.102327	-0.026634	29946100.000000
2021-03-18	-0.015945	0.116183	0.145691	0.103353	-0.248568	21987200.000000
2021-03-17	0.021524	0.121204	0.155934	0.115962	0.328465	21525600.000000
2021-03-16	-0.002900	0.144741	0.147355	0.118606	-0.044387	17837500.000000
2021-03-15	-0.021566	0.104071	0.105989	0.088088	-0.337344	20839400.000000
2021-03-12	-0.022198	0.102692	0.109568	0.087689	-0.355099	26400700.000000
2021-03-11	0.046458	0.155883	0.186628	0.155883	0.710198	30339000.000000
2021-03-10	0.012346	0.117837	0.145651	0.107242	0.186426	45183100.000000
2021-03-09	-0.012195	0.098972	0.125138	0.072152	-0.186426	37627400.000000
2021-03-08	-0.029312	0.115017	0.133431	0.088983	-0.461629	47401300.000000
2021-03-05	0.060180	0.152499	0.194909	0.151152	0.893961	40994500.000000
2021-03-04	-0.021253	0.189281	0.201800	0.135911	-0.322557	37424400.000000
2021-03-03	-0.003900	0.159047	0.189237	0.141326	-0.059421	42451000.000000
2021-03-02	0.023959	0.160607	0.215714	0.158591	0.356512	36881000.000000
2021-03-01	0.037278	0.210146	0.238726	0.196204	0.534769	34783500.000000
2021-02-26	-0.028736	0.192975	0.192975	0.140165	-0.424418	30064700.000000
2021-02-25	-0.036011	0.181996	0.187870	0.124560	-0.551745	31641600.000000
2021-02-24	0.008380	0.168208	0.194533	0.162284	0.127325	20345600.000000
2021-02-23	0.021107	0.174719	0.206305	0.145150	0.314070	32639600.000000
2021-02-22	-0.037870	0.113421	0.169028	0.105016	-0.585698	43032900.000000
2021-02-19	0.013348	0.184632	0.210185	0.183321	0.203722	30013600.000000
2021-02-18	0.006156	0.186650	0.193243	0.165554	0.093371	23664300.000000
2021-02-17	-0.008874	0.176119	0.187227	0.153250	-0.135816	29903400.000000
2021-02-16	0.030286	0.200968	0.217125	0.197602	0.449886	17515200.000000
2021-02-12	0.007484	0.167228	0.194357	0.161802	0.110348	10500800.000000
2021-02-11	-0.015864	0.180082	0.184754	0.154718	-0.237674	17275500.000000
2021-02-10	0.000567	0.181419	0.188765	0.168730	0.008491	27846100.000000
2021-02-09	-0.000567	0.150046	0.178080	0.139367	-0.008491	25655600.000000
2021-02-08	0.022596	0.184223	0.219715	0.183540	0.331048	37457800.000000
2021-02-05	0.046061	0.194502	0.236627	0.193787	0.645118	23718600.000000
2021-02-04	-0.023091	0.175290	0.178777	0.145995	-0.331047	31559000.000000
2021-02-03	0.031136	0.201814	0.244967	0.198218	0.432908	38262100.000000
2021-02-02	-0.021505	0.178080	0.179487	0.149226	-0.305582	31693300.000000
2021-02-01	0.036533	0.201423	0.232789	0.181727	0.500815	25607800.000000
2021-01-29	-0.035821	0.150650	0.161200	0.131660	-0.509304	22826400.000000
2021-01-28	0.014537	0.178793	0.204481	0.158100	0.203720	27265100.000000
2021-01-27	-0.038439	0.147204	0.159554	0.123876	-0.560233	29628800.000000
2021-01-26	0.012979	0.206576	0.216306	0.189200	0.186744	24582600.000000
2021-01-25	-0.015107	0.177395	0.177395	0.143169	-0.220696	16259900.000000
2021-01-22	-0.014883	0.140991	0.161896	0.133573	-0.220698	23447600.000000
2021-01-21	0.001146	0.196983	0.198333	0.168628	0.016976	33202800.000000
2021-01-20	-0.009086	0.190790	0.192128	0.149313	-0.135816	21869500.000000
2021-01-19	-0.001700	0.178080	0.182087	0.154705	-0.025462	29263400.000000
2021-01-15	-0.068638	0.137027	0.137649	0.095353	-1.103494	33742200.000000
2021-01-14	0.043526	0.200798	0.229357	0.194956	0.670585	25737600.000000
2021-01-13	-0.029930	0.161709	0.164857	0.134634	-0.475349	21136400.000000
2021-01-12	0.005373	0.169217	0.191373	0.166052	0.084882	25180300.000000
2021-01-11	-0.016385	0.143833	0.161890	0.138852	-0.263140	36916800.000000
2021-01-08	-0.000528	0.174968	0.178702	0.151942	-0.008490	42156400.000000
2021-01-07	0.042401	0.193000	0.232572	0.185865	0.653608	71389700.000000
2021-01-06	0.026569	0.186737	0.222033	0.178080	0.398953	38234200.000000
2021-01-05	0.016667	0.161153	0.198392	0.157091	0.246164	38460700.000000
2021-01-04	0.038186	0.230095	0.244153	0.209008	0.543256	44854800.000000
2020-12-31	-0.011209	0.178080	0.179470	0.164179	-0.161280	8228600.000000
2020-12-30	0.006532	0.168985	0.187174	0.166887	0.093374	19434900.000000
2020-12-29	0.006575	0.191459	0.197092	0.171742	0.093371	21124200.000000
2020-12-28	-0.009473	0.178777	0.181567	0.159247	-0.135814	18639400.000000
2020-12-24	0.003565	0.182980	0.184380	0.171780	0.050930	9039900.000000
2020-12-23	0.001786	0.182287	0.189300	0.175275	0.025467	15523200.000000
2020-12-22	-0.011765	0.162141	0.168378	0.150360	-0.169770	19819500.000000
2020-12-21	-0.021301	0.134673	0.161802	0.132639	-0.314072	25899100.000000
2020-12-18	0.008125	0.181498	0.193806	0.177396	0.118838	25577300.000000
2020-12-17	0.017119	0.198943	0.212852	0.194075	0.246164	29416300.000000
2020-12-16	0.016197	0.178787	0.199281	0.166066	0.229187	16764200.000000
2020-12-15	0.012758	0.198836	0.200267	0.185237	0.178256	16439100.000000
2020-12-14	-0.023725	0.170394	0.173887	0.141046	-0.339537	30601700.000000
2020-12-11	-0.008235	0.161448	0.172536	0.157290	-0.118837	31929200.000000
2020-12-10	0.056557	0.203706	0.248369	0.200777	0.772443	42094300.000000
2020-12-09	-0.006177	0.185356	0.187539	0.159888	-0.084883	29604200.000000
2020-12-08	-0.005528	0.167225	0.190382	0.165054	-0.076397	28022200.000000
2020-12-07	0.014330	0.187622	0.195696	0.182484	0.195234	42044100.000000
2020-12-04	0.046284	0.210335	0.241054	0.207263	0.602675	44203800.000000
2020-12-03	0.000652	0.191912	0.208819	0.173469	0.008489	35956800.000000
2020-12-02	-0.019821	0.132885	0.175067	0.117820	-0.263141	50382300.000000
2020-12-01	0.074176	0.233100	0.268701	0.227436	0.916746	52575100.000000
2020-11-30	-0.011541	0.182879	0.184478	0.151687	-0.144301	42430500.000000
2020-11-27	0.030070	0.194556	0.215976	0.191261	0.364999	33007800.000000
2020-11-25	0.020700	0.178921	0.204988	0.173875	0.246163	57687200.000000
2020-11-24	0.062168	0.186118	0.253998	0.184332	0.696049	65536300.000000
2020-11-23	0.040221	0.207810	0.225463	0.196661	0.432907	49044900.000000
2020-11-20	-0.006269	0.174387	0.179003	0.163308	-0.067905	17653700.000000
2020-11-19	0.029032	0.192331	0.215132	0.189481	0.305582	31339700.000000
2020-11-18	-0.012739	0.184645	0.189335	0.160258	-0.135816	24819700.000000
2020-11-17	0.041459	0.189802	0.253297	0.185895	0.424419	53277200.000000
2020-11-16	0.032534	0.183123	0.217416	0.177071	0.322559	74107400.000000
2020-11-13	0.016536	0.180130	0.197561	0.169877	0.161280	34190900.000000
2020-11-12	-0.029561	0.166140	0.169125	0.137285	-0.297093	18307900.000000
2020-11-11	0.009378	0.185110	0.192140	0.176071	0.093372	27244400.000000
2020-11-10	-0.005932	0.172089	0.192057	0.161107	-0.059420	40528800.000000
2020-11-09	0.002549	0.222120	0.225123	0.174076	0.025466	41421800.000000
2020-11-06	0.038835	0.195756	0.230069	0.193677	0.373489	25898600.000000
2020-11-05	0.045203	0.206336	0.240027	0.204163	0.415931	24749700.000000
2020-11-04	-0.013649	0.175936	0.187727	0.156641	-0.127325	25124600.000000
2020-11-03	0.025187	0.201158	0.212147	0.192366	0.229186	27845500.000000
2020-11-02	0.014191	0.194798	0.201485	0.185882	0.127325	10000400.000000
2020-10-30	-0.018570	0.170423	0.182455	0.143076	-0.169768	33879000.000000
2020-10-29	0.022792	0.171367	0.217237	0.162417	0.203723	32565000.000000
2020-10-28	-0.046196	0.154603	0.159939	0.118322	-0.432909	26833700.000000
2020-10-27	-0.008977	0.172792	0.181252	0.166447	-0.084884	25867000.000000
2020-10-26	-0.015031	0.172872	0.177038	0.149956	-0.144302	18734800.000000
2020-10-23	0.000885	0.175995	0.191633	0.160356	0.008488	29461400.000000
2020-10-22	0.003552	0.177033	0.197958	0.172848	0.033954	20007200.000000
2020-10-21	0.015329	0.179142	0.204637	0.174893	0.144302	21332900.000000
2020-10-20	-0.003594	0.173846	0.191840	0.168554	-0.033953	17613900.000000
2020-10-19	0.003607	0.186578	0.203575	0.180204	0.033953	16480400.000000
2020-10-16	-0.008050	0.182295	0.184402	0.168596	-0.076394	11870300.000000
2020-10-15	-0.014109	0.156264	0.171847	0.150030	-0.135815	16506000.000000
2020-10-14	0.011597	0.179131	0.193843	0.178080	0.110349	28812000.000000
2020-10-13	-0.000891	0.156030	0.185430	0.151830	-0.008489	22460500.000000
2020-10-12	0.002681	0.186502	0.189661	0.177027	0.025466	14906300.000000
2020-10-09	0.012670	0.189807	0.195138	0.178080	0.118837	26233200.000000
2020-10-08	0.027907	0.178080	0.212052	0.173696	0.254651	28357800.000000
2020-10-07	0.023810	0.198275	0.220715	0.187056	0.212210	30304400.000000
2020-10-06	-0.023256	0.191230	0.197806	0.143011	-0.212210	25228400.000000
2020-10-05	0.034649	0.198489	0.223434	0.193954	0.305582	23405500.000000
2020-10-02	-0.001921	0.169026	0.192792	0.166763	-0.016977	24827800.000000
2020-10-01	-0.016068	0.178080	0.182534	0.145788	-0.144302	21543500.000000
2020-09-30	0.016330	0.195055	0.214293	0.184870	0.144302	27303800.000000
2020-09-29	-0.007626	0.175834	0.203910	0.167972	-0.067905	28434600.000000
2020-09-28	-0.023278	0.193436	0.197824	0.146269	-0.212211	37726900.000000
2020-09-25	0.003738	0.154959	0.184686	0.154959	0.033955	45987900.000000
2020-09-24	0.004695	0.178080	0.201310	0.167018	0.042441	73935000.000000
2020-09-23	0.000940	0.150399	0.188045	0.150399	0.008487	84017800.000000
2020-09-22	-0.003092	0.189890	0.190994	0.157880	-0.028011	29599100.000000
2020-09-21	-0.033015	0.201839	0.207176	0.160213	-0.309314	41534200.000000
2020-09-18	-0.031145	0.220250	0.237830	0.190261	-0.301175	46196400.000000
2020-09-17	0.025022	0.208383	0.265623	0.207323	0.236056	34170400.000000
2020-09-16	-0.021115	0.221260	0.226448	0.197395	-0.203497	21364400.000000
2020-09-15	0.007660	0.246298	0.263026	0.230614	0.073259	44035400.000000
2020-09-14	0.006855	0.249578	0.249578	0.221154	0.065119	32208500.000000
2020-09-11	0.053249	0.273983	0.300594	0.268439	0.480252	45763700.000000
2020-09-10	-0.021201	0.229609	0.238291	0.194880	-0.195356	21228700.000000
2020-09-09	0.025362	0.264132	0.269696	0.248553	0.227915	25713500.000000
2020-09-08	-0.029877	0.190739	0.210171	0.181023	-0.276754	25425900.000000
2020-09-04	0.012455	0.238360	0.250383	0.211035	0.113957	20092400.000000
2020-09-03	-0.016623	0.211326	0.232822	0.193054	-0.154657	27030500.000000
2020-09-02	-0.006087	0.233865	0.233865	0.205021	-0.056978	25120500.000000
2020-09-01	0.045454	0.255327	0.294417	0.251977	0.406992	20222200.000000
2020-08-31	-0.026549	0.223087	0.224175	0.193733	-0.244195	18476000.000000
2020-08-28	0.033852	0.248755	0.279103	0.245383	0.301173	16052000.000000
2020-08-27	-0.010860	0.240753	0.244088	0.200729	-0.097677	16175300.000000
2020-08-26	-0.015152	0.229618	0.238378	0.196770	-0.138378	26074600.000000
2020-08-25	-0.007080	0.216564	0.222000	0.198082	-0.065118	23660100.000000
2020-08-24	0.019856	0.247372	0.254025	0.238502	0.179077	20285500.000000
2020-08-21	-0.026362	0.203694	0.213410	0.187500	-0.244196	22804600.000000
2020-08-20	0.005300	0.197051	0.236120	0.195965	0.048840	24466300.000000
2020-08-19	-0.024138	0.230641	0.236996	0.194633	-0.227918	20971900.000000
2020-08-18	0.021127	0.255559	0.272863	0.243663	0.195357	26357700.000000
2020-08-17	0.002648	0.233945	0.250209	0.217680	0.024419	28306900.000000
2020-08-14	0.004433	0.232880	0.237236	0.220899	0.040701	17319600.000000
2020-08-13	-0.002653	0.245903	0.248075	0.218747	-0.024421	17539900.000000
2020-08-12	0.012534	0.238422	0.256019	0.226324	0.113959	26197700.000000
2020-08-11	-0.016725	0.243663	0.250152	0.204731	-0.154658	30996700.000000
2020-08-10	0.017921	0.254943	0.268153	0.230725	0.162797	42324800.000000
2020-08-07	-0.032090	0.205082	0.206148	0.178445	-0.301175	42556500.000000
2020-08-06	-0.019558	0.215987	0.229568	0.201362	-0.187216	26619900.000000
2020-08-05	0.023499	0.257392	0.277707	0.252046	0.219775	26444700.000000
2020-08-04	0.006130	0.202705	0.237129	0.196250	0.056980	75671000.000000
2020-08-03	-0.018900	0.245410	0.247521	0.195805	-0.179078	28077800.000000
2020-07-31	-0.017721	0.222303	0.223340	0.201568	-0.170936	18876900.000000
2020-07-30	-0.019851	0.212265	0.226491	0.186861	-0.195357	29433700.000000
2020-07-29	0.029813	0.246313	0.271427	0.244220	0.284895	24691900.000000
2020-07-28	-0.014274	0.202736	0.216145	0.195515	-0.138377	20529100.000000
2020-07-27	0.057726	0.250344	0.302715	0.238343	0.529090	42063100.000000
2020-07-24	-0.002657	0.220906	0.233964	0.206760	-0.024420	36014200.000000
2020-07-23	-0.025043	0.229584	0.237010	0.197757	-0.236054	27353300.000000
2020-07-22	0.010471	0.256395	0.256395	0.233883	0.097677	28233600.000000
2020-07-21	0.001748	0.228523	0.243558	0.218858	0.016280	27836500.000000
2020-07-20	0.011494	0.229609	0.249161	0.227437	0.105818	20665900.000000
2020-07-17	0.002660	0.244860	0.247038	0.231791	0.024421	25853400.000000
2020-07-16	-0.022530	0.220007	0.223200	0.199780	-0.211637	27862000.000000
2020-07-15	-0.005172	0.243350	0.247586	0.198869	-0.048840	23632600.000000
2020-07-14	0.076067	0.229663	0.326532	0.222825	0.667469	48474200.000000
2020-07-13	-0.000927	0.245602	0.264957	0.223969	-0.008141	25884400.000000
2020-07-10	0.015052	0.221589	0.250482	0.216966	0.130239	23732700.000000
2020-07-09	-0.012082	0.242224	0.245649	0.201121	-0.105819	19137300.000000
2020-07-08	0.027698	0.262551	0.273111	0.244950	0.236056	22815900.000000
2020-07-07	-0.012264	0.235477	0.242431	0.213456	-0.105819	15840200.000000
2020-07-06	0.018252	0.249766	0.267468	0.243865	0.154657	22903600.000000
2020-07-02	0.012646	0.244059	0.267960	0.238084	0.105819	17517400.000000
2020-07-01	-0.002910	0.235673	0.245205	0.204691	-0.024421	22874200.000000
2020-06-30	0.009794	0.218897	0.252588	0.210474	0.081399	21777400.000000
2020-06-29	0.001963	0.239374	0.245402	0.217673	0.016280	14625700.000000
2020-06-26	-0.035038	0.204092	0.219216	0.177335	-0.301175	18614800.000000
2020-06-25	0.015385	0.234430	0.247424	0.213167	0.130239	32098700.000000
2020-06-24	-0.037037	0.218285	0.219423	0.173922	-0.325595	18254600.000000
2020-06-23	0.032505	0.268456	0.289597	0.259060	0.276755	24413500.000000
2020-06-22	0.014549	0.244014	0.267845	0.236864	0.122097	17825600.000000
2020-06-19	-0.022749	0.223865	0.232017	0.197082	-0.195355	43773700.000000
2020-06-18	-0.017691	0.198782	0.210221	0.193063	-0.154657	34436100.000000
2020-06-17	0.007505	0.221608	0.242353	0.212389	0.065119	34889800.000000
2020-06-16	0.004713	0.252839	0.258628	0.206523	0.040699	43970200.000000
2020-06-15	-0.001881	0.167270	0.226212	0.163803	-0.016279	33837300.000000
2020-06-12	0.037073	0.266877	0.282458	0.230920	0.309315	31964800.000000
2020-06-11	-0.069873	0.172783	0.183931	0.134879	-0.626770	30162500.000000
2020-06-10	-0.017825	0.233998	0.235093	0.197865	-0.162797	30075000.000000
2020-06-09	-0.004437	0.200181	0.227433	0.195821	-0.040699	19166500.000000
2020-06-08	0.020833	0.240764	0.257456	0.218508	0.187217	31123800.000000
2020-06-05	0.018450	0.271589	0.284056	0.235323	0.162797	46686600.000000
2020-06-04	0.025544	0.222712	0.264554	0.213414	0.219778	41536200.000000
2020-06-03	0.030214	0.271629	0.285998	0.253668	0.252334	35975700.000000
2020-06-02	0.042683	0.254742	0.280960	0.250996	0.341874	29054600.000000
2020-06-01	0.008197	0.238593	0.256215	0.234817	0.065118	26790500.000000
2020-05-29	0.048335	0.252276	0.293182	0.239080	0.366294	37186400.000000
2020-05-28	-0.027168	0.238793	0.240077	0.191295	-0.211637	24760200.000000
2020-05-27	0.050494	0.256843	0.293253	0.240660	0.374434	28978600.000000
2020-05-26	0.014477	0.280510	0.280510	0.236732	0.105818	31909200.000000
2020-05-22	-0.016429	0.213722	0.231214	0.196229	-0.122098	23412900.000000
2020-05-21	-0.015102	0.228523	0.244426	0.199367	-0.113958	34691000.000000
2020-05-20	0.022051	0.266449	0.279994	0.243423	0.162798	23435300.000000
2020-05-19	0.006659	0.231250	0.253066	0.218979	0.048839	32715500.000000
2020-05-18	0.089480	0.328053	0.341422	0.307256	0.602349	35793000.000000
2020-05-15	0.003641	0.247905	0.270269	0.227032	0.024420	30860000.000000
2020-05-14	0.007335	0.192479	0.242040	0.180464	0.048839	30912200.000000
2020-05-13	0.009877	0.263407	0.264924	0.216390	0.065119	27974900.000000
2020-05-12	-0.015796	0.253900	0.261363	0.207625	-0.105818	20347500.000000
2020-05-11	-0.034038	0.211220	0.225639	0.183823	-0.236057	23699300.000000
2020-05-08	0.074401	0.262606	0.326123	0.262606	0.480252	27540800.000000
2020-05-07	0.019280	0.247472	0.279054	0.244314	0.122098	22828200.000000
2020-05-06	-0.003841	0.225377	0.239534	0.209647	-0.024419	20273800.000000
2020-05-05	-0.021303	0.239300	0.259313	0.202352	-0.138378	17398800.000000
2020-05-04	0.000000	0.200812	0.230063	0.194654	0.000000	15604500.000000
2020-05-01	-0.032727	0.191295	0.197252	0.173426	-0.219776	15991000.000000
2020-04-30	-0.058219	0.180841	0.190658	0.151390	-0.415133	25434800.000000
2020-04-29	0.080148	0.252761	0.333046	0.249731	0.529091	36265100.000000
2020-04-28	0.029188	0.259704	0.275294	0.214492	0.187216	24653700.000000
2020-04-27	0.027379	0.265363	0.276575	0.242939	0.170937	26284500.000000
2020-04-24	-0.024173	0.223834	0.228523	0.150373	-0.154657	45475600.000000
2020-04-23	-0.013802	0.222357	0.267059	0.210026	-0.089539	27748900.000000
2020-04-22	0.023107	0.237985	0.264795	0.231677	0.146517	21909700.000000
2020-04-21	-0.025031	0.205460	0.211610	0.168558	-0.162797	21564500.000000
2020-04-20	-0.044258	0.182968	0.196194	0.163864	-0.301174	25888800.000000
2020-04-17	0.028290	0.251190	0.270834	0.237590	0.187216	18665000.000000
2020-04-16	-0.015739	0.227036	0.227036	0.185391	-0.105818	21048400.000000
2020-04-15	-0.038417	0.175607	0.192769	0.155584	-0.268615	18345600.000000
2020-04-14	0.002334	0.261494	0.272962	0.225656	0.016280	20187000.000000
2020-04-13	0.008235	0.221296	0.242976	0.205398	0.056979	18465100.000000
2020-04-09	0.007109	0.257635	0.276558	0.222701	0.048840	22372400.000000
2020-04-08	0.007160	0.225591	0.250513	0.218261	0.048839	19323300.000000
2020-04-07	0.033292	0.314868	0.317898	0.261849	0.219777	22663200.000000
2020-04-06	0.069921	0.311181	0.340354	0.282008	0.431411	27421600.000000
2020-04-03	-0.069939	0.201390	0.217971	0.123006	-0.463971	28712900.000000
2020-04-02	0.000000	0.257164	0.276760	0.195361	0.000000	27479500.000000
2020-04-01	-0.016888	0.176655	0.244824	0.176655	-0.113958	27309500.000000
2020-03-31	0.031095	0.256027	0.311036	0.248387	0.203496	34289000.000000
2020-03-30	0.025510	0.264564	0.277100	0.233224	0.162797	18079900.000000
2020-03-27	-0.057692	0.141404	0.203421	0.134021	-0.390713	21021000.000000
2020-03-26	0.034826	0.271308	0.292700	0.216299	0.227916	25869700.000000
2020-03-25	0.072000	0.261284	0.349737	0.228523	0.439552	32929700.000000
2020-03-24	0.139818	0.372287	0.420830	0.348015	0.748867	32700300.000000
2020-03-23	-0.057307	0.177481	0.228523	0.142280	-0.325594	32474300.000000
2020-03-20	-0.027855	0.298676	0.348296	0.175481	-0.162797	36080700.000000
2020-03-19	-0.029730	0.200300	0.258406	0.135554	-0.179077	31102400.000000
2020-03-18	-0.094247	0.130783	0.205968	0.040561	-0.626769	50289600.000000
2020-03-17	0.034177	0.262735	0.343600	0.198976	0.219776	30640800.000000
2020-03-16	-0.091954	0.002588	0.176276	0.002588	-0.651188	33107300.000000
2020-03-13	0.215084	0.552812	0.587129	0.326325	1.253538	56593800.000000
2020-03-12	-0.157647	0.072428	0.110007	-0.044643	-1.090741	77801900.000000
2020-03-11	-0.095745	0.207612	0.237672	0.067770	-0.732586	73917200.000000
2020-03-10	0.179423	0.358004	0.495191	0.342589	1.163999	71490600.000000
2020-03-09	-0.163694	0.069963	0.131840	0.011952	-1.269817	59785500.000000
2020-03-06	-0.058300	0.143546	0.200602	0.143546	-0.480251	42161900.000000
2020-03-05	-0.041667	0.193622	0.195949	0.149414	-0.358154	59129800.000000
2020-03-04	0.033268	0.263384	0.283819	0.240544	0.276756	46153500.000000
2020-03-03	-0.004869	0.269195	0.305081	0.214168	-0.040701	64799000.000000
2020-03-02	0.045825	0.264804	0.308590	0.248540	0.366295	55830000.000000
2020-02-28	-0.010081	0.188893	0.218616	0.180224	-0.081399	58968300.000000
2020-02-27	-0.025540	0.182665	0.226110	0.165769	-0.211637	51569800.000000
2020-02-26	-0.012609	0.238056	0.259504	0.203500	-0.105819	49291900.000000
2020-02-25	-0.023674	0.243647	0.258771	0.191295	-0.203496	41068900.000000
2020-02-24	-0.075306	0.177962	0.181190	0.128477	-0.700027	50569600.000000
2020-02-21	-0.036287	0.184981	0.190164	0.168393	-0.350014	39728000.000000
2020-02-20	-0.016597	0.232601	0.235660	0.204055	-0.162797	19394100.000000
2020-02-19	0.002496	0.231589	0.236700	0.224435	0.024419	16228000.000000
2020-02-18	0.012637	0.244048	0.257503	0.234733	0.122098	25402600.000000
2020-02-14	-0.005029	0.231613	0.235732	0.212047	-0.048839	15698400.000000
2020-02-13	-0.015676	0.214332	0.219401	0.204196	-0.154656	21709300.000000
2020-02-12	0.016779	0.257381	0.259443	0.249136	0.162797	24756300.000000
2020-02-11	0.027586	0.263472	0.275122	0.260295	0.260473	30155800.000000
2020-02-10	-0.036545	0.203014	0.206075	0.174444	-0.358153	29912200.000000
2020-02-07	-0.029032	0.208708	0.208708	0.186912	-0.293034	37275400.000000
2020-02-06	-0.003216	0.248274	0.248274	0.214697	-0.032560	16383000.000000
2020-02-05	0.017171	0.261672	0.263681	0.247609	0.170938	17816600.000000
2020-02-04	0.027731	0.267753	0.274980	0.260527	0.268615	21074000.000000
2020-02-03	0.014493	0.238997	0.254707	0.237949	0.138377	17943900.000000
2020-01-31	-0.023314	0.204996	0.210111	0.185561	-0.227917	23213800.000000
2020-01-30	0.005021	0.213102	0.237776	0.199738	0.048840	26128300.000000
2020-01-29	-0.018883	0.220454	0.225497	0.201290	-0.187217	21947600.000000
2020-01-28	0.015000	0.254117	0.259236	0.236713	0.146518	25003800.000000
2020-01-27	-0.065421	0.156764	0.162504	0.142412	-0.683748	40353800.000000
2020-01-24	-0.034586	0.218362	0.219286	0.178643	-0.374434	30560900.000000
2020-01-23	-0.008942	0.202891	0.220284	0.195567	-0.097677	26282200.000000
2020-01-22	0.012830	0.239649	0.249848	0.237795	0.138377	14244400.000000
2020-01-21	-0.027880	0.219510	0.219510	0.188864	-0.309316	23668300.000000
2020-01-17	0.035714	0.257463	0.276133	0.249994	0.382574	22030300.000000
2020-01-16	-0.007542	0.230376	0.230376	0.214626	-0.081399	13701700.000000
2020-01-15	-0.014126	0.227610	0.227610	0.202948	-0.154656	15928300.000000
2020-01-14	0.009760	0.242358	0.249737	0.233135	0.105819	17567200.000000
2020-01-13	0.026985	0.227576	0.269253	0.226629	0.284894	26080400.000000
2020-01-10	-0.001540	0.236089	0.242709	0.222849	-0.016280	14055100.000000
2020-01-09	-0.017398	0.219230	0.221089	0.204362	-0.187217	17937000.000000
2020-01-08	-0.000756	0.223880	0.241523	0.218309	-0.008140	24916400.000000
2020-01-07	0.006849	0.220109	0.244417	0.219174	0.073258	18859600.000000
2020-01-06	-0.011287	0.209111	0.220204	0.206338	-0.122098	19213300.000000
2020-01-03	-0.011896	0.208428	0.228523	0.208428	-0.130237	17770000.000000
2020-01-02	0.018939	0.238761	0.253652	0.236900	0.203497	19410400.000000
