2022-12-30	0.003566	0.017015	0.026846	0.010805	0.137836	44007200.000000
2022-12-29	0.011595	0.018076	0.034564	0.015721	0.443031	17347000.000000
2022-12-28	-0.011210	0.014168	0.026331	-0.001359	-0.433189	21793200.000000
2022-12-27	0.021869	0.017836	0.041901	0.013341	0.827000	25315900.000000
2022-12-23	0.002610	0.015721	0.021819	0.005381	0.098450	16918300.000000
2022-12-22	0.014029	0.013032	0.030239	0.004698	0.521801	26865300.000000
2022-12-21	0.021357	0.023410	0.039336	0.022586	0.777771	24504300.000000
2022-12-20	-0.001080	0.014624	0.020658	0.004475	-0.039379	24147300.000000
2022-12-19	-0.002425	0.021467	0.025298	0.000945	-0.088608	26127200.000000
2022-12-16	-0.017209	0.008729	0.010342	-0.013861	-0.639942	62763800.000000
2022-12-15	0.008545	0.023858	0.039860	0.021417	0.315048	33007200.000000
2022-12-14	-0.010829	0.015989	0.021891	-0.000913	-0.403652	23329800.000000
2022-12-13	-0.002372	0.027497	0.033653	0.012777	-0.088608	30176800.000000
2022-12-12	0.014706	0.023597	0.030929	0.012462	0.541485	19629600.000000
2022-12-09	0.008086	0.018733	0.030231	0.011888	0.295361	20671200.000000
2022-12-08	-0.001883	0.014081	0.017634	0.007523	-0.068916	19549100.000000
2022-12-07	0.007590	0.011591	0.027285	0.009663	0.275665	23065900.000000
2022-12-06	-0.004856	0.013529	0.015721	0.003665	-0.177216	26293700.000000
2022-12-05	-0.029073	0.010400	0.013859	-0.018332	-1.092819	27561000.000000
2022-12-02	-0.003913	0.005121	0.014926	-0.000974	-0.147678	21677100.000000
2022-12-01	-0.016675	0.020932	0.022235	-0.014766	-0.639938	26276600.000000
2022-11-30	0.016693	0.012277	0.036915	0.010687	0.630093	31358800.000000
2022-11-29	0.002615	0.009877	0.019174	0.008018	0.098450	14008800.000000
2022-11-28	-0.019990	0.015461	0.017543	-0.007446	-0.767925	21560900.000000
2022-11-25	0.002569	0.020418	0.027204	0.017026	0.098454	7725700.000000
2022-11-23	-0.007143	0.011316	0.015721	0.000433	-0.275669	14170000.000000
2022-11-22	0.015018	0.021507	0.034131	0.021507	0.571026	19809500.000000
2022-11-21	0.001816	0.017038	0.031003	0.014930	0.068916	19184200.000000
2022-11-18	0.010220	0.019181	0.031958	0.019181	0.383965	17821700.000000
2022-11-17	0.007392	0.006872	0.023765	-0.000099	0.275665	18780400.000000
2022-11-16	0.004774	0.014643	0.025689	0.013835	0.177212	18962200.000000
2022-11-15	-0.015923	0.020493	0.029508	-0.006815	-0.600559	25074100.000000
2022-11-14	0.000261	0.019699	0.034020	0.015721	0.009850	23028500.000000
2022-11-11	-0.005711	0.016512	0.020203	-0.003001	-0.216599	22981000.000000
2022-11-10	0.023924	0.034081	0.040830	0.021121	0.886074	23049000.000000
2022-11-09	-0.006602	0.017062	0.022694	0.008211	-0.246132	17574600.000000
2022-11-08	0.018284	0.015994	0.037570	0.014902	0.669476	17392700.000000
2022-11-07	-0.001343	0.017903	0.021449	0.008629	-0.049229	19697600.000000
2022-11-04	0.002423	0.021189	0.021736	0.006151	0.088608	17599400.000000
2022-11-03	-0.014850	0.006294	0.011142	-0.000171	-0.551331	22329800.000000
2022-11-02	0.009098	0.012459	0.042357	0.010013	0.334740	30648900.000000
2022-11-01	0.000000	0.032301	0.035291	0.013818	0.000000	22968900.000000
2022-10-31	-0.007964	0.011407	0.012216	-0.001805	-0.295357	26630600.000000
2022-10-28	0.041183	0.033127	0.067939	0.026670	1.466934	31824300.000000
2022-10-27	-0.006862	0.022970	0.023807	0.007357	-0.246128	20268000.000000
2022-10-26	0.000000	0.014327	0.023528	0.009308	0.000000	20328200.000000
2022-10-25	0.012788	0.014027	0.030122	0.010920	0.452877	25496500.000000
2022-10-24	0.017539	0.024628	0.045604	0.022042	0.610409	28844800.000000
2022-10-21	-0.044595	-0.024908	-0.019967	-0.051536	-1.624466	51671100.000000
2022-10-20	0.011758	0.015721	0.042385	0.015165	0.423347	35523700.000000
2022-10-19	-0.013488	0.002021	0.023941	0.001747	-0.492264	29563600.000000
2022-10-18	-0.002959	0.029107	0.029927	0.006159	-0.108295	27488600.000000
2022-10-17	0.021990	0.025214	0.041407	0.021584	0.787617	21962900.000000
2022-10-14	-0.000549	0.026883	0.029952	0.014047	-0.019691	26019000.000000
2022-10-13	0.020179	-0.000221	0.041626	-0.002498	0.708858	33118100.000000
2022-10-12	-0.007234	0.014590	0.023069	0.006112	-0.255978	23336800.000000
2022-10-11	-0.018569	0.014057	0.017662	-0.003417	-0.669476	27708900.000000
2022-10-10	-0.006241	0.023439	0.028676	0.002490	-0.226437	21622200.000000
2022-10-07	-0.026163	0.010084	0.011963	-0.011927	-0.974682	31838700.000000
2022-10-06	-0.023408	0.034674	0.039654	-0.009890	-0.892960	36663300.000000
2022-10-05	-0.010299	0.020645	0.027909	0.008451	-0.396969	17797900.000000
2022-10-04	0.016599	0.041806	0.051037	0.035213	0.629337	25922500.000000
2022-10-03	0.031341	0.047256	0.070921	0.044263	1.152164	21495300.000000
2022-09-30	-0.017340	0.030166	0.036848	0.014395	-0.648697	23523600.000000
2022-09-29	-0.019040	0.025497	0.027857	0.008191	-0.726151	17806900.000000
2022-09-28	0.012857	0.037354	0.049305	0.036026	0.484100	20567400.000000
2022-09-27	-0.001028	0.040002	0.053267	0.028859	-0.038731	20357700.000000
2022-09-26	-0.014929	0.025260	0.029180	0.009579	-0.571243	21345700.000000
2022-09-23	-0.010268	0.023268	0.031287	0.011628	-0.396961	19439700.000000
2022-09-22	0.011398	0.032577	0.056907	0.027083	0.435696	19806400.000000
2022-09-21	-0.027347	0.035383	0.040727	0.004340	-1.074711	25612100.000000
2022-09-20	-0.015761	0.026578	0.026578	0.013554	-0.629337	15561200.000000
2022-09-19	-0.000242	0.028082	0.032839	0.018817	-0.009678	18960900.000000
2022-09-16	0.005362	0.031580	0.045677	0.023525	0.213005	45069300.000000
2022-09-15	-0.006056	0.026584	0.032589	0.018577	-0.242050	22763400.000000
2022-09-14	-0.011258	0.032839	0.037292	0.013790	-0.455059	23152200.000000
2022-09-13	-0.023620	0.024143	0.029216	0.004095	-0.977886	21284500.000000
2022-09-12	0.012311	0.041397	0.047754	0.036995	0.503464	18553200.000000
2022-09-09	0.022265	0.041837	0.057835	0.036588	0.890755	20259500.000000
2022-09-08	0.005842	0.030827	0.048930	0.023536	0.232365	28753200.000000
2022-09-07	-0.000487	0.033844	0.046660	0.030326	-0.019360	25548300.000000
2022-09-06	-0.004843	0.034089	0.042592	0.027587	-0.193642	23898600.000000
2022-09-02	-0.012198	0.037532	0.042720	0.016535	-0.493786	21155700.000000
2022-09-01	0.000000	0.028639	0.038768	0.028639	0.000000	21641700.000000
2022-08-31	-0.016929	0.031382	0.034296	0.014139	-0.697105	28368200.000000
2022-08-30	-0.018463	0.034031	0.034031	0.013054	-0.774567	20705100.000000
2022-08-29	0.001850	0.027346	0.040481	0.027346	0.077454	15039500.000000
2022-08-26	-0.011203	0.029297	0.031894	0.021032	-0.474419	16795700.000000
2022-08-25	0.004363	0.035210	0.039242	0.029756	0.183956	14327600.000000
2022-08-24	0.001840	0.034740	0.036640	0.026899	0.077457	17384400.000000
2022-08-23	-0.015848	0.028864	0.031903	0.015301	-0.677742	19014200.000000
2022-08-22	-0.005628	0.032374	0.034001	0.025166	-0.242050	15031400.000000
2022-08-19	0.005205	0.030735	0.039851	0.027463	0.222687	19485400.000000
2022-08-18	-0.025364	0.011881	0.014387	0.000264	-1.113438	25957400.000000
2022-08-17	-0.010044	0.024495	0.031035	0.020661	-0.445374	11294400.000000
2022-08-16	0.005268	0.031479	0.043947	0.028758	0.232368	14112800.000000
2022-08-15	0.009081	0.030094	0.044048	0.028035	0.396965	15713600.000000
2022-08-12	0.008263	0.036760	0.043910	0.033531	0.358234	15090900.000000
2022-08-11	-0.001338	0.035603	0.042513	0.030535	-0.058090	15407300.000000
2022-08-10	0.003581	0.040467	0.041623	0.032145	0.154911	16402700.000000
2022-08-09	0.003143	0.034462	0.040027	0.029360	0.135551	14554000.000000
2022-08-08	-0.009121	0.032839	0.034217	0.019052	-0.396965	20597000.000000
2022-08-05	0.011704	0.034001	0.045624	0.031212	0.503468	17297500.000000
2022-08-04	-0.019854	0.030332	0.030332	0.010737	-0.871387	29704300.000000
2022-08-03	-0.000221	0.035572	0.038989	0.029194	-0.009682	17314100.000000
2022-08-02	-0.019887	0.032616	0.036634	0.011628	-0.890743	18710300.000000
2022-08-01	0.001515	0.035075	0.039771	0.026801	0.067768	18612100.000000
2022-07-29	0.014051	0.036467	0.054380	0.033519	0.619656	23129800.000000
2022-07-28	0.014251	0.031229	0.051467	0.029159	0.619648	22051900.000000
2022-07-27	-0.000223	0.030310	0.036748	0.022032	-0.009678	21560500.000000
2022-07-26	0.003575	0.026839	0.042300	0.021532	0.154915	20571800.000000
2022-07-25	0.006974	0.031212	0.040971	0.023544	0.300140	27180700.000000
2022-07-22	-0.067352	-0.004219	0.000766	-0.051461	-3.107941	58265000.000000
2022-07-21	-0.028734	0.002529	0.007791	-0.017467	-1.365170	32321000.000000
2022-07-20	-0.027354	0.033248	0.034886	0.003358	-1.336124	29611400.000000
2022-07-19	0.003381	0.036947	0.038591	0.032017	0.164597	14638500.000000
2022-07-18	-0.014504	0.033649	0.035875	0.015632	-0.716473	16173100.000000
2022-07-15	0.010497	0.043271	0.044090	0.029975	0.513145	13021300.000000
2022-07-14	-0.000396	0.020774	0.033861	0.016889	-0.019360	10271700.000000
2022-07-13	-0.005317	0.025923	0.039144	0.021042	-0.261417	13362500.000000
2022-07-12	0.005545	0.035907	0.050428	0.028339	0.271099	20528700.000000
2022-07-11	0.000198	0.030384	0.037953	0.028134	0.009678	12259000.000000
2022-07-08	-0.004338	0.028969	0.037116	0.026729	-0.213001	13959200.000000
2022-07-07	-0.003145	0.034666	0.036697	0.022484	-0.154911	13617100.000000
2022-07-06	0.001750	0.045833	0.055392	0.039935	0.086052	14938900.000000
2022-07-05	-0.004260	0.041377	0.042188	0.022340	-0.210358	19675600.000000
2022-07-01	0.017537	0.050161	0.066853	0.042330	0.850994	14189300.000000
2022-06-30	-0.003730	0.007214	0.018147	0.003040	-0.187637	18880500.000000
2022-06-29	0.009512	0.012982	0.023417	0.009772	0.474033	13901400.000000
2022-06-28	-0.009812	0.014767	0.019337	0.002050	-0.493786	16615700.000000
2022-06-27	0.000000	0.019138	0.023112	0.006421	0.000000	16974900.000000
2022-06-24	-0.021693	0.011415	0.013747	-0.016966	-1.115963	28490700.000000
2022-06-23	0.025596	0.017366	0.040293	0.017366	1.283848	21736400.000000
2022-06-22	0.002764	0.004784	0.022977	0.003785	0.138260	23650600.000000
2022-06-21	0.033041	0.018364	0.051407	0.016505	1.599876	34258500.000000
2022-06-17	0.003890	0.007813	0.026057	0.006154	0.187637	36469500.000000
2022-06-16	-0.006307	-0.000398	0.008873	-0.010905	-0.306152	22029300.000000
2022-06-15	-0.000203	0.014023	0.026382	0.001046	-0.009872	22005600.000000
2022-06-14	-0.008671	0.012581	0.017686	-0.001508	-0.424656	20278700.000000
2022-06-13	-0.024203	0.008596	0.011983	-0.015712	-1.214718	23762500.000000
2022-06-10	-0.002356	0.006817	0.021725	0.003239	-0.118507	19868500.000000
2022-06-09	-0.011833	0.013956	0.016902	0.000206	-0.602425	12078400.000000
2022-06-08	-0.001936	0.014149	0.018658	0.008464	-0.098759	13249700.000000
2022-06-07	0.008002	0.010803	0.021671	0.006455	0.404907	15383000.000000
2022-06-06	0.008463	0.014973	0.023343	0.010787	0.424656	12898100.000000
2022-06-03	-0.009358	0.005671	0.011791	0.000736	-0.474033	10819800.000000
2022-06-02	-0.002140	0.015536	0.016324	-0.007316	-0.108635	13527800.000000
2022-06-01	0.002145	0.015542	0.019293	0.007843	0.108635	15358100.000000
2022-05-31	-0.002140	0.009823	0.015733	0.001746	-0.108635	25016600.000000
2022-05-27	0.008041	0.007815	0.021319	0.003446	0.404903	13347300.000000
2022-05-26	-0.004879	0.013964	0.019893	0.006060	-0.246891	15500400.000000
2022-05-25	0.011050	0.008985	0.024369	0.006787	0.553043	19831500.000000
2022-05-24	0.020334	0.012989	0.036025	-0.003932	0.997452	25414700.000000
2022-05-23	0.002827	0.017897	0.027710	0.011968	0.138260	16761800.000000
2022-05-20	0.008758	0.011344	0.022893	0.008869	0.424660	24181800.000000
2022-05-19	0.004295	0.003675	0.018587	-0.003160	0.207390	23186400.000000
2022-05-18	-0.001022	0.012788	0.023340	0.006167	-0.049381	22365100.000000
2022-05-17	-0.002039	0.010723	0.016091	0.002051	-0.098759	22043100.000000
2022-05-16	0.017850	0.008378	0.034018	0.003754	0.849316	22754700.000000
2022-05-13	0.002497	0.016584	0.020798	0.003100	0.118507	21080500.000000
2022-05-12	0.003759	0.011101	0.018926	0.002641	0.177765	21623900.000000
2022-05-11	-0.005194	0.013633	0.020786	0.001851	-0.246895	20133200.000000
2022-05-10	-0.010078	0.018413	0.029659	-0.005121	-0.483910	23007300.000000
2022-05-09	0.007251	0.009644	0.024958	0.001673	0.345650	24391300.000000
2022-05-06	0.008988	0.007501	0.025281	0.005808	0.424660	19322000.000000
2022-05-05	-0.010957	0.005464	0.011744	-0.007516	-0.523415	20664300.000000
2022-05-04	0.025440	0.014084	0.039414	0.008932	1.185089	29564600.000000
2022-05-03	0.020333	0.016086	0.038427	0.008858	0.928322	33263100.000000
2022-05-02	-0.001512	0.017174	0.029202	-0.003821	-0.069130	33309400.000000
2022-04-29	-0.043388	0.007560	0.008397	-0.034073	-2.073910	41014200.000000
2022-04-28	-0.001238	0.017387	0.027417	0.009238	-0.059254	33011700.000000
2022-04-27	-0.019227	0.014630	0.014630	-0.007707	-0.938198	30582000.000000
2022-04-26	-0.017303	0.012178	0.020033	-0.005745	-0.859188	29507700.000000
2022-04-25	-0.031401	0.001462	0.003413	-0.033649	-1.609749	46028400.000000
2022-04-22	-0.056353	-0.016318	-0.014477	-0.052765	-3.061481	44958400.000000
2022-04-21	0.011027	0.016303	0.033052	0.013698	0.592545	32821100.000000
2022-04-20	0.012279	0.012769	0.026522	0.011639	0.651798	19563400.000000
2022-04-19	0.006743	0.016185	0.022443	0.013909	0.355526	12890000.000000
2022-04-18	-0.008174	0.011264	0.021046	0.001107	-0.434532	14394300.000000
2022-04-14	-0.005726	0.009963	0.013516	0.005848	-0.306149	16915100.000000
2022-04-13	0.008757	0.011072	0.025788	0.011072	0.464161	19798000.000000
2022-04-12	-0.004267	0.012017	0.015399	0.003564	-0.227142	21136400.000000
2022-04-11	0.006912	0.019013	0.034713	0.015986	0.365402	33614900.000000
2022-04-08	0.016328	0.013735	0.031998	0.009313	0.849316	24852200.000000
2022-04-07	0.002093	0.010462	0.020672	0.002563	0.108631	22790600.000000
2022-04-06	0.007958	0.025493	0.037533	0.020833	0.409794	28661700.000000
2022-04-05	0.006100	0.019831	0.033507	0.018464	0.312222	23150600.000000
2022-04-04	0.006523	0.022944	0.032383	0.015472	0.331738	25793000.000000
2022-04-01	0.023165	0.026521	0.050061	0.022496	1.151321	30550300.000000
2022-03-31	-0.012982	0.025904	0.027691	0.011407	-0.653717	31027600.000000
2022-03-30	0.007024	0.024311	0.032510	0.021511	0.351246	23821200.000000
2022-03-29	0.001564	0.027915	0.028316	0.020705	0.078060	28193400.000000
2022-03-28	-0.002145	0.026510	0.027109	0.018315	-0.107327	21688600.000000
2022-03-25	0.005490	0.026117	0.034155	0.024308	0.273193	18765800.000000
2022-03-24	0.000588	0.026318	0.029335	0.024106	0.029266	21087300.000000
2022-03-23	-0.000588	0.025916	0.034155	0.024107	-0.029266	25988800.000000
2022-03-22	-0.001957	0.026716	0.032131	0.021902	-0.097572	28676600.000000
2022-03-21	0.005906	0.036411	0.045288	0.028341	0.292709	39892800.000000
2022-03-18	-0.029794	0.020213	0.023541	-0.005625	-1.522083	70390600.000000
2022-03-17	-0.002477	0.024716	0.025887	0.015343	-0.126842	22931500.000000
2022-03-16	-0.005117	0.027048	0.029573	0.009176	-0.263435	28500700.000000
2022-03-15	0.004952	0.028620	0.034672	0.019249	0.253681	20477600.000000
2022-03-14	-0.010181	0.032447	0.037084	0.013317	-0.526878	23124100.000000
2022-03-11	-0.003569	0.027414	0.031650	0.020675	-0.185375	20838500.000000
2022-03-10	0.002826	0.023366	0.029931	0.019118	0.146351	17501800.000000
2022-03-09	-0.003192	0.033957	0.035689	0.020292	-0.165867	23049800.000000
2022-03-08	-0.026152	0.030159	0.037282	-0.003017	-1.395245	36526700.000000
2022-03-07	-0.007803	0.018216	0.027328	0.013566	-0.419552	24962800.000000
2022-03-04	0.008233	0.020598	0.038599	0.017411	0.439064	26913800.000000
2022-03-03	0.009605	0.029454	0.044031	0.025668	0.507362	27577700.000000
2022-03-02	0.009886	0.026058	0.040205	0.023381	0.517117	20712900.000000
2022-03-01	-0.001118	0.021664	0.034841	0.017081	-0.058540	24693100.000000
2022-02-28	-0.008315	0.018851	0.024532	0.011276	-0.439064	30593900.000000
2022-02-25	0.029093	0.034460	0.062914	0.034460	1.492813	31444200.000000
2022-02-24	-0.015353	0.016467	0.020113	-0.007711	-0.800068	30079700.000000
2022-02-23	-0.009091	0.024911	0.025481	0.012361	-0.478088	17841900.000000
2022-02-22	0.001300	0.028148	0.028719	0.020341	0.068295	19858400.000000
2022-02-18	0.004666	0.024528	0.032180	0.019172	0.243923	20298500.000000
2022-02-17	0.003371	0.019153	0.028558	0.013011	0.175629	17462500.000000
2022-02-16	0.000750	0.021646	0.033362	0.019725	0.039028	17277700.000000
2022-02-15	0.001689	0.025488	0.031068	0.022602	0.087811	12824100.000000
2022-02-14	-0.000938	0.023565	0.027410	0.009149	-0.048786	16081700.000000
2022-02-11	0.005279	0.023172	0.033027	0.018341	0.273193	18833100.000000
2022-02-10	-0.008598	0.021846	0.025677	0.013416	-0.448818	18644400.000000
2022-02-09	0.012874	0.031314	0.041210	0.026075	0.663475	16449300.000000
2022-02-08	-0.003396	0.025104	0.028198	0.016789	-0.175629	13911700.000000
2022-02-07	-0.005815	0.023373	0.025872	0.009530	-0.302464	15438900.000000
2022-02-04	-0.008924	0.019766	0.025673	0.014241	-0.468330	16199800.000000
2022-02-03	-0.000186	0.028721	0.039580	0.023006	-0.009758	21219800.000000
2022-02-02	0.011278	0.031846	0.045717	0.026837	0.585415	24160200.000000
2022-02-01	-0.000564	0.028184	0.032035	0.005271	-0.029266	33045600.000000
2022-01-31	0.006238	0.017549	0.033048	0.011542	0.321976	25182400.000000
2022-01-28	0.033405	0.029916	0.059749	0.024911	1.668438	29490800.000000
2022-01-27	0.003332	0.022701	0.046004	0.020692	0.165867	35339600.000000
2022-01-26	-0.035539	0.019486	0.024136	-0.015582	-1.834305	41504700.000000
2022-01-25	-0.001133	0.028201	0.042135	0.011364	-0.058540	32075900.000000
2022-01-24	-0.003762	0.023947	0.035515	0.006402	-0.195141	32500600.000000
2022-01-21	-0.004494	0.031245	0.034507	0.018577	-0.234165	25294800.000000
2022-01-20	-0.001869	0.024719	0.033340	0.016865	-0.097572	24297100.000000
2022-01-19	0.001310	0.025678	0.029706	0.014169	0.068298	18374200.000000
2022-01-18	0.002815	0.021448	0.030489	0.011445	0.146355	21570300.000000
2022-01-14	-0.004484	0.026251	0.028358	0.016485	-0.234165	18695800.000000
2022-01-13	0.001310	0.026253	0.036032	0.019734	0.068298	18178200.000000
2022-01-12	-0.002612	0.021086	0.026250	0.015348	-0.136597	12778300.000000
2022-01-11	-0.005198	0.025862	0.028906	0.011403	-0.273193	18598500.000000
2022-01-10	-0.006822	0.029635	0.036059	0.016786	-0.361008	24929400.000000
2022-01-07	0.021084	0.027612	0.048836	0.027612	1.092781	26512500.000000
2022-01-06	-0.004813	0.046092	0.047436	0.030347	-0.250664	21563800.000000
2022-01-05	0.010286	0.044437	0.059956	0.038035	0.530243	28697300.000000
2022-01-04	0.019642	0.041215	0.062380	0.039435	0.993008	26376800.000000
2022-01-03	0.009238	0.039455	0.049237	0.037658	0.462753	18240100.000000
2021-12-31	-0.005550	0.036267	0.038450	0.029914	-0.279587	15911400.000000
2021-12-30	-0.002101	0.037655	0.041419	0.031712	-0.106049	15615500.000000
2021-12-29	-0.006828	0.038243	0.040407	0.029783	-0.347065	15109500.000000
2021-12-28	0.000759	0.036275	0.045332	0.035881	0.038563	12126500.000000
2021-12-27	0.000000	0.037456	0.040016	0.032731	0.000000	19705800.000000
2021-12-23	-0.001705	0.038832	0.043549	0.035294	-0.086765	14921400.000000
2021-12-22	-0.000189	0.033329	0.039618	0.023109	-0.009640	16486500.000000
2021-12-21	-0.005839	0.040580	0.041948	0.028663	-0.298870	23905300.000000
2021-12-20	-0.001505	0.028676	0.040576	0.027895	-0.077122	23418000.000000
2021-12-17	0.007962	0.043158	0.046501	0.029590	0.404911	54501100.000000
2021-12-16	0.043521	0.039516	0.085890	0.037259	2.120975	40091300.000000
2021-12-15	-0.001974	0.040945	0.045246	0.033778	-0.096409	24115700.000000
2021-12-14	0.007359	0.039116	0.055207	0.035196	0.356712	31555900.000000
2021-12-13	0.001793	0.035399	0.044492	0.026926	0.086761	27618800.000000
2021-12-10	0.000598	0.040775	0.040775	0.033744	0.028927	18498700.000000
2021-12-09	-0.006536	0.035410	0.035410	0.024522	-0.318153	23628300.000000
2021-12-08	-0.005907	0.035830	0.038484	0.024189	-0.289219	20452700.000000
2021-12-07	-0.005483	0.035837	0.036041	0.018167	-0.269939	27754700.000000
2021-12-06	-0.006807	0.041697	0.047547	0.027980	-0.337429	22433100.000000
2021-12-03	0.013601	0.034397	0.052799	0.032965	0.665211	24711700.000000
2021-12-02	0.019289	0.038510	0.066437	0.037468	0.925522	27364400.000000
2021-12-01	-0.009946	0.042005	0.050671	0.026323	-0.482040	26295500.000000
2021-11-30	-0.026907	0.029228	0.031236	0.004732	-1.340073	47766200.000000
2021-11-29	-0.002703	0.033455	0.038260	0.027848	-0.134968	18652500.000000
2021-11-26	0.002710	0.027019	0.048102	0.026015	0.134968	17048100.000000
2021-11-24	-0.001739	0.034854	0.044475	0.034052	-0.086765	15474500.000000
2021-11-23	0.004074	0.037662	0.049536	0.037662	0.202454	21501600.000000
2021-11-22	0.013370	0.037055	0.061121	0.032976	0.655575	22751600.000000
2021-11-19	-0.007416	0.038069	0.038879	0.025720	-0.366352	21105200.000000
2021-11-18	-0.009472	0.032647	0.035655	0.025228	-0.472397	19490300.000000
2021-11-17	-0.006339	0.036263	0.037259	0.028293	-0.318150	17679200.000000
2021-11-16	-0.006489	0.039437	0.041614	0.030133	-0.327785	15876100.000000
2021-11-15	0.001146	0.039241	0.041223	0.031908	0.057850	14282700.000000
2021-11-12	-0.002097	0.038446	0.038643	0.034095	-0.106052	14378500.000000
2021-11-11	-0.002852	0.040020	0.040020	0.032526	-0.144611	10983700.000000
2021-11-10	0.006891	0.040833	0.047584	0.036663	0.347069	16261100.000000
2021-11-09	-0.001720	0.036665	0.038052	0.030520	-0.086765	16014100.000000
2021-11-08	0.001723	0.038450	0.040833	0.030707	0.086765	15985200.000000
2021-11-05	0.007522	0.040660	0.056264	0.040660	0.375996	17442800.000000
2021-11-04	-0.020589	0.036671	0.036671	0.003167	-1.050850	30807500.000000
2021-11-03	0.007038	0.037654	0.047125	0.036273	0.356712	12240000.000000
2021-11-02	-0.007177	0.039218	0.040002	0.028640	-0.366352	16913800.000000
2021-11-01	-0.000755	0.042153	0.044697	0.034910	-0.038570	14177700.000000
2021-10-29	0.003599	0.031366	0.042170	0.029598	0.183178	17763200.000000
2021-10-28	0.003230	0.039624	0.047508	0.037062	0.163898	18374700.000000
2021-10-27	-0.008478	0.039018	0.039604	0.025339	-0.433842	15007400.000000
2021-10-26	0.009509	0.039626	0.048898	0.036865	0.482044	15185200.000000
2021-10-25	-0.006613	0.038043	0.040591	0.028049	-0.337429	15987400.000000
2021-10-22	-0.008616	0.037842	0.037842	0.027351	-0.443474	16074000.000000
2021-10-21	-0.004104	0.040355	0.043451	0.026811	-0.212101	17771100.000000
2021-10-20	0.024069	0.045977	0.064801	0.044590	1.214741	30659500.000000
2021-10-19	0.008476	0.039058	0.047450	0.037459	0.424194	16094800.000000
2021-10-18	-0.006887	0.035076	0.038251	0.024757	-0.347069	20853500.000000
2021-10-15	0.006741	0.040456	0.055040	0.039257	0.337429	27005500.000000
2021-10-14	0.011100	0.035643	0.050187	0.033421	0.549526	27764900.000000
2021-10-13	0.000390	0.034834	0.038876	0.027762	0.019279	27246900.000000
2021-10-12	-0.016290	0.037259	0.037259	0.015989	-0.819466	42154000.000000
2021-10-11	-0.019910	0.037649	0.038233	0.012711	-1.021927	32088400.000000
2021-10-08	-0.012245	0.036682	0.038606	0.024173	-0.636292	21384600.000000
2021-10-07	0.000186	0.040146	0.046113	0.036104	0.009640	18069600.000000
2021-10-06	0.000367	0.046304	0.051118	0.039950	0.019058	21339800.000000
2021-10-05	0.000183	0.052274	0.055548	0.046111	0.009525	13218200.000000
2021-10-04	0.003683	0.052477	0.060209	0.049191	0.190556	18159200.000000
2021-10-01	0.005369	0.049772	0.060266	0.047829	0.276302	18618400.000000
2021-09-30	-0.006804	0.051894	0.052087	0.042243	-0.352528	18736600.000000
2021-09-29	0.004062	0.048221	0.059267	0.048221	0.209610	14823000.000000
2021-09-28	-0.005691	0.049192	0.053817	0.041099	-0.295361	19528200.000000
2021-09-27	0.001839	0.051122	0.054983	0.049771	0.095284	13118200.000000
2021-09-24	-0.000919	0.048420	0.052471	0.046299	-0.047642	12663900.000000
2021-09-23	0.006659	0.052296	0.060256	0.048607	0.342995	14714100.000000
2021-09-22	0.000555	0.051715	0.056571	0.049383	0.028584	15907900.000000
2021-09-21	-0.004239	0.050158	0.056928	0.044742	-0.219135	16906900.000000
2021-09-20	-0.000368	0.045324	0.055379	0.044357	-0.019054	20440500.000000
2021-09-17	-0.002756	0.043986	0.050156	0.042443	-0.142918	30787600.000000
2021-09-16	-0.002565	0.050539	0.053809	0.045346	-0.133385	14431400.000000
2021-09-15	0.002941	0.047649	0.054400	0.047649	0.152439	15330000.000000
2021-09-14	-0.003845	0.050154	0.052460	0.043044	-0.200077	16937500.000000
2021-09-13	0.007192	0.052868	0.064093	0.052868	0.371574	20749000.000000
2021-09-10	-0.003857	0.051891	0.054012	0.045336	-0.200077	15944100.000000
2021-09-09	-0.008560	0.048048	0.048813	0.040403	-0.447803	19403300.000000
2021-09-08	0.001642	0.049003	0.054747	0.049003	0.085751	11835900.000000
2021-09-07	-0.011005	0.048631	0.050903	0.037649	-0.581181	15500900.000000
2021-09-03	0.002532	0.048629	0.053564	0.047300	0.133381	11006200.000000
2021-09-02	0.006371	0.049387	0.056646	0.048814	0.333469	12875900.000000
2021-09-01	-0.001091	0.049578	0.052440	0.045761	-0.057167	12647300.000000
2021-08-31	0.004199	0.048428	0.056668	0.045937	0.219135	18405600.000000
2021-08-30	0.000000	0.049003	0.053219	0.047853	0.000000	11621200.000000
2021-08-27	0.003114	0.050539	0.053999	0.048232	0.161972	13213800.000000
2021-08-26	-0.006008	0.049196	0.052062	0.042699	-0.314407	15256200.000000
2021-08-25	-0.001454	0.049768	0.050913	0.045762	-0.076225	14666300.000000
2021-08-24	-0.007398	0.049388	0.049578	0.041623	-0.390633	15478400.000000
2021-08-23	-0.001801	0.050145	0.053170	0.047498	-0.095276	11963700.000000
2021-08-20	0.002709	0.048820	0.056023	0.046355	0.142918	10645100.000000
2021-08-19	-0.001803	0.046361	0.053173	0.044280	-0.095284	12679900.000000
2021-08-18	-0.012638	0.047149	0.047523	0.035940	-0.676460	15093500.000000
2021-08-17	0.003573	0.047515	0.053702	0.045640	0.190548	11847600.000000
2021-08-16	0.001969	0.050517	0.053335	0.044130	0.104813	12964200.000000
2021-08-13	0.004134	0.050710	0.055991	0.050332	0.219131	8384600.000000
2021-08-12	0.001260	0.050522	0.053922	0.048822	0.066696	10744800.000000
2021-08-11	0.001622	0.052037	0.056577	0.050334	0.085743	11727300.000000
2021-08-10	0.006531	0.049197	0.057385	0.047293	0.343002	11756900.000000
2021-08-09	-0.001811	0.050718	0.053379	0.047487	-0.095280	13452400.000000
2021-08-06	-0.001447	0.050147	0.055082	0.047869	-0.076225	12660300.000000
2021-08-05	-0.001264	0.050336	0.052042	0.047303	-0.066685	12776600.000000
2021-08-04	-0.006460	0.047129	0.049201	0.041103	-0.343002	16446100.000000
2021-08-03	-0.000538	0.049578	0.053154	0.046001	-0.028576	12573100.000000
2021-08-02	-0.000359	0.054846	0.058609	0.047696	-0.019062	13833400.000000
2021-07-30	-0.003573	0.050515	0.053327	0.045453	-0.190556	13856900.000000
2021-07-29	0.004666	0.052780	0.058243	0.052592	0.247723	12841900.000000
2021-07-28	-0.008541	0.050325	0.051819	0.040053	-0.457325	14595900.000000
2021-07-27	0.007530	0.047508	0.060115	0.043933	0.400158	15225800.000000
2021-07-26	-0.001790	0.049578	0.050705	0.043379	-0.095276	15330500.000000
2021-07-23	-0.001251	0.047327	0.051078	0.043762	-0.066692	14894300.000000
2021-07-22	0.000000	0.053330	0.055768	0.043387	0.000000	16231400.000000
2021-07-21	0.006657	0.067706	0.073560	0.055998	0.352520	25264100.000000
2021-07-20	-0.004656	0.051645	0.067058	0.043939	-0.247715	20258900.000000
2021-07-19	-0.010981	0.044187	0.049206	0.028199	-0.590717	21958500.000000
2021-07-16	-0.001591	0.051991	0.054032	0.046979	-0.085743	11637900.000000
2021-07-15	0.004084	0.049578	0.054796	0.048087	0.219135	12813900.000000
2021-07-14	0.004101	0.049578	0.055940	0.048455	0.219135	14821700.000000
2021-07-13	-0.001069	0.051821	0.055746	0.046774	-0.057171	12511900.000000
2021-07-12	0.001427	0.048080	0.055006	0.046021	0.076221	13451500.000000
2021-07-09	0.007004	0.049955	0.059945	0.048447	0.371578	13757000.000000
2021-07-08	-0.003971	0.046724	0.051042	0.042969	-0.211510	18384000.000000
2021-07-07	0.002127	0.060240	0.064567	0.057605	0.113060	14393300.000000
2021-07-06	-0.000531	0.062121	0.062685	0.053094	-0.028259	13815900.000000
2021-07-02	0.002665	0.063066	0.066648	0.060803	0.141319	11387100.000000
2021-07-01	0.004640	0.064210	0.068946	0.061179	0.244968	11672200.000000
2021-06-30	0.003403	0.059848	0.067071	0.059848	0.179016	14559700.000000
2021-06-29	-0.006052	0.061747	0.064958	0.054567	-0.320339	15313000.000000
2021-06-28	-0.003547	0.061369	0.063628	0.057415	-0.188438	13754900.000000
2021-06-25	0.000177	0.059486	0.064193	0.057980	0.009426	14540300.000000
2021-06-24	0.005350	0.063072	0.067805	0.061179	0.282650	15386200.000000
2021-06-23	-0.005322	0.062875	0.068524	0.055344	-0.282650	16524500.000000
2021-06-22	-0.000355	0.067015	0.068709	0.059298	-0.018848	13866600.000000
2021-06-21	0.010211	0.066122	0.074108	0.064411	0.537045	13628200.000000
2021-06-18	-0.012560	0.057238	0.057238	0.043344	-0.668949	38210500.000000
2021-06-17	-0.001942	0.061556	0.066615	0.058745	-0.103638	14761100.000000
2021-06-16	-0.011346	0.062851	0.063221	0.049141	-0.612419	15678400.000000
2021-06-15	0.001924	0.061369	0.066380	0.060997	0.103638	12602700.000000
2021-06-14	-0.002617	0.058777	0.060258	0.052482	-0.141331	11907600.000000
2021-06-11	-0.000174	0.064145	0.065256	0.055260	-0.009415	12929000.000000
2021-06-10	0.005083	0.066578	0.071787	0.064531	0.273232	12013600.000000
2021-06-09	-0.001750	0.061369	0.068426	0.058768	-0.094223	14705100.000000
2021-06-08	-0.000874	0.062111	0.062296	0.053761	-0.047108	15858400.000000
2021-06-07	-0.001745	0.060072	0.061924	0.057108	-0.094215	11144100.000000
2021-06-04	0.005616	0.060251	0.068633	0.059878	0.301498	11868100.000000
2021-06-03	0.005825	0.062305	0.072048	0.060057	0.310917	14212500.000000
2021-06-02	0.004789	0.060051	0.070028	0.057415	0.254391	13681100.000000
2021-06-01	-0.001947	0.066254	0.068320	0.056672	-0.103638	14922800.000000
2021-05-28	0.003553	0.062500	0.067968	0.061369	0.188431	14027800.000000
2021-05-27	-0.001242	0.060615	0.064947	0.054966	-0.065948	30754300.000000
2021-05-26	-0.002125	0.061181	0.062872	0.057422	-0.113064	14045200.000000
2021-05-25	-0.008775	0.061741	0.062300	0.048516	-0.471088	15935100.000000
2021-05-24	0.001230	0.064726	0.068642	0.058944	0.065948	12970700.000000
2021-05-21	0.002113	0.066415	0.070900	0.060434	0.113064	15474400.000000
2021-05-20	-0.002284	0.061182	0.067522	0.058199	-0.122482	20768900.000000
2021-05-19	-0.004547	0.049118	0.056914	0.045962	-0.244968	20213500.000000
2021-05-18	-0.013117	0.053309	0.053309	0.037555	-0.716053	26579000.000000
2021-05-17	-0.012779	0.064986	0.068241	0.046540	-0.706631	22387000.000000
2021-05-14	-0.002041	0.064978	0.069490	0.058842	-0.113064	13770000.000000
2021-05-13	0.006848	0.053918	0.075542	0.053192	0.376869	13305100.000000
2021-05-12	-0.002221	0.056111	0.067896	0.054298	-0.122478	14718600.000000
2021-05-11	-0.016465	0.066183	0.066183	0.039435	-0.923344	17971900.000000
2021-05-10	0.013624	0.067876	0.081793	0.066791	0.753742	22563000.000000
2021-05-07	-0.009614	0.052597	0.057430	0.049017	-0.537037	15678600.000000
2021-05-06	0.010223	0.065347	0.073666	0.061369	0.565311	14593100.000000
2021-05-05	0.001536	0.061912	0.069700	0.060463	0.084793	17882200.000000
2021-05-04	0.011740	0.062468	0.074746	0.061918	0.640686	22067700.000000
2021-05-03	0.002249	0.069450	0.071286	0.062838	0.122475	17559100.000000
2021-04-30	0.008200	0.061924	0.071368	0.054703	0.442825	16861500.000000
2021-04-29	0.015772	0.063626	0.081870	0.063250	0.838547	18169200.000000
2021-04-28	0.001953	0.062311	0.067776	0.061746	0.103638	12862500.000000
2021-04-27	-0.010889	0.054658	0.057268	0.047575	-0.584156	21858600.000000
2021-04-26	-0.006283	0.062480	0.063036	0.053033	-0.339184	15073600.000000
2021-04-23	0.000349	0.058589	0.064889	0.052104	0.018845	18099400.000000
2021-04-22	-0.014792	0.057717	0.060456	0.043113	-0.810276	20921900.000000
2021-04-21	-0.004282	0.061550	0.069548	0.055188	-0.235542	18310100.000000
2021-04-20	0.000000	0.056461	0.064095	0.053734	0.000000	16673600.000000
2021-04-19	0.001887	0.065375	0.069200	0.057908	0.103638	11955400.000000
2021-04-16	0.010052	0.068175	0.075716	0.063208	0.546463	19866200.000000
2021-04-15	0.000000	0.058793	0.065231	0.058425	0.000000	13338400.000000
2021-04-14	0.001389	0.059158	0.070763	0.055290	0.075382	13890100.000000
2021-04-13	0.001390	0.058233	0.065427	0.054359	0.075363	15489100.000000
2021-04-12	0.000870	0.064507	0.068753	0.060261	0.047115	19564600.000000
2021-04-09	-0.001910	0.061368	0.065054	0.054919	-0.103645	13872000.000000
2021-04-08	-0.013225	0.055332	0.056968	0.046059	-0.727356	16472400.000000
2021-04-07	-0.001861	0.073150	0.079140	0.066980	-0.102539	13218400.000000
2021-04-06	0.004077	0.071694	0.077161	0.069325	0.223721	12198300.000000
2021-04-05	0.009777	0.077020	0.088060	0.075732	0.531322	14326300.000000
2021-04-01	0.002580	0.070389	0.077215	0.065224	0.139824	12885100.000000
2021-03-31	-0.007510	0.069309	0.071506	0.063083	-0.410149	19531700.000000
2021-03-30	-0.004080	0.073517	0.075340	0.061846	-0.223717	13239700.000000
2021-03-29	0.011172	0.071128	0.087539	0.068546	0.605900	18577300.000000
2021-03-26	0.013942	0.073722	0.089053	0.072788	0.745724	19632700.000000
2021-03-25	0.006490	0.073540	0.082761	0.066954	0.344894	18047400.000000
2021-03-24	0.001757	0.069583	0.082590	0.067509	0.093212	14819800.000000
2021-03-23	0.005655	0.069565	0.088522	0.068806	0.298290	20084100.000000
2021-03-22	0.006223	0.065730	0.080990	0.063822	0.326248	20656600.000000
2021-03-19	-0.001243	0.075074	0.076788	0.065929	-0.065247	39055000.000000
2021-03-18	0.010045	0.072787	0.084718	0.071056	0.522003	19970700.000000
2021-03-17	0.001977	0.075294	0.082042	0.066039	0.102535	17867000.000000
2021-03-16	0.000000	0.073944	0.078186	0.068931	0.000000	19044700.000000
2021-03-15	0.000180	0.076259	0.078766	0.062567	0.009323	18970600.000000
2021-03-12	0.002162	0.077039	0.085543	0.074720	0.111866	22002400.000000
2021-03-11	-0.027505	0.071472	0.074855	0.042528	-1.463486	30312900.000000
2021-03-10	0.015658	0.082141	0.093594	0.066106	0.820293	18848600.000000
2021-03-09	-0.010389	0.074865	0.078643	0.061075	-0.549969	20956400.000000
2021-03-08	0.014107	0.071830	0.097691	0.069339	0.736404	23648800.000000
2021-03-05	0.021898	0.075724	0.100194	0.075137	1.118580	23598100.000000
2021-03-04	-0.010473	0.076081	0.077437	0.056322	-0.540649	23692000.000000
2021-03-03	0.007275	0.064592	0.092105	0.061470	0.372864	22838700.000000
2021-03-02	-0.006864	0.071819	0.075888	0.064261	-0.354221	17184600.000000
2021-03-01	0.001085	0.076473	0.085397	0.072399	0.055927	20550400.000000
2021-02-26	-0.021239	0.072218	0.074876	0.049813	-1.118580	23935200.000000
2021-02-25	-0.010854	0.054006	0.067904	0.046869	-0.577930	24165300.000000
2021-02-24	0.001578	0.073728	0.080124	0.066016	0.083897	17136900.000000
2021-02-23	0.010274	0.079629	0.093312	0.069747	0.540642	21062000.000000
2021-02-22	0.000000	0.074308	0.080199	0.067086	0.000000	17854900.000000
2021-02-19	-0.009302	0.079377	0.080695	0.060926	-0.494041	18689400.000000
2021-02-18	-0.000175	0.071846	0.084458	0.064128	-0.009323	20759900.000000
2021-02-17	0.052447	0.109439	0.134203	0.102108	2.647312	40531300.000000
2021-02-16	-0.000923	0.071006	0.075163	0.065464	-0.046612	22095700.000000
2021-02-12	-0.007326	0.069251	0.074359	0.064535	-0.372856	18357300.000000
2021-02-11	-0.006550	0.073959	0.074739	0.063418	-0.335571	17398800.000000
2021-02-10	-0.000727	0.077079	0.081370	0.071227	-0.037292	16232800.000000
2021-02-09	-0.000908	0.072203	0.077659	0.065577	-0.046600	19605600.000000
2021-02-08	-0.004881	0.073757	0.075890	0.062509	-0.251686	17887700.000000
2021-02-05	0.003264	0.073955	0.083293	0.073371	0.167786	12069500.000000
2021-02-04	0.006388	0.072200	0.084144	0.068871	0.326256	14761700.000000
2021-02-03	0.005321	0.069047	0.080661	0.067866	0.270321	13909300.000000
2021-02-02	0.004053	0.075752	0.090377	0.070613	0.205074	18974500.000000
2021-02-01	-0.008584	0.082976	0.082976	0.062402	-0.438110	20541100.000000
2021-01-29	-0.011197	0.065619	0.070850	0.055544	-0.577927	26231200.000000
2021-01-28	0.004353	0.070258	0.096139	0.070258	0.223709	24000800.000000
2021-01-27	-0.025455	0.074115	0.080183	0.044152	-1.342293	37239000.000000
2021-01-26	-0.031667	0.046528	0.051853	0.035877	-1.724480	37892700.000000
2021-01-25	0.016530	0.072787	0.094254	0.067374	0.885536	22444300.000000
2021-01-22	0.003492	0.070914	0.080655	0.063234	0.186432	16364500.000000
2021-01-21	0.000175	0.071476	0.077471	0.068853	0.009323	13601500.000000
2021-01-20	0.003681	0.072035	0.079181	0.065454	0.195755	19923100.000000
2021-01-19	-0.005751	0.073909	0.076527	0.065309	-0.307610	18821300.000000
2021-01-15	0.005961	0.067898	0.081439	0.066581	0.316933	15785300.000000
2021-01-14	-0.000351	0.069591	0.079744	0.065267	-0.018654	18341100.000000
2021-01-13	-0.003493	0.072038	0.072600	0.065668	-0.186424	16985400.000000
2021-01-12	-0.003481	0.069240	0.072601	0.058411	-0.186432	22699300.000000
2021-01-11	-0.005882	0.071859	0.077428	0.063322	-0.316929	15688000.000000
2021-01-08	-0.012472	0.067289	0.069671	0.051526	-0.680473	28411600.000000
2021-01-07	-0.002250	0.065619	0.074580	0.062144	-0.123039	19079900.000000
2021-01-06	0.012120	0.088529	0.102041	0.083532	0.654816	22678500.000000
2021-01-05	-0.004588	0.084456	0.088694	0.077087	-0.249012	16220000.000000
2021-01-04	0.001702	0.088148	0.091654	0.078551	0.092220	19129800.000000
2020-12-31	0.010492	0.082780	0.096581	0.082034	0.562592	12906300.000000
2020-12-30	-0.011393	0.084641	0.086669	0.070444	-0.617924	18259800.000000
2020-12-29	-0.002882	0.085191	0.089052	0.078022	-0.156788	15686100.000000
2020-12-28	0.002379	0.090169	0.090537	0.080771	0.129112	15355600.000000
2020-12-24	-0.002035	0.085008	0.086295	0.078755	-0.110672	7751100.000000
2020-12-23	-0.000508	0.088132	0.089602	0.082434	-0.027660	14012100.000000
2020-12-22	-0.008405	0.081174	0.082996	0.072790	-0.461143	12951500.000000
2020-12-21	-0.016044	0.077099	0.078354	0.063110	-0.894608	18567500.000000
2020-12-18	0.007499	0.084091	0.098185	0.080297	0.415028	31909400.000000
2020-12-17	0.001669	0.085539	0.088616	0.078843	0.092224	12095500.000000
2020-12-16	-0.010570	0.078005	0.082481	0.068514	-0.590256	17165900.000000
2020-12-15	0.009503	0.085899	0.098011	0.084091	0.525696	15876000.000000
2020-12-14	-0.006131	0.088943	0.097028	0.073852	-0.341240	15706500.000000
2020-12-11	-0.002644	0.076567	0.084630	0.074596	-0.147564	13673000.000000
2020-12-10	-0.015457	0.080744	0.082332	0.064337	-0.876160	15464400.000000
2020-12-09	0.000163	0.084272	0.090801	0.077920	0.009216	14949500.000000
2020-12-08	0.001630	0.081268	0.090458	0.075966	0.092232	13421100.000000
2020-12-07	-0.003249	0.083744	0.086915	0.077754	-0.184456	12537500.000000
2020-12-04	-0.003078	0.080935	0.085326	0.076018	-0.175240	10495800.000000
2020-12-03	0.006193	0.079854	0.092577	0.078617	0.350468	11937200.000000
2020-12-02	0.012876	0.098949	0.108793	0.091968	0.719376	14169900.000000
2020-12-01	0.002814	0.084631	0.093426	0.081939	0.156792	14282600.000000
2020-11-30	-0.002806	0.079618	0.084630	0.077292	-0.156792	21839100.000000
2020-11-27	0.002814	0.086246	0.090195	0.084272	0.156792	5763700.000000
2020-11-25	-0.003793	0.084808	0.086060	0.078729	-0.212128	10604300.000000
2020-11-24	0.006807	0.090933	0.094533	0.086612	0.378132	15481400.000000
2020-11-23	0.003165	0.083730	0.090593	0.083550	0.175232	11601400.000000
2020-11-20	-0.002823	0.084272	0.086433	0.079590	-0.156784	14225400.000000
2020-11-19	-0.001824	0.085710	0.086429	0.076722	-0.101448	12663000.000000
2020-11-18	-0.007078	0.091054	0.091411	0.076240	-0.396576	11698800.000000
2020-11-17	-0.002299	0.078396	0.086587	0.074834	-0.129128	11698200.000000
2020-11-16	-0.002784	0.079833	0.091375	0.077879	-0.156780	14289400.000000
2020-11-13	0.004441	0.081418	0.091406	0.076959	0.249004	10652800.000000
2020-11-12	-0.003443	0.082672	0.084450	0.072541	-0.193672	13293300.000000
2020-11-11	-0.001637	0.087644	0.088708	0.073092	-0.092228	12196900.000000
2020-11-10	0.021056	0.092245	0.112720	0.090795	1.162071	22051800.000000
2020-11-09	0.022382	0.112245	0.122248	0.102427	1.208183	24265900.000000
2020-11-06	0.006535	0.082967	0.095460	0.081661	0.350464	11986200.000000
2020-11-05	0.016253	0.099242	0.117433	0.095262	0.857716	20156400.000000
2020-11-04	-0.009177	0.073758	0.086150	0.062305	-0.488800	20785700.000000
2020-11-03	0.000867	0.086339	0.097050	0.080702	0.046112	10693500.000000
2020-11-02	0.012458	0.097209	0.107483	0.084462	0.654812	16086400.000000
2020-10-30	0.004052	0.081216	0.090194	0.076822	0.212128	17632800.000000
2020-10-29	0.007992	0.081384	0.103527	0.078688	0.415028	19146100.000000
2020-10-28	-0.018648	0.075580	0.083705	0.060463	-0.986839	18720200.000000
2020-10-27	-0.007438	0.082209	0.085022	0.074894	-0.396576	12253000.000000
2020-10-26	-0.002588	0.076041	0.082214	0.065752	-0.138344	15196800.000000
2020-10-23	0.010989	0.092215	0.096376	0.086731	0.581032	12879600.000000
2020-10-22	0.010220	0.087711	0.101658	0.079686	0.534916	16636100.000000
2020-10-21	-0.008733	0.081621	0.092984	0.073666	-0.461128	21498300.000000
2020-10-20	-0.000873	0.088813	0.091273	0.074054	-0.046120	18696200.000000
2020-10-19	-0.012920	0.086140	0.088755	0.066154	-0.691704	16075100.000000
2020-10-16	-0.001891	0.082781	0.089306	0.081476	-0.101452	13364200.000000
2020-10-15	-0.004621	0.078334	0.081488	0.071097	-0.249016	13644500.000000
2020-10-14	-0.015667	0.086099	0.087195	0.066554	-0.857719	16591900.000000
2020-10-13	-0.003191	0.087003	0.087367	0.071527	-0.175232	22109600.000000
2020-10-12	0.003708	0.084272	0.090668	0.080982	0.202896	20211200.000000
2020-10-09	0.002365	0.085371	0.090684	0.082257	0.129124	9846200.000000
2020-10-08	0.003527	0.086809	0.098023	0.084052	0.191837	14266400.000000
2020-10-07	0.002523	0.098765	0.101714	0.091025	0.136883	13674700.000000
2020-10-06	-0.003352	0.097653	0.101511	0.089755	-0.182514	12524900.000000
2020-10-05	0.007090	0.103031	0.106915	0.096186	0.383270	10457400.000000
2020-10-02	-0.003532	0.092867	0.097660	0.089549	-0.191635	10741800.000000
2020-10-01	-0.000672	0.094159	0.097843	0.087343	-0.036503	14547100.000000
2020-09-30	0.004220	0.099886	0.104510	0.092302	0.228138	16348400.000000
2020-09-29	-0.002022	0.094340	0.098216	0.091017	-0.109505	10005900.000000
2020-09-28	-0.000505	0.098953	0.103382	0.091942	-0.027374	11910500.000000
2020-09-25	0.003379	0.089522	0.100630	0.088781	0.182507	10676300.000000
2020-09-24	0.004753	0.097491	0.107908	0.090980	0.255520	10875300.000000
2020-09-23	-0.015212	0.096000	0.101679	0.078048	-0.830429	15416200.000000
2020-09-22	0.003523	0.098023	0.109788	0.094162	0.191643	12198900.000000
2020-09-21	-0.012262	0.089461	0.090914	0.071667	-0.675297	15871400.000000
2020-09-18	-0.003961	0.088402	0.102147	0.087859	-0.219013	22584500.000000
2020-09-17	0.003644	0.099991	0.107071	0.090916	0.200756	14996200.000000
2020-09-16	-0.003795	0.094551	0.101784	0.090753	-0.209885	12699000.000000
2020-09-15	0.004642	0.092002	0.109987	0.091820	0.255516	9444300.000000
2020-09-14	0.008864	0.100032	0.113961	0.099665	0.483654	11932500.000000
2020-09-11	0.004368	0.096737	0.103732	0.092687	0.237270	13924800.000000
2020-09-10	-0.008494	0.099284	0.099649	0.084318	-0.465408	15811200.000000
2020-09-09	0.001334	0.098741	0.110254	0.095999	0.073002	15896200.000000
2020-09-08	-0.008598	0.101614	0.101614	0.080234	-0.474533	18469700.000000
2020-09-04	-0.002145	0.093466	0.111908	0.085873	-0.118629	22250100.000000
2020-09-03	0.001322	0.101248	0.109394	0.088756	0.073006	23126800.000000
2020-09-02	0.023157	0.095631	0.125083	0.092853	1.250206	21711900.000000
2020-09-01	-0.001856	0.093043	0.096371	0.086757	-0.100376	13358400.000000
2020-08-31	0.000169	0.091748	0.099145	0.091379	0.009125	14555500.000000
2020-08-28	-0.002861	0.095448	0.095448	0.084569	-0.155140	11873900.000000
2020-08-27	-0.000504	0.098397	0.101898	0.094895	-0.027370	11405300.000000
2020-08-26	0.000673	0.093604	0.097292	0.086227	0.036507	15096400.000000
2020-08-25	-0.002518	0.098208	0.099128	0.088642	-0.136890	11316800.000000
2020-08-24	0.009832	0.097860	0.107334	0.096002	0.529285	10931500.000000
2020-08-21	0.000509	0.096560	0.097303	0.088011	0.027374	11059300.000000
2020-08-20	-0.001524	0.087466	0.096559	0.087280	-0.082123	8061500.000000
2020-08-19	-0.002197	0.099149	0.100631	0.091187	-0.118645	10816300.000000
2020-08-18	0.006805	0.097308	0.108680	0.095817	0.365032	10130600.000000
2020-08-17	-0.000170	0.094698	0.098426	0.091343	-0.009125	8371900.000000
2020-08-14	0.004614	0.095068	0.103681	0.090761	0.246387	8715900.000000
2020-08-13	-0.001365	0.090207	0.095817	0.088150	-0.073006	7428600.000000
2020-08-12	0.001538	0.097502	0.104432	0.096004	0.082134	10802100.000000
2020-08-11	-0.008137	0.101575	0.107334	0.082070	-0.438030	12833100.000000
2020-08-10	0.007859	0.098063	0.107424	0.094693	0.419777	12114500.000000
2020-08-07	0.012104	0.095627	0.109460	0.092406	0.638794	12783900.000000
2020-08-06	0.005040	0.095055	0.103625	0.094103	0.264648	10369900.000000
2020-08-05	-0.006389	0.100547	0.101115	0.086355	-0.337654	9809300.000000
2020-08-04	0.011705	0.095051	0.113046	0.094668	0.611412	11601000.000000
2020-08-03	-0.004175	0.103252	0.103252	0.088953	-0.219013	13493400.000000
2020-07-31	0.003141	0.087211	0.099641	0.083386	0.164265	16202900.000000
2020-07-30	-0.002611	0.091239	0.096007	0.089904	-0.136883	12635800.000000
2020-07-29	-0.000522	0.093719	0.099820	0.089716	-0.027382	9341800.000000
2020-07-28	0.010726	0.099285	0.111810	0.097744	0.556667	13454700.000000
2020-07-27	0.000352	0.098708	0.105069	0.089263	0.018246	12306700.000000
2020-07-24	0.017905	0.105627	0.129564	0.101507	0.912563	17981700.000000
2020-07-23	0.001794	0.096996	0.102500	0.088937	0.091259	16718700.000000
2020-07-22	-0.001612	0.095817	0.097975	0.086593	-0.082130	11223500.000000
2020-07-21	-0.000537	0.095228	0.108173	0.094444	-0.027378	12619700.000000
2020-07-20	-0.007638	0.095427	0.095427	0.083360	-0.392399	10572900.000000
2020-07-17	0.009322	0.100139	0.111926	0.097978	0.474533	13506300.000000
2020-07-16	0.013076	0.092035	0.111141	0.089846	0.657036	13477400.000000
2020-07-15	-0.006854	0.099177	0.101351	0.087515	-0.346760	13903600.000000
2020-07-14	0.018182	0.095414	0.119967	0.092194	0.903427	15683600.000000
2020-07-13	-0.000734	0.101045	0.101447	0.088778	-0.036503	15285100.000000
2020-07-10	0.010196	0.093785	0.108818	0.093785	0.501907	15652200.000000
2020-07-09	-0.015064	0.093516	0.093516	0.075507	-0.752857	17618400.000000
2020-07-08	0.006177	0.109532	0.116176	0.103693	0.306820	15320800.000000
2020-07-07	-0.003620	0.101703	0.109928	0.099296	-0.180481	13319700.000000
2020-07-06	0.008213	0.119448	0.121066	0.110549	0.406090	11231100.000000
2020-07-02	0.002195	0.115825	0.123122	0.109541	0.108295	15814500.000000
2020-07-01	-0.008344	0.107318	0.112143	0.097067	-0.415119	12831600.000000
2020-06-30	0.008045	0.112783	0.120279	0.101436	0.397064	17414800.000000
2020-06-29	0.028781	0.111249	0.140432	0.111249	1.380718	15930300.000000
2020-06-26	-0.020634	0.103223	0.103631	0.078929	-1.010719	30211900.000000
2020-06-25	0.006490	0.107711	0.117574	0.095999	0.315845	17122500.000000
2020-06-24	-0.018384	0.100055	0.100458	0.078271	-0.911446	24794600.000000
2020-06-23	-0.012936	0.109914	0.111905	0.093191	-0.649750	20716400.000000
2020-06-22	-0.008903	0.103190	0.110096	0.097270	-0.451214	12333900.000000
2020-06-19	-0.012832	0.117082	0.119420	0.090787	-0.658779	28868200.000000
2020-06-18	0.004237	0.105188	0.114186	0.102645	0.216591	9019500.000000
2020-06-17	-0.004743	0.112405	0.112989	0.100141	-0.243652	10652100.000000
2020-06-16	0.013713	0.121542	0.131212	0.109899	0.694862	15021300.000000
2020-06-15	-0.006722	0.092441	0.108319	0.083619	-0.342918	14826800.000000
2020-06-12	0.001417	0.111656	0.115189	0.095166	0.072189	17129000.000000
2020-06-11	-0.027562	0.097242	0.106023	0.076625	-1.443882	23412500.000000
2020-06-10	0.003284	0.108888	0.115209	0.105058	0.171459	13649100.000000
2020-06-09	-0.003959	0.101637	0.108886	0.094388	-0.207554	14530800.000000
2020-06-08	0.006062	0.106395	0.116951	0.099102	0.315849	14963000.000000
2020-06-05	0.009088	0.118386	0.125552	0.105411	0.469257	17105600.000000
2020-06-04	0.006863	0.106368	0.118652	0.101883	0.351952	16147300.000000
2020-06-03	0.007624	0.110480	0.119518	0.106158	0.388042	16086700.000000
2020-06-02	0.011115	0.108917	0.121631	0.103355	0.559505	17300400.000000
2020-06-01	-0.027884	0.094990	0.098853	0.076644	-1.443886	18156100.000000
2020-05-29	0.029792	0.100366	0.149289	0.091616	1.498028	34227800.000000
2020-05-28	0.010519	0.116965	0.121185	0.108524	0.523411	15427900.000000
2020-05-27	0.015470	0.114449	0.126897	0.110775	0.758041	17063800.000000
2020-05-26	0.003697	0.124509	0.131678	0.109761	0.180485	20830500.000000
2020-05-22	0.002409	0.107917	0.114693	0.101963	0.117317	19960000.000000
2020-05-21	-0.005345	0.111594	0.115883	0.099954	-0.261703	18201000.000000
2020-05-20	-0.002207	0.111383	0.118718	0.101398	-0.108303	21405400.000000
2020-05-19	-0.024049	0.102355	0.104741	0.080280	-1.209248	18467100.000000
2020-05-18	0.018461	0.127162	0.138302	0.114807	0.911461	15735900.000000
2020-05-15	-0.003643	0.102472	0.105095	0.093996	-0.180496	10174000.000000
2020-05-14	0.001094	0.101052	0.109739	0.087920	0.054153	15859200.000000
2020-05-13	-0.010999	0.102128	0.109921	0.090140	-0.550480	20604500.000000
2020-05-12	-0.016667	0.114999	0.114999	0.089457	-0.848286	13117700.000000
2020-05-11	-0.010526	0.105595	0.106373	0.093347	-0.541458	12636800.000000
2020-05-08	0.025549	0.120882	0.137032	0.117094	1.281448	11097900.000000
2020-05-07	-0.001078	0.117284	0.118280	0.098961	-0.054146	14083100.000000
2020-05-06	-0.015395	0.105181	0.111064	0.089101	-0.785107	12460400.000000
2020-05-05	0.004801	0.103394	0.121915	0.103394	0.243649	10902400.000000
2020-05-04	-0.010382	0.108512	0.112022	0.088039	-0.532429	11833600.000000
2020-05-01	-0.010792	0.114102	0.114681	0.090377	-0.559502	13857400.000000
2020-04-30	-0.011528	0.102593	0.105072	0.090772	-0.604626	17532400.000000
2020-04-29	0.005015	0.118661	0.122877	0.105631	0.261700	17818100.000000
2020-04-28	0.000346	0.108314	0.119048	0.104480	0.018047	13392600.000000
2020-04-27	-0.002071	0.108122	0.115009	0.094159	-0.108292	16050100.000000
2020-04-24	0.005904	0.109085	0.115819	0.093499	0.306828	15371500.000000
2020-04-23	-0.006898	0.110606	0.120925	0.098186	-0.360977	15684400.000000
2020-04-22	0.020591	0.119629	0.142251	0.116118	1.055843	12701100.000000
2020-04-21	-0.022536	0.094016	0.106407	0.081244	-1.182178	14234500.000000
2020-04-20	-0.005645	0.101299	0.116652	0.098645	-0.297798	14002200.000000
2020-04-17	0.013874	0.115810	0.127725	0.109660	0.721939	15054300.000000
2020-04-16	0.012823	0.115130	0.128950	0.106565	0.658775	17825800.000000
2020-04-15	-0.020812	0.097068	0.105645	0.080867	-1.091942	18372800.000000
2020-04-14	0.025940	0.120637	0.141951	0.113793	1.326565	16765600.000000
2020-04-13	-0.013405	0.107158	0.111209	0.087287	-0.694866	12977700.000000
2020-04-09	0.004459	0.102793	0.125853	0.102212	0.230118	19689500.000000
2020-04-08	0.014391	0.125544	0.140483	0.112963	0.732124	18234200.000000
2020-04-07	0.004938	0.126756	0.143349	0.114311	0.249985	21786000.000000
2020-04-06	0.036563	0.141949	0.165906	0.125773	1.785652	20284400.000000
2020-04-03	-0.009955	0.114972	0.119837	0.100376	-0.491058	17612500.000000
2020-04-02	0.044029	0.133585	0.174645	0.123638	2.080296	20159400.000000
2020-04-01	-0.015075	0.094400	0.114203	0.087312	-0.723194	18672600.000000
2020-03-31	-0.018989	0.105725	0.115336	0.095091	-0.928539	21251800.000000
2020-03-30	0.037900	0.135322	0.168008	0.123648	1.785652	20660200.000000
2020-03-27	-0.014382	0.090961	0.126316	0.078200	-0.687485	25363600.000000
2020-03-26	0.072087	0.112190	0.208854	0.110396	3.214184	32610900.000000
2020-03-25	-0.001000	0.105924	0.163058	0.094274	-0.044647	38551300.000000
2020-03-24	-0.006361	0.156773	0.156773	0.094883	-0.285702	40626900.000000
2020-03-23	-0.028764	0.094309	0.151825	0.062308	-1.330307	39225100.000000
2020-03-20	-0.033943	0.101240	0.107925	0.059254	-1.624943	46013800.000000
2020-03-19	-0.012887	0.108493	0.132411	0.088286	-0.624981	33024900.000000
2020-03-18	0.000184	0.113441	0.153449	0.049303	0.008930	38417400.000000
2020-03-17	0.065111	0.131242	0.218667	0.131023	2.964176	33898000.000000
2020-03-16	-0.058704	0.052428	0.099984	0.013557	-2.839176	36990400.000000
2020-03-13	0.058008	0.159416	0.189386	0.125509	2.651684	45744000.000000
2020-03-12	-0.066205	0.061209	0.103085	0.036696	-3.240959	45610600.000000
2020-03-11	-0.029901	0.097052	0.100421	0.073867	-1.508873	21147400.000000
2020-03-10	0.012359	0.124855	0.141305	0.081722	0.616051	34330900.000000
2020-03-09	-0.018287	0.070803	0.134023	0.063713	-0.928535	31862200.000000
2020-03-06	-0.005074	0.083397	0.121020	0.079674	-0.258923	22510800.000000
2020-03-05	-0.016517	0.095951	0.108477	0.088628	-0.857109	21249900.000000
2020-03-04	0.043447	0.138339	0.171316	0.128284	2.160637	17626400.000000
2020-03-03	-0.028262	0.117890	0.134304	0.079006	-1.446377	27500200.000000
2020-03-02	0.058346	0.140720	0.189939	0.134930	2.821323	30736200.000000
2020-02-28	-0.016346	0.093188	0.102139	0.061454	-0.803543	45828300.000000
2020-02-27	-0.036402	0.112983	0.124744	0.078680	-1.857071	25907200.000000
2020-02-26	0.000350	0.125138	0.134746	0.115726	0.017857	16803600.000000
2020-02-25	-0.015003	0.121005	0.127959	0.098215	-0.776764	19384900.000000
2020-02-24	-0.003608	0.119462	0.129470	0.115806	-0.187496	18520900.000000
2020-02-21	0.001894	0.116569	0.123125	0.114448	0.098217	15704300.000000
2020-02-20	-0.002233	0.117539	0.122733	0.114653	-0.116070	16748600.000000
2020-02-19	0.005353	0.124295	0.132998	0.117138	0.276772	13642800.000000
2020-02-18	-0.010255	0.124825	0.124825	0.106640	-0.535690	12427300.000000
2020-02-14	-0.002387	0.120995	0.123095	0.112974	-0.124989	9138900.000000
2020-02-13	0.007213	0.122733	0.131581	0.114654	0.374977	19460100.000000
2020-02-12	-0.007838	0.117941	0.123284	0.109162	-0.410698	20938000.000000
2020-02-11	-0.025731	0.119110	0.122085	0.083226	-1.383884	22488200.000000
2020-02-10	0.005005	0.119853	0.125646	0.116863	0.267857	8270200.000000
2020-02-07	0.008412	0.124185	0.133419	0.121924	0.446411	9418100.000000
2020-02-06	0.005243	0.121366	0.130268	0.118714	0.276772	10283700.000000
2020-02-05	0.014411	0.124651	0.137333	0.122538	0.749977	10271900.000000
2020-02-04	0.004134	0.120426	0.130073	0.112322	0.214275	13924600.000000
2020-02-03	-0.023385	0.123243	0.124562	0.093094	-1.241024	15566400.000000
2020-01-31	0.001348	0.119663	0.133059	0.115323	0.071430	14283600.000000
2020-01-30	-0.002856	0.104424	0.117406	0.097650	-0.151783	16719600.000000
2020-01-29	-0.019275	0.122808	0.124099	0.096790	-1.044609	13408900.000000
2020-01-28	0.013186	0.121348	0.140418	0.119292	0.705334	15367500.000000
2020-01-27	-0.006138	0.111864	0.121526	0.107776	-0.330353	11482300.000000
2020-01-24	-0.003801	0.119855	0.122816	0.112636	-0.205334	10182800.000000
2020-01-23	0.000496	0.118188	0.120966	0.111151	0.026772	11109000.000000
2020-01-22	0.002653	0.122454	0.129324	0.119297	0.142860	8847100.000000
2020-01-21	0.003160	0.121344	0.126373	0.119481	0.169632	12857600.000000
2020-01-17	0.007709	0.120415	0.129050	0.119477	0.410706	15615700.000000
2020-01-16	0.009645	0.125346	0.134254	0.122314	0.508911	10689600.000000
2020-01-15	0.001016	0.124024	0.127249	0.116815	0.053558	10291300.000000
2020-01-14	-0.001860	0.117199	0.119661	0.112655	-0.098213	12697100.000000
2020-01-13	0.002712	0.120609	0.127255	0.116052	0.142857	14158400.000000
2020-01-10	0.002379	0.123275	0.128604	0.119850	0.125004	11786700.000000
2020-01-09	-0.004146	0.116155	0.125821	0.114449	-0.218739	20134600.000000
2020-01-08	0.001845	0.133025	0.141190	0.132266	0.097187	15926500.000000
2020-01-07	-0.011117	0.128504	0.130006	0.118740	-0.592026	14293100.000000
2020-01-06	-0.002152	0.126263	0.135256	0.125700	-0.114868	15094500.000000
2020-01-03	-0.010647	0.123169	0.126876	0.113530	-0.574364	13263200.000000
2020-01-02	-0.005700	0.131327	0.132618	0.120821	-0.309273	11447900.000000
