2022-12-30	-0.002532	-0.000069	0.002969	-0.005367	-0.358521	3835300.000000
2022-12-29	0.006087	0.010139	0.016393	0.007368	0.856491	3057300.000000
2022-12-28	-0.017523	0.001725	0.003121	-0.016149	-2.509720	5082100.000000
2022-12-27	0.000278	0.005984	0.008848	0.000048	0.039825	3348200.000000
2022-12-23	0.002021	0.001090	0.006338	-0.004299	0.288834	3182500.000000
2022-12-22	-0.011710	0.001263	0.002715	-0.018379	-1.693069	4360800.000000
2022-12-21	0.007844	0.005981	0.017273	0.005562	1.125381	4575500.000000
2022-12-20	0.008754	0.004942	0.017037	0.000231	1.244904	5669800.000000
2022-12-19	0.000350	0.005927	0.009796	-0.003076	0.049789	5022500.000000
2022-12-16	-0.017955	-0.001980	-0.000322	-0.015174	-2.599335	13447700.000000
2022-12-15	-0.008932	-0.003363	0.002387	-0.016713	-1.304657	5838000.000000
2022-12-14	-0.005560	0.001375	0.011179	-0.006317	-0.816666	6778200.000000
2022-12-13	-0.003581	0.017530	0.018887	-0.004584	-0.527832	7802700.000000
2022-12-12	0.018650	0.008176	0.023378	0.005826	2.698944	6477400.000000
2022-12-09	-0.023323	-0.004742	-0.003055	-0.019927	-3.455841	9309800.000000
2022-12-08	0.001548	0.008222	0.009033	0.001327	0.229065	4504200.000000
2022-12-07	-0.005204	0.011986	0.016760	0.000689	-0.773895	5850100.000000
2022-12-06	-0.011606	0.004893	0.009612	-0.008333	-1.746231	6875200.000000
2022-12-05	-0.010247	0.004792	0.006437	-0.009943	-1.557724	7869400.000000
2022-12-02	-0.000978	-0.004536	0.007030	-0.004536	-0.148819	6911000.000000
2022-12-01	0.006233	0.005437	0.015753	-0.003291	0.942566	7577400.000000
2022-11-30	-0.003595	0.005512	0.006566	-0.003778	-0.545700	10446000.000000
2022-11-29	-0.003518	0.004732	0.009197	0.001581	-0.535767	4613900.000000
2022-11-28	0.002874	0.005579	0.018221	0.005579	0.436539	5891600.000000
2022-11-25	0.004265	0.005900	0.012314	0.004181	0.644928	2925800.000000
2022-11-23	0.004812	0.010475	0.019046	0.009146	0.724289	5640200.000000
2022-11-22	0.003573	0.013552	0.016552	0.007684	0.535782	5632800.000000
2022-11-21	0.006124	0.010433	0.020698	0.007616	0.912796	7052400.000000
2022-11-18	0.015068	0.019257	0.023138	0.013128	2.212555	6329000.000000
2022-11-17	-0.003367	-0.002229	0.009445	-0.004265	-0.496094	8263800.000000
2022-11-16	0.007189	0.010892	0.026751	0.005696	1.051712	10864400.000000
2022-11-15	0.065395	0.060467	0.094405	0.052747	8.979218	25516200.000000
2022-11-14	-0.029387	0.001239	0.013115	-0.022583	-4.157227	12508600.000000
2022-11-11	0.001545	0.010079	0.013265	-0.008895	0.218277	6423600.000000
2022-11-10	0.020721	0.029852	0.031153	0.015327	2.867386	6770200.000000
2022-11-09	-0.023251	0.007672	0.010496	-0.017386	-3.294022	5310700.000000
2022-11-08	0.002387	0.008804	0.019346	0.001233	0.337341	5022800.000000
2022-11-07	0.010499	0.009957	0.022183	0.009957	1.468414	3788000.000000
2022-11-04	0.001777	0.017267	0.018556	-0.005940	0.248047	4889800.000000
2022-11-03	-0.000213	-0.000996	0.014758	-0.004075	-0.029770	3658800.000000
2022-11-02	-0.006634	0.004114	0.021257	0.000842	-0.932632	5174000.000000
2022-11-01	-0.004497	0.012416	0.016523	0.002006	-0.634995	4938100.000000
2022-10-31	-0.001263	0.006682	0.011845	0.002650	-0.178589	7524000.000000
2022-10-28	0.012648	0.003014	0.023425	0.002942	1.766068	4549400.000000
2022-10-27	-0.002905	0.006956	0.014739	0.001814	-0.406784	5534300.000000
2022-10-26	0.007639	0.009971	0.022059	0.006085	1.061615	6918100.000000
2022-10-25	0.004734	0.005570	0.015330	0.000004	0.654846	5017100.000000
2022-10-24	0.019079	0.012673	0.034997	0.010315	2.589584	6268900.000000
2022-10-21	0.020210	0.013296	0.032839	0.007207	2.688812	6044900.000000
2022-10-20	0.002467	0.009542	0.020241	0.007055	0.327408	4251600.000000
2022-10-19	-0.002833	0.009311	0.012317	-0.000907	-0.377029	3779800.000000
2022-10-18	0.021086	0.023688	0.036501	0.022921	2.748337	5614100.000000
2022-10-17	0.007207	0.011980	0.026430	0.009120	0.932663	5937500.000000
2022-10-14	-0.013986	0.009103	0.015046	-0.009107	-1.835556	5547000.000000
2022-10-13	0.008462	-0.006638	0.021484	-0.013631	1.101334	6848500.000000
2022-10-12	-0.011306	0.010467	0.023838	-0.005031	-1.488266	5649200.000000
2022-10-11	0.025905	0.009365	0.042800	0.008975	3.323776	7092000.000000
2022-10-10	0.005912	0.015488	0.018624	0.005689	0.754059	3803900.000000
2022-10-07	-0.023694	0.005052	0.007654	-0.019747	-3.095581	5693500.000000
2022-10-06	-0.009329	0.009097	0.019713	-0.002277	-1.230301	4733500.000000
2022-10-05	-0.009907	0.004205	0.010662	-0.005179	-1.319611	4851300.000000
2022-10-04	0.012978	0.017998	0.028189	0.014272	1.706543	5378100.000000
2022-10-03	0.021820	0.012080	0.031896	0.010293	2.807877	5858300.000000
2022-09-30	-0.019282	0.007808	0.008722	-0.011550	-2.530060	6534100.000000
2022-09-29	-0.006461	0.010837	0.015531	-0.003322	-0.853287	5080500.000000
2022-09-28	0.016495	0.011424	0.028665	-0.001583	2.143127	5612800.000000
2022-09-27	-0.002742	0.014945	0.024156	0.000132	-0.357193	5723900.000000
2022-09-26	0.009611	-0.002268	0.024003	-0.005987	1.240234	7670400.000000
2022-09-23	-0.024965	0.003955	0.006297	-0.027024	-3.303970	9065100.000000
2022-09-22	-0.010240	0.006388	0.007510	-0.006550	-1.369202	5581500.000000
2022-09-21	0.009135	0.022147	0.037317	0.015959	1.210449	8301200.000000
2022-09-20	-0.005806	0.001506	0.004508	-0.005547	-0.773880	4654500.000000
2022-09-19	0.008559	0.005084	0.019764	0.002435	1.131073	5617700.000000
2022-09-16	-0.002098	-0.003217	0.016039	-0.008654	-0.277802	13958100.000000
2022-09-15	-0.010747	0.008855	0.009602	-0.006683	-1.438660	6729800.000000
2022-09-14	-0.002219	0.010940	0.017648	-0.000464	-0.297653	6644900.000000
2022-09-13	-0.020642	-0.000949	0.007008	-0.015914	-2.827728	5895800.000000
2022-09-12	0.008989	0.009652	0.018269	0.008841	1.220398	4761500.000000
2022-09-09	0.003005	0.006924	0.015789	0.005668	0.406799	5380200.000000
2022-09-08	0.005083	0.005359	0.016274	0.001498	0.684586	5652000.000000
2022-09-07	0.025691	0.013367	0.035529	0.010930	3.373413	5686300.000000
2022-09-06	-0.004962	0.008263	0.012582	-0.009394	-0.654831	7299900.000000
2022-09-02	-0.011005	0.010657	0.016803	-0.007405	-1.468430	5744800.000000
2022-09-01	0.014561	0.007808	0.027578	0.006743	1.914902	7247300.000000
2022-08-31	0.000528	0.010166	0.017850	0.003700	0.069458	7486900.000000
2022-08-30	-0.003010	0.011373	0.013724	-0.000763	-0.396881	4822700.000000
2022-08-29	0.009726	0.001987	0.025269	0.000149	1.269989	5793900.000000
2022-08-26	-0.031427	0.009664	0.015005	-0.024459	-4.236588	7110600.000000
2022-08-25	0.006668	0.010199	0.015501	0.008332	0.892944	6471500.000000
2022-08-24	0.007239	0.010517	0.017587	0.004875	0.962433	5255500.000000
2022-08-23	-0.004236	0.008183	0.010805	-0.002302	-0.565567	5651700.000000
2022-08-22	-0.017881	0.001852	0.005677	-0.011094	-2.430832	6222400.000000
2022-08-19	-0.014741	0.006797	0.007884	-0.007770	-2.033966	7639600.000000
2022-08-18	-0.003225	0.007956	0.014385	0.000515	-0.446472	6399200.000000
2022-08-17	0.001076	0.002099	0.032110	0.000869	0.148834	13930700.000000
2022-08-16	0.051056	0.055770	0.071199	0.050373	6.717026	30591100.000000
2022-08-15	0.002874	0.003386	0.018175	0.001328	0.377029	8838700.000000
2022-08-12	0.018487	0.009281	0.031330	0.007884	2.381226	8875000.000000
2022-08-11	0.009644	0.016663	0.021915	0.008041	1.230301	7951500.000000
2022-08-10	0.002095	0.021150	0.022328	0.008503	0.266739	8417000.000000
2022-08-09	0.009874	0.014495	0.023062	0.009100	1.244713	6441700.000000
2022-08-08	0.008137	0.012833	0.025309	0.012513	1.017517	6058400.000000
2022-08-05	0.008043	0.011790	0.022270	0.008646	0.997765	10669000.000000
2022-08-04	-0.037778	0.013592	0.014600	-0.027830	-4.870239	17702000.000000
2022-08-03	-0.016430	0.008306	0.014257	-0.009242	-2.153564	10667700.000000
2022-08-02	0.001056	0.016932	0.021209	0.003567	0.138306	6565000.000000
2022-08-01	0.003711	0.004684	0.028985	0.004224	0.484055	8332100.000000
2022-07-29	0.017726	0.001117	0.031856	-0.001302	2.272125	10047300.000000
2022-07-28	0.024962	0.009715	0.043620	0.009715	3.121681	11087400.000000
2022-07-27	0.037793	0.006132	0.052024	0.004390	4.554092	14053200.000000
2022-07-26	-0.076049	-0.071227	-0.059265	-0.079431	-9.918266	31797200.000000
2022-07-25	-0.001437	0.013652	0.016025	0.006531	-0.187698	6845100.000000
2022-07-22	-0.002565	0.012197	0.018688	0.002193	-0.335876	4538800.000000
2022-07-21	0.014620	0.012583	0.027151	0.011189	1.886856	6254900.000000
2022-07-20	0.008336	0.019696	0.025946	0.011805	1.066902	6188300.000000
2022-07-19	0.006135	0.017147	0.021628	0.010937	0.780411	5665100.000000
2022-07-18	-0.002324	0.008979	0.021920	0.005921	-0.296356	4747900.000000
2022-07-15	0.009779	0.020035	0.031676	0.014095	1.234848	7061400.000000
2022-07-14	0.019542	0.002504	0.036093	0.002342	2.420288	6968500.000000
2022-07-13	0.002399	0.007174	0.023524	0.002885	0.296356	4229700.000000
2022-07-12	-0.003029	0.009530	0.025830	0.006383	-0.375374	4577400.000000
2022-07-11	0.000399	0.009206	0.019781	0.005977	0.049385	3844300.000000
2022-07-08	0.000638	0.016312	0.022693	0.010900	0.079033	4917000.000000
2022-07-07	0.001518	0.012759	0.015509	0.004103	0.187691	5829100.000000
2022-07-06	0.007083	0.014147	0.028812	0.012681	0.869331	7100000.000000
2022-07-05	0.013210	0.008806	0.027792	0.003854	1.600357	6072700.000000
2022-07-01	0.008636	0.015271	0.023430	0.008777	1.037270	5820300.000000
2022-06-30	-0.002789	-0.008530	0.001148	-0.016650	-0.339996	6388700.000000
2022-06-29	-0.003677	0.004249	0.008008	-0.011441	-0.450005	6370500.000000
2022-06-28	-0.014099	0.004351	0.011682	-0.014744	-1.750000	5133000.000000
2022-06-27	0.003233	0.000485	0.008244	-0.007517	0.400002	6629700.000000
2022-06-24	0.000809	0.003802	0.013671	-0.003721	0.099998	10615300.000000
2022-06-23	0.024277	0.008783	0.027094	0.004226	2.930000	6013600.000000
2022-06-22	-0.012114	-0.000573	0.008840	-0.012933	-1.479996	6745000.000000
2022-06-21	0.032801	0.000085	0.037958	-0.000592	3.879997	7972200.000000
2022-06-17	-0.019317	-0.004974	0.002155	-0.021970	-2.330002	12279600.000000
2022-06-16	0.010387	-0.008628	0.019936	-0.009633	1.240005	10235600.000000
2022-06-15	-0.000670	0.004269	0.007952	-0.013059	-0.080002	8638000.000000
2022-06-14	0.000419	-0.002345	0.004941	-0.010384	0.049995	7181400.000000
2022-06-13	-0.018817	-0.016105	-0.003780	-0.021446	-2.289993	8299300.000000
2022-06-10	0.005619	-0.010494	0.014213	-0.013882	0.680000	8412700.000000
2022-06-09	-0.010466	-0.002453	0.016762	-0.010711	-1.280006	6626700.000000
2022-06-08	-0.008673	-0.008268	0.004377	-0.011510	-1.070000	7507600.000000
2022-06-07	-0.012012	-0.029070	-0.011052	-0.031953	-1.500000	15902600.000000
2022-06-06	-0.003591	0.003990	0.007820	-0.005825	-0.449997	6618500.000000
2022-06-03	-0.017175	-0.006588	-0.000706	-0.018979	-2.190002	6100900.000000
2022-06-02	0.016421	0.000957	0.016580	-0.008928	2.060005	7738100.000000
2022-06-01	-0.024722	-0.001011	0.002254	-0.030708	-3.180008	9511600.000000
2022-05-31	0.001168	-0.007939	0.011052	-0.008250	0.150009	12304100.000000
2022-05-27	0.019683	-0.004048	0.020794	-0.005476	2.479996	8433300.000000
2022-05-26	0.021318	0.015644	0.024560	0.008349	2.629997	9399200.000000
2022-05-25	-0.006123	-0.001047	0.004350	-0.012326	-0.759995	9040600.000000
2022-05-24	0.012480	-0.011338	0.015905	-0.012398	1.529999	11528300.000000
2022-05-23	0.028524	0.006040	0.038339	0.005537	3.400002	14560300.000000
2022-05-20	0.001092	0.004787	0.014865	-0.015117	0.129997	16452000.000000
2022-05-19	-0.027444	-0.012742	-0.005227	-0.031283	-3.360001	23669500.000000
2022-05-18	-0.067910	-0.025276	-0.023449	-0.074762	-8.920006	34751000.000000
2022-05-17	-0.113758	-0.079482	-0.072667	-0.118548	-16.860001	44313400.000000
2022-05-16	0.001081	0.008983	0.011347	-0.010740	0.160004	7149700.000000
2022-05-13	0.003865	0.001560	0.006103	-0.009086	0.570007	6654100.000000
2022-05-12	-0.000948	0.001626	0.017139	-0.007452	-0.139999	8414800.000000
2022-05-11	-0.010457	0.001475	0.010524	-0.015216	-1.559998	9292900.000000
2022-05-10	-0.014077	0.000793	0.006477	-0.018175	-2.130005	8287100.000000
2022-05-09	0.011701	-0.007288	0.023669	-0.009160	1.750000	9402400.000000
2022-05-06	-0.020820	-0.006743	0.007922	-0.029265	-3.180008	11419400.000000
2022-05-05	-0.008568	-0.002726	-0.001493	-0.017266	-1.319992	7744800.000000
2022-05-04	0.013835	0.000476	0.018837	-0.002946	2.102356	6674200.000000
2022-05-03	0.003487	0.006607	0.018823	0.002314	0.528076	5983500.000000
2022-05-02	-0.006602	0.016558	0.016755	-0.013881	-1.006348	6672000.000000
2022-04-29	-0.020613	0.001065	0.003699	-0.018852	-3.208344	7029600.000000
2022-04-28	0.012772	0.010077	0.021464	0.002724	1.962875	4985300.000000
2022-04-27	-0.006826	0.005121	0.009451	-0.004637	-1.056168	5832300.000000
2022-04-26	-0.010450	-0.000010	0.011245	-0.007492	-1.634048	6533700.000000
2022-04-25	0.000510	0.000500	0.007538	-0.012425	0.079712	6019200.000000
2022-04-22	-0.018828	0.006021	0.006711	-0.016517	-2.999100	7015400.000000
2022-04-21	0.001503	0.005458	0.010802	0.000114	0.239120	6056100.000000
2022-04-20	0.012560	0.008091	0.020824	0.007709	1.972839	6607200.000000
2022-04-19	0.011355	0.008721	0.016963	0.004665	1.763580	5285000.000000
2022-04-18	-0.007639	0.001526	0.009385	-0.008313	-1.195648	4890600.000000
2022-04-14	-0.000890	0.002933	0.010465	-0.001408	-0.139496	7453500.000000
2022-04-13	0.026039	0.005076	0.033502	0.004421	3.975555	9761500.000000
2022-04-12	-0.006870	0.003310	0.010855	-0.007683	-1.056152	8920400.000000
2022-04-11	-0.019821	0.000829	0.008927	-0.020466	-3.108719	8237600.000000
2022-04-08	0.005558	0.006007	0.015624	0.001519	0.866867	7764800.000000
2022-04-07	0.010001	0.004347	0.020147	0.000073	1.544373	9029400.000000
2022-04-06	0.023239	0.000653	0.029807	-0.002792	3.507248	9339500.000000
2022-04-05	0.002847	0.002572	0.018852	0.002572	0.428452	6219300.000000
2022-04-04	0.000199	0.002970	0.018190	-0.002546	0.029892	8444200.000000
2022-04-01	0.014034	0.008622	0.019473	0.003096	2.082428	6979900.000000
2022-03-31	-0.006339	-0.003598	0.008122	-0.007683	-0.946564	9054600.000000
2022-03-30	0.017931	0.002953	0.023744	0.002340	2.630447	8330500.000000
2022-03-29	0.008425	0.007760	0.018071	0.005353	1.225540	6644800.000000
2022-03-28	0.017776	0.003985	0.021896	0.002586	2.540771	6701900.000000
2022-03-25	0.004341	0.007991	0.011364	-0.000370	0.617737	4695100.000000
2022-03-24	0.006199	0.006746	0.017493	0.003140	0.876831	4480300.000000
2022-03-23	-0.012865	-0.000971	0.003146	-0.012278	-1.843307	6541800.000000
2022-03-22	-0.002981	0.006279	0.008784	-0.005063	-0.428436	6745000.000000
2022-03-21	-0.008320	0.003566	0.016401	-0.008924	-1.205627	7116900.000000
2022-03-18	0.002965	0.004812	0.007511	-0.002594	0.428452	10411100.000000
2022-03-17	0.001519	0.001278	0.007170	-0.011199	0.219193	6341000.000000
2022-03-16	-0.002950	0.004821	0.015534	-0.006859	-0.426773	8205300.000000
2022-03-15	0.012010	0.010874	0.022204	0.006118	1.717072	7624200.000000
2022-03-14	0.013937	0.007162	0.027232	0.006949	1.965225	7548800.000000
2022-03-11	-0.003926	0.005186	0.017547	0.002219	-0.555817	6387400.000000
2022-03-10	0.022731	0.007733	0.033091	0.004266	3.146362	9170900.000000
2022-03-09	0.005189	0.016667	0.018410	0.003159	0.714615	7374300.000000
2022-03-08	-0.020682	0.006308	0.013135	-0.014458	-2.908127	9435200.000000
2022-03-07	-0.008052	-0.003206	0.013231	-0.009202	-1.141434	15290000.000000
2022-03-04	0.025343	-0.003188	0.033918	-0.004780	3.503677	11858800.000000
2022-03-03	0.022988	0.015878	0.039408	0.010402	3.106628	9961700.000000
2022-03-02	0.001250	0.005072	0.013740	0.001516	0.168747	7954600.000000
2022-03-01	0.006141	0.012809	0.027867	0.006473	0.823807	8008300.000000
2022-02-28	-0.008946	-0.002678	0.005227	-0.011765	-1.210892	8762200.000000
2022-02-25	0.013751	0.009614	0.024367	0.004221	1.836182	8332600.000000
2022-02-24	-0.003850	-0.000988	0.007218	-0.015163	-0.516113	10572500.000000
2022-02-23	-0.010260	0.010544	0.012981	-0.004371	-1.389557	7010300.000000
2022-02-22	-0.011160	0.005910	0.009342	-0.007451	-1.528503	8460300.000000
2022-02-18	-0.006408	0.001858	0.012667	-0.004961	-0.883362	10367800.000000
2022-02-17	0.040066	0.011063	0.052335	0.009403	5.310089	17943800.000000
2022-02-16	-0.006251	0.007217	0.011341	-0.005005	-0.833740	9496900.000000
2022-02-15	0.003136	0.013459	0.020454	0.006313	0.416870	7274800.000000
2022-02-14	-0.010197	0.007517	0.012207	-0.011989	-1.369705	9787800.000000
2022-02-11	-0.005512	0.012995	0.015661	-0.006625	-0.744415	7911100.000000
2022-02-10	-0.011693	-0.000825	0.002541	-0.008801	-1.597992	9270200.000000
2022-02-09	-0.002174	0.011240	0.013358	0.003720	-0.297745	7157900.000000
2022-02-08	0.000217	0.010146	0.016864	0.004230	0.029770	6486300.000000
2022-02-07	-0.009833	0.012795	0.012868	-0.004921	-1.359772	6670100.000000
2022-02-04	-0.011774	0.006802	0.007588	-0.011349	-1.647629	7345500.000000
2022-02-03	0.000994	0.003296	0.015671	-0.000209	0.138962	6913700.000000
2022-02-02	-0.000426	0.008160	0.012736	0.002083	-0.059555	6049900.000000
2022-02-01	0.007868	0.003193	0.017173	0.001608	1.091812	6774400.000000
2022-01-31	0.016652	0.004366	0.025979	0.001509	2.272903	6731200.000000
2022-01-28	0.012367	0.008703	0.020348	-0.006501	1.667465	8377300.000000
2022-01-27	0.000663	0.016200	0.032231	0.004696	0.089325	9253000.000000
2022-01-26	-0.010208	0.008912	0.019564	-0.007102	-1.389557	8728500.000000
2022-01-25	-0.021755	0.006008	0.008738	-0.016845	-3.027237	9826500.000000
2022-01-24	0.000071	-0.000533	0.009960	-0.013181	0.009918	9566400.000000
2022-01-21	-0.007294	0.007517	0.014936	-0.000759	-1.022324	9169400.000000
2022-01-20	-0.018897	-0.003613	0.011157	-0.012572	-2.699692	7462400.000000
2022-01-19	0.009963	0.007658	0.024978	0.003275	1.409393	7558000.000000
2022-01-18	-0.017510	0.003002	0.005016	-0.012834	-2.521042	7041300.000000
2022-01-14	-0.002818	-0.001141	0.015551	-0.001141	-0.406937	8955800.000000
2022-01-13	0.014152	0.007446	0.023250	0.005199	2.014847	8084200.000000
2022-01-12	-0.005270	0.003883	0.005840	-0.000868	-0.754318	6315600.000000
2022-01-11	-0.002835	0.004730	0.007586	-0.002446	-0.406952	7222900.000000
2022-01-10	-0.001932	0.011341	0.012384	-0.004791	-0.277908	7577200.000000
2022-01-07	0.009546	0.007376	0.020433	0.003585	1.359772	6574500.000000
2022-01-06	-0.002779	0.005417	0.012557	-0.003124	-0.397003	7276300.000000
2022-01-05	0.013521	0.013548	0.035543	0.012767	1.905670	11806000.000000
2022-01-04	-0.018320	0.003268	0.010930	-0.012613	-2.630234	11310000.000000
2022-01-03	-0.000276	0.002712	0.008213	-0.004182	-0.039703	6902200.000000
2021-12-31	0.010617	0.007728	0.020676	0.005757	1.508667	5982600.000000
2021-12-30	0.003223	0.011399	0.014506	0.005893	0.456558	4983000.000000
2021-12-29	-0.000490	0.006670	0.012809	0.004271	-0.069458	4348400.000000
2021-12-28	0.014351	0.006372	0.023335	0.006372	2.004929	5261000.000000
2021-12-27	0.009105	0.008311	0.017484	0.008095	1.260513	5346900.000000
2021-12-23	-0.002217	0.007517	0.010111	0.000670	-0.307693	5864200.000000
2021-12-22	0.001289	0.009537	0.010187	-0.000349	0.178680	5676000.000000
2021-12-21	0.003017	0.005345	0.012294	-0.001096	0.416855	8206800.000000
2021-12-20	0.003243	0.002942	0.014778	-0.000834	0.446640	10339300.000000
2021-12-17	-0.032022	0.003370	0.011804	-0.027276	-4.555740	26193700.000000
2021-12-16	-0.016670	0.007517	0.012769	-0.012389	-2.411896	13023200.000000
2021-12-15	0.005727	0.009393	0.018152	-0.003188	0.823807	11163300.000000
2021-12-14	0.009542	0.005622	0.019517	-0.002448	1.359787	15573800.000000
2021-12-13	0.018010	0.001873	0.026948	0.000230	2.521057	18013100.000000
2021-12-10	0.018267	0.006353	0.027885	0.000751	2.511124	12858500.000000
2021-12-09	0.013909	0.007738	0.022047	0.000952	1.885834	10783900.000000
2021-12-08	-0.010105	0.007996	0.011208	-0.006972	-1.383987	11498800.000000
2021-12-07	-0.003237	0.015940	0.017614	0.004951	-0.444855	12579700.000000
2021-12-06	0.010836	0.011941	0.025183	0.008557	1.472946	10863100.000000
2021-12-03	0.015059	0.014485	0.029569	0.010229	2.016663	14714200.000000
2021-12-02	-0.012177	0.015188	0.021162	-0.002441	-1.650894	13268600.000000
2021-12-01	-0.024817	0.010710	0.012221	-0.014250	-3.450089	12207100.000000
2021-11-30	-0.014022	0.003417	0.010651	-0.007009	-1.977112	21606300.000000
2021-11-29	-0.015666	0.012272	0.014017	-0.007066	-2.244003	11013200.000000
2021-11-26	-0.011191	0.010883	0.020824	-0.003061	-1.621231	7013200.000000
2021-11-24	0.005006	0.011018	0.020245	0.010394	0.721634	6029800.000000
2021-11-23	0.007114	0.007870	0.019958	0.000883	1.018219	9969300.000000
2021-11-22	0.016785	0.013492	0.032673	0.008803	2.362656	9708800.000000
2021-11-19	-0.005379	0.014824	0.017509	0.002953	-0.761200	9373100.000000
2021-11-18	0.008595	0.012999	0.021194	0.003876	1.206039	8131400.000000
2021-11-17	-0.008591	0.011503	0.022525	0.002035	-1.215927	11038700.000000
2021-11-16	-0.025458	-0.000890	0.009990	-0.020170	-3.697205	24662200.000000
2021-11-15	-0.005753	0.014243	0.016297	0.002263	-0.840271	9632000.000000
2021-11-12	-0.004983	0.014979	0.016614	0.005034	-0.731537	6104600.000000
2021-11-11	0.000404	0.013822	0.015321	0.009870	0.059311	4534400.000000
2021-11-10	-0.009013	0.004415	0.010425	-0.000650	-1.334549	5601200.000000
2021-11-09	0.003484	0.013267	0.015639	0.008862	0.514038	5000600.000000
2021-11-08	-0.006390	0.011506	0.013459	0.001473	-0.949005	5124400.000000
2021-11-05	-0.006941	0.016388	0.016388	0.000473	-1.037994	5027300.000000
2021-11-04	0.007325	0.011573	0.022822	0.009216	1.087418	5049700.000000
2021-11-03	0.003072	0.010762	0.015424	0.006911	0.454727	4736500.000000
2021-11-02	-0.000467	0.012789	0.014207	0.008129	-0.069183	4546300.000000
2021-11-01	0.002476	0.015364	0.020577	0.011099	0.365753	4183200.000000
2021-10-29	0.006534	0.007894	0.022817	0.005509	0.958923	7340900.000000
2021-10-28	0.006236	0.017127	0.021516	0.012808	0.909470	4199500.000000
2021-10-27	-0.008202	0.013001	0.013409	0.002325	-1.206055	4855200.000000
2021-10-26	-0.008730	0.011169	0.014877	0.000788	-1.294998	5806200.000000
2021-10-25	0.011595	0.014574	0.026439	0.009323	1.700317	6429300.000000
2021-10-22	0.010422	0.013572	0.031418	0.013572	1.512497	7065200.000000
2021-10-21	0.005548	0.015592	0.017948	0.010257	0.800735	4651500.000000
2021-10-20	0.009054	0.012971	0.024158	0.012971	1.294983	5817900.000000
2021-10-19	0.021245	0.032636	0.039633	0.025710	2.975586	11148100.000000
2021-10-18	0.008040	0.007615	0.022081	0.006391	1.117065	6629000.000000
2021-10-15	0.004862	0.016998	0.020469	0.012224	0.672241	6912400.000000
2021-10-14	0.010840	0.012524	0.024001	0.012524	1.482819	6594500.000000
2021-10-13	-0.007246	0.012444	0.016146	0.002501	-0.998444	5979300.000000
2021-10-12	-0.001075	0.010196	0.017953	0.008238	-0.148300	5263100.000000
2021-10-11	-0.000931	0.010559	0.019685	0.009980	-0.128510	4349400.000000
2021-10-08	0.003016	0.014625	0.017748	0.009902	0.415207	4615800.000000
2021-10-07	0.011772	0.020100	0.034213	0.019953	1.601471	7022700.000000
2021-10-06	0.007319	0.008760	0.020236	0.007945	0.988541	6458900.000000
2021-10-05	0.006557	0.013213	0.026330	0.012840	0.879837	6865800.000000
2021-10-04	-0.009632	0.011868	0.020283	-0.005698	-1.304916	9990100.000000
2021-10-01	-0.016717	0.010702	0.013388	-0.013538	-2.303329	10004800.000000
2021-09-30	-0.007548	0.013014	0.020865	0.003002	-1.047882	7485900.000000
2021-09-29	-0.000427	0.012653	0.021149	0.010277	-0.059311	7125200.000000
2021-09-28	-0.012302	0.008942	0.010293	-0.004498	-1.729980	6860300.000000
2021-09-27	-0.006426	0.009454	0.014258	0.002176	-0.909470	7083600.000000
2021-09-24	0.002802	0.009660	0.018092	0.009589	0.395416	4453500.000000
2021-09-23	0.000561	0.015331	0.018237	0.009872	0.079086	5195100.000000
2021-09-22	-0.002307	0.014756	0.015676	0.006410	-0.326233	5014800.000000
2021-09-21	0.001962	0.011290	0.024613	0.011077	0.276810	5812500.000000
2021-09-20	-0.013750	0.002976	0.014788	-0.010164	-1.967224	8351500.000000
2021-09-17	-0.002068	0.005366	0.019455	0.004529	-0.296555	24344200.000000
2021-09-16	0.003321	0.010803	0.016892	0.005555	0.474487	6142800.000000
2021-09-15	0.001733	0.009961	0.014728	0.007998	0.247147	4950000.000000
2021-09-14	-0.005239	0.014502	0.017292	0.003624	-0.751297	5511300.000000
2021-09-13	-0.005689	0.015942	0.020310	0.002906	-0.820511	6509800.000000
2021-09-10	-0.003620	0.016962	0.017238	0.004734	-0.523941	5258400.000000
2021-09-09	-0.007053	0.011573	0.012602	0.000460	-1.028122	7442900.000000
2021-09-08	0.001290	0.009375	0.018786	0.007864	0.187836	6502800.000000
2021-09-07	-0.013266	0.009676	0.011031	-0.003270	-1.957336	8448400.000000
2021-09-03	0.004645	0.009122	0.018995	0.007079	0.682098	5737300.000000
2021-09-02	0.005278	0.013901	0.018487	0.010957	0.771088	6672700.000000
2021-09-01	-0.002161	0.007885	0.010412	0.001123	-0.316345	6352200.000000
2021-08-31	0.002708	0.013560	0.016641	0.008423	0.395432	8359500.000000
2021-08-30	0.008053	0.010883	0.021791	0.008121	1.166489	5480200.000000
2021-08-27	-0.005633	0.012672	0.013907	0.003541	-0.820511	7696200.000000
2021-08-26	-0.010808	0.001455	0.006888	-0.003978	-1.591568	7822300.000000
2021-08-25	0.000403	0.008244	0.014155	0.005663	0.059311	7307100.000000
2021-08-24	-0.010302	0.011910	0.011910	-0.000193	-1.532257	6276300.000000
2021-08-23	-0.006603	0.012108	0.013844	0.004627	-0.988571	5388700.000000
2021-08-20	0.008927	0.014067	0.022423	0.009147	1.324677	6466800.000000
2021-08-19	0.006774	0.006349	0.022157	0.004110	0.998428	7543500.000000
2021-08-18	-0.010617	0.010566	0.024126	0.000296	-1.581680	9403900.000000
2021-08-17	-0.000332	0.009225	0.023316	0.000501	-0.049423	16983400.000000
2021-08-16	0.008159	0.012588	0.026456	0.008258	1.206024	15930500.000000
2021-08-13	0.003153	0.013745	0.020395	0.012252	0.464630	5327100.000000
2021-08-12	-0.002676	0.008460	0.016650	0.007174	-0.395401	6089700.000000
2021-08-11	0.008945	0.020964	0.035099	0.018574	1.309967	13818600.000000
2021-08-10	0.021294	0.024990	0.038799	0.019968	3.053268	12754000.000000
2021-08-09	0.002410	0.020050	0.024034	0.016484	0.344727	5270600.000000
2021-08-06	-0.001787	0.020320	0.022135	0.011527	-0.256088	6421200.000000
2021-08-05	0.018552	0.025176	0.034487	0.023470	2.610092	9001800.000000
2021-08-04	-0.006814	0.012190	0.016143	0.007671	-0.965256	5100500.000000
2021-08-03	0.011250	0.016866	0.027289	0.016295	1.575912	6305100.000000
2021-08-02	-0.002315	0.017290	0.017575	0.009028	-0.325027	6652800.000000
2021-07-30	0.002179	0.007872	0.020435	0.007872	0.305328	5444100.000000
2021-07-29	0.001267	0.019441	0.020942	0.015010	0.177277	3687700.000000
2021-07-28	-0.004066	0.014157	0.019638	0.008320	-0.571243	4690500.000000
2021-07-27	0.000070	0.017930	0.017930	0.010526	0.009842	5131900.000000
2021-07-26	0.001404	0.014797	0.025489	0.008381	0.196991	6172400.000000
2021-07-23	0.008211	0.017093	0.025717	0.013427	1.142517	5315800.000000
2021-07-22	0.000708	0.015008	0.022128	0.012635	0.098511	4337800.000000
2021-07-21	-0.004934	0.019804	0.020091	0.006994	-0.689453	6197300.000000
2021-07-20	0.004532	0.013427	0.024210	0.012061	0.630356	6340100.000000
2021-07-19	-0.002331	0.014220	0.025480	0.002458	-0.325043	9127700.000000
2021-07-16	-0.000706	0.015582	0.018664	0.010207	-0.098495	6031800.000000
2021-07-15	0.000777	0.018524	0.023114	0.011996	0.108353	5991600.000000
2021-07-14	0.006900	0.016235	0.024107	0.009879	0.955383	6270700.000000
2021-07-13	0.003784	0.014861	0.023488	0.014498	0.522003	6315900.000000
2021-07-12	-0.001782	0.018118	0.018841	0.008276	-0.246246	6505000.000000
2021-07-09	0.005086	0.021260	0.024388	0.017769	0.699326	5061800.000000
2021-07-08	-0.000859	0.005340	0.022127	0.004468	-0.118195	7089000.000000
2021-07-07	-0.001644	0.013990	0.024365	0.011088	-0.226532	8535800.000000
2021-07-06	-0.001213	0.013774	0.019934	0.010948	-0.167435	6093100.000000
2021-07-02	0.005670	0.015514	0.028122	0.015514	0.778091	8760200.000000
2021-07-01	-0.012055	0.010904	0.016952	0.000824	-1.674408	8782900.000000
2021-06-30	0.027094	0.032008	0.054340	0.025574	3.663971	15170400.000000
2021-06-29	-0.005793	0.013825	0.018016	0.008900	-0.787949	11987500.000000
2021-06-28	-0.003104	0.011705	0.016102	0.001151	-0.423508	5183000.000000
2021-06-25	0.011832	0.016927	0.029757	0.015370	1.595581	9546900.000000
2021-06-24	0.006987	0.016864	0.024854	0.016341	0.935699	7814700.000000
2021-06-23	-0.007808	0.011369	0.014999	0.007146	-1.053879	6463500.000000
2021-06-22	0.004619	0.014030	0.025121	0.014030	0.620499	6369000.000000
2021-06-21	0.009100	0.018976	0.027164	0.016648	1.211487	6925000.000000
2021-06-18	-0.018516	-0.001513	0.005491	-0.009180	-2.511597	14937600.000000
2021-06-17	0.004156	0.014185	0.024179	0.012039	0.561432	6447300.000000
2021-06-16	-0.020357	0.014208	0.015586	-0.006678	-2.807083	9598300.000000
2021-06-15	-0.003984	0.017318	0.017824	0.008795	-0.551575	6442400.000000
2021-06-14	-0.001350	0.016594	0.016594	0.010102	-0.187119	5046900.000000
2021-06-11	0.006220	0.017836	0.022336	0.015151	0.856888	8410800.000000
2021-06-10	0.005752	0.015296	0.023399	0.015296	0.787933	5459500.000000
2021-06-09	-0.005364	0.011738	0.016603	0.009487	-0.738693	5695100.000000
2021-06-08	-0.007594	0.012486	0.015296	0.007442	-1.053864	6706900.000000
2021-06-07	-0.006697	0.015296	0.016155	0.004846	-0.935715	5543600.000000
2021-06-04	0.001766	0.014292	0.020243	0.012786	0.246246	4545300.000000
2021-06-03	0.001769	0.015583	0.018887	0.010986	0.246231	6124800.000000
2021-06-02	-0.002188	0.013361	0.015654	0.004043	-0.305328	7766000.000000
2021-06-01	-0.002605	0.016582	0.020800	0.009863	-0.364441	6922500.000000
2021-05-28	0.002400	0.017015	0.020741	0.014937	0.334869	7062100.000000
2021-05-27	-0.003376	0.023723	0.026079	0.011868	-0.472748	18859000.000000
2021-05-26	-0.001194	0.015653	0.019148	0.011159	-0.167419	6431400.000000
2021-05-25	0.004091	0.015582	0.021598	0.010354	0.571259	7168400.000000
2021-05-24	0.000070	0.015367	0.020095	0.012502	0.009827	6315300.000000
2021-05-21	-0.004704	0.016009	0.020001	0.009450	-0.659882	7642500.000000
2021-05-20	0.003523	0.012291	0.022092	0.006568	0.492462	10180300.000000
2021-05-19	0.000070	0.006710	0.028245	0.005208	0.009827	11624900.000000
2021-05-18	0.021744	0.049068	0.056890	0.032255	2.974518	19394600.000000
2021-05-17	-0.004516	0.018789	0.021699	0.009838	-0.620514	6558600.000000
2021-05-14	0.009259	0.019482	0.029985	0.016691	1.260712	5363900.000000
2021-05-13	0.016919	0.017462	0.038001	0.013951	2.265366	7158400.000000
2021-05-12	-0.025869	0.010348	0.011149	-0.011187	-3.555634	8666100.000000
2021-05-11	-0.009019	0.015656	0.015656	-0.002729	-1.250870	8821400.000000
2021-05-10	0.004422	0.017106	0.028910	0.016092	0.610657	8769200.000000
2021-05-07	-0.006026	0.019471	0.020119	0.002843	-0.837173	7802800.000000
2021-05-06	0.007140	0.014933	0.024793	0.010946	0.984924	5434000.000000
2021-05-05	-0.000853	0.019211	0.022760	0.015879	-0.117737	6117000.000000
2021-05-04	-0.009851	0.015123	0.018637	0.004796	-1.373505	6361400.000000
2021-05-03	0.015796	0.017607	0.039900	0.017607	2.168182	9046500.000000
2021-04-30	0.002005	0.019867	0.021911	0.015487	0.274704	6560000.000000
2021-04-29	0.012619	0.019357	0.034880	0.019357	1.707077	6532000.000000
2021-04-28	-0.003541	0.019062	0.020830	0.015526	-0.480713	4762200.000000
2021-04-27	0.003408	0.019948	0.026970	0.016622	0.461105	5383800.000000
2021-04-26	-0.014224	0.019356	0.020012	0.002817	-1.952332	7615400.000000
2021-04-23	0.001647	0.015123	0.024172	0.014612	0.225616	7657000.000000
2021-04-22	-0.010836	0.018417	0.021088	0.006434	-1.501038	6568400.000000
2021-04-21	0.002912	0.019138	0.025871	0.017401	0.402252	5778400.000000
2021-04-20	0.007730	0.017167	0.034312	0.012790	1.059555	8150700.000000
2021-04-19	-0.006401	0.016963	0.018993	0.012034	-0.882965	6427000.000000
2021-04-16	0.003211	0.024592	0.025101	0.016011	0.441498	8829500.000000
2021-04-15	0.006029	0.019868	0.027696	0.018405	0.824081	7236800.000000
2021-04-14	-0.000359	0.017455	0.019941	0.012335	-0.049042	7308200.000000
2021-04-13	-0.003076	0.019283	0.020741	0.012502	-0.421875	5799300.000000
2021-04-12	0.000143	0.021398	0.023658	0.016075	0.019638	6241000.000000
2021-04-09	0.000501	0.018699	0.022055	0.011987	0.068665	6892200.000000
2021-04-08	-0.000644	0.024022	0.028907	0.018262	-0.088303	6365200.000000
2021-04-07	-0.002141	0.020738	0.024012	0.016009	-0.294327	6787200.000000
2021-04-06	0.004805	0.016944	0.030395	0.012631	0.657333	10348200.000000
2021-04-05	0.028093	0.027550	0.053404	0.023642	3.737930	13347700.000000
2021-04-01	-0.001546	0.020108	0.027237	0.015531	-0.206039	8531700.000000
2021-03-31	0.000663	0.017856	0.027693	0.013426	0.088287	8182000.000000
2021-03-30	-0.006805	0.016747	0.026144	0.010333	-0.912399	9076700.000000
2021-03-29	0.011396	0.018302	0.033464	0.015285	1.510864	10048800.000000
2021-03-26	0.008358	0.019207	0.028334	0.014795	1.098816	9551200.000000
2021-03-25	0.006761	0.020431	0.030156	0.017445	0.882965	9375300.000000
2021-03-24	-0.006197	0.023012	0.023012	0.012510	-0.814285	7849100.000000
2021-03-23	0.011861	0.014201	0.034145	0.013585	1.540314	9718300.000000
2021-03-22	0.004782	0.013557	0.024776	0.013480	0.618057	8218000.000000
2021-03-19	0.013307	0.020224	0.038805	0.018421	1.697289	19234500.000000
2021-03-18	-0.013057	0.014872	0.020985	0.005355	-1.687477	9938500.000000
2021-03-17	-0.008321	0.016710	0.021620	0.012719	-1.084457	8052100.000000
2021-03-16	-0.000300	0.018860	0.030059	0.018860	-0.039078	6627000.000000
2021-03-15	-0.005145	0.028270	0.028347	0.013618	-0.674133	8357300.000000
2021-03-12	0.015061	0.026560	0.042053	0.023151	1.944214	9479200.000000
2021-03-11	-0.000378	0.032676	0.033683	0.018505	-0.048828	11829900.000000
2021-03-10	0.025526	0.023300	0.056574	0.020203	3.214325	14976400.000000
2021-03-09	0.007898	0.030902	0.039546	0.027060	0.986771	10662900.000000
2021-03-08	-0.009603	0.025203	0.029246	0.013154	-1.211472	13662800.000000
2021-03-05	0.012468	0.017921	0.041356	0.017278	1.553421	11357900.000000
2021-03-04	-0.000470	0.025705	0.039503	0.013030	-0.058609	15116000.000000
2021-03-03	-0.019368	0.018740	0.022123	0.003400	-2.462051	13945800.000000
2021-03-02	-0.009591	0.024630	0.034291	0.012943	-1.231003	9743600.000000
2021-03-01	0.011160	0.036616	0.044416	0.033071	1.416611	11544800.000000
2021-02-26	-0.015384	0.019893	0.022453	0.007327	-1.983292	14156900.000000
2021-02-25	-0.009459	0.022693	0.029685	0.010246	-1.231033	11108200.000000
2021-02-24	-0.016683	0.026561	0.028752	0.005255	-2.208008	15521900.000000
2021-02-23	-0.016123	0.019227	0.021308	0.003988	-2.168976	10433400.000000
2021-02-22	-0.004698	0.019100	0.023539	0.008076	-0.635010	10702200.000000
2021-02-19	0.004939	0.024580	0.036625	0.023613	0.664322	12202000.000000
2021-02-18	-0.064810	-0.033479	-0.021658	-0.043909	-9.320587	32309100.000000
2021-02-17	0.010573	0.016441	0.036468	0.015387	1.504578	8523700.000000
2021-02-16	0.008237	0.033953	0.037141	0.026798	1.162643	9297000.000000
2021-02-12	0.003124	0.024534	0.027732	0.021051	0.439636	4474500.000000
2021-02-11	-0.000763	0.023610	0.029362	0.020556	-0.107452	4263800.000000
2021-02-10	-0.011657	0.023539	0.024030	0.007466	-1.660904	6192300.000000
2021-02-09	0.005516	0.020363	0.032643	0.020363	0.781601	5302300.000000
2021-02-08	0.004641	0.026729	0.032189	0.024248	0.654587	5275100.000000
2021-02-05	0.012839	0.030217	0.040199	0.023538	1.787888	6817200.000000
2021-02-04	0.009420	0.027816	0.037892	0.023974	1.299469	5782100.000000
2021-02-03	0.003054	0.022739	0.032846	0.022521	0.420074	4988900.000000
2021-02-02	0.010771	0.027140	0.044705	0.024788	1.465530	9000800.000000
2021-02-01	-0.008684	0.026599	0.030824	0.014068	-1.191971	8648400.000000
2021-01-29	-0.022678	0.019480	0.023539	-0.000670	-3.185013	10836400.000000
2021-01-28	-0.000626	0.027951	0.040759	0.022044	-0.087936	7433900.000000
2021-01-27	-0.024880	0.019723	0.025967	-0.003939	-3.585587	9970100.000000
2021-01-26	0.008960	0.019548	0.034810	0.018428	1.279861	5010500.000000
2021-01-25	-0.000888	0.016754	0.022979	0.009130	-0.127014	6343700.000000
2021-01-22	0.010218	0.028839	0.041134	0.025447	1.445984	6406500.000000
2021-01-21	-0.004536	0.022484	0.025086	0.014394	-0.644836	4775300.000000
2021-01-20	0.014785	0.024966	0.039742	0.019970	2.071259	7925200.000000
2021-01-19	-0.008642	0.023539	0.026582	0.009598	-1.221268	8041200.000000
2021-01-15	-0.015854	0.010794	0.016087	0.000557	-2.276413	11973500.000000
2021-01-14	-0.003255	0.026107	0.027357	0.013751	-0.468964	7672400.000000
2021-01-13	-0.010203	0.022027	0.024226	0.012958	-1.485031	5356500.000000
2021-01-12	0.011406	0.035422	0.041884	0.030696	1.641357	7791100.000000
2021-01-11	0.004501	0.019141	0.033032	0.019141	0.644806	8754800.000000
2021-01-08	-0.000136	0.025144	0.025982	0.017676	-0.019531	8159400.000000
2021-01-07	-0.000068	0.030239	0.031216	0.019212	-0.009766	6846000.000000
2021-01-06	0.006244	0.018904	0.040042	0.018342	0.889069	7306300.000000
2021-01-05	-0.005323	0.024028	0.027311	0.009289	-0.762054	8832700.000000
2021-01-04	0.016511	0.024604	0.042994	0.024462	2.325272	10727400.000000
2020-12-31	-0.000208	0.023681	0.024178	0.014097	-0.029327	5938000.000000
2020-12-30	-0.000832	0.027653	0.029568	0.020985	-0.117233	6250400.000000
2020-12-29	-0.006335	0.026499	0.027979	0.012050	-0.898834	5979400.000000
2020-12-28	0.011986	0.027390	0.036377	0.022326	1.680405	6448300.000000
2020-12-24	0.001955	0.025826	0.031900	0.023253	0.273590	3018200.000000
2020-12-23	-0.006796	0.018854	0.023681	0.010052	-0.957458	6810200.000000
2020-12-22	-0.012126	0.017789	0.025362	0.003695	-1.729324	12533000.000000
2020-12-21	0.000137	0.020383	0.028588	0.017297	0.019577	8517700.000000
2020-12-18	-0.001027	0.027182	0.031105	0.016953	-0.146561	13794700.000000
2020-12-17	0.004607	0.027973	0.030647	0.021568	0.654602	10226500.000000
2020-12-16	-0.001030	0.028179	0.032749	0.020023	-0.146561	8550300.000000
2020-12-15	-0.000481	0.022625	0.028528	0.017987	-0.068390	10623800.000000
2020-12-14	-0.009184	0.028413	0.028552	0.012398	-1.318954	8362700.000000
2020-12-11	-0.000272	0.022703	0.026810	0.015882	-0.039093	5620300.000000
2020-12-10	-0.004671	0.023677	0.026449	0.015502	-0.674133	6884100.000000
2020-12-09	-0.007896	0.031061	0.031061	0.016557	-1.148651	6713200.000000
2020-12-08	0.009047	0.022078	0.039349	0.020830	1.304413	6905500.000000
2020-12-07	-0.005372	0.024176	0.027832	0.015207	-0.778748	6159700.000000
2020-12-04	-0.002612	0.028725	0.028725	0.015445	-0.379654	6963100.000000
2020-12-03	-0.008105	0.025642	0.025642	0.012743	-1.187607	8575300.000000
2020-12-02	-0.013889	0.022973	0.027146	0.006350	-2.063660	7849000.000000
2020-12-01	-0.000982	0.032726	0.033130	0.019683	-0.146027	7645100.000000
2020-11-30	0.007849	0.027280	0.036428	0.017116	1.158356	10898500.000000
2020-11-27	-0.001515	0.029445	0.033302	0.022341	-0.223862	3666500.000000
2020-11-25	0.003105	0.026533	0.034271	0.026262	0.457489	4611100.000000
2020-11-24	0.002849	0.032793	0.034427	0.022788	0.418610	5718400.000000
2020-11-23	0.004593	0.028169	0.035212	0.021331	0.671661	6185700.000000
2020-11-20	-0.012359	0.020865	0.031602	0.011680	-1.830063	7312400.000000
2020-11-19	0.020323	0.029830	0.050432	0.028865	2.949539	6196900.000000
2020-11-18	-0.001875	0.030650	0.043098	0.025079	-0.272568	8312300.000000
2020-11-17	-0.020139	0.014207	0.032671	0.005311	-2.988480	14237200.000000
2020-11-16	0.012621	0.027212	0.046797	0.018682	1.849564	11520100.000000
2020-11-13	0.015584	0.032201	0.046061	0.022360	2.248642	6579400.000000
2020-11-12	0.001689	0.030751	0.032348	0.021171	0.243347	4188100.000000
2020-11-11	0.016626	0.036878	0.051275	0.033208	2.355759	6268600.000000
2020-11-10	0.014073	0.028783	0.048035	0.027209	1.966354	6066400.000000
2020-11-09	-0.015298	0.042996	0.044405	0.011142	-2.170776	9399500.000000
2020-11-06	0.016031	0.033653	0.046971	0.027853	2.238892	5399500.000000
2020-11-05	0.010637	0.042042	0.043707	0.034372	1.469910	4734200.000000
2020-11-04	-0.005743	0.018574	0.038864	0.016919	-0.798233	5975800.000000
2020-11-03	0.016952	0.036426	0.054791	0.035841	2.316818	5137700.000000
2020-11-02	0.011892	0.040903	0.042532	0.029353	1.606186	5525200.000000
2020-10-30	-0.008362	0.021847	0.028528	0.008558	-1.138916	6200600.000000
2020-10-29	-0.000857	0.026987	0.035129	0.017450	-0.116837	5051300.000000
2020-10-28	-0.019808	0.013546	0.021959	0.005781	-2.754868	5616400.000000
2020-10-27	0.004994	0.026485	0.038408	0.025907	0.691147	3943700.000000
2020-10-26	-0.011748	0.020067	0.022067	0.006499	-1.645111	5370600.000000
2020-10-23	0.002090	0.030286	0.031502	0.022271	0.292038	3513500.000000
2020-10-22	-0.005886	0.025786	0.028418	0.015115	-0.827408	4448000.000000
2020-10-21	0.003475	0.026852	0.040344	0.026852	0.486710	4371400.000000
2020-10-20	0.006646	0.035616	0.045821	0.032095	0.924759	4841000.000000
2020-10-19	-0.012162	0.030049	0.031965	0.013366	-1.713272	4881100.000000
2020-10-16	0.001246	0.033464	0.038795	0.026854	0.175262	5645000.000000
2020-10-15	0.004099	0.021214	0.034560	0.019429	0.574310	4564200.000000
2020-10-14	-0.015660	0.028474	0.029388	0.009928	-2.229187	6570300.000000
2020-10-13	0.013726	0.030342	0.044016	0.028064	1.927429	7933400.000000
2020-10-12	0.010295	0.029007	0.046058	0.029007	1.430939	6134100.000000
2020-10-09	0.010045	0.029460	0.041669	0.028733	1.382309	4831600.000000
2020-10-08	0.003336	0.031801	0.036030	0.028957	0.457504	4892300.000000
2020-10-07	0.001849	0.031882	0.034001	0.024504	0.253128	5649700.000000
2020-10-06	-0.008251	0.027787	0.035539	0.016051	-1.138962	7158500.000000
2020-10-05	0.009253	0.033056	0.039637	0.031448	1.265488	4753000.000000
2020-10-02	-0.018032	0.021967	0.027424	0.006100	-2.511505	8195000.000000
2020-10-01	0.022657	0.033815	0.060101	0.029850	3.085815	14430300.000000
2020-09-30	0.020198	0.029153	0.061737	0.027729	2.696457	11608800.000000
2020-09-29	-0.000801	0.027280	0.033941	0.020843	-0.107071	9234300.000000
2020-09-28	-0.000146	0.026457	0.033117	0.023164	-0.019485	7065700.000000
2020-09-25	0.004170	0.025927	0.033592	0.021719	0.554871	7539600.000000
2020-09-24	0.005221	0.025316	0.040877	0.020330	0.691147	9817700.000000
2020-09-23	-0.016774	0.032405	0.034188	0.008786	-2.258377	7711100.000000
2020-09-22	0.009047	0.027280	0.041670	0.023533	1.207077	11034000.000000
2020-09-21	0.013157	0.036468	0.042087	0.027280	1.732742	15758500.000000
2020-09-18	-0.010242	0.025401	0.033593	0.012700	-1.362839	18236400.000000
2020-09-17	0.003156	0.021023	0.037157	0.017932	0.418594	12415000.000000
2020-09-16	-0.008008	0.035133	0.037152	0.017483	-1.070801	9286800.000000
2020-09-15	0.000291	0.034088	0.040446	0.022492	0.038925	10142600.000000
2020-09-14	0.004535	0.023072	0.060345	0.021118	0.603531	15244600.000000
2020-09-11	-0.000804	0.029082	0.039520	0.017819	-0.107056	9626600.000000
2020-09-10	-0.022017	0.028529	0.032053	0.003047	-2.998215	11236400.000000
2020-09-09	0.010401	0.039449	0.058147	0.034700	1.401779	11223000.000000
2020-09-08	-0.030666	0.017067	0.020591	-0.005589	-4.263718	11322300.000000
2020-09-04	-0.011831	0.023584	0.030834	-0.004276	-1.664597	11327400.000000
2020-09-03	-0.021262	0.020463	0.040636	-0.013552	-3.056595	16005000.000000
2020-09-02	0.000610	0.052755	0.053312	0.013499	0.087601	17222000.000000
2020-09-01	0.062946	0.044666	0.106740	0.036158	8.507904	35599400.000000
2020-08-31	-0.010335	0.006632	0.016956	-0.007646	-1.411499	15078800.000000
2020-08-28	0.026861	0.060137	0.060663	0.036378	3.572540	21350300.000000
2020-08-27	0.045371	0.030267	0.095268	0.028852	5.772552	39672900.000000
2020-08-26	0.000536	0.023977	0.029246	0.019966	0.068115	6271600.000000
2020-08-25	-0.005330	0.023134	0.026576	0.014295	-0.681412	7240800.000000
2020-08-24	-0.002279	0.032119	0.033913	0.017134	-0.292053	6604600.000000
2020-08-21	0.008119	0.027123	0.043802	0.023582	1.031891	8288000.000000
2020-08-20	-0.013896	0.017970	0.024642	0.008970	-1.791168	8936900.000000
2020-08-19	-0.017074	0.023467	0.026899	0.005470	-2.238907	12718400.000000
2020-08-18	-0.006563	0.031598	0.042659	0.008871	-0.866348	26744200.000000
2020-08-17	0.022624	0.040838	0.054628	0.036964	2.920303	13155000.000000
2020-08-14	0.005688	0.031098	0.036006	0.025566	0.730087	6702100.000000
2020-08-13	0.003807	0.026185	0.032051	0.022431	0.486740	6622400.000000
2020-08-12	0.012980	0.033643	0.047586	0.022630	1.638382	6364800.000000
2020-08-11	-0.012739	0.037057	0.039247	0.014687	-1.628700	8453400.000000
2020-08-10	0.014696	0.033646	0.050313	0.028964	1.851669	5894400.000000
2020-08-07	0.004793	0.033337	0.040355	0.029589	0.601044	5519500.000000
2020-08-06	-0.003543	0.026100	0.034841	0.025305	-0.445923	4832100.000000
2020-08-05	-0.013901	0.022179	0.024530	0.009485	-1.774094	8494500.000000
2020-08-04	0.018097	0.034295	0.050729	0.028631	2.268501	6073200.000000
2020-08-03	-0.000773	0.035569	0.037243	0.022496	-0.096947	4990500.000000
2020-07-31	-0.005533	0.027778	0.031266	0.011685	-0.697990	7210500.000000
2020-07-30	-0.004362	0.021480	0.029372	0.015955	-0.552605	4596100.000000
2020-07-29	-0.008121	0.029938	0.032286	0.016551	-1.037308	4741100.000000
2020-07-28	0.004192	0.033783	0.040701	0.029223	0.533180	4804700.000000
2020-07-27	-0.000228	0.028517	0.037320	0.028517	-0.029068	4681900.000000
2020-07-24	-0.003038	0.026097	0.037459	0.022649	-0.387764	4345800.000000
2020-07-23	-0.007689	0.034147	0.035313	0.021006	-0.988869	5598800.000000
2020-07-22	0.002494	0.033374	0.036960	0.022617	0.319901	5388200.000000
2020-07-21	0.006541	0.032209	0.051275	0.031346	0.833740	7237500.000000
2020-07-20	-0.002049	0.033226	0.039333	0.026805	-0.261742	6114200.000000
2020-07-17	-0.003480	0.040632	0.040632	0.025807	-0.445976	6063200.000000
2020-07-16	0.001515	0.031894	0.037208	0.025564	0.193916	5892200.000000
2020-07-15	-0.000076	0.033535	0.048069	0.022049	-0.009682	10577100.000000
2020-07-14	0.019225	0.029592	0.055236	0.027601	2.413933	8818600.000000
2020-07-13	-0.008877	0.036634	0.054789	0.017374	-1.124565	14112800.000000
2020-07-10	0.022935	0.039497	0.060733	0.027547	2.840515	14745600.000000
2020-07-09	0.026599	0.041202	0.062505	0.035731	3.208908	14257200.000000
2020-07-08	-0.019772	0.040035	0.041091	0.010784	-2.433350	17405700.000000
2020-07-07	0.067794	0.027686	0.106638	0.025690	7.813828	31152700.000000
2020-07-06	-0.002684	0.036608	0.037214	0.022937	-0.310219	7231700.000000
2020-07-02	-0.004010	0.034951	0.041759	0.024350	-0.465332	5898600.000000
2020-07-01	-0.000751	0.028662	0.032709	0.021858	-0.087234	6577900.000000
2020-06-30	0.006047	0.032890	0.040774	0.026998	0.697998	6836400.000000
2020-06-29	0.006254	0.033073	0.043360	0.030632	0.717392	5503800.000000
2020-06-26	-0.011611	0.030556	0.041240	0.016941	-1.347542	8997200.000000
2020-06-25	-0.004904	0.026873	0.030303	0.015040	-0.571983	6856600.000000
2020-06-24	-0.006360	0.028692	0.031929	0.018809	-0.746490	6871600.000000
2020-06-23	-0.005013	0.040574	0.041422	0.025400	-0.591354	6575900.000000
2020-06-22	0.015269	0.041143	0.050782	0.036237	1.774094	9112800.000000
2020-06-19	0.015764	0.039371	0.051698	0.029405	1.803200	13359600.000000
2020-06-18	-0.008737	0.027257	0.031763	0.019631	-1.008224	6690000.000000
2020-06-17	-0.005182	0.033314	0.035641	0.020727	-0.601089	6722300.000000
2020-06-16	0.013296	0.046529	0.050285	0.035522	1.522064	8389200.000000
2020-06-15	0.002888	0.037286	0.039739	0.025108	0.329620	10901100.000000
2020-06-12	-0.019569	0.035111	0.037172	0.005477	-2.278229	10786400.000000
2020-06-11	-0.008831	0.030056	0.043593	0.017201	-1.037331	11387600.000000
2020-06-10	-0.001566	0.033288	0.041279	0.029633	-0.184189	9380500.000000
2020-06-09	0.000907	0.034566	0.037969	0.025718	0.106636	6915400.000000
2020-06-08	-0.002632	0.014702	0.028788	0.013684	-0.310226	9448100.000000
2020-06-05	-0.004504	0.035389	0.036318	0.012919	-0.533211	13112400.000000
2020-06-04	-0.011015	0.025906	0.035012	0.017719	-1.318459	8005000.000000
2020-06-03	-0.003792	0.031170	0.031919	0.020850	-0.455650	6754300.000000
2020-06-02	-0.000161	0.028424	0.033084	0.021934	-0.019379	6395900.000000
2020-06-01	-0.000806	0.026348	0.034413	0.017369	-0.096947	6850100.000000
2020-05-29	0.002991	0.036090	0.040010	0.016826	0.358704	9770400.000000
2020-05-28	0.009879	0.041946	0.052305	0.037230	1.173050	8141600.000000
2020-05-27	-0.011142	0.032419	0.036750	0.007935	-1.337860	10357900.000000
2020-05-26	-0.003780	0.031586	0.041293	0.025696	-0.455650	7910200.000000
2020-05-22	-0.005280	0.032411	0.034474	0.021435	-0.639839	7453200.000000
2020-05-21	-0.003667	0.026899	0.037177	0.021637	-0.445946	7482700.000000
2020-05-20	0.004001	0.044216	0.045042	0.028862	0.484711	10748800.000000
2020-05-19	-0.021228	0.064551	0.066490	0.008475	-2.627213	24915400.000000
2020-05-18	0.013657	0.044280	0.052962	0.032814	1.667458	12877900.000000
2020-05-15	0.020418	0.031921	0.052565	0.028745	2.443039	10590000.000000
2020-05-14	-0.002344	0.041009	0.043343	0.011409	-0.281136	7411000.000000
2020-05-13	-0.000566	0.029170	0.052003	0.025753	-0.067871	9725100.000000
2020-05-12	0.000890	0.038259	0.048102	0.032421	0.106651	6366700.000000
2020-05-11	0.005938	0.032342	0.042998	0.032091	0.707695	8447300.000000
2020-05-08	0.008614	0.038781	0.040981	0.029218	1.017929	6943600.000000
2020-05-07	-0.007087	0.037385	0.041755	0.020916	-0.843430	9115200.000000
2020-05-06	-0.011465	0.040028	0.042354	0.020425	-1.380249	5769700.000000
2020-05-05	0.008327	0.036878	0.049106	0.032356	0.994164	6445800.000000
2020-05-04	0.006346	0.043795	0.048515	0.025842	0.752876	5935900.000000
2020-05-01	0.011271	0.035444	0.054281	0.029477	1.322319	10381300.000000
2020-04-30	-0.016586	0.031682	0.034700	0.014582	-1.978661	13499300.000000
2020-04-29	-0.034375	0.016372	0.017910	-0.008072	-4.246948	14870700.000000
2020-04-28	-0.002338	0.035879	0.051707	0.031196	-0.289566	6910700.000000
2020-04-27	-0.008807	0.040523	0.043004	0.025876	-1.100334	5974600.000000
2020-04-24	0.007080	0.042651	0.047003	0.036283	0.878342	5781200.000000
2020-04-23	-0.023254	0.022342	0.032104	0.005650	-2.953529	9613300.000000
2020-04-22	0.018419	0.042375	0.061459	0.033555	2.297188	6482700.000000
2020-04-21	-0.004929	0.037796	0.045456	0.022557	-0.617729	9300200.000000
2020-04-20	-0.017181	0.038158	0.045921	0.017534	-2.191048	8133900.000000
2020-04-17	-0.001587	0.029386	0.041051	0.015684	-0.202728	10305100.000000
2020-04-16	0.027726	0.037972	0.069513	0.031937	3.445854	10627400.000000
2020-04-15	-0.001860	0.036041	0.043108	0.020942	-0.231651	7478400.000000
2020-04-14	0.029529	0.050924	0.073166	0.042159	3.571274	11366300.000000
2020-04-13	0.028736	0.031533	0.068959	0.030682	3.378258	8064700.000000
2020-04-09	-0.000328	0.005259	0.044799	0.000497	-0.038612	10942900.000000
2020-04-08	-0.001230	0.050479	0.051498	0.024151	-0.144775	9292200.000000
2020-04-07	-0.032363	0.018865	0.039492	-0.000365	-3.938065	13789900.000000
2020-04-06	0.055156	0.032399	0.095959	0.031358	6.360741	15922900.000000
2020-04-03	0.006995	0.023467	0.047043	0.021895	0.801132	9541700.000000
2020-04-02	0.039513	0.027327	0.081153	0.019702	4.353104	9838500.000000
2020-04-01	0.004577	0.022637	0.053457	0.019445	0.501915	9423200.000000
2020-03-31	-0.013630	0.028126	0.045035	0.013106	-1.515396	8752800.000000
2020-03-30	0.051196	0.057597	0.094849	0.048899	5.414848	9737500.000000
2020-03-27	-0.002185	0.038777	0.059248	0.024531	-0.231651	12053500.000000
2020-03-26	0.003839	0.036041	0.049962	0.011892	0.405411	19416900.000000
2020-03-25	-0.048944	0.017487	0.026764	-0.026826	-5.434158	17762500.000000
2020-03-24	0.006563	0.050456	0.064054	0.009115	0.723915	14235000.000000
2020-03-23	0.002720	0.037859	0.068494	0.020042	0.299210	13122000.000000
2020-03-20	-0.045877	0.036475	0.065010	-0.029530	-5.289360	18474500.000000
2020-03-19	-0.021223	0.056585	0.078148	-0.001397	-2.499916	19033500.000000
2020-03-18	0.027838	0.003453	0.117585	-0.000909	3.190376	25785300.000000
2020-03-17	0.117085	0.099206	0.162564	0.076690	12.012016	17602000.000000
2020-03-16	-0.064329	-0.040546	0.015362	-0.069730	-7.053444	12251300.000000
2020-03-13	0.096588	0.082530	0.146037	0.038925	9.657646	14320700.000000
2020-03-12	-0.090710	-0.035855	0.013889	-0.063501	-9.974754	18774400.000000
2020-03-11	-0.044745	0.020818	0.034023	-0.020098	-5.150764	10540000.000000
2020-03-10	0.022448	0.048974	0.071890	0.020729	2.527328	12599100.000000
2020-03-09	-0.000597	0.010355	0.070806	0.000679	-0.067284	19747800.000000
2020-03-06	0.011301	0.022222	0.058489	0.014502	1.258881	9803700.000000
2020-03-05	-0.007279	0.019504	0.044903	0.015137	-0.816818	8546100.000000
2020-03-04	0.034186	0.052883	0.076845	0.045786	3.709297	8208400.000000
2020-03-03	-0.025630	0.042421	0.055442	0.008835	-2.854042	11113600.000000
2020-03-02	0.076151	0.039852	0.124895	0.036856	7.879868	17074200.000000
2020-02-28	-0.024638	0.015081	0.022904	-0.016213	-2.613800	17456400.000000
2020-02-27	-0.029706	0.029467	0.043277	0.009254	-3.248047	9492300.000000
2020-02-26	-0.005333	0.043445	0.047721	0.033893	-0.586197	6673300.000000
2020-02-25	-0.016592	0.040893	0.047335	0.020317	-1.854652	7764300.000000
2020-02-24	-0.019059	0.030796	0.039572	0.017545	-2.171768	6616000.000000
2020-02-21	0.007562	0.038414	0.049998	0.037265	0.855247	6242100.000000
2020-02-20	0.000085	0.036469	0.044427	0.033374	0.009621	5022900.000000
2020-02-19	-0.016300	0.039494	0.043322	0.023663	-1.873878	7187800.000000
2020-02-18	0.014760	0.045745	0.058809	0.035947	1.672081	11513200.000000
2020-02-14	0.003832	0.042663	0.050638	0.038144	0.432426	8130600.000000
2020-02-13	0.013725	0.040625	0.055806	0.038200	1.527939	5333200.000000
2020-02-12	0.003899	0.041527	0.049823	0.040715	0.432419	4735600.000000
2020-02-11	0.001302	0.042250	0.042882	0.033311	0.144150	5796800.000000
2020-02-10	-0.010305	0.034370	0.045361	0.028114	-1.153160	6144900.000000
2020-02-07	0.001204	0.038836	0.044651	0.035704	0.134537	3689600.000000
2020-02-06	-0.004280	0.040803	0.044367	0.033943	-0.480476	5352900.000000
2020-02-05	0.013360	0.043604	0.055792	0.036833	1.479881	5682900.000000
2020-02-04	0.008751	0.049459	0.058565	0.046271	0.960960	5232200.000000
2020-02-03	-0.001922	0.044352	0.048805	0.037080	-0.211418	4347100.000000
2020-01-31	-0.017928	0.033663	0.037769	0.016703	-2.008400	7775800.000000
2020-01-30	0.005954	0.038111	0.048078	0.035596	0.663048	4581500.000000
2020-01-29	-0.006089	0.040268	0.045266	0.034288	-0.682266	3775500.000000
2020-01-28	0.006387	0.041703	0.049966	0.041433	0.711090	5270200.000000
2020-01-27	0.013028	0.029889	0.057549	0.025248	1.431854	7018400.000000
2020-01-24	-0.012434	0.042332	0.042602	0.025709	-1.383789	4383400.000000
2020-01-23	-0.002498	0.041611	0.042507	0.031124	-0.278679	4305100.000000
2020-01-22	0.004412	0.037294	0.049088	0.036934	0.490105	4926100.000000
2020-01-21	0.005480	0.037276	0.047233	0.036642	0.605392	7353700.000000
2020-01-17	-0.008111	0.041972	0.044216	0.029312	-0.903313	10045000.000000
2020-01-16	0.005378	0.042611	0.046493	0.040625	0.595810	5369400.000000
2020-01-15	-0.007747	0.026742	0.037848	0.025756	-0.864868	7454200.000000
2020-01-14	0.002589	0.036943	0.043588	0.033890	0.288284	6585800.000000
2020-01-13	-0.004296	0.040625	0.042145	0.031594	-0.480484	6112600.000000
2020-01-10	-0.008350	0.039561	0.040448	0.028389	-0.941742	6054800.000000
2020-01-09	0.010331	0.040535	0.051465	0.039908	1.153160	5563700.000000
2020-01-08	-0.003432	0.038304	0.042143	0.032769	-0.384392	5875800.000000
2020-01-07	-0.009265	0.037175	0.039475	0.027800	-1.047440	6846900.000000
2020-01-06	-0.002036	0.036300	0.042390	0.030739	-0.230629	6445500.000000
2020-01-03	-0.008828	0.034763	0.039313	0.028814	-1.009018	5399200.000000
2020-01-02	0.000842	0.040800	0.049819	0.039399	0.096100	6764900.000000
