2022-12-30	0.010073	0.002250	0.019691	0.002250	1.091606	11799600.000000
2022-12-29	0.007566	0.004069	0.020154	0.004069	0.813744	10534000.000000
2022-12-28	-0.016426	0.005134	0.005957	-0.013247	-1.796188	10702100.000000
2022-12-27	0.013894	0.013165	0.024292	0.009086	1.498474	11962100.000000
2022-12-23	0.026445	0.017878	0.034914	0.017403	2.778618	11539400.000000
2022-12-22	-0.020174	0.006110	0.008907	-0.029233	-2.163353	13213000.000000
2022-12-21	0.012841	0.022807	0.025640	0.012134	1.359535	13565400.000000
2022-12-20	0.014453	0.007695	0.030116	0.006737	1.508400	14680000.000000
2022-12-19	0.004489	0.013085	0.022132	0.004615	0.466408	13611100.000000
2022-12-16	-0.007018	-0.009030	0.009033	-0.014382	-0.734352	54596600.000000
2022-12-15	-0.009581	-0.003001	0.004950	-0.018430	-1.012207	15365100.000000
2022-12-14	-0.007366	0.014648	0.017560	-0.006399	-0.783966	17597300.000000
2022-12-13	0.010934	0.023937	0.030966	0.016529	1.151146	24305300.000000
2022-12-12	0.024628	0.010517	0.033972	0.008181	2.530518	20413200.000000
2022-12-09	-0.008427	0.009335	0.022460	-0.003114	-0.873276	21298200.000000
2022-12-08	0.007429	0.033264	0.038320	0.008278	0.764122	21128800.000000
2022-12-07	-0.002214	0.006725	0.017104	-0.006953	-0.228241	20061700.000000
2022-12-06	-0.027796	-0.001264	0.009487	-0.027200	-2.947327	21197000.000000
2022-12-05	-0.027399	0.015400	0.021454	-0.028261	-2.987015	19287700.000000
2022-12-02	-0.008484	-0.004037	0.015971	-0.006857	-0.932823	15248400.000000
2022-12-01	-0.004850	0.010410	0.014302	-0.002804	-0.535873	14398300.000000
2022-11-30	0.007237	0.016811	0.020093	0.000767	0.793892	23158100.000000
2022-11-29	0.006648	0.015036	0.025957	0.007511	0.724426	14453200.000000
2022-11-28	-0.030033	-0.015003	-0.007882	-0.024260	-3.374039	23015500.000000
2022-11-25	-0.003521	0.010090	0.016565	0.002816	-0.396950	7136000.000000
2022-11-23	-0.004992	-0.008721	0.005665	-0.010662	-0.565643	11546700.000000
2022-11-22	0.028927	0.018955	0.039478	0.011872	3.185486	17719100.000000
2022-11-21	-0.009904	-0.011096	-0.000217	-0.033663	-1.101524	20973000.000000
2022-11-18	-0.008668	-0.011557	0.002525	-0.023055	-0.972511	15415000.000000
2022-11-17	0.001328	-0.006763	0.010283	-0.011583	0.148849	12425900.000000
2022-11-16	-0.010690	0.001603	0.008843	-0.012348	-1.210678	13591000.000000
2022-11-15	0.006704	0.011517	0.018006	0.003251	0.754189	19373800.000000
2022-11-14	0.002919	0.004040	0.021958	0.002792	0.327484	20858300.000000
2022-11-11	0.031222	0.034928	0.052578	0.034101	3.396309	20518900.000000
2022-11-10	0.014692	0.027840	0.032597	0.003401	1.575104	20146700.000000
2022-11-09	-0.044737	0.007788	0.009391	-0.032577	-5.020638	19522800.000000
2022-11-08	0.003168	0.014377	0.024925	0.006511	0.354401	14661000.000000
2022-11-07	0.011842	0.016712	0.031002	0.014179	1.309303	16008000.000000
2022-11-04	0.010891	0.033179	0.037751	0.013064	1.191170	17541500.000000
2022-11-03	0.013594	0.006262	0.036288	0.003759	1.466820	17103700.000000
2022-11-02	-0.020552	0.012812	0.017532	-0.007793	-2.264221	20654200.000000
2022-11-01	0.009927	0.030108	0.031941	0.014340	1.082893	22213100.000000
2022-10-31	0.000994	0.004796	0.036087	0.004245	0.108284	26401800.000000
2022-10-28	0.029289	0.033847	0.050376	0.021191	3.100975	28169400.000000
2022-10-27	0.003827	0.027848	0.038941	0.018462	0.403625	18214000.000000
2022-10-26	0.011900	0.019453	0.034515	0.016958	1.240395	17383800.000000
2022-10-25	-0.006754	0.013997	0.022763	0.001227	-0.708794	15719800.000000
2022-10-24	0.006990	0.013888	0.033271	0.008706	0.728477	17024200.000000
2022-10-21	0.018570	0.020889	0.039949	0.015612	1.899971	22814100.000000
2022-10-20	0.001349	0.020994	0.027650	0.012088	0.137825	17649000.000000
2022-10-19	0.029663	0.020342	0.047954	0.020140	2.943466	20921700.000000
2022-10-18	0.001789	0.025095	0.033272	0.001774	0.177200	14065400.000000
2022-10-17	0.014417	0.035060	0.044277	0.029223	1.407753	14283200.000000
2022-10-14	-0.026308	0.008328	0.019497	-0.012413	-2.638298	15222000.000000
2022-10-13	0.034949	0.006725	0.057294	0.005177	3.386467	22019100.000000
2022-10-12	0.004388	0.010624	0.025240	0.007826	0.423309	12635800.000000
2022-10-11	-0.008499	-0.000842	0.025262	-0.005672	-0.826927	17804100.000000
2022-10-10	-0.021677	0.020432	0.025862	-0.007419	-2.155914	16786100.000000
2022-10-07	-0.010092	0.017101	0.028348	-0.002905	-1.013977	24507600.000000
2022-10-06	0.029661	0.009146	0.047167	0.007711	2.894241	29124700.000000
2022-10-05	0.040412	0.020925	0.066134	0.019965	3.790100	34857700.000000
2022-10-04	0.036445	0.030394	0.053822	0.024537	3.297867	22133700.000000
2022-10-03	0.052800	0.047569	0.074561	0.043846	4.538261	23881300.000000
2022-09-30	-0.015449	0.009965	0.019931	0.000114	-1.348686	21357600.000000
2022-09-29	-0.002026	0.008034	0.021523	-0.003970	-0.177193	17896000.000000
2022-09-28	0.036389	0.020309	0.057984	0.017940	3.071449	19543300.000000
2022-09-27	0.020957	0.035523	0.051853	0.025847	1.732613	17307300.000000
2022-09-26	-0.020641	0.005738	0.021375	-0.006227	-1.742462	22043400.000000
2022-09-23	-0.053218	-0.018625	-0.018625	-0.048347	-4.744987	27738800.000000
2022-09-22	-0.004178	0.029768	0.034906	0.011004	-0.374092	16139400.000000
2022-09-21	-0.016119	0.028224	0.031631	-0.001445	-1.466812	17332400.000000
2022-09-20	-0.008154	0.010685	0.012864	-0.001196	-0.748169	14712500.000000
2022-09-19	-0.000107	-0.008169	0.018858	-0.008278	-0.009850	15342100.000000
2022-09-16	-0.017083	0.018378	0.021270	-0.014508	-1.594788	37874700.000000
2022-09-15	-0.029077	0.000727	0.004055	-0.021842	-2.795799	21092300.000000
2022-09-14	0.024546	0.024971	0.050225	0.024545	2.303574	22655700.000000
2022-09-13	-0.023358	0.005400	0.017576	-0.012291	-2.244514	18229100.000000
2022-09-12	0.011503	0.027913	0.044123	0.019807	1.092728	16118900.000000
2022-09-09	0.016753	0.033039	0.038176	0.020195	1.565254	17158000.000000
2022-09-08	0.008179	0.021418	0.029619	0.011275	0.758026	18759200.000000
2022-09-07	-0.008531	-0.003022	0.011956	-0.012543	-0.797401	16274700.000000
2022-09-06	-0.006695	0.021864	0.026434	0.004330	-0.630043	19201500.000000
2022-09-02	0.018323	0.042644	0.047406	0.029226	1.693237	18206800.000000
2022-09-01	-0.017994	0.003374	0.010281	-0.019261	-1.693237	16423000.000000
2022-08-31	-0.007476	-0.008241	0.021397	-0.012882	-0.708794	18340900.000000
2022-08-30	-0.038054	-0.002050	0.000588	-0.027820	-3.750717	17086800.000000
2022-08-29	0.022990	0.019025	0.054106	0.018609	2.214989	23059200.000000
2022-08-26	-0.012312	0.012527	0.024213	-0.001313	-1.201012	15531400.000000
2022-08-25	0.005173	0.019311	0.028997	0.010861	0.502060	15305700.000000
2022-08-24	0.005918	0.015911	0.025861	0.009173	0.570976	17050300.000000
2022-08-23	0.042442	0.032447	0.063351	0.031367	3.927917	23764700.000000
2022-08-22	-0.000744	0.008681	0.020234	-0.008163	-0.068916	16019900.000000
2022-08-19	-0.003179	0.013439	0.024633	0.009565	-0.295326	16128600.000000
2022-08-18	0.023644	0.026274	0.050071	0.025613	2.146072	17770400.000000
2022-08-17	0.008091	0.013697	0.035244	0.009810	0.728485	13678000.000000
2022-08-16	-0.009315	0.012616	0.022079	0.004474	-0.846611	14038200.000000
2022-08-15	-0.017872	-0.021691	0.002083	-0.031093	-1.653862	20755200.000000
2022-08-12	0.008692	0.008068	0.024854	0.004035	0.797386	15058200.000000
2022-08-11	0.028928	0.030051	0.057642	0.025565	2.579239	18797900.000000
2022-08-10	0.009493	0.026696	0.039264	0.009826	0.838470	18302000.000000
2022-08-09	0.018437	0.038361	0.056349	0.037208	1.598946	19083400.000000
2022-08-08	0.005653	0.027532	0.039013	0.023010	0.487488	14458500.000000
2022-08-05	0.014451	0.015913	0.055086	0.014972	1.228447	17408000.000000
2022-08-04	-0.042079	0.017676	0.018014	-0.026046	-3.734116	31821500.000000
2022-08-03	-0.032423	0.029493	0.029493	-0.010086	-2.973648	23580800.000000
2022-08-02	-0.004340	0.027957	0.033493	0.018512	-0.399734	16722500.000000
2022-08-01	-0.025276	0.003032	0.008958	-0.013475	-2.388664	20793200.000000
2022-07-29	0.046308	0.045716	0.079706	0.041841	4.182594	29825800.000000
2022-07-28	0.011685	0.032510	0.044495	0.019404	1.043221	20353100.000000
2022-07-27	0.021645	0.033115	0.052798	0.023045	1.891434	18047000.000000
2022-07-26	-0.003890	0.038786	0.040496	0.014506	-0.341240	15141200.000000
2022-07-25	0.033303	0.038398	0.061602	0.029682	2.827408	17536400.000000
2022-07-22	-0.007635	0.023339	0.034093	0.012586	-0.653229	15479500.000000
2022-07-21	-0.016697	-0.000873	0.009126	-0.020642	-1.452698	21375700.000000
2022-07-20	0.010989	0.017659	0.041712	0.013825	0.945717	16584400.000000
2022-07-19	0.025203	0.029489	0.054505	0.027464	2.115677	18248900.000000
2022-07-18	0.018453	0.050427	0.066927	0.040357	1.520935	19395800.000000
2022-07-15	0.016839	0.046156	0.047143	0.022716	1.364960	17243700.000000
2022-07-14	-0.020038	-0.010471	0.007180	-0.024495	-1.657448	26343000.000000
2022-07-13	0.004024	0.012082	0.047647	0.011111	0.331497	19928600.000000
2022-07-12	-0.013312	0.003400	0.018611	-0.007618	-1.111465	21013000.000000
2022-07-11	-0.005112	0.014834	0.026154	0.005182	-0.428986	15603800.000000
2022-07-08	0.001629	0.037731	0.041908	0.013623	0.136497	17673800.000000
2022-07-07	0.031940	0.051540	0.068537	0.050555	2.593407	23817400.000000
2022-07-06	-0.018040	0.012978	0.030756	-0.020280	-1.491692	33375700.000000
2022-07-05	-0.031297	0.011501	0.015719	-0.027511	-2.671417	34591100.000000
2022-07-01	0.022303	0.038851	0.052504	0.014539	1.862190	26327900.000000
2022-06-30	-0.028143	-0.022469	-0.005901	-0.039151	-2.480003	39948100.000000
2022-06-29	-0.036940	0.016175	0.018579	-0.040874	-3.379997	25400900.000000
2022-06-28	0.027743	0.023475	0.047287	0.014826	2.470001	33096900.000000
2022-06-27	0.024511	0.010472	0.036133	0.008861	2.129997	25478700.000000
2022-06-24	0.019833	0.020420	0.037437	0.007041	1.690002	26639000.000000
2022-06-23	-0.030162	0.009105	0.013544	-0.049397	-2.650002	35757200.000000
2022-06-22	-0.039572	-0.043070	-0.018802	-0.043179	-3.620003	29727200.000000
2022-06-21	0.062239	0.028565	0.074431	0.027868	5.360001	35951500.000000
2022-06-17	-0.057665	-0.004705	-0.000438	-0.062698	-5.269997	64610200.000000
2022-06-16	-0.036885	-0.026135	-0.018548	-0.048583	-3.500000	35696700.000000
2022-06-15	-0.012591	-0.001145	0.004891	-0.029449	-1.209999	29620800.000000
2022-06-14	0.002608	0.016275	0.029421	-0.006051	0.250000	31264000.000000
2022-06-13	-0.045889	-0.029265	-0.026777	-0.065101	-4.610001	33421000.000000
2022-06-10	-0.018274	-0.003811	0.009968	-0.024822	-1.870003	30950500.000000
2022-06-09	-0.021608	-0.011187	-0.000191	-0.023234	-2.259995	26607000.000000
2022-06-08	0.011802	0.001161	0.021283	-0.003773	1.219994	31613200.000000
2022-06-07	0.045832	0.008701	0.046439	0.006576	4.530006	37810200.000000
2022-06-06	-0.002523	0.000908	0.006963	-0.004239	-0.250000	20682100.000000
2022-06-03	0.014539	0.002355	0.020375	0.002355	1.419998	21038200.000000
2022-06-02	-0.001738	-0.005621	0.002657	-0.010732	-0.169998	19089100.000000
2022-06-01	0.019167	0.010625	0.028229	0.006458	1.839996	25815400.000000
2022-05-31	-0.016293	0.009940	0.022441	-0.019264	-1.589996	44888100.000000
2022-05-27	0.009830	-0.007140	0.013349	-0.013866	0.949997	25588800.000000
2022-05-26	0.003531	0.003115	0.011734	-0.001038	0.339996	24314800.000000
2022-05-25	0.020127	0.001907	0.022564	0.000742	1.900002	29947800.000000
2022-05-24	0.005432	-0.011396	0.009586	-0.016722	0.510002	24293300.000000
2022-05-23	0.022099	0.008709	0.031679	0.007511	2.029999	27239300.000000
2022-05-20	0.007900	0.008668	0.026882	-0.008119	0.720001	28795000.000000
2022-05-19	0.005405	-0.018202	0.018202	-0.018202	0.489998	24387400.000000
2022-05-18	-0.015851	0.004343	0.008794	-0.024753	-1.459999	25451200.000000
2022-05-17	0.012754	0.008576	0.016493	0.001869	1.160004	23120700.000000
2022-05-16	0.023520	0.001350	0.035111	0.001238	2.089996	26101200.000000
2022-05-13	0.029664	0.012283	0.030707	0.000579	2.559998	25798400.000000
2022-05-12	-0.005646	-0.009679	-0.004724	-0.039060	-0.489998	29491500.000000
2022-05-11	0.020819	0.016584	0.046107	0.014820	1.770004	33020600.000000
2022-05-10	0.006630	0.013971	0.028771	-0.011130	0.559998	34483200.000000
2022-05-09	-0.078853	-0.024539	-0.023231	-0.083651	-7.230003	45851600.000000
2022-05-06	0.015281	0.007419	0.016720	-0.010630	1.380005	29619300.000000
2022-05-05	-0.015158	0.003708	0.003817	-0.036096	-1.389999	41013400.000000
2022-05-04	0.039800	0.014854	0.041841	0.008164	3.509995	46188400.000000
2022-05-03	0.020599	-0.001736	0.027427	-0.003356	1.779999	33908100.000000
2022-05-02	0.013607	-0.002815	0.020997	-0.007273	1.160004	36335200.000000
2022-04-29	-0.022362	0.010780	0.010780	-0.028670	-1.949997	34656500.000000
2022-04-28	0.030246	0.002836	0.041352	-0.006734	2.559998	33683800.000000
2022-04-27	0.028558	0.013367	0.038765	-0.000122	2.349998	32773000.000000
2022-04-26	0.000365	0.005714	0.029905	-0.000973	0.029999	28941500.000000
2022-04-25	-0.033713	-0.032421	-0.029014	-0.068601	-2.869995	37698300.000000
2022-04-22	-0.021832	-0.004251	0.012524	-0.023325	-1.900002	23591600.000000
2022-04-21	-0.010573	0.011255	0.020919	-0.013301	-0.930000	29010900.000000
2022-04-20	0.002279	0.002393	0.008432	-0.005242	0.199997	20689400.000000
2022-04-19	-0.008922	-0.006098	0.001242	-0.014455	-0.790001	20382600.000000
2022-04-18	0.008198	0.007628	0.012069	-0.000911	0.720001	19032300.000000
2022-04-14	0.011750	-0.001613	0.019007	-0.006681	1.020004	24566400.000000
2022-04-13	0.014136	0.011799	0.017640	-0.004790	1.209999	19306800.000000
2022-04-12	0.020871	0.022182	0.035420	0.018247	1.750000	22444200.000000
2022-04-11	-0.034431	-0.012206	-0.010479	-0.038461	-2.989998	21800100.000000
2022-04-08	0.021046	0.001411	0.025397	0.001411	1.789993	24866500.000000
2022-04-07	0.016736	0.002152	0.021399	-0.011237	1.400002	26122000.000000
2022-04-06	0.011120	0.008340	0.023812	0.002538	0.919998	24768200.000000
2022-04-05	-0.005171	0.004088	0.022968	-0.007215	-0.430000	21753100.000000
2022-04-04	0.000481	0.005293	0.006497	-0.012873	0.040001	20869400.000000
2022-04-01	0.006417	-0.007265	0.018767	-0.007265	0.530006	18671100.000000
2022-03-31	-0.014204	-0.010862	0.007400	-0.014681	-1.190002	27861500.000000
2022-03-30	0.017118	0.008377	0.019910	0.004128	1.409996	22079000.000000
2022-03-29	-0.005313	-0.024152	-0.003864	-0.036831	-0.439995	27036300.000000
2022-03-28	-0.028052	-0.023826	-0.022183	-0.037324	-2.389999	21552400.000000
2022-03-25	0.021828	-0.005517	0.025306	-0.007076	1.820000	22398300.000000
2022-03-24	0.003007	0.003970	0.018285	-0.004571	0.250000	19871600.000000
2022-03-23	0.015762	0.018328	0.029692	0.014785	1.290001	27716300.000000
2022-03-22	-0.004380	-0.006934	0.000000	-0.017153	-0.360001	23132200.000000
2022-03-21	0.044871	0.018431	0.048939	0.013601	3.529999	33089300.000000
2022-03-18	-0.003925	0.001013	0.005191	-0.011142	-0.310005	41461500.000000
2022-03-17	0.026648	0.016249	0.028857	0.001820	2.050003	34041900.000000
2022-03-16	-0.003756	0.007640	0.018130	-0.012562	-0.290001	37812300.000000
2022-03-15	-0.056913	-0.037372	-0.033097	-0.067294	-4.659996	47957900.000000
2022-03-14	-0.035798	-0.021903	-0.017310	-0.052049	-3.040001	37462600.000000
2022-03-11	-0.005155	-0.015112	0.010192	-0.016284	-0.440002	35303400.000000
2022-03-10	0.031042	0.014736	0.034908	0.001329	2.570000	44644200.000000
2022-03-09	-0.056847	-0.042720	-0.013784	-0.070403	-4.989998	65466700.000000
2022-03-08	0.007576	0.022153	0.050390	-0.019399	0.659996	72082300.000000
2022-03-07	0.036033	0.009870	0.037341	-0.002259	3.030006	55207900.000000
2022-03-04	0.037636	0.000123	0.039980	-0.004689	3.049995	42802200.000000
2022-03-03	0.006333	-0.008320	0.015398	-0.011176	0.510002	30196600.000000
2022-03-02	0.017178	0.018062	0.037641	0.008210	1.360001	44321400.000000
2022-03-01	0.009564	0.004463	0.028437	-0.001148	0.750000	40002300.000000
2022-02-28	0.007451	-0.017086	0.014003	-0.021069	0.580002	32204600.000000
2022-02-25	0.026913	0.011741	0.028892	0.006069	2.039993	28310300.000000
2022-02-24	-0.012635	0.029048	0.029439	-0.035691	-0.969994	46199900.000000
2022-02-23	0.004054	0.000000	0.013210	-0.004316	0.309998	25385000.000000
2022-02-22	-0.011634	0.029860	0.031412	-0.026500	-0.900002	35947800.000000
2022-02-18	-0.011121	-0.013678	-0.000767	-0.017129	-0.870003	23394800.000000
2022-02-17	-0.001532	0.001659	0.009828	-0.005105	-0.119995	23738800.000000
2022-02-16	0.004616	0.010258	0.022311	0.000641	0.360001	21733800.000000
2022-02-15	-0.012535	-0.026336	-0.010003	-0.032413	-0.990005	25075100.000000
2022-02-14	-0.015335	-0.007854	-0.004613	-0.039397	-1.229996	34652800.000000
2022-02-11	0.025179	0.004857	0.026585	-0.000128	1.970001	42002100.000000
2022-02-10	-0.009620	-0.003544	0.008608	-0.015316	-0.760002	28527700.000000
2022-02-09	-0.004787	0.002520	0.008188	-0.008440	-0.379997	40106100.000000
2022-02-08	-0.025853	0.009613	0.012436	-0.019226	-2.106644	34356300.000000
2022-02-07	0.012038	0.007733	0.031827	0.001523	0.969246	34949200.000000
2022-02-04	0.021712	0.026186	0.047251	0.026186	1.711037	32197500.000000
2022-02-03	-0.011660	0.004439	0.007198	-0.008980	-0.929695	28529400.000000
2022-02-02	-0.002598	0.001454	0.010836	-0.009929	-0.207695	30299300.000000
2022-02-01	0.064113	0.017608	0.084961	0.015212	4.816605	61033100.000000
2022-01-31	0.009033	0.006922	0.026397	-0.002479	0.672546	36085500.000000
2022-01-28	0.002130	0.009067	0.017816	-0.004662	0.158241	30595700.000000
2022-01-27	0.012809	0.028671	0.036169	0.008632	0.939590	29174700.000000
2022-01-26	-0.010143	0.017833	0.025524	-0.008345	-0.751671	35252400.000000
2022-01-25	0.029400	0.008308	0.045117	-0.008361	2.116531	39278400.000000
2022-01-24	0.008591	-0.006987	0.023835	-0.021977	0.613205	41507000.000000
2022-01-21	-0.015013	0.009844	0.009844	-0.019687	-1.087936	35995200.000000
2022-01-20	0.002188	0.002650	0.028511	-0.000669	0.158241	26774600.000000
2022-01-19	0.000411	0.020356	0.021877	0.003753	0.029671	26431600.000000
2022-01-18	0.016836	0.024451	0.039363	0.013055	1.196732	32841200.000000
2022-01-14	0.017556	0.011372	0.032845	0.010656	1.226410	23012900.000000
2022-01-13	-0.007169	0.010802	0.017340	-0.000711	-0.504410	21043200.000000
2022-01-12	-0.002943	0.008110	0.017605	0.001025	-0.207695	23045100.000000
2022-01-11	0.042062	0.017288	0.054353	0.012710	2.848419	32936100.000000
2022-01-10	-0.005952	0.012407	0.015343	-0.002566	-0.405502	22760300.000000
2022-01-07	0.008197	0.014046	0.023813	0.006054	0.553856	23985400.000000
2022-01-06	0.023521	0.030020	0.037291	0.015933	1.552788	30668500.000000
2022-01-05	0.012437	0.019827	0.036850	0.019521	0.811012	34033300.000000
2022-01-04	0.037614	0.020474	0.053254	0.019997	2.363792	38584000.000000
2022-01-03	0.038405	0.011912	0.050908	0.011416	2.324234	24282400.000000
2021-12-31	0.006580	0.010254	0.022396	0.009589	0.395615	14072000.000000
2021-12-30	-0.005887	0.012243	0.018526	0.004803	-0.356056	11940300.000000
2021-12-29	-0.008753	0.007644	0.009611	-0.001534	-0.534077	12733600.000000
2021-12-28	-0.003232	0.011413	0.017947	0.003081	-0.197807	12781000.000000
2021-12-27	0.014258	0.009595	0.026496	0.001144	0.860462	12593700.000000
2021-12-23	0.000492	0.014070	0.025177	0.011252	0.029671	13543300.000000
2021-12-22	0.008099	0.008412	0.025626	0.002229	0.484627	14058300.000000
2021-12-21	0.022650	0.021169	0.037064	0.020657	1.325310	19798900.000000
2021-12-20	-0.014493	-0.009799	-0.002052	-0.023779	-0.860462	21819300.000000
2021-12-17	-0.021835	0.004166	0.009603	-0.016592	-1.325306	44338100.000000
2021-12-16	0.001632	0.013891	0.030558	0.011581	0.098900	21187800.000000
2021-12-15	-0.004387	0.005335	0.010429	-0.014052	-0.267040	19961900.000000
2021-12-14	-0.001460	0.005016	0.024867	0.004360	-0.089012	22551100.000000
2021-12-13	-0.021901	0.002421	0.006432	-0.015551	-1.364868	17793700.000000
2021-12-10	0.006389	0.021744	0.023036	0.004949	0.395615	17942400.000000
2021-12-09	0.002562	0.004610	0.016267	0.000724	0.158245	16910300.000000
2021-12-08	0.002891	0.016607	0.026024	0.012223	0.178028	18214400.000000
2021-12-07	0.011205	0.023564	0.034894	0.019624	0.682430	19800400.000000
2021-12-06	0.011332	0.024868	0.032174	0.019887	0.682438	19210500.000000
2021-12-03	-0.006364	0.021646	0.026760	-0.004259	-0.385723	22014700.000000
2021-12-02	0.024920	0.010240	0.041356	0.000094	1.473660	29216000.000000
2021-12-01	-0.000836	0.028996	0.048089	0.009565	-0.049450	30630600.000000
2021-11-30	-0.028414	-0.007465	0.004519	-0.020598	-1.730812	34979800.000000
2021-11-29	0.005551	0.032876	0.042285	0.011746	0.336273	18946400.000000
2021-11-26	-0.035129	-0.036060	-0.021725	-0.051669	-2.205551	24979600.000000
2021-11-24	0.005544	0.002277	0.022617	0.002277	0.346161	15869700.000000
2021-11-23	0.026337	0.022264	0.041825	0.017825	1.602242	21185900.000000
2021-11-22	0.013845	0.005253	0.042250	0.005253	0.830791	21994400.000000
2021-11-19	-0.046219	-0.016254	-0.014028	-0.039778	-2.907768	32035500.000000
2021-11-18	-0.010885	0.008728	0.014545	-0.007780	-0.692322	16948200.000000
2021-11-17	-0.010920	0.001134	0.014507	-0.001976	-0.702213	15497000.000000
2021-11-16	0.010098	0.010615	0.026793	0.010615	0.642864	17028700.000000
2021-11-15	0.008618	0.010135	0.026137	0.001580	0.543976	18849200.000000
2021-11-12	-0.007619	0.005583	0.012029	-0.000391	-0.484627	18158900.000000
2021-11-11	0.001869	0.011086	0.021167	0.008408	0.118679	13319300.000000
2021-11-10	-0.019701	0.008615	0.013711	-0.015318	-1.275848	20177200.000000
2021-11-09	0.009738	0.025454	0.034809	0.018282	0.624580	18781300.000000
2021-11-08	0.010766	0.033027	0.046107	0.030347	0.683147	17696000.000000
2021-11-05	0.009471	0.034856	0.039310	0.027060	0.595306	18565100.000000
2021-11-04	0.007508	0.036695	0.040061	0.023071	0.468449	17720100.000000
2021-11-03	-0.013730	0.012344	0.018825	0.006337	-0.868568	17372800.000000
2021-11-02	-0.012342	0.015307	0.021864	0.009530	-0.790489	16300000.000000
2021-11-01	0.017993	0.034210	0.050263	0.033416	1.132061	19656400.000000
2021-10-29	0.002488	0.036465	0.041404	0.024993	0.156151	23966300.000000
2021-10-28	0.002807	0.019721	0.030107	0.016685	0.175663	16626400.000000
2021-10-27	-0.025972	0.014091	0.015492	-0.004273	-1.668816	21764500.000000
2021-10-26	0.023155	0.026903	0.049993	0.024833	1.454113	25585100.000000
2021-10-25	0.019487	0.034414	0.045778	0.032142	1.200382	17939800.000000
2021-10-22	0.006859	0.025982	0.033337	0.019117	0.419643	14266800.000000
2021-10-21	-0.018168	0.018576	0.021304	0.000602	-1.132065	16564600.000000
2021-10-20	0.005512	0.014831	0.030645	0.012088	0.341572	14305200.000000
2021-10-19	0.015026	0.029752	0.041872	0.026476	0.917362	18933200.000000
2021-10-18	-0.000479	0.032860	0.033678	0.019435	-0.029278	18282800.000000
2021-10-15	0.009516	0.036739	0.042358	0.031946	0.575790	16092600.000000
2021-10-14	0.015228	0.035413	0.043970	0.026352	0.907608	18594500.000000
2021-10-13	-0.002776	0.016977	0.027184	0.007440	-0.165909	14991700.000000
2021-10-12	-0.005198	0.024841	0.031665	0.012856	-0.312294	20198600.000000
2021-10-11	-0.009971	0.038681	0.039176	0.013468	-0.605068	22121500.000000
2021-10-08	0.025058	0.034640	0.054404	0.034640	1.483398	22186900.000000
2021-10-07	0.002810	0.026707	0.034669	0.018745	0.165905	19513600.000000
2021-10-06	-0.018338	0.005551	0.016360	-0.006422	-1.102787	25284900.000000
2021-10-05	-0.001620	0.037956	0.040944	0.013053	-0.097595	29641600.000000
2021-10-04	0.012966	0.031233	0.043846	0.025011	0.770981	33946700.000000
2021-10-01	0.035872	0.034952	0.062477	0.034952	2.059189	24407300.000000
2021-09-30	-0.017702	0.028781	0.029637	0.006364	-1.034473	31289600.000000
2021-09-29	-0.000668	0.023306	0.029291	0.009797	-0.039036	23422800.000000
2021-09-28	0.010455	0.035042	0.045064	0.028303	0.605068	37619300.000000
2021-09-27	0.029693	0.047093	0.063996	0.046559	1.668823	32972200.000000
2021-09-24	0.008935	0.017853	0.037958	0.017494	0.497719	22328600.000000
2021-09-23	0.033871	0.028572	0.062350	0.025973	1.824970	23069400.000000
2021-09-22	0.029269	0.039765	0.068038	0.038619	1.532196	25690600.000000
2021-09-21	-0.000931	0.037652	0.040324	0.016277	-0.048798	19696800.000000
2021-09-20	-0.026650	-0.000961	0.006284	-0.016194	-1.434601	27555100.000000
2021-09-17	-0.011824	0.015863	0.041746	0.011457	-0.644108	30000400.000000
2021-09-16	-0.010634	0.025401	0.025401	0.007966	-0.585548	17907200.000000
2021-09-15	0.033712	0.039505	0.061283	0.038379	1.795685	23240900.000000
2021-09-14	-0.014268	0.030596	0.032077	0.006909	-0.770969	19940300.000000
2021-09-13	0.025750	0.037393	0.061690	0.036823	1.356529	22052300.000000
2021-09-10	-0.002034	0.045512	0.046270	0.022022	-0.107353	15123700.000000
2021-09-09	0.000740	0.016522	0.042684	0.010456	0.039036	19110800.000000
2021-09-08	-0.009166	0.029182	0.036508	0.014531	-0.487961	18756700.000000
2021-09-07	-0.005832	0.020939	0.032144	0.017204	-0.312294	14354400.000000
2021-09-03	-0.003813	0.025418	0.029139	0.015744	-0.204948	13840000.000000
2021-09-02	0.024363	0.034584	0.060310	0.034202	1.278458	23293300.000000
2021-09-01	-0.013756	0.024110	0.029185	0.007383	-0.731937	21644100.000000
2021-08-31	-0.011603	0.020402	0.027461	0.011671	-0.624588	27104100.000000
2021-08-30	-0.010938	0.033310	0.035147	0.012732	-0.595314	14086100.000000
2021-08-27	0.019375	0.037597	0.052768	0.037597	1.034477	15822500.000000
2021-08-26	-0.013523	0.019870	0.026152	0.009339	-0.731941	11842600.000000
2021-08-25	0.001806	0.022453	0.032263	0.015605	0.097591	13270300.000000
2021-08-24	0.008195	0.031765	0.042215	0.026540	0.439163	17915600.000000
2021-08-23	0.041145	0.048183	0.069749	0.048183	2.117748	21632600.000000
2021-08-20	0.000190	0.015735	0.032641	0.012626	0.009758	16918300.000000
2021-08-19	-0.030520	0.007342	0.011863	-0.018468	-1.620026	30923500.000000
2021-08-18	-0.021058	0.022092	0.029285	0.001621	-1.141827	21890500.000000
2021-08-17	-0.006793	0.016615	0.031268	0.007456	-0.370850	16243700.000000
2021-08-16	-0.014620	0.011137	0.012400	-0.002400	-0.810017	16959500.000000
2021-08-13	-0.010113	0.018957	0.019671	0.005914	-0.566029	20063000.000000
2021-08-12	-0.002262	0.023248	0.030200	0.013800	-0.126869	19225500.000000
2021-08-11	0.002922	0.040362	0.045904	0.031959	0.163429	18278600.000000
2021-08-10	0.017133	0.044184	0.061278	0.042002	0.942142	16340200.000000
2021-08-09	-0.011407	0.027060	0.034071	0.021667	-0.634499	17828200.000000
2021-08-06	0.011538	0.048548	0.056004	0.046184	0.634499	14888500.000000
2021-08-05	0.006334	0.045490	0.055922	0.040000	0.346096	15180200.000000
2021-08-04	-0.023368	0.022132	0.034464	0.015340	-1.307465	20868300.000000
2021-08-03	0.010768	0.040003	0.055177	0.028441	0.596050	18208200.000000
2021-08-02	0.000174	0.039822	0.067105	0.037112	0.009609	20873800.000000
2021-07-30	-0.023078	0.039301	0.039301	0.011765	-1.307461	28652800.000000
2021-07-29	0.012195	0.054119	0.060015	0.046258	0.682575	18607800.000000
2021-07-28	0.006744	0.043241	0.054573	0.036406	0.374931	16855300.000000
2021-07-27	-0.011115	0.031823	0.031823	0.017594	-0.624886	16861400.000000
2021-07-26	0.025245	0.042372	0.069543	0.039454	1.384369	18387600.000000
2021-07-23	-0.001226	0.043462	0.043462	0.028527	-0.067295	14088200.000000
2021-07-22	-0.011253	0.039643	0.039823	0.020374	-0.624889	13493800.000000
2021-07-21	0.032166	0.056913	0.083679	0.056355	1.730465	20908700.000000
2021-07-20	0.011021	0.043002	0.063674	0.034170	0.586433	26756100.000000
2021-07-19	-0.034368	0.009696	0.019859	-0.009176	-1.893898	37969100.000000
2021-07-16	-0.027651	0.044242	0.045653	0.008422	-1.567032	27049500.000000
2021-07-15	-0.009743	0.033893	0.043154	0.026904	-0.557590	15851100.000000
2021-07-14	-0.022175	0.045138	0.054706	0.014213	-1.297852	21573600.000000
2021-07-13	-0.004741	0.037293	0.045965	0.028960	-0.278797	17147300.000000
2021-07-12	-0.000980	0.026423	0.044770	0.022006	-0.057678	21809400.000000
2021-07-09	0.018124	0.049869	0.062841	0.041913	1.047890	20086000.000000
2021-07-08	-0.004469	0.023653	0.045349	0.021243	-0.259571	18935900.000000
2021-07-07	-0.015643	0.036963	0.047641	0.010522	-0.922913	21671400.000000
2021-07-06	-0.028494	0.033268	0.033432	0.002805	-1.730461	22110800.000000
2021-07-02	-0.001423	0.036073	0.041170	0.026371	-0.086521	14555300.000000
2021-07-01	0.002853	0.060796	0.062280	0.035071	0.173038	22530300.000000
2021-06-30	0.007346	0.041512	0.050316	0.037360	0.442234	17875500.000000
2021-06-29	-0.006190	0.043485	0.052730	0.033250	-0.374935	19579300.000000
2021-06-28	-0.025518	0.038575	0.038575	0.009457	-1.586266	20570000.000000
2021-06-25	0.002170	0.041634	0.046793	0.037604	0.134602	18438300.000000
2021-06-24	0.004046	0.038403	0.045039	0.032899	0.249950	19568400.000000
2021-06-23	0.007368	0.044423	0.055022	0.036759	0.451843	20701600.000000
2021-06-22	0.019172	0.044504	0.063782	0.034200	1.153645	25140400.000000
2021-06-21	0.036258	0.049311	0.079793	0.048794	2.105396	33145400.000000
2021-06-18	-0.025649	0.023571	0.032800	0.010819	-1.528576	39590700.000000
2021-06-17	-0.032917	0.036289	0.046025	-0.005740	-2.028484	28491800.000000
2021-06-16	-0.003575	0.040022	0.047783	0.027733	-0.221119	24803200.000000
2021-06-15	0.036411	0.047054	0.079230	0.044876	2.172695	30717100.000000
2021-06-14	-0.001609	0.042358	0.050389	0.030145	-0.096138	16997200.000000
2021-06-11	-0.009243	0.044493	0.047477	0.030072	-0.557594	17631700.000000
2021-06-10	0.001596	0.056122	0.062265	0.033542	0.096138	27488700.000000
2021-06-09	0.008369	0.049224	0.061780	0.041188	0.499908	29133000.000000
2021-06-08	0.017691	0.047851	0.064548	0.033709	1.038284	28953400.000000
2021-06-07	-0.006509	0.038152	0.044923	0.032905	-0.384552	15477900.000000
2021-06-04	0.004413	0.044944	0.049024	0.033383	0.259575	20427800.000000
2021-06-03	0.003938	0.033526	0.048206	0.030113	0.230728	20272800.000000
2021-06-02	0.007939	0.045173	0.054807	0.035194	0.461456	22978300.000000
2021-06-01	0.035806	0.059429	0.081705	0.059429	2.009258	28474200.000000
2021-05-28	-0.003245	0.043203	0.044446	0.032190	-0.182659	19246800.000000
2021-05-27	-0.006447	0.045301	0.053596	0.023947	-0.365318	33556000.000000
2021-05-26	0.011672	0.040005	0.055538	0.033756	0.653728	21698700.000000
2021-05-25	-0.022647	0.038264	0.038962	0.014183	-1.297848	25616100.000000
2021-05-24	0.011711	0.043008	0.055719	0.036123	0.663345	18400300.000000
2021-05-21	0.001360	0.050437	0.057685	0.040360	0.076908	20792700.000000
2021-05-20	-0.002374	0.039654	0.043182	0.027133	-0.134590	20692500.000000
2021-05-19	-0.023995	0.017290	0.030372	0.005585	-1.393982	28889800.000000
2021-05-18	-0.028300	0.037005	0.042023	0.010244	-1.692013	25170800.000000
2021-05-17	0.023367	0.036247	0.065516	0.034364	1.365147	25282500.000000
2021-05-14	0.024789	0.051234	0.067898	0.051234	1.413208	20735400.000000
2021-05-13	-0.012325	0.022166	0.047287	0.017834	-0.711411	24268200.000000
2021-05-12	0.005358	0.045234	0.074322	0.040706	0.307640	34426500.000000
2021-05-11	-0.031799	0.039316	0.052133	0.018405	-1.885658	34563800.000000
2021-05-10	0.002403	0.069029	0.082215	0.057027	0.142136	31956600.000000
2021-05-07	0.014297	0.047107	0.071111	0.043335	0.833858	33610600.000000
2021-05-06	0.009513	0.053433	0.066934	0.039066	0.549587	26836800.000000
2021-05-05	0.030073	0.065678	0.088500	0.059081	1.686668	31526200.000000
2021-05-04	0.006290	0.058566	0.067537	0.049775	0.350597	23522200.000000
2021-05-03	0.027603	0.068980	0.087602	0.064555	1.497150	20509600.000000
2021-04-30	-0.028843	0.044415	0.054441	0.023465	-1.610859	30518400.000000
2021-04-29	0.014283	0.070047	0.080217	0.056063	0.786480	27318400.000000
2021-04-28	0.030136	0.064691	0.093689	0.062446	1.610859	24729800.000000
2021-04-27	0.013111	0.061591	0.073343	0.057801	0.691719	19278600.000000
2021-04-26	0.001980	0.053438	0.069010	0.052868	0.104237	16083800.000000
2021-04-23	0.005428	0.055337	0.068130	0.053618	0.284267	15337900.000000
2021-04-22	-0.013036	0.055148	0.055148	0.036868	-0.691715	21600100.000000
2021-04-21	0.012841	0.040258	0.071370	0.036440	0.672760	16625600.000000
2021-04-20	-0.021069	0.055150	0.055150	0.023572	-1.127598	21782100.000000
2021-04-19	-0.003177	0.057013	0.064277	0.042299	-0.170563	21123300.000000
2021-04-16	-0.005616	0.062375	0.068302	0.045335	-0.303219	22752000.000000
2021-04-15	-0.005932	0.057178	0.057178	0.045395	-0.322174	23250300.000000
2021-04-14	0.028900	0.068597	0.098906	0.065566	1.525578	28051100.000000
2021-04-13	0.003784	0.051534	0.064464	0.047541	0.198990	19370600.000000
2021-04-12	-0.006622	0.072148	0.072715	0.044759	-0.350594	20238800.000000
2021-04-09	-0.002321	0.055337	0.063629	0.046480	-0.123180	20020700.000000
2021-04-08	-0.010426	0.043029	0.045826	0.031653	-0.559067	21999300.000000
2021-04-07	0.004437	0.056273	0.063391	0.053464	0.236893	22385000.000000
2021-04-06	-0.002832	0.061687	0.074762	0.050854	-0.151615	18926300.000000
2021-04-05	-0.015508	0.053682	0.054050	0.032351	-0.843327	23264800.000000
2021-04-01	0.027942	0.064599	0.085959	0.061196	1.478191	23194500.000000
2021-03-31	-0.015170	0.049007	0.054220	0.038769	-0.814903	23686500.000000
2021-03-30	-0.012369	0.045408	0.054601	0.038606	-0.672775	20303400.000000
2021-03-29	-0.005372	0.048571	0.057348	0.037598	-0.293739	21144400.000000
2021-03-26	0.027234	0.076376	0.085393	0.061724	1.449772	34226500.000000
2021-03-25	-0.002840	0.034170	0.058334	0.020871	-0.151604	31495900.000000
2021-03-24	0.020282	0.071773	0.094706	0.071773	1.061264	29781800.000000
2021-03-23	-0.012341	0.037027	0.062509	0.027778	-0.653816	33493300.000000
2021-03-22	-0.010267	0.055524	0.062249	0.044314	-0.549587	29315100.000000
2021-03-19	-0.005633	0.053479	0.067597	0.036760	-0.303223	84439400.000000
2021-03-18	-0.043119	0.045382	0.048227	0.004676	-2.425762	38622800.000000
2021-03-17	0.004399	0.047838	0.066406	0.046588	0.246365	25575500.000000
2021-03-16	-0.021195	0.040483	0.042580	0.021260	-1.212879	30624800.000000
2021-03-15	-0.025496	0.047162	0.053463	0.019574	-1.497158	31243600.000000
2021-03-12	0.010765	0.059468	0.073583	0.058607	0.625393	20422700.000000
2021-03-11	-0.007447	0.055508	0.068663	0.046623	-0.435879	24802600.000000
2021-03-10	0.030702	0.065726	0.090380	0.057098	1.743519	31579100.000000
2021-03-09	-0.015443	0.050829	0.064352	0.031064	-0.890709	35645900.000000
2021-03-08	-0.000985	0.066595	0.067115	0.036111	-0.056850	38154600.000000
2021-03-05	0.037813	0.075469	0.097399	0.062527	2.103588	51429800.000000
2021-03-04	0.038747	0.066540	0.110419	0.066166	2.075169	52137500.000000
2021-03-03	0.008026	0.061924	0.090910	0.051761	0.426407	35358900.000000
2021-03-02	-0.005851	0.060015	0.065815	0.048226	-0.312702	30302600.000000
2021-03-01	0.037337	0.096098	0.118226	0.089499	1.923561	36998300.000000
2021-02-26	-0.024928	0.029786	0.042088	0.005371	-1.317116	35291000.000000
2021-02-25	-0.016579	0.060548	0.065574	0.030210	-0.890713	29670900.000000
2021-02-24	0.029973	0.058021	0.092719	0.051886	1.563484	28728600.000000
2021-02-23	0.013812	0.068553	0.073995	0.044453	0.710674	33527900.000000
2021-02-22	0.036853	0.059770	0.104507	0.059770	1.828800	36435100.000000
2021-02-19	0.006728	0.057163	0.066292	0.053308	0.331646	22607200.000000
2021-02-18	-0.015705	0.054538	0.057134	0.035568	-0.786476	20627600.000000
2021-02-17	0.015565	0.061623	0.080280	0.050470	0.767521	25509700.000000
2021-02-16	0.030087	0.085418	0.097325	0.078315	1.440304	28060100.000000
2021-02-12	0.013644	0.046655	0.073759	0.046232	0.644344	19756700.000000
2021-02-11	-0.025039	0.050588	0.051414	0.007029	-1.212887	26972200.000000
2021-02-10	0.009678	0.055337	0.071803	0.050334	0.464306	25723800.000000
2021-02-09	-0.011712	0.043801	0.049775	0.025261	-0.568535	28977000.000000
2021-02-08	0.043043	0.094101	0.125042	0.089589	2.003242	36998700.000000
2021-02-05	0.033520	0.092135	0.113009	0.089026	1.509422	34980100.000000
2021-02-04	0.019190	0.083670	0.094987	0.069411	0.847889	25280300.000000
2021-02-03	0.039229	0.073259	0.121241	0.068319	1.667816	28459300.000000
2021-02-02	0.015806	0.094523	0.122717	0.081860	0.661537	31940400.000000
2021-02-01	0.001784	0.090971	0.090971	0.060094	0.074535	24412400.000000
2021-01-29	-0.026487	0.061375	0.072793	0.037142	-1.136726	38961100.000000
2021-01-28	0.015656	0.087222	0.102605	0.081305	0.661545	24967200.000000
2021-01-27	-0.011336	0.052903	0.091743	0.041906	-0.484509	32410300.000000
2021-01-26	-0.021962	0.081497	0.095227	0.049231	-0.959694	23976800.000000
2021-01-25	-0.011174	0.061266	0.064660	0.044521	-0.493824	26395800.000000
2021-01-22	-0.014134	0.048719	0.062774	0.040465	-0.633587	23264800.000000
2021-01-21	-0.028669	0.068925	0.070225	0.033171	-1.323071	29044500.000000
2021-01-20	0.014128	0.079192	0.093036	0.076555	0.642902	22342400.000000
2021-01-19	0.019837	0.085809	0.107996	0.083568	0.885151	24932600.000000
2021-01-15	-0.048102	0.043393	0.047019	0.008833	-2.254814	42411300.000000
2021-01-14	0.039034	0.075032	0.132219	0.075032	1.760994	35474800.000000
2021-01-13	0.011278	0.087829	0.091864	0.069000	0.503139	29000300.000000
2021-01-12	0.022203	0.087465	0.103733	0.074863	0.969013	36915100.000000
2021-01-11	0.030356	0.063343	0.112922	0.056496	1.285805	38246200.000000
2021-01-08	0.011121	0.078988	0.093788	0.073020	0.465866	28628200.000000
2021-01-07	0.007846	0.082642	0.096355	0.071334	0.326111	29528100.000000
2021-01-06	0.025517	0.095711	0.112735	0.078193	1.034233	36484800.000000
2021-01-05	0.048193	0.082052	0.158602	0.081793	1.863483	44035100.000000
2021-01-04	0.006793	0.079247	0.100077	0.067530	0.260887	27764700.000000
2020-12-31	-0.009135	0.069905	0.075323	0.057005	-0.354061	22786500.000000
2020-12-30	0.007996	0.074819	0.103165	0.073259	0.307472	23807300.000000
2020-12-29	-0.011260	0.080973	0.083030	0.059374	-0.437916	20287700.000000
2020-12-28	0.003365	0.075581	0.097768	0.071195	0.130444	23877500.000000
2020-12-24	-0.004070	0.070175	0.075314	0.063238	-0.158398	8039000.000000
2020-12-23	0.012852	0.080285	0.103187	0.078984	0.493824	19085900.000000
2020-12-22	-0.016925	0.063793	0.071979	0.054838	-0.661537	21792900.000000
2020-12-21	-0.018254	0.032569	0.056933	0.018001	-0.726753	27869500.000000
2020-12-18	-0.017249	0.068075	0.080664	0.047094	-0.698811	46596800.000000
2020-12-17	-0.005034	0.080627	0.081609	0.065891	-0.204983	21204600.000000
2020-12-16	0.015335	0.090964	0.099941	0.071264	0.614952	34273000.000000
2020-12-15	0.019422	0.078851	0.098679	0.069191	0.764023	27138400.000000
2020-12-14	-0.036073	0.086491	0.089431	0.033563	-1.472149	30595000.000000
2020-12-11	-0.004772	0.065699	0.071308	0.053749	-0.195663	25478800.000000
2020-12-10	0.028271	0.083289	0.115136	0.072256	1.127411	38058700.000000
2020-12-09	0.013257	0.085201	0.111117	0.076816	0.521770	37824800.000000
2020-12-08	0.032763	0.063549	0.117606	0.061188	1.248531	32573800.000000
2020-12-07	-0.018714	0.066564	0.069654	0.047251	-0.726757	24899400.000000
2020-12-04	0.036558	0.088206	0.114630	0.085003	1.369663	28723600.000000
2020-12-03	0.006760	0.076752	0.092069	0.067616	0.251568	27038900.000000
2020-12-02	0.037403	0.070192	0.126782	0.068799	1.341713	29369500.000000
2020-12-01	0.009703	0.096621	0.116043	0.082829	0.344738	32472900.000000
2020-11-30	-0.051256	0.062844	0.064980	0.013975	-1.919384	45614300.000000
2020-11-27	-0.015192	0.070366	0.076678	0.048538	-0.577679	14971900.000000
2020-11-25	-0.027871	0.065333	0.066356	0.039256	-1.090141	28178200.000000
2020-11-24	0.066565	0.104617	0.147427	0.096709	2.441162	46979300.000000
2020-11-23	0.065512	0.089529	0.145603	0.083137	2.254818	29367600.000000
2020-11-20	-0.012300	0.071824	0.073545	0.055467	-0.428608	18351000.000000
2020-11-19	0.005106	0.063164	0.081623	0.054511	0.177036	26954400.000000
2020-11-18	-0.037755	0.082973	0.086026	0.032460	-1.360340	31068000.000000
2020-11-17	0.013365	0.063415	0.088728	0.051321	0.475189	26521100.000000
2020-11-16	0.057649	0.118176	0.135429	0.103600	1.938015	38596800.000000
2020-11-13	0.024127	0.078438	0.104332	0.077829	0.791988	29241500.000000
2020-11-12	-0.034265	0.055018	0.067669	0.025892	-1.164680	30933700.000000
2020-11-11	-0.010309	0.079956	0.080829	0.053750	-0.354061	34124500.000000
2020-11-10	0.022185	0.102724	0.114034	0.070878	0.745392	49055400.000000
2020-11-09	0.126602	0.221206	0.274521	0.209135	3.775637	76879400.000000
2020-11-06	-0.011758	0.096833	0.115390	0.080927	-0.354818	33985600.000000
2020-11-05	-0.001806	0.103783	0.121976	0.096176	-0.054588	30824100.000000
2020-11-04	-0.005388	0.094547	0.123169	0.070202	-0.163761	35410100.000000
2020-11-03	-0.017064	0.115321	0.115321	0.071342	-0.527683	36773000.000000
2020-11-02	0.041999	0.116674	0.161153	0.097468	1.246420	40130300.000000
2020-10-30	-0.010616	0.080483	0.104820	0.067148	-0.318428	47885700.000000
2020-10-29	0.044346	0.093582	0.153466	0.083137	1.273706	38622800.000000
2020-10-28	-0.038087	0.075040	0.084417	0.055615	-1.137239	42136400.000000
2020-10-27	-0.015892	0.092561	0.094209	0.077730	-0.482183	27100700.000000
2020-10-26	-0.023712	0.081456	0.086604	0.060219	-0.736937	30888700.000000
2020-10-23	-0.020080	0.102621	0.106089	0.067622	-0.636854	27429100.000000
2020-10-22	0.051267	0.099816	0.158817	0.094512	1.546644	31831500.000000
2020-10-21	-0.016024	0.092956	0.096543	0.080888	-0.491285	28619300.000000
2020-10-20	0.008378	0.107046	0.115926	0.096193	0.254742	23040600.000000
2020-10-19	-0.019941	0.099153	0.107856	0.076267	-0.618658	23645800.000000
2020-10-16	-0.010160	0.096600	0.105215	0.080966	-0.318430	22627200.000000
2020-10-15	0.008785	0.084669	0.109130	0.070829	0.272938	23251600.000000
2020-10-14	-0.002046	0.094013	0.118746	0.093050	-0.063688	17743000.000000
2020-10-13	-0.011839	0.102327	0.106770	0.082330	-0.373013	20995100.000000
2020-10-12	-0.003166	0.092825	0.098836	0.083017	-0.100075	17912800.000000
2020-10-09	-0.014748	0.112245	0.120662	0.080137	-0.473089	29228600.000000
2020-10-08	0.052537	0.111621	0.159524	0.107683	1.601233	34413700.000000
2020-10-07	0.003294	0.107382	0.110674	0.093227	0.100073	23779300.000000
2020-10-06	-0.010373	0.111532	0.121305	0.085144	-0.318428	26731800.000000
2020-10-05	0.023044	0.110484	0.124815	0.105485	0.691446	22965200.000000
2020-10-02	-0.004528	0.069957	0.106452	0.068630	-0.136469	32694300.000000
2020-10-01	-0.034955	0.081863	0.091789	0.054649	-1.091753	36890200.000000
2020-09-30	0.001459	0.110696	0.119674	0.094343	0.045494	22223700.000000
2020-09-29	-0.029170	0.089503	0.092927	0.058063	-0.937090	20770500.000000
2020-09-28	0.019342	0.115018	0.139133	0.113749	0.609562	23396500.000000
2020-09-25	0.009324	0.088904	0.119009	0.085061	0.291134	23486000.000000
2020-09-24	-0.002035	0.099472	0.112896	0.079017	-0.063681	26796000.000000
2020-09-23	-0.032086	0.102865	0.107196	0.062648	-1.037169	31251400.000000
2020-09-22	-0.024705	0.100058	0.111523	0.070188	-0.818810	27303200.000000
2020-09-21	-0.020436	0.076691	0.084966	0.054525	-0.691441	35351800.000000
2020-09-18	-0.016138	0.091302	0.099734	0.067167	-0.554974	46853800.000000
2020-09-17	-0.000264	0.085780	0.104095	0.074734	-0.009098	24696200.000000
2020-09-16	0.042459	0.104911	0.156126	0.099153	1.401077	30890900.000000
2020-09-15	-0.010638	0.103350	0.120740	0.085661	-0.354820	23724200.000000
2020-09-14	-0.006504	0.099450	0.102429	0.086940	-0.218353	26129900.000000
2020-09-11	-0.002702	0.103015	0.108362	0.084002	-0.090969	26838600.000000
2020-09-10	-0.025033	0.108421	0.111317	0.068741	-0.864311	34381200.000000
2020-09-09	-0.006024	0.104047	0.118153	0.091668	-0.209248	25886100.000000
2020-09-08	-0.023030	0.075808	0.087902	0.050495	-0.818817	38496400.000000
2020-09-04	-0.000767	0.108989	0.118263	0.086225	-0.027290	24632500.000000
2020-09-03	-0.002041	0.099433	0.122712	0.090458	-0.072784	28817200.000000
2020-09-02	-0.006087	0.093577	0.107237	0.085772	-0.218353	26413400.000000
2020-09-01	-0.012769	0.093924	0.093924	0.074660	-0.463989	22464100.000000
2020-08-31	-0.018432	0.097802	0.099963	0.077812	-0.682346	25259600.000000
2020-08-28	0.023905	0.101918	0.131790	0.099706	0.864304	33477100.000000
2020-08-27	-0.006748	0.098878	0.107119	0.079922	-0.245644	32034300.000000
2020-08-26	-0.021282	0.092700	0.098077	0.075492	-0.791515	26795000.000000
2020-08-25	-0.031739	0.084574	0.095247	0.059581	-1.219128	31285600.000000
2020-08-24	0.029505	0.106389	0.139356	0.101297	1.100853	18208900.000000
2020-08-21	-0.007503	0.098621	0.099685	0.082926	-0.282040	25517700.000000
2020-08-20	-0.015252	0.092080	0.097319	0.081864	-0.582260	15678500.000000
2020-08-19	-0.011077	0.097080	0.105111	0.084646	-0.427608	14473100.000000
2020-08-18	-0.004925	0.097864	0.113330	0.090131	-0.191051	13014000.000000
2020-08-17	-0.012963	0.098389	0.098389	0.080579	-0.509487	15554600.000000
2020-08-14	0.004418	0.088675	0.106053	0.083819	0.172863	13595700.000000
2020-08-13	-0.024495	0.084444	0.093668	0.069985	-0.982574	17338700.000000
2020-08-12	-0.000227	0.108125	0.120089	0.087438	-0.009098	22503200.000000
2020-08-11	0.010335	0.145766	0.168934	0.126376	0.410404	28987500.000000
2020-08-10	0.024632	0.135028	0.150767	0.124965	0.954651	24367800.000000
2020-08-07	-0.004583	0.110306	0.117755	0.099519	-0.178440	18757900.000000
2020-08-06	-0.004789	0.109334	0.122115	0.105500	-0.187363	14434900.000000
2020-08-05	0.008742	0.138370	0.142495	0.122384	0.339035	17175100.000000
2020-08-04	0.028876	0.123224	0.156650	0.120571	1.088470	17724000.000000
2020-08-03	0.004040	0.120037	0.132024	0.104589	0.151669	23033600.000000
2020-07-31	0.005016	0.101830	0.128867	0.095138	0.187366	32116200.000000
2020-07-30	-0.049058	0.097926	0.099199	0.064833	-1.927135	29901100.000000
2020-07-29	0.011022	0.124955	0.134735	0.115432	0.428257	14143200.000000
2020-07-28	-0.011800	0.116767	0.125414	0.105322	-0.463947	19190500.000000
2020-07-27	0.014736	0.115675	0.137870	0.108965	0.571003	18547900.000000
2020-07-24	-0.006179	0.125453	0.139303	0.107756	-0.240894	16415300.000000
2020-07-23	0.002064	0.115439	0.126234	0.105673	0.080303	17934400.000000
2020-07-22	-0.023292	0.108285	0.108285	0.088705	-0.927883	21345400.000000
2020-07-21	0.050588	0.137979	0.191779	0.136924	1.918217	28821800.000000
2020-07-20	-0.023438	0.112853	0.120579	0.094052	-0.910038	18553900.000000
2020-07-17	-0.017163	0.122102	0.131215	0.098309	-0.678062	17958900.000000
2020-07-16	-0.007842	0.112800	0.125357	0.099741	-0.312271	14673700.000000
2020-07-15	0.012707	0.145252	0.146778	0.124397	0.499626	17332400.000000
2020-07-14	0.033052	0.117421	0.161035	0.110327	1.257992	21444100.000000
2020-07-13	0.000234	0.129509	0.137656	0.109799	0.008919	20028300.000000
2020-07-10	0.031190	0.114333	0.157421	0.113791	1.150928	18951000.000000
2020-07-09	-0.041261	0.114601	0.119797	0.072771	-1.588100	25882000.000000
2020-07-08	-0.002313	0.118504	0.138722	0.110468	-0.089214	18291400.000000
2020-07-07	-0.025907	0.108464	0.110989	0.088517	-1.026020	17407600.000000
2020-07-06	0.007033	0.135839	0.146264	0.114734	0.276573	22692000.000000
2020-07-02	0.008465	0.144171	0.158788	0.126478	0.330116	18216600.000000
2020-07-01	-0.022585	0.115072	0.137378	0.094520	-0.901115	17290100.000000
2020-06-30	0.009025	0.098329	0.137275	0.091501	0.356876	22153600.000000
2020-06-29	0.016048	0.125719	0.145504	0.118781	0.624538	17052100.000000
2020-06-26	-0.034315	0.113641	0.115129	0.079398	-1.382896	31518600.000000
2020-06-25	0.015056	0.109502	0.139475	0.100435	0.597767	19353600.000000
2020-06-24	-0.047109	0.101876	0.103076	0.062035	-1.962822	27626900.000000
2020-06-23	0.006032	0.132427	0.140153	0.122768	0.249817	18916600.000000
2020-06-22	0.009569	0.113767	0.132050	0.106698	0.392559	17565400.000000
2020-06-19	-0.020034	0.151891	0.152847	0.098382	-0.838657	48899900.000000
2020-06-18	0.006219	0.108338	0.137663	0.100165	0.258739	21478700.000000
2020-06-17	-0.032573	0.116186	0.119209	0.083630	-1.400742	19279400.000000
2020-06-16	0.022486	0.178614	0.182894	0.123214	0.945721	26203400.000000
2020-06-15	-0.000636	0.077590	0.134856	0.063334	-0.026764	27929300.000000
2020-06-12	0.021438	0.165981	0.180058	0.114283	0.883266	30978100.000000
2020-06-11	-0.088253	0.051794	0.080783	0.020149	-3.988098	39183000.000000
2020-06-10	-0.053625	0.120418	0.120418	0.059685	-2.560585	31156800.000000
2020-06-09	-0.022287	0.082752	0.105070	0.073947	-1.088467	27276900.000000
2020-06-08	0.031273	0.155467	0.168981	0.128861	1.481030	33579400.000000
2020-06-05	0.081059	0.179047	0.220137	0.177906	3.550922	41328900.000000
2020-06-04	-0.002843	0.112642	0.118788	0.096253	-0.124905	18731400.000000
2020-06-03	0.040795	0.137184	0.170351	0.135999	1.721924	23418000.000000
2020-06-02	0.022256	0.134883	0.149172	0.132219	0.918961	22319000.000000
2020-06-01	0.017814	0.117139	0.144994	0.104321	0.722675	19031000.000000
2020-05-29	0.009547	0.115362	0.137012	0.104163	0.383636	25874700.000000
2020-05-28	-0.025952	0.125442	0.126169	0.089083	-1.070629	19698000.000000
2020-05-27	0.007188	0.139147	0.150866	0.108630	0.294426	20788300.000000
2020-05-26	0.029372	0.149486	0.163559	0.142700	1.168770	20356500.000000
2020-05-22	0.000898	0.108008	0.123603	0.092916	0.035686	15406400.000000
2020-05-21	-0.017853	0.122566	0.131213	0.096626	-0.722668	19130700.000000
2020-05-20	0.032544	0.138182	0.162670	0.136907	1.275833	19352400.000000
2020-05-19	-0.030878	0.126028	0.152726	0.085980	-1.249073	21771600.000000
2020-05-18	0.079524	0.184885	0.216375	0.175811	2.979919	32026100.000000
2020-05-15	-0.007092	0.122956	0.139650	0.108913	-0.267658	22445600.000000
2020-05-14	0.008824	0.097848	0.137410	0.074592	0.330109	24856500.000000
2020-05-13	-0.049637	0.111183	0.114486	0.056818	-1.953896	30827900.000000
2020-05-12	-0.016715	0.134575	0.140820	0.102102	-0.669144	25439100.000000
2020-05-11	-0.009528	0.140837	0.143064	0.125992	-0.385094	22258000.000000
2020-05-08	0.043852	0.170203	0.193706	0.161680	1.697922	19977400.000000
2020-05-07	0.005683	0.167763	0.175815	0.142049	0.218803	22160300.000000
2020-05-06	-0.018737	0.145117	0.153783	0.118866	-0.735184	22659000.000000
2020-05-05	-0.001114	0.177701	0.200359	0.136968	-0.043758	29276200.000000
2020-05-04	0.040334	0.125883	0.190242	0.118203	1.522884	27465600.000000
2020-05-01	-0.071659	0.121916	0.140602	0.057251	-2.914486	35399300.000000
2020-04-30	-0.020860	0.147865	0.147865	0.101883	-0.866470	37076300.000000
2020-04-29	0.055370	0.175344	0.209390	0.172804	2.179302	29502500.000000
2020-04-28	0.023441	0.153750	0.180273	0.146990	0.901482	26545100.000000
2020-04-27	0.004802	0.138911	0.157984	0.103377	0.183792	28274400.000000
2020-04-24	0.006444	0.167550	0.180435	0.134154	0.245060	28653800.000000
2020-04-23	0.031332	0.169689	0.211183	0.161010	1.155289	35271000.000000
2020-04-22	0.028565	0.188316	0.197522	0.167674	1.024014	27074200.000000
2020-04-21	-0.005342	0.120927	0.168927	0.099563	-0.192551	44381600.000000
2020-04-20	-0.047200	0.077272	0.129880	0.071720	-1.785446	39260800.000000
2020-04-17	0.103959	0.163874	0.264268	0.163582	3.562149	40829100.000000
2020-04-16	-0.032856	0.142569	0.142569	0.098819	-1.164043	30934000.000000
2020-04-15	-0.045958	0.104061	0.105677	0.060437	-1.706688	33125000.000000
2020-04-14	-0.007717	0.148982	0.169022	0.119856	-0.288822	30769000.000000
2020-04-13	-0.008579	0.177537	0.183895	0.111839	-0.323826	29651900.000000
2020-04-09	-0.016420	0.184519	0.217090	0.087590	-0.630165	60107300.000000
2020-04-08	0.063288	0.162240	0.220144	0.148941	2.284328	33355600.000000
2020-04-07	0.019027	0.211174	0.223032	0.162049	0.673923	48921800.000000
2020-04-06	0.032134	0.162092	0.189775	0.143152	1.102772	41301900.000000
2020-04-03	-0.029455	0.172264	0.192910	0.089400	-1.041508	48425700.000000
2020-04-02	0.076472	0.179407	0.277437	0.153833	2.511887	62000200.000000
2020-04-01	-0.011588	0.109167	0.164536	0.093520	-0.385101	36045900.000000
2020-03-31	0.012533	0.168162	0.201982	0.138608	0.411350	41491600.000000
2020-03-30	0.014885	0.120305	0.179675	0.108864	0.481377	45835000.000000
2020-03-27	-0.048171	0.092828	0.109016	0.065456	-1.636665	51558600.000000
2020-03-26	0.041030	0.149003	0.212122	0.125104	1.339088	46722000.000000
2020-03-25	0.052201	0.177065	0.244124	0.134187	1.619162	56607700.000000
2020-03-24	0.126868	0.250468	0.314045	0.210869	3.492128	61835600.000000
2020-03-23	-0.039401	0.135240	0.141173	0.050787	-1.129034	56952500.000000
2020-03-20	-0.049085	0.156175	0.167458	0.047327	-1.479122	76534600.000000
2020-03-19	0.039553	0.163613	0.203975	0.116005	1.146536	49412400.000000
2020-03-18	-0.100244	0.072419	0.139465	-0.030632	-3.229565	54036400.000000
2020-03-17	0.067266	0.166421	0.238307	0.132962	2.030510	41204400.000000
2020-03-16	-0.095225	0.031070	0.135376	-0.003399	-3.177044	48924700.000000
2020-03-13	0.025282	0.229537	0.233532	0.075576	0.822704	79891500.000000
2020-03-12	-0.114340	0.085958	0.106370	0.007028	-4.201057	65725300.000000
2020-03-11	-0.032942	0.115722	0.144411	0.098877	-1.251568	51986100.000000
2020-03-10	0.037028	0.260210	0.262667	0.131378	1.356590	60445900.000000
2020-03-09	-0.122248	-0.000701	0.067819	-0.022503	-5.102531	72896300.000000
2020-03-06	-0.048294	0.113611	0.117487	0.076217	-2.118042	55640500.000000
2020-03-05	-0.044067	0.098976	0.105079	0.068897	-2.021751	40788200.000000
2020-03-04	0.021832	0.163282	0.168850	0.138560	0.980240	24079600.000000
2020-03-03	-0.047884	0.144053	0.148294	0.081072	-2.258068	50580700.000000
2020-03-02	0.047434	0.168112	0.196988	0.135683	2.135544	38127600.000000
2020-02-28	0.032517	0.118488	0.179722	0.101059	1.417858	62446700.000000
2020-02-27	-0.060177	0.114549	0.130283	0.073381	-2.791958	48141300.000000
2020-02-26	-0.021956	0.149947	0.155639	0.115797	-1.041512	29801000.000000
2020-02-25	-0.038325	0.150475	0.150475	0.094117	-1.890480	36414500.000000
2020-02-24	-0.046846	0.113391	0.116869	0.089044	-2.424358	32096600.000000
2020-02-21	-0.012195	0.135888	0.135888	0.122145	-0.638916	20315700.000000
2020-02-20	-0.007955	0.140486	0.146356	0.130829	-0.420097	14817200.000000
2020-02-19	0.007682	0.146957	0.156689	0.141615	0.402592	12804900.000000
2020-02-18	-0.012696	0.133150	0.137671	0.119963	-0.673912	18948500.000000
2020-02-14	-0.004596	0.146694	0.146882	0.130380	-0.245068	10855300.000000
2020-02-13	-0.005549	0.138653	0.145366	0.129329	-0.297573	16949400.000000
2020-02-12	0.012225	0.157859	0.161445	0.143135	0.647667	17862100.000000
2020-02-11	0.009506	0.154383	0.160290	0.146570	0.498871	14908700.000000
2020-02-10	-0.010561	0.140306	0.141061	0.124092	-0.560139	20934500.000000
2020-02-07	-0.006626	0.150169	0.154852	0.143614	-0.353767	15112500.000000
2020-02-06	-0.013550	0.162667	0.164145	0.141420	-0.733398	16055400.000000
2020-02-05	0.046023	0.174046	0.216177	0.171147	2.381416	32099200.000000
2020-02-04	-0.012514	0.172713	0.181491	0.142942	-0.655750	31922100.000000
2020-02-03	-0.022376	0.145166	0.145912	0.126322	-1.199341	27389300.000000
2020-01-31	-0.041210	0.130530	0.130530	0.106560	-2.303772	34282900.000000
2020-01-30	0.010607	0.153006	0.172892	0.146679	0.586731	18544700.000000
2020-01-29	-0.008353	0.165784	0.167577	0.145527	-0.465931	14202800.000000
2020-01-28	-0.001390	0.165596	0.167207	0.157003	-0.077652	19664700.000000
2020-01-27	-0.023824	0.143244	0.148662	0.130662	-1.363270	21231000.000000
2020-01-24	-0.006740	0.154980	0.157410	0.146301	-0.388279	18238600.000000
2020-01-23	-0.006251	0.150693	0.154487	0.139308	-0.362392	19605900.000000
2020-01-22	-0.005771	0.158629	0.161030	0.149025	-0.336506	17033100.000000
2020-01-21	-0.014294	0.155929	0.156605	0.141222	-0.845581	17982600.000000
2020-01-17	-0.003778	0.157793	0.163351	0.150047	-0.224331	18144100.000000
2020-01-16	-0.003908	0.162495	0.167192	0.154108	-0.232964	13340300.000000
2020-01-15	-0.001590	0.158972	0.165504	0.153780	-0.094921	11390300.000000
2020-01-14	-0.008596	0.151998	0.155319	0.143862	-0.517700	16261000.000000
2020-01-13	0.009546	0.159978	0.171209	0.158469	0.569473	9953900.000000
2020-01-10	-0.008888	0.161796	0.162295	0.148339	-0.534954	11995600.000000
2020-01-09	0.007656	0.157465	0.170188	0.148927	0.457294	14811800.000000
2020-01-08	-0.015080	0.156004	0.158972	0.140505	-0.914604	15137700.000000
2020-01-07	-0.008184	0.152921	0.153248	0.136731	-0.500439	17387700.000000
2020-01-06	0.007678	0.158807	0.175946	0.157324	0.465931	20081900.000000
2020-01-03	-0.008039	0.166165	0.166655	0.146876	-0.491810	17386900.000000
2020-01-02	0.016050	0.166612	0.179567	0.166612	0.966366	12456400.000000
